I
1050 Generated by WorldEditor

1     33 1 0 WAPP Ambon Pattimura
100 45.00 1 1 0.25 0 2 1 04 -03.71828356  128.08166938    0   60 3 10 0 1 22 -03.70230856  128.09759438    0   60 3 10 0 1
110 1 0.00 0.0000 New Taxiway 196
111 -03.70560308  128.09153190 20
111 -03.70556422  128.09148084 20
111 -03.70641810  128.09063673 20
112 -03.70645509  128.09054341 -03.70646294  128.09049867
111 -03.70645509  128.09054341
112 -03.70645509  128.09054341 -03.70645886  128.09048353 20
111 -03.70643580  128.09043547 20
111 -03.70599596  128.08960376 20
112 -03.70597338  128.08955324 -03.70596352  128.08952853 20
111 -03.70596329  128.08949225 20
111 -03.70603658  128.08949178 20
112 -03.70604447  128.08955402 -03.70605197  128.08958879
111 -03.70604447  128.08955402
112 -03.70604447  128.08955402 -03.70605896  128.08958179 20
111 -03.70606462  128.08959280 20
111 -03.70653192  128.09049202 20
113 -03.70657152  128.09056714 20
110 1 0.00 0.0000 New Taxiway 195
111 -03.70486173  128.08876900
111 -03.70485216  128.08892376
111 -03.70461436  128.08916206
111 -03.70455559  128.08909769
111 -03.70477699  128.08888678
111 -03.70477836  128.08878955
111 -03.70456653  128.08857316
113 -03.70461436  128.08852248
110 1 0.00 0.0000 New Taxiway 193
111 -03.70554406  128.08851645
111 -03.70559825  128.08845708
111 -03.70558195  128.08803946
111 -03.70583230  128.08780459
111 -03.70595481  128.08792203
111 -03.70583363  128.08806427
111 -03.70577193  128.08799219
111 -03.70568129  128.08807602
111 -03.70568129  128.08838862
111 -03.70583949  128.08823161
111 -03.70596391  128.08835916
111 -03.70583225  128.08850488
111 -03.70575453  128.08841950
111 -03.70558613  128.08859564
112 -03.70567543  128.08885105 -03.70568089  128.08902605
111 -03.70555532  128.08914463
111 -03.70539712  128.08930609
111 -03.70534146  128.08924151
111 -03.70507486  128.08949692
111 -03.70516275  128.08960260
111 -03.70508365  128.08968480
111 -03.70468381  128.08927745
111 -03.70499283  128.08896555
111 -03.70499283  128.08872188
111 -03.70468443  128.08841690
111 -03.70483494  128.08826310
111 -03.70479948  128.08821987
113 -03.70504264  128.08799382
110 1 0.00 0.0000 New Taxiway 190
111 -03.70603960  128.08726280 20
111 -03.70603658  128.08949178 20
111 -03.70596329  128.08949225 20
113 -03.70597572  128.08726279 20
110 2 0.00 0.0000 Apron B
111 -03.70715158  128.09113227
111 -03.70618658  128.09210206
111 -03.70613876  128.09205534
111 -03.70600520  128.09192483
111 -03.70560308  128.09153190
111 -03.70630717  128.09083049
111 -03.70657152  128.09056714
113 -03.70685237  128.09084966
110 1 0.00 0.0000 Turn 22
111 -03.70205778  128.09741692
111 -03.70191829  128.09729807
111 -03.70226693  128.09694870
113 -03.70268313  128.09679393
110 1 0.00 0.0000 Turn 04
111 -03.71741024  128.08211429
111 -03.71740225  128.08147643
111 -03.71778971  128.08107144
113 -03.71811682  128.08140751
110 2 0.00 0.0000 Apron A
111 -03.70662307  128.08732094
111 -03.70662307  128.08942707
111 -03.70603666  128.08943169
113 -03.70603953  128.08731903
110 1 0.00 0.0000 Main Taxiway
111 -03.70603960  128.08726280
111 -03.70705354  128.08726344
111 -03.70706135  128.08746699
111 -03.70961685  128.08746699
112 -03.70999711  128.08752835 -03.71011588  128.08759765
111 -03.71031937  128.08775440
111 -03.71089943  128.08827755
112 -03.71102833  128.08837120 -03.71108820  128.08840063
111 -03.71115707  128.08835166
111 -03.71070438  128.08880427
112 -03.71068589  128.08867390 -03.71065110  128.08862543
111 -03.71060957  128.08857584
111 -03.71004867  128.08796431
112 -03.70987465  128.08785334 -03.70977844  128.08780663
111 -03.70960718  128.08780930
111 -03.70800556  128.08781899
111 -03.70742550  128.08786420
112 -03.70723652  128.08791967 -03.70716921  128.08797071
111 -03.70716125  128.08817421
111 -03.70713869  128.08852944
111 -03.70712580  128.09027004
112 -03.70713893  128.09050508 -03.70716253  128.09055489
111 -03.70725471  128.09065756
111 -03.70767019  128.09109144
111 -03.70794819  128.09131651
112 -03.70804424  128.09136478 -03.70810071  128.09137723
111 -03.70816669  128.09136155
111 -03.70770102  128.09181189
112 -03.70768766  128.09167796 -03.70766394  128.09163495
111 -03.70762965  128.09159983
111 -03.70722570  128.09114519
112 -03.70719034  128.09112658 -03.70716211  128.09112431
111 -03.70715158  128.09113227
111 -03.70685237  128.09084966
111 -03.70657152  128.09056714
111 -03.70653192  128.09049202
112 -03.70677454  128.09024098 -03.70682354  128.09015935
111 -03.70677454  128.09024098
112 -03.70677454  128.09024098 -03.70678076  128.09016005
111 -03.70679066  128.08965324
112 -03.70675521  128.08953376 -03.70671119  128.08949406
111 -03.70662630  128.08950147
111 -03.70603658  128.08949178
111 -03.70603666  128.08943169
113 -03.70603953  128.08731903
111 -03.70603666  128.08943169
111 -03.70662307  128.08942707
111 -03.70662307  128.08732094
113 -03.70603953  128.08731903
130 Airport Boundary
111 -03.71784749  128.07885204
111 -03.70893079  128.08476755
111 -03.70619117  128.08517781
111 -03.70367787  128.08789279
111 -03.70388447  128.09114740
111 -03.70160538  128.09584731
111 -03.70074568  128.09783912
111 -03.70266862  128.09964453
111 -03.70731303  128.09483852
111 -03.70842389  128.09573229
111 -03.70949323  128.09465272
111 -03.70852728  128.09359930
111 -03.71660490  128.08537431
111 -03.72102064  128.08133501
113 -03.72113061  128.07882119
120 Linear Feature 153
111 -03.70669527  128.08815292 1
116 -03.70695673  128.08815529 -03.70710983  128.08804371
120 Linear Feature 154
111 -03.70669693  128.08852368 51
115 -03.70616868  128.08852368
120 Linear Feature 156
111 -03.70668884  128.08924882 51
115 -03.70616444  128.08924734
120 Linear Feature 155
111 -03.70669473  128.08888099 51
115 -03.70616647  128.08888099
120 Linear Feature 158
111 -03.70669693  128.08852368 1
116 -03.70695673  128.08852140 -03.70710640  128.08839568
120 Linear Feature 157
111 -03.70669693  128.08852368 1
116 -03.70695673  128.08852140 -03.70711301  128.08865595
120 Linear Feature 159
111 -03.70669473  128.08888099 1
116 -03.70695673  128.08888233 -03.70709760  128.08899923
120 Linear Feature 160
111 -03.70669473  128.08888099 1
116 -03.70695673  128.08888233 -03.70712181  128.08875661
120 Linear Feature 162
111 -03.70668884  128.08924882 1
116 -03.70695673  128.08924400 -03.70709320  128.08912931
120 Linear Feature 161
111 -03.70668884  128.08924882 1
116 -03.70695673  128.08924400 -03.70711521  128.08936311
120 Linear Feature 150
111 -03.70670180  128.08779673 1
116 -03.70695673  128.08779643 -03.70709843  128.08791064
120 Linear Feature 147
111 -03.70669454  128.08743411 1
112 -03.70695673  128.08761105 -03.70709911  128.08780758
111 -03.70695673  128.08761105
112 -03.70695673  128.08761105 -03.70708737  128.08765977 1
115 -03.70730057  128.08764122
120 Linear Feature 146
111 -03.70669454  128.08743411 1
116 -03.70695673  128.08744688 -03.70705707  128.08758728
120 Linear Feature 145
111 -03.70626997  128.08743411 51
115 -03.70669454  128.08743411
120 Linear Feature 144
111 -03.71148405  128.08844562 1
111 -03.71139249  128.08853336 1
112 -03.71111199  128.08863644 -03.71096672  128.08862541 1
111 -03.71083368  128.08851020 1
111 -03.71015987  128.08784085 1
112 -03.70994308  128.08768525 -03.70981228  128.08763253 1
111 -03.70954172  128.08763535 1
111 -03.70730057  128.08764122 1
112 -03.70707419  128.08775500 -03.70697728  128.08785212 1
115 -03.70695673  128.08802551
120 Linear Feature 149
111 -03.70670180  128.08779673 1
115 -03.70695673  128.08779643
120 Linear Feature 148
111 -03.70627198  128.08779707 51
115 -03.70670180  128.08779673
120 Linear Feature 152
111 -03.70695673  128.08815529 1
116 -03.70669527  128.08815292 -03.70655847  128.08825386
120 Linear Feature 151
111 -03.70669527  128.08815292 51
115 -03.70617061  128.08815292
120 Linear Feature 143
111 -03.70695673  128.08744688 1
111 -03.70695673  128.08761105 1
111 -03.70695673  128.08779643 1
111 -03.70695673  128.08802551 1
111 -03.70695673  128.08815529 1
111 -03.70695673  128.08852140 1
111 -03.70695673  128.08888233 1
111 -03.70695673  128.08924400 1
111 -03.70695673  128.09022703 1
112 -03.70698310  128.09053235 -03.70701452  128.09072127
111 -03.70698310  128.09053235
112 -03.70698310  128.09053235 -03.70698795  128.09056152 1
112 -03.70701475  128.09062485 -03.70703030  128.09065689
111 -03.70701475  128.09062485
112 -03.70701475  128.09062485 -03.70709992  128.09080032 1
111 -03.70731418  128.09099865 1
111 -03.70783269  128.09150702 1
112 -03.70807584  128.09162152 -03.70825793  128.09165761 1
111 -03.70843402  128.09148894 1
115 -03.70854458  128.09137198
120 Linear Feature 183
111 -03.71083368  128.08851020 1
112 -03.71096298  128.08876457 -03.71097839  128.08890573 1
111 -03.71087714  128.08905351 1
115 -03.71070106  128.08922556
120 Linear Feature 182
111 -03.70765768  128.09226136 1
111 -03.70790034  128.09202111 1
112 -03.70795908  128.09177179 -03.70794619  128.09166845 1
115 -03.70783269  128.09150702
120 Linear Feature 178
111 -03.70610026  128.09182954 51
116 -03.70605539  128.09170049 -03.70596940  128.09161266
120 Linear Feature 177
111 -03.70619454  128.09173502 51
116 -03.70605539  128.09170049 -03.70596940  128.09161266
120 Linear Feature 176
111 -03.70582436  128.09147094 51
115 -03.70605539  128.09170049
120 Linear Feature 175
111 -03.70632093  128.09160831 51
116 -03.70627411  128.09147100 -03.70618318  128.09137791
120 Linear Feature 174
111 -03.70641863  128.09151036 51
116 -03.70627411  128.09147100 -03.70618318  128.09137791
120 Linear Feature 172
111 -03.70654530  128.09138337 51
116 -03.70649650  128.09124097 -03.70640162  128.09114476
120 Linear Feature 168
111 -03.70324169  128.09666081 1
111 -03.70313032  128.09677484 1
112 -03.70300693  128.09685202 -03.70294127  128.09687190
111 -03.70300693  128.09685202
112 -03.70300693  128.09685202 -03.70266446  128.09695228 1
111 -03.70266445  128.09695228 1
111 -03.70230536  128.09707995 1
112 -03.70224103  128.09741622 -03.70244301  128.09762704
111 -03.70224103  128.09741622
112 -03.70224103  128.09741622 -03.70238685  128.09756235 1
111 -03.70257587  128.09732802 1
115 -03.70276230  128.09713877
120 Linear Feature 167
111 -03.71732867  128.08261847 1
111 -03.71752974  128.08242050 1
112 -03.71757681  128.08229876 -03.71759595  128.08220016 1
111 -03.71758648  128.08196291 1
111 -03.71758326  128.08175946 1
112 -03.71768316  128.08146882 -03.71781522  128.08136515 1
112 -03.71802169  128.08154971 -03.71810092  128.08163794
111 -03.71802169  128.08154971
112 -03.71802169  128.08154971 -03.71817356  128.08171955 1
111 -03.71801923  128.08192515 1
115 -03.71783315  128.08211645
120 Linear Feature 166
111 -03.70696813  128.09095945 1
116 -03.70701475  128.09062485 -03.70691660  128.09040696
120 Linear Feature 165
111 -03.70696813  128.09095945 1
116 -03.70731418  128.09099865 -03.70749038  128.09116956
120 Linear Feature 170
111 -03.70649650  128.09124097 51
115 -03.70626190  128.09100621
120 Linear Feature 171
111 -03.70665275  128.09127564 51
116 -03.70649650  128.09124097 -03.70640162  128.09114476
120 Linear Feature 173
111 -03.70627411  128.09147100 51
115 -03.70604314  128.09123954
120 Linear Feature 181
111 -03.70676171  128.09116641 51
116 -03.70671817  128.09101371 -03.70661472  128.09092107
120 Linear Feature 180
111 -03.70687394  128.09105389 51
116 -03.70671817  128.09101371 -03.70661472  128.09092107
120 Linear Feature 179
111 -03.70671817  128.09101371 51
115 -03.70648820  128.09078203
120 Linear Feature 164
111 -03.70696813  128.09095945 51
111 -03.70687394  128.09105389 51
111 -03.70676171  128.09116641 51
111 -03.70665275  128.09127564 51
111 -03.70654530  128.09138337 51
111 -03.70641863  128.09151036 51
111 -03.70632093  128.09160831 51
111 -03.70619454  128.09173502 51
111 -03.70610026  128.09182954 51
115 -03.70600520  128.09192483
120 Linear Feature 189
111 -03.70657152  128.09056714 3 102
111 -03.70685375  128.09026650 3 102
111 -03.70685641  128.08959928 3 102
112 -03.70676853  128.08945249 -03.70668915  128.08942101 3 102
115 -03.70662307  128.08942707
120 Linear Feature 188
111 -03.70746639  128.09130765 4 103
115 -03.70763132  128.09113563
120 Linear Feature 187
111 -03.70775913  128.09175982 3 102
112 -03.70771071  128.09159880 -03.70764468  128.09151940 3 102
111 -03.70746639  128.09130765 3 102
111 -03.70725682  128.09107473 3 102
112 -03.70718438  128.09103638 -03.70714978  128.09103871 3 102
111 -03.70711058  128.09108158 3 102
115 -03.70613876  128.09205534
120 Linear Feature 186
111 -03.71047115  128.08831244 4 103
115 -03.71063893  128.08813866
120 Linear Feature 185
111 -03.71076431  128.08878097 3 102
112 -03.71070718  128.08861073 -03.71061999  128.08849774 3 102
111 -03.71047115  128.08831244 3 102
111 -03.71006074  128.08788911 3 102
111 -03.70990138  128.08778667 3 102
111 -03.70962477  128.08774449 3 102
111 -03.70793801  128.08774449 3 102
111 -03.70732614  128.08780626 3 102
112 -03.70718517  128.08788349 -03.70712644  128.08794687
111 -03.70718517  128.08788349
112 -03.70718517  128.08788349 -03.70712192  128.08795819 3 102
111 -03.70711267  128.08808797 3 102
111 -03.70706155  128.08856704 3 102
111 -03.70706130  128.09033509 3 102
112 -03.70712770  128.09062944 -03.70719836  128.09074846 3 102
111 -03.70739079  128.09092924 3 102
111 -03.70763132  128.09113563 3 102
111 -03.70794402  128.09139023 3 102
116 -03.70810187  128.09143090 -03.70816501  128.09141433
120 Linear Feature 184
111 -03.70706135  128.08746699 3 102
111 -03.70706442  128.08754238 3 102
111 -03.70960509  128.08753938 3 102
112 -03.70993437  128.08757577 -03.71005106  128.08761974 3 102
111 -03.71017407  128.08771407 3 102
111 -03.71063893  128.08813866 3 102
112 -03.71094158  128.08839342 -03.71103238  128.08846525 3 102
115 -03.71109910  128.08842544
21 -03.71664970  128.08397547 3 44.9200 3.00 04  PAPI-4R
21 -03.71598748  128.08331185 2 44.9200 3.00 04  PAPI-4L
21 -03.70394195  128.09530122 3 224.8500 3.00 22  PAPI-4R
21 -03.70459397  128.09595506 2 224.8500 3.00 22  PAPI-4L
14 -03.70576042  128.08989459  65.62 0 New Tower Viewpoint 1
1300 -03.70582436  128.09147094 -44.45 tie_down turboprops|props Remote 04
1301 B airline 
1300 -03.70604314  128.09123954 -45.00 tie_down turboprops|props Remote 03
1301 B airline 
1300 -03.70626190  128.09100621 -45.00 tie_down turboprops|props Remote 02
1301 B airline 
1300 -03.70648820  128.09078203 -45.36 tie_down turboprops|props Remote 01
1301 B airline 
1300 -03.70616444  128.08924734  -0.35 gate jets|turboprops Gate 06
1301 C airline 
1300 -03.70616647  128.08888099   0.00 gate jets|turboprops Gate 04
1301 C airline 
1300 -03.70616868  128.08852368  -0.43 gate jets Gate 03
1301 C airline 
1300 -03.70617061  128.08815292   0.47 gate jets Gate 03
1301 C airline 
1300 -03.70627198  128.08779707   0.10 gate jets|turboprops Gate 02
1301 C airline 
1300 -03.70626997  128.08743411   0.00 gate jets|turboprops Gate 01
1301 C airline 
18 -03.70576146  128.08989025 1 New Airport Beacon 2
19 -03.71082766  128.08738066 1 WS
19 -03.70526312  128.09300854 1 WS
50 12540 ATIS
54 12220 Pattimura Tower
55 12100 AMBON Approach
99
