A
1000 Generated by Infinite Flight Airport Editing (World Parser)/AB

1      159 0 1 O15  TURLOCK MUNI
100   15.24   1   0 0.25 0 1 0 12   37.49034700 -120.70048600    0.00    0.00 2  0 0 0 30   37.48452500 -120.69324700    0.00    0.00 2  0 0 0
110   1 0.30 135.38 Default taxiway for RWY 12
111  37.49030042 -120.70054550   3 102 
111  37.49005802 -120.70085512   3 102 
111  37.48423624 -120.69361553   3 102 
111  37.48447864 -120.69330594 
112  37.48457627 -120.69342734  37.48452587 -120.69336866   3 102 
111  37.48446807 -120.69344247   3 102 
112  37.48439101 -120.69354090  37.48433321 -120.69361472   3 102 
111  37.48438203 -120.69367542   3 102 
111  37.48717088 -120.69714346   3 102 
111  37.48736512 -120.69689537 
111  37.48741394 -120.69695607   3 102 
111  37.48721970 -120.69720416   3 102 
112  37.49000855 -120.70067220  37.49005737 -120.70073290   3 102 
111  37.49011517 -120.70065908   3 102 
112  37.49019223 -120.70056064  37.49025003 -120.70048682   3 102 
113  37.49020279 -120.70042410 
120 Default hold RWY 12 (near)
111  37.49020251 -120.70067056   4 
115  37.49015370 -120.70060986 
120 Default hold RWY 12 (centre)
111  37.48731603 -120.69708112   4 
115  37.48726721 -120.69702042 
120 Default hold RWY 12 (far)
111  37.48442954 -120.69349169   4 
115  37.48438073 -120.69343099 
18   37.48777487 -120.69643761 1 BCN
19   37.49058912 -120.70042284 1 WS
19   37.48428289 -120.69331018 1 WS
51 12280 CTAF/UNICOM


130 Airport Boundary
111  037.48423767 -120.69361877
111  037.49005890 -120.70085144
111  037.49034882 -120.70048523
111  037.48452377 -120.69324493
113  037.48437881 -120.69342804
99
