A
1000 Generated by Infinite Flight Airport Editing (World Parser)/AB

1     1867 1 1 SDPF Porto Ferreira
100   14.33   2   0 0.25 0 2 0 18  -21.86991310 -047.47546659    0.00    0.00 2 10 0 0 36  -21.87841990 -047.47231021    0.00    0.00 2 10 0 0
21  -21.87153825 -047.47459530  1 161.00   3.00 18  VASI
21  -21.87679477 -047.47318157  1 341.00   3.00 36  VASI
110   2 0.30 161.00 Default taxiway for RWY 18
111 -21.86993335 -047.47552997  53 102 
111 -21.87003901 -047.47586064  53 102 
111 -21.87854584 -047.47270447  53 102 
111 -21.87844018 -047.47237379 
112 -21.87831828 -047.47241901 -21.87837997 -047.47239869  53 102 
111 -21.87840515 -047.47247750  53 102 
112 -21.87843873 -047.47258259 -21.87846391 -047.47266140  53 102 
111 -21.87840296 -047.47268401  53 102 
111 -21.87430192 -047.47420557  53 102 
111 -21.87421724 -047.47394057 
111 -21.87415629 -047.47396318  53 102 
111 -21.87424097 -047.47422818  53 102 
112 -21.87013993 -047.47574973 -21.87007898 -047.47577235  53 102 
111 -21.87005380 -047.47569354  53 102 
112 -21.87002022 -047.47558846 -21.86999504 -047.47550965  53 102 
113 -21.87005525 -047.47548474 
120 Default hold RWY 18 (near)
111 -21.86997606 -047.47566361  54 
115 -21.87003701 -047.47564100 
120 Default hold RWY 18 (centre)
111 -21.87419900 -047.47409683  54 
115 -21.87425995 -047.47407422 
120 Default hold RWY 18 (far)
111 -21.87842194 -047.47253005  54 
115 -21.87848289 -047.47250744 
18  -21.87402004 -047.47343011 1 BCN
19  -21.86972869 -047.47531619 1 WS
19  -21.87860431 -047.47246062 1 WS


130 Airport Boundary
111 -021.87854576 -047.47270584
111 -021.87003899 -047.47586060
111 -021.86991310 -047.47546768
111 -021.87841988 -047.47230911
113 -021.87844086 -047.47237396
99
