A
1000 Generated by Infinite Flight Airport Editing (World Parser)/AB

1        0 0 0 YAPO APOLLO BAY
100   49.99   3   0 0.25 0 0 0 13  -38.78505019  143.64104232    0.00    0.00 0  0 0 0 31  -38.78719503  143.64379250    0.00    0.00 0  0 0 0
100   49.99   3   0 0.25 0 0 0 7   -38.78519105  143.64086679    0.00    0.00 0  0 0 0 25  -38.78359100  143.64729300    0.00    0.00 0  0 0 0
14  -38.78555948  143.64102276    6 0 New Tower Viewpoint 15
15  -38.78510857  143.64098145  97.13 New Ramp Start 14
19  -38.78533403  143.64259270 0 New Windsock 16


130 Airport Boundary
111 -038.78719330  143.64379883
111 -038.78519058  143.64086914
111 -038.78504944  143.64103699
113 -038.78359222  143.64729309
99
