I
1050 Generated by WorldEditor 2.2.0r2

1    295 0 0 KLFK Angelina Co
100 30.48 1 0 0.00 0 2 0 7  31.23428181 -094.75744903    0    0 3 8 0 0 25  31.23805962 -094.74074051    0    0 2 0 0 0
100 30.48 1 0 0.00 0 2 0 16  31.23691203 -094.75346174    0   90 2 0 0 0 34  31.22575857 -094.74880085   33   61 2 0 0 0
110 2 0.00 0.0000 New Taxiway 25
111  31.22854039 -094.75185763
111  31.22833326 -094.75177201
111  31.22842898 -094.75146462
113  31.22863529 -094.75154924
110 2 0.00 0.0000 New Taxiway 24
111  31.22876071 -094.75216150
111  31.22877238 -094.75216655
111  31.22877614 -094.75215345
111  31.22891697 -094.75221143
111  31.22885929 -094.75239966
111  31.22873295 -094.75234620
111  31.22873036 -094.75235557
113  31.22870418 -094.75234443
110 2 0.00 0.0000 New Taxiway 23
111  31.22883535 -094.75192000
111  31.22884640 -094.75192411
111  31.22884975 -094.75191186
111  31.22899088 -094.75196900
111  31.22893315 -094.75215724
111  31.22880719 -094.75210480
111  31.22880469 -094.75211404
113  31.22877898 -094.75210240
110 2 0.00 0.0000 New Taxiway 22
111  31.22900689 -094.75191476
111  31.22888009 -094.75186278
111  31.22887770 -094.75187141
111  31.22885355 -094.75186109
111  31.22890985 -094.75167892
111  31.22891967 -094.75168206
111  31.22892334 -094.75167004
113  31.22906422 -094.75172777
110 2 0.00 0.0000 New Taxiway 21
111  31.22997058 -094.75238900
111  31.22990917 -094.75259178
111  31.22958410 -094.75246283
111  31.22964657 -094.75225713
111  31.22967688 -094.75226906
111  31.22972010 -094.75211213
111  31.22998034 -094.75221787
113  31.22993427 -094.75237266
110 2 0.00 0.0000 New Taxiway 20
111  31.23047131 -094.75258029
111  31.23040425 -094.75283375
111  31.23018258 -094.75275750
113  31.23025142 -094.75250122
110 2 0.00 0.0000 New Taxiway 19
111  31.23062513 -094.75286874
111  31.23057480 -094.75303095
111  31.23053678 -094.75301693
111  31.23052148 -094.75306275
111  31.23047656 -094.75304198
111  31.23048975 -094.75299623
111  31.23045220 -094.75298108
111  31.23050254 -094.75281718
111  31.23050680 -094.75281897
113  31.23061555 -094.75286471
110 2 0.00 0.0000 New Taxiway 18
111  31.23092807 -094.75299649
111  31.23085009 -094.75325101
111  31.23063044 -094.75315830
113  31.23070914 -094.75290523
110 2 0.00 0.0000 New Taxiway 17
111  31.23081902 -094.75385052
111  31.23077660 -094.75383306
111  31.23060140 -094.75376115
111  31.23063919 -094.75363448
111  31.23042748 -094.75354957
111  31.23049553 -094.75331824
111  31.23071474 -094.75340495
111  31.23071316 -094.75341118
111  31.23090041 -094.75348582
112  31.23090041 -094.75348582  31.23091680 -094.75348582
111  31.23092209 -094.75346866
113  31.23092853 -094.75347045
110 2 0.00 0.0000 New Taxiway 16
111  31.23059590 -094.75462026
111  31.23038149 -094.75453660
111  31.23037410 -094.75456176
111  31.23020912 -094.75449736
111  31.23022101 -094.75445452
111  31.23000843 -094.75437331
111  31.23004295 -094.75425755
111  31.22999065 -094.75423543
111  31.23005376 -094.75401762
111  31.23010826 -094.75403803
111  31.23013137 -094.75394656
111  31.23034381 -094.75403157
111  31.23035183 -094.75400140
111  31.23051884 -094.75406901
111  31.23056635 -094.75390091
111  31.23073967 -094.75397066
113  31.23077870 -094.75398620
110 2 0.00 0.0000 New Taxiway 15
111  31.23045153 -094.75514505
111  31.23006070 -094.75499356
111  31.23007628 -094.75493374
111  31.22995842 -094.75488823
111  31.23002514 -094.75465415
113  31.23053120 -094.75485715
110 2 0.00 0.0000 New Taxiway 14
111  31.22998470 -094.75599146
111  31.23018633 -094.75528508
111  31.23032600 -094.75533974
111  31.23012273 -094.75604672
113  31.23011233 -094.75604268
110 2 0.00 0.0000 New Taxiway 13
111  31.23080445 -094.75651534
111  31.23019714 -094.75629125
111  31.23024231 -094.75612065
113  31.23084976 -094.75634605
110 2 0.00 0.0000 New Taxiway 12
111  31.23052700 -094.75547205
111  31.23064418 -094.75551665
111  31.23064597 -094.75551140
111  31.23085380 -094.75558907
111  31.23072423 -094.75605188
113  31.23040004 -094.75592967
110 2 0.00 0.0000 New Taxiway 11
111  31.23060670 -094.75512457
111  31.23061589 -094.75513074
111  31.23073936 -094.75517800
111  31.23074295 -094.75516435
111  31.23096384 -094.75524678
111  31.23090547 -094.75545050
111  31.23067785 -094.75536439
111  31.23067336 -094.75535494
113  31.23055351 -094.75530714
110 2 0.00 0.0000 New Taxiway 10
111  31.23068562 -094.75488719
111  31.23082062 -094.75493910
111  31.23082780 -094.75491127
111  31.23095033 -094.75495607
111  31.23090707 -094.75511604
111  31.23078425 -094.75506931
111  31.23079099 -094.75504411
113  31.23065539 -094.75499465
110 2 0.00 0.0000 New Taxiway 9
111  31.23073856 -094.75465467
111  31.23079446 -094.75467621
111  31.23082140 -094.75465379
111  31.23090459 -094.75465365
111  31.23090071 -094.75466742
111  31.23099481 -094.75470274
111  31.23095866 -094.75483563
111  31.23086500 -094.75480033
111  31.23075178 -094.75475464
113  31.23071328 -094.75474601
110 2 0.00 0.0000 New Taxiway 8
111  31.23087995 -094.75416237
112  31.23092105 -094.75420475  31.23094270 -094.75421639
111  31.23092105 -094.75420475
111  31.23101720 -094.75424369
111  31.23099625 -094.75432157
111  31.23121175 -094.75440383
111  31.23114441 -094.75463791
111  31.23093714 -094.75455653
111  31.23093115 -094.75457709
111  31.23084248 -094.75453990
112  31.23084248 -094.75453990  31.23079788 -094.75453256
111  31.23077354 -094.75454891
111  31.23076903 -094.75454746
111  31.23077044 -094.75454262
111  31.23079725 -094.75445410
113  31.23079622 -094.75445011
110 2 0.00 0.0000 New Taxiway 7
111  31.23097433 -094.75383168
111  31.23111772 -094.75388588
111  31.23112032 -094.75387494
111  31.23128790 -094.75393601
111  31.23123204 -094.75414080
111  31.23106575 -094.75407487
111  31.23106679 -094.75406818
111  31.23092582 -094.75401639
111  31.23093291 -094.75398619
113  31.23093082 -094.75398002
110 1 0.00 0.0000 New Taxiway 4
111  31.23393506 -094.75300173
111  31.23389717 -094.75312542
111  31.23334940 -094.75289577
112  31.23312837 -094.75299736  31.23304756 -094.75315765
111  31.23312837 -094.75299736
111  31.23293778 -094.75360344
111  31.23342562 -094.75483387
112  31.23342562 -094.75483387  31.23347270 -094.75490461
111  31.23354421 -094.75491039
111  31.23353261 -094.75496290
111  31.23367740 -094.75532782
111  31.23361848 -094.75559534
111  31.23361735 -094.75561057
111  31.23338880 -094.75663500
112  31.23338880 -094.75663500  31.23334754 -094.75699564
112  31.23365367 -094.75712219  31.23371237 -094.75714224
111  31.23365367 -094.75712219
112  31.23365367 -094.75712219  31.23366149 -094.75712486
111  31.23366596 -094.75712600
111  31.23386640 -094.75718617
112  31.23386640 -094.75718617  31.23417334 -094.75722680
111  31.23425446 -094.75693777
111  31.23426589 -094.75694115
111  31.23416053 -094.75741000
111  31.23362548 -094.75724977
112  31.23362548 -094.75724977  31.23339239 -094.75717777
112  31.23328286 -094.75658301  31.23334195 -094.75625849
111  31.23328286 -094.75658301
111  31.23351137 -094.75557314
111  31.23351217 -094.75556040
111  31.23352260 -094.75551242
111  31.23351423 -094.75544270
111  31.23288367 -094.75384800
111  31.23286927 -094.75382610
111  31.23283585 -094.75380531
111  31.23281669 -094.75379696
111  31.23281726 -094.75379408
111  31.23126247 -094.75313132
111  31.23125569 -094.75314014
112  31.23113995 -094.75326028  31.23108383 -094.75338630
111  31.23113995 -094.75326028
111  31.23097433 -094.75383168
111  31.23093082 -094.75398002
111  31.23093291 -094.75398619
111  31.23092582 -094.75401639
111  31.23091875 -094.75401788
111  31.23087671 -094.75415956
111  31.23087995 -094.75416237
111  31.23079622 -094.75445011
111  31.23079725 -094.75445410
111  31.23077044 -094.75454262
111  31.23076671 -094.75454204
111  31.23073550 -094.75465162
111  31.23073856 -094.75465467
111  31.23071328 -094.75474601
111  31.23070964 -094.75474683
111  31.23067722 -094.75487203
111  31.23068335 -094.75488097
111  31.23068562 -094.75488719
111  31.23065539 -094.75499465
111  31.23064727 -094.75499225
111  31.23063769 -094.75499729
111  31.23060617 -094.75511022
111  31.23060670 -094.75512457
111  31.23055351 -094.75530714
111  31.23052700 -094.75547205
111  31.23040004 -094.75592967
112  31.23039629 -094.75593073  31.23039498 -094.75593307
111  31.23039629 -094.75593073
111  31.23037852 -094.75600928
112  31.23037852 -094.75600928  31.23037424 -094.75602981
111  31.23038986 -094.75603722
111  31.23088229 -094.75621602
111  31.23084976 -094.75634605
111  31.23024231 -094.75612065
111  31.23019714 -094.75629125
111  31.23080445 -094.75651534
111  31.23076770 -094.75665072
111  31.23013010 -094.75641166
112  31.23006220 -094.75622344  31.23008764 -094.75612762
111  31.23006220 -094.75622344
111  31.23011233 -094.75604268
111  31.23012273 -094.75604672
111  31.23032600 -094.75533974
111  31.23018633 -094.75528508
111  31.22998470 -094.75599146
111  31.22988425 -094.75594579
111  31.23012574 -094.75513616
111  31.23038947 -094.75523442
112  31.23042639 -094.75522609  31.23044585 -094.75520859
111  31.23042639 -094.75522609
111  31.23045153 -094.75514505
111  31.23053120 -094.75485715
111  31.23059590 -094.75462026
111  31.23077870 -094.75398620
111  31.23073967 -094.75397066
111  31.23077660 -094.75383306
111  31.23081902 -094.75385052
111  31.23092853 -094.75347045
111  31.23092209 -094.75346866
111  31.23093946 -094.75342616
111  31.23094865 -094.75339731
111  31.23095349 -094.75339693
111  31.23102078 -094.75317475
112  31.23102078 -094.75317475  31.23101944 -094.75304559
111  31.23097125 -094.75301449
111  31.23092807 -094.75299649
111  31.23070914 -094.75290523
111  31.23067634 -094.75289156
111  31.23068608 -094.75286201
112  31.23068608 -094.75286201  31.23068488 -094.75284091
111  31.23066237 -094.75282981
112  31.23062656 -094.75282947  31.23060867 -094.75283651
111  31.23062656 -094.75282947
111  31.23061555 -094.75286471
111  31.23050680 -094.75281897
111  31.23051330 -094.75279788
111  31.23049282 -094.75279033
111  31.23051121 -094.75272438
111  31.23048475 -094.75271537
111  31.23051431 -094.75259575
111  31.23047131 -094.75258029
111  31.23025142 -094.75250122
112  31.23019164 -094.75245002  31.23014176 -094.75243362
111  31.23019164 -094.75245002
112  31.23019164 -094.75245002  31.23014207 -094.75243398
111  31.23010966 -094.75245159
111  31.22997058 -094.75238900
111  31.22993427 -094.75237266
111  31.22998034 -094.75221787
111  31.22972010 -094.75211213
111  31.22974773 -094.75202187
111  31.22972476 -094.75201250
111  31.22974909 -094.75193509
111  31.22982717 -094.75196433
112  31.22982717 -094.75196433  31.22985581 -094.75196433
111  31.22986821 -094.75193239
111  31.22994543 -094.75164641
112  31.22994543 -094.75164641  31.22995210 -094.75147087
111  31.22982590 -094.75141858
111  31.22911285 -094.75112093
112  31.22894583 -094.75121737  31.22887578 -094.75135781
111  31.22894583 -094.75121737
111  31.22886551 -094.75147908
112  31.22886551 -094.75147908  31.22885775 -094.75153428
111  31.22889922 -094.75155806
111  31.22894142 -094.75157677
111  31.22890985 -094.75167892
111  31.22885355 -094.75186109
111  31.22883535 -094.75192000
111  31.22877898 -094.75210240
111  31.22876071 -094.75216150
111  31.22870418 -094.75234443
111  31.22869914 -094.75236074
111  31.22842101 -094.75224563
111  31.22854039 -094.75185763
111  31.22863529 -094.75154924
111  31.22866335 -094.75145803
111  31.22871603 -094.75147980
112  31.22877225 -094.75144138  31.22878971 -094.75139223
111  31.22877225 -094.75144138
111  31.22886081 -094.75116030
112  31.22886081 -094.75116030  31.22887874 -094.75103295
111  31.22877897 -094.75098157
111  31.22584095 -094.74975520
112  31.22584095 -094.74975520  31.22573323 -094.74971747
112  31.22566318 -094.74983394  31.22564494 -094.74987226
111  31.22566318 -094.74983394
112  31.22566318 -094.74983394  31.22565767 -094.74984553
111  31.22565521 -094.74985348
111  31.22563045 -094.74994088
111  31.22543595 -094.74985925
111  31.22546831 -094.74975235
111  31.22557696 -094.74939345
111  31.22571241 -094.74894599
111  31.22602024 -094.74907309
111  31.22601544 -094.74908433
112  31.22573505 -094.74927138  31.22564517 -094.74951573
111  31.22573505 -094.74927138
112  31.22573505 -094.74927138  31.22571266 -094.74935329
112  31.22573333 -094.74945956  31.22574676 -094.74951677
111  31.22573333 -094.74945956
112  31.22573333 -094.74945956  31.22575430 -094.74952933
112  31.22586684 -094.74963033  31.22593525 -094.74966326
111  31.22586684 -094.74963033
111  31.23122838 -094.75186882
112  31.23122838 -094.75186882  31.23130919 -094.75189665
111  31.23139091 -094.75182313
112  31.23142026 -094.75178701  31.23142565 -094.75177546
111  31.23142026 -094.75178701
111  31.23149962 -094.75152335
112  31.23149962 -094.75152335  31.23151309 -094.75140522
111  31.23143150 -094.75135245
111  31.23143581 -094.75133552
111  31.23179071 -094.75148048
111  31.23178618 -094.75149497
111  31.23173839 -094.75149203
112  31.23163290 -094.75156784  31.23158711 -094.75163558
111  31.23163290 -094.75156784
111  31.23156339 -094.75179924
112  31.23156339 -094.75179924  31.23155216 -094.75184019
111  31.23155870 -094.75189297
112  31.23167643 -094.75205722  31.23179002 -094.75211183
113  31.23167643 -094.75205722
111  31.23282194 -094.75307274
112  31.23282194 -094.75307274  31.23293970 -094.75310209
111  31.23298295 -094.75299827
111  31.23299687 -094.75295522
112  31.23299687 -094.75295522  31.23303100 -094.75276197
111  31.23288418 -094.75270004
111  31.23169847 -094.75220229
112  31.23141267 -094.75235795  31.23131808 -094.75257920
111  31.23141267 -094.75235795
111  31.23139867 -094.75239891
112  31.23139867 -094.75239891  31.23139287 -094.75245067
113  31.23145793 -094.75250413
111  31.23110482 -094.75248343
112  31.23124559 -094.75239197  31.23130563 -094.75227494
111  31.23124559 -094.75239197
111  31.23127575 -094.75228746
112  31.23127575 -094.75228746  31.23129576 -094.75204169
111  31.23113499 -094.75196737
111  31.23022674 -094.75159109
112  31.23003124 -094.75171782  31.22996785 -094.75186996
111  31.23003124 -094.75171782
111  31.23000442 -094.75181581
112  31.23000442 -094.75181581  31.22999442 -094.75192114
111  31.23011055 -094.75206535
111  31.23011055 -094.75207841
111  31.23011949 -094.75208625
112  31.23011949 -094.75208625  31.23015324 -094.75213486
111  31.23021445 -094.75217603
113  31.23028595 -094.75220982
110 1 0.00 0.0000 New Taxiway 3
112  31.23776159 -094.74078736  31.23765653 -094.74074262
111  31.23776159 -094.74078736
111  31.23737460 -094.74066928
111  31.23715331 -094.74060176
112  31.23698308 -094.74072464  31.23693136 -094.74087019
111  31.23698308 -094.74072464
111  31.23607755 -094.74472886
111  31.23592284 -094.74541298
111  31.23448538 -094.75176908
111  31.23441473 -094.75208151
112  31.23441473 -094.75208151  31.23438680 -094.75221942
111  31.23448514 -094.75228390
111  31.23416241 -094.75214819
112  31.23430473 -094.75205736  31.23437300 -094.75196118
111  31.23430473 -094.75205736
111  31.23437764 -094.75173553
111  31.23694552 -094.74040072
111  31.23740316 -094.74054187
111  31.23778822 -094.74066063
111  31.23793368 -094.74070212
111  31.23788071 -094.74093998
113  31.23787263 -094.74093735
110 2 0.00 0.0000 New Taxiway 2
112  31.23662536 -094.74532743  31.23639340 -094.74522672
111  31.23662536 -094.74532743
111  31.23634051 -094.74524092
111  31.23622317 -094.74520528
112  31.23622317 -094.74520528  31.23598577 -094.74516263
111  31.23592729 -094.74541422
111  31.23592284 -094.74541298
111  31.23607755 -094.74472886
111  31.23608318 -094.74473125
112  31.23625154 -094.74508203  31.23647264 -094.74517821
111  31.23625154 -094.74508203
111  31.23636756 -094.74511752
111  31.23665810 -094.74520637
112  31.23665810 -094.74520637  31.23689860 -094.74524811
111  31.23694961 -094.74499817
111  31.23696270 -094.74500254
111  31.23680931 -094.74568259
113  31.23679590 -094.74567785
110 2 0.00 0.0000 New Taxiway 1
111  31.23457348 -094.75264313
111  31.23457005 -094.75265727
111  31.23456807 -094.75266486
112  31.23424384 -094.75284120  31.23414893 -094.75311212
111  31.23424384 -094.75284120
111  31.23421616 -094.75296328
111  31.23421592 -094.75300242
112  31.23421592 -094.75300242  31.23422023 -094.75310323
111  31.23430408 -094.75315799
111  31.23453500 -094.75325419
111  31.23479981 -094.75336452
112  31.23479981 -094.75336452  31.23500938 -094.75342689
111  31.23509949 -094.75320131
111  31.23511520 -094.75320656
111  31.23497528 -094.75381302
111  31.23495919 -094.75380864
112  31.23482001 -094.75350979  31.23465246 -094.75340645
111  31.23482001 -094.75350979
111  31.23449782 -094.75337460
111  31.23429547 -094.75328970
112  31.23411701 -094.75339733  31.23406314 -094.75355422
111  31.23411701 -094.75339733
111  31.23367740 -094.75532782
111  31.23353261 -094.75496290
111  31.23354421 -094.75491039
112  31.23368451 -094.75480188  31.23373097 -094.75467572
111  31.23368451 -094.75480188
111  31.23401749 -094.75333301
112  31.23392882 -094.75313786  31.23382377 -094.75306856
111  31.23392882 -094.75313786
111  31.23389852 -094.75312605
111  31.23393630 -094.75300222
111  31.23394865 -094.75300747
112  31.23408596 -094.75296267  31.23415492 -094.75288832
111  31.23408596 -094.75296267
111  31.23411103 -094.75292040
111  31.23414881 -094.75276026
112  31.23414881 -094.75276026  31.23418581 -094.75249498
111  31.23398083 -094.75241984
113  31.23398756 -094.75239752
110 2 0.00 0.0000 pad at the end of the rwy15
111  31.23727615 -094.75593068
111  31.23688670 -094.75576663
111  31.23697289 -094.75549430
111  31.23702928 -094.75531512
113  31.23741852 -094.75547811
110 1 0.00 0.0000 to pad at the end of the rwy15
111  31.23688459 -094.75360359
111  31.23688183 -094.75361814
111  31.23686110 -094.75362568
111  31.23666296 -094.75426535
112  31.23666158 -094.75442486  31.23667990 -094.75450215
111  31.23666158 -094.75442486
111  31.23684451 -094.75510602
112  31.23684451 -094.75510602  31.23688552 -094.75524344
111  31.23699380 -094.75529949
111  31.23702928 -094.75531512
111  31.23697289 -094.75549430
112  31.23692745 -094.75538894  31.23688920 -094.75536739
111  31.23692745 -094.75538894
112  31.23675881 -094.75517392  31.23671688 -094.75502573
111  31.23675881 -094.75517392
111  31.23657081 -094.75446205
112  31.23657081 -094.75446205  31.23654692 -094.75434472
111  31.23656528 -094.75425996
111  31.23669936 -094.75379544
112  31.23669936 -094.75379544  31.23671768 -094.75355984
111  31.23655975 -094.75349150
111  31.23651137 -094.75346725
113  31.23651690 -094.75344893
130 boundary
111  31.23213765 -094.76331732
111  31.23183222 -094.76024742
111  31.23224186 -094.75851838
111  31.23198583 -094.75724593
111  31.22937441 -094.75624292
111  31.23017448 -094.75312926
111  31.22581572 -094.75137027
111  31.22600773 -094.75060685
111  31.22463162 -094.74997814
111  31.22545089 -094.74751570
111  31.23283711 -094.75056204
111  31.23321474 -094.74919974
111  31.23421962 -094.74955156
111  31.23669023 -094.73836836
111  31.23644701 -094.73565111
111  31.24022332 -094.73738771
111  31.23888561 -094.74345109
111  31.23974968 -094.74387029
111  31.23702306 -094.75242622
111  31.23856558 -094.75314481
111  31.23674783 -094.75892356
111  31.23548693 -094.75854930
111  31.23515410 -094.76178293
111  31.23421322 -094.76179042
113  31.23309971 -094.76513566
120 Linear Feature 12
111  31.23149702 -094.75253121 1
115  31.23148160 -094.75258187
120 Linear Feature 12
111  31.23068813 -094.75235478 1
115  31.23067487 -094.75240722
120 Linear Feature 12
111  31.23161344 -094.75257976 1
115  31.23159803 -094.75263042
120 Linear Feature 12
111  31.23092609 -094.75243504 1
115  31.23091386 -094.75248687
120 Linear Feature 12
111  31.23184652 -094.75267798 1
115  31.23183111 -094.75272864
120 Linear Feature 12
111  31.23250335 -094.75294964 1
115  31.23248794 -094.75300030
120 Linear Feature 12
111  31.23080650 -094.75239513 1
115  31.23079380 -094.75244735
120 Linear Feature 12
111  31.23172924 -094.75262897 1
115  31.23171333 -094.75267998
120 Linear Feature 12
111  31.23104506 -094.75247478 1
115  31.23103236 -094.75252700
120 Linear Feature 12
111  31.23196232 -094.75272718 1
115  31.23194641 -094.75277819
120 Linear Feature 12
111  31.23261915 -094.75299885 1
115  31.23260324 -094.75304986
120 Linear Feature 12
111  31.23244183 -094.75362312 1
115  31.23245700 -094.75357180
120 Linear Feature 12
111  31.23255822 -094.75367198 1
115  31.23257338 -094.75362066
120 Linear Feature 11
111  31.23145021 -094.75256828 1
111  31.23148160 -094.75258187 1
115  31.23151191 -094.75259499
120 Linear Feature 11
111  31.23064271 -094.75239633 1
111  31.23067487 -094.75240722 1
115  31.23070592 -094.75241773
120 Linear Feature 11
111  31.23156663 -094.75261683 1
111  31.23159803 -094.75263042 1
115  31.23162834 -094.75264355
120 Linear Feature 11
111  31.23088170 -094.75247598 1
111  31.23091386 -094.75248687 1
115  31.23094491 -094.75249738
120 Linear Feature 11
111  31.23179971 -094.75271504 1
111  31.23183111 -094.75272864 1
115  31.23186142 -094.75274176
120 Linear Feature 11
111  31.23245654 -094.75298671 1
111  31.23248794 -094.75300030 1
115  31.23251825 -094.75301342
120 Linear Feature 11
111  31.23076164 -094.75243646 1
111  31.23079380 -094.75244735 1
115  31.23082485 -094.75245786
120 Linear Feature 11
111  31.23168194 -094.75266639 1
111  31.23171333 -094.75267998 1
115  31.23174364 -094.75269310
120 Linear Feature 11
111  31.23100020 -094.75251611 1
111  31.23103236 -094.75252700 1
115  31.23106341 -094.75253751
120 Linear Feature 11
111  31.23191501 -094.75276460 1
111  31.23194641 -094.75277819 1
115  31.23197672 -094.75279131
120 Linear Feature 11
111  31.23257185 -094.75303626 1
111  31.23260324 -094.75304986 1
115  31.23263355 -094.75306298
120 Linear Feature 11
111  31.23248859 -094.75358477 1
111  31.23245700 -094.75357180 1
115  31.23242650 -094.75355928
120 Linear Feature 11
111  31.23260497 -094.75363363 1
111  31.23257338 -094.75362066 1
115  31.23254288 -094.75360814
120 hold
111  31.22573333 -094.74945956 4
115  31.22557696 -094.74939345
120 hold
111  31.23155870 -094.75189297 4
115  31.23139091 -094.75182313
120 hold
111  31.23737460 -094.74066928 4
115  31.23740316 -094.74054187
120 hold
111  31.23634051 -094.74524092 4
115  31.23636756 -094.74511752
120 hold
111  31.23437764 -094.75173553 4
115  31.23448538 -094.75176908
120 hold
111  31.23421592 -094.75300242 4
115  31.23408596 -094.75296267
120 hold
111  31.23449782 -094.75337460 4
115  31.23453500 -094.75325419
120 hold
111  31.23362548 -094.75724977 4
115  31.23365367 -094.75712219
120 Linear Feature 6
111  31.22978363 -094.75222550 20
115  31.22976271 -094.75229692
120 Linear Feature 5
111  31.23064598 -094.75527286 1
115  31.23068781 -094.75528776
120 Linear Feature 4
111  31.23065319 -094.75524615 1
115  31.23069503 -094.75526133
120 Linear Feature 3
111  31.23066161 -094.75522000 1
115  31.23070224 -094.75523462
120 Linear Feature 2
111  31.23068463 -094.75496222 1
115  31.23080118 -094.75500439
120 Linear Feature 2
111  31.23068838 -094.75494940 1
115  31.23080478 -094.75499172
120 Linear Feature 2
111  31.23069097 -094.75493725 1
115  31.23080779 -094.75497907
120 Linear Feature 32
112  31.23682932 -094.74532510  31.23701164 -094.74534161 1
111  31.23704993 -094.74514914 1
115  31.23718782 -094.74454120
120 Linear Feature 31
112  31.23599362 -094.74485046  31.23596440 -094.74505762 1
115  31.23613098 -094.74511128
120 Linear Feature 30
112  31.23590076 -094.74525880  31.23596571 -094.74506548 1
111  31.23613098 -094.74511128 1
111  31.23682932 -094.74532510 1
111  31.23683675 -094.74532737
112  31.23683675 -094.74532737  31.23699329 -094.74541066 1
111  31.23694833 -094.74559368 1
115  31.23680953 -094.74621009
120 Linear Feature 29
111  31.22584095 -094.74975520 9
111  31.22550946 -094.74961660 9
115  31.22550946 -094.74961660
120 Linear Feature 28
111  31.22566318 -094.74983394 2
115  31.22546831 -094.74975235
120 Linear Feature 27
112  31.22879167 -094.75091953  31.22894931 -094.75100740 1
115  31.22890314 -094.75118788
120 Linear Feature 26
112  31.22913040 -094.75106105  31.22896023 -094.75101969 1
111  31.22890314 -094.75118788 1
115  31.22880182 -094.75151817
120 Linear Feature 25
111  31.23000984 -094.75162084 1
116  31.22991773 -094.75138998  31.22978329 -094.75131532
120 Linear Feature 24
112  31.23020076 -094.75150823  31.23005404 -094.75147449 1
111  31.23000984 -094.75162084 1
115  31.22996221 -094.75177820
120 Linear Feature 23
112  31.23028249 -094.75598926  31.23027212 -094.75605504 1
111  31.23032420 -094.75607179 1
115  31.23081228 -094.75625592
120 Linear Feature 22
111  31.23029576 -094.75594299 1
111  31.23028249 -094.75598926 1
115  31.23027869 -094.75600248
120 Linear Feature 21
111  31.23049416 -094.75525649 1
112  31.23041792 -094.75529523  31.23036072 -094.75528027
111  31.23041792 -094.75529523 1
111  31.23019994 -094.75520977 1
112  31.23012750 -094.75524513  31.23011062 -094.75530087
111  31.23012750 -094.75524513 1
115  31.22993788 -094.75590155
120 Linear Feature 20
112  31.23121349 -094.75193133  31.23142281 -094.75197919 1
115  31.23149923 -094.75177497
120 Linear Feature 19
111  31.23135637 -094.75227299 1
116  31.23121796 -094.75193320  31.23102143 -094.75182152
120 Linear Feature 18
111  31.23164682 -094.75211256 1
116  31.23135637 -094.75227299  31.23125534 -094.75249834
120 Linear Feature 17
111  31.23149923 -094.75177497 1
116  31.23164406 -094.75211140  31.23183803 -094.75222159
120 Linear Feature 16
111  31.23158927 -094.75146902 1
112  31.23180346 -094.75134613  31.23196332 -094.75138059
111  31.23180346 -094.75134613 1
115  31.23232780 -094.75156467
120 Linear Feature 15
111  31.23072461 -094.75656731 1
111  31.23016858 -094.75636202 1
112  31.23012522 -094.75627717  31.23013361 -094.75620965
111  31.23012522 -094.75627717 1
111  31.23017189 -094.75610212
112  31.23017189 -094.75610212  31.23018690 -094.75605139 1
111  31.23021866 -094.75604271 1
112  31.23029576 -094.75594299  31.23032681 -094.75586893
111  31.23029576 -094.75594299 1
111  31.23049416 -094.75525649 1
111  31.23135637 -094.75227299 1
111  31.23149923 -094.75177497 1
111  31.23158927 -094.75146902 1
112  31.23147326 -094.75120715  31.23130972 -094.75112358
111  31.23147326 -094.75120715 1
115  31.23095708 -094.75099073
120 Linear Feature 14
111  31.23307563 -094.75293641 1
116  31.23328648 -094.75279955  31.23345232 -094.75281999
120 Linear Feature 13
112  31.23297850 -094.75267078  31.23312131 -094.75276202 1
111  31.23307563 -094.75293641 1
115  31.23300823 -094.75315375
120 Linear Feature 12
112  31.23402439 -094.75310811  31.23411136 -094.75317212 1
115  31.23408785 -094.75327518
120 Linear Feature 11
111  31.23423536 -094.75319631 1
116  31.23408149 -094.75330322  31.23403588 -094.75343784
120 Linear Feature 10
112  31.23414845 -094.75300769  31.23412884 -094.75314879 1
115  31.23423762 -094.75319725
120 Linear Feature 9
112  31.23399344 -094.75309517  31.23411929 -094.75310534 1
115  31.23415204 -094.75299184
120 Linear Feature 8
112  31.23496216 -094.75350017  31.23514939 -094.75354384 1
111  31.23519752 -094.75333917 1
115  31.23533506 -094.75272826
120 Linear Feature 7
111  31.22579076 -094.74898933 1
112  31.22574592 -094.74904518  31.22573142 -094.74908157
111  31.22574592 -094.74904518 1
111  31.22563983 -094.74939263 1
112  31.22575795 -094.74965208  31.22592370 -094.74974182
111  31.22575795 -094.74965208 1
111  31.22879167 -094.75091953 1
111  31.22913040 -094.75106105 1
111  31.22991773 -094.75138998 1
111  31.23020076 -094.75150823 1
111  31.23121349 -094.75193133 1
111  31.23121796 -094.75193320 1
111  31.23164406 -094.75211140 1
111  31.23164682 -094.75211256 1
111  31.23297850 -094.75267078 1
111  31.23328648 -094.75279955 1
111  31.23399344 -094.75309517 1
111  31.23402439 -094.75310811 1
111  31.23423536 -094.75319631 1
111  31.23423762 -094.75319725 1
111  31.23496216 -094.75350017 1
111  31.23498385 -094.75350924
112  31.23498385 -094.75350924  31.23514704 -094.75359120 1
111  31.23509672 -094.75378614 1
115  31.23495813 -094.75439704
120 Linear Feature 6
111  31.23434288 -094.75215152 1
112  31.23412037 -094.75228650  31.23395410 -094.75224329
111  31.23412037 -094.75228650 1
115  31.23360064 -094.75206916
120 Linear Feature 5
111  31.23790601 -094.74078770 1
112  31.23783056 -094.74074299  31.23778986 -094.74072799
111  31.23783056 -094.74074299 1
111  31.23711894 -094.74052547 1
112  31.23694280 -094.74064837  31.23689452 -094.74080751
111  31.23694280 -094.74064837 1
111  31.23599362 -094.74485046 1
111  31.23590076 -094.74525880 1
111  31.23434288 -094.75215152 1
112  31.23446320 -094.75243026  31.23464154 -094.75251875
111  31.23446320 -094.75243026 1
115  31.23497452 -094.75264453
120 Linear Feature 4
111  31.23369361 -094.75501519 1
112  31.23358141 -094.75511975  31.23348943 -094.75513743
111  31.23358141 -094.75511975 1
111  31.23356128 -094.75512128
112  31.23356128 -094.75512128  31.23347813 -094.75512644 1
115  31.23343698 -094.75505245
120 Linear Feature 3
111  31.23357410 -094.75554267 1
112  31.23355791 -094.75535750  31.23352787 -094.75528417
111  31.23355791 -094.75535750 1
111  31.23343698 -094.75505245 1
115  31.23290760 -094.75371718
120 Linear Feature 2
112  31.23424043 -094.75260173  31.23432569 -094.75240271 1
111  31.23447572 -094.75246273 1
115  31.23498985 -094.75267727
120 Linear Feature 1
111  31.23418628 -094.75723481 1
112  31.23392589 -094.75727107  31.23377132 -094.75722979
111  31.23392589 -094.75727107 1
111  31.23362602 -094.75718045 1
112  31.23333624 -094.75659252  31.23341070 -094.75611434
111  31.23333624 -094.75659252 1
111  31.23357410 -094.75554267 1
111  31.23369361 -094.75501519 1
111  31.23408149 -094.75330322 1
111  31.23408785 -094.75327518 1
111  31.23414845 -094.75300769 1
111  31.23415204 -094.75299184 1
111  31.23424043 -094.75260173 1
111  31.23424990 -094.75255991
112  31.23424990 -094.75255991  31.23426625 -094.75235840 1
111  31.23411425 -094.75231150 1
115  31.23361729 -094.75210365
21  31.23446009 -094.75208964 1 160.3400 3.00 16  VASI
21  31.23707539 -094.74326555 2 255.1900 3.00 25  PAPI-4L
21  31.22768571 -094.74999685 1 340.3400 3.00 34  VASI
14  31.23132821 -094.75336551  82.02 0 tower
1300  31.23067487 -094.75240722 255.00 tie_down props GA Ramp 13
1301 A general_aviation 
1300  31.23079380 -094.75244735 255.00 tie_down props GA Ramp 12
1301 A general_aviation 
1300  31.23091386 -094.75248687 255.00 tie_down props GA Ramp 11
1301 A general_aviation 
1300  31.23103236 -094.75252700 255.00 tie_down props GA Ramp 10
1301 A general_aviation 
1300  31.23148160 -094.75258187 250.00 tie_down props GA Ramp 09
1301 A general_aviation 
1300  31.23159803 -094.75263042 250.00 tie_down props GA Ramp 08
1301 A general_aviation 
1300  31.23171333 -094.75267998 250.00 tie_down props GA Ramp 07
1301 A general_aviation 
1300  31.23183111 -094.75272864 250.00 tie_down props GA Ramp 06
1301 A general_aviation 
1300  31.23194641 -094.75277819 250.00 tie_down props GA Ramp 05
1301 A general_aviation 
1300  31.23248794 -094.75300030 250.00 tie_down props GA Ramp 04
1301 A general_aviation 
1300  31.23260324 -094.75304986 250.00 tie_down props GA Ramp 03
1301 A general_aviation 
1300  31.23257338 -094.75362066  70.00 tie_down props GA Ramp 02
1301 A general_aviation 
1300  31.23245700 -094.75357180  70.00 tie_down props GA Ramp 01
1301 A general_aviation 
1300  31.22853667 -094.75167595 340.00 hangar props Hangar 40
1301 A none 
1300  31.22879741 -094.75226856 160.00 hangar props Hangar 39
1301 A none 
1300  31.22887112 -094.75202403 160.00 hangar props Hangar 38
1301 A none 
1300  31.22894445 -094.75178337 160.00 hangar props Hangar 37
1301 A none 
1300  31.22974486 -094.75234944  70.00 hangar props Hangar 36
1301 A none 
1300  31.22986569 -094.75240103  70.00 hangar props Hangar 35
1301 A none 
1300  31.23034415 -094.75260847  73.00 hangar props Hangar 34
1301 A none 
1300  31.23055135 -094.75288319  70.00 hangar props Hangar 33
1301 A none 
1300  31.23079918 -094.75301701  70.00 hangar props Hangar 32
1301 A none 
1300  31.23062173 -094.75349740 342.00 hangar props Hangar 31
1301 A none 
1300  31.23042493 -094.75416739 342.00 hangar props Hangar 30
1301 A none 
1300  31.23036291 -094.75438587 342.00 hangar props Hangar 29
1301 A none 
1300  31.23020759 -094.75485243 342.00 hangar props Hangar 28
1301 A none 
1300  31.23003293 -094.75593632 162.00 hangar props Hangar 27
1301 A none 
1300  31.23007103 -094.75580184 162.00 hangar props Hangar 26
1301 A none 
1300  31.23010732 -094.75567515 162.00 hangar props Hangar 25
1301 A none 
1300  31.23014336 -094.75554850 162.00 hangar props Hangar 24
1301 A none 
1300  31.23017964 -094.75542188 162.00 hangar props Hangar 23
1301 A none 
1300  31.23027765 -094.75538736 342.00 hangar props Hangar 22
1301 A none 
1300  31.23024061 -094.75551881 342.00 hangar props Hangar 21
1301 A none 
1300  31.23020558 -094.75564546 342.00 hangar props Hangar 20
1301 A none 
1300  31.23016803 -094.75577349 342.00 hangar props Hangar 19
1301 A none 
1300  31.23013145 -094.75589934 342.00 hangar props Hangar 18
1301 A none 
1300  31.23077045 -094.75645563 252.00 hangar props Hangar 17
1301 A none 
1300  31.23065483 -094.75641214 252.00 hangar props Hangar 16
1301 A none 
1300  31.23054717 -094.75637296 252.00 hangar props Hangar 15
1301 A none 
1300  31.23043850 -094.75633058 252.00 hangar props Hangar 14
1301 A none 
1300  31.23033034 -094.75629024 252.00 hangar props Hangar 13
1301 A none 
1300  31.23029534 -094.75618758  72.00 hangar props Hangar 12
1301 A none 
1300  31.23040674 -094.75622936  72.00 hangar props Hangar 11
1301 A none 
1300  31.23051490 -094.75626824  72.00 hangar props Hangar 10
1301 A none 
1300  31.23062580 -094.75630944  72.00 hangar props Hangar 09
1301 A none 
1300  31.23073371 -094.75634892  72.00 hangar props Hangar 08
1301 A none 
1300  31.23060123 -094.75586911 162.00 hangar props Hangar 07
1301 A none 
1300  31.23066390 -094.75564931 162.00 hangar props Hangar 06
1301 A none 
1300  31.23076770 -094.75528393 162.00 hangar props Hangar 05
1301 A none 
1300  31.23084197 -094.75500508 162.00 hangar props Hangar 04
1301 A none 
1300  31.23091353 -094.75474738 162.00 hangar props Hangar 03
1301 A none 
1300  31.23100387 -094.75445056 162.00 hangar props Hangar 02
1301 A none 
1300  31.23113166 -094.75398749 162.00 hangar props Hangar 01
1301 A none 
18  31.23169355 -094.75345154 1 beacon
19  31.23439231 -094.75004976 1 ws
19  31.23169046 -094.75343850 0 ws
51 12300 Angelina Unicom
50 12062 ASOS
99
