A
1000 Generated by Infinite Flight Airport Editing (World Parser)

1     4428 0 0 WW10 Menyembou (TEAM)
100   25.91   3   0 0.00 0 0 0 7   -01.13176187  133.86555092    0.00    0.00 0  0 0 0 25  -01.13269823  133.86200151    0.00    0.00 0  0 0 0
110   3 0.00 255.20 Menyembou arrival
111 -01.13187269  133.86557879 
112 -01.13187269  133.86557879 -01.13186829  133.86559735 
112 -01.13174885  133.86561372 -01.13172960  133.86562461 
112 -01.13168046  133.86579508 -01.13165283  133.86590469 
112 -01.13163602  133.86600982 -01.13163417  133.86602840 
112 -01.13163784  133.86607966 -01.13164749  133.86609498 
111 -01.13168580  133.86609719 
111 -01.13166562  133.86616459 
111 -01.13163200  133.86627691 
112 -01.13143586  133.86626167 -01.13140389  133.86626007 
112 -01.13147445  133.86606969 -01.13149960  133.86606889 
112 -01.13158781  133.86607364 -01.13160294  133.86607204 
112 -01.13161147  133.86603445 -01.13161430  133.86601851 
112 -01.13164220  133.86583506 -01.13164946  133.86578724 
112 -01.13167791  133.86566879 -01.13167675  133.86564504 
112 -01.13165315  133.86559864 -01.13164589  133.86558307 
112 -01.13165099  133.86552047 -01.13165622  133.86550098 
113 -01.13165099  133.86552047 
110   4 0.00   0.00 Menyembou path
111 -01.13805014  133.85861393 
112 -01.13805014  133.85861393 -01.13772047  133.85876531 
112 -01.13720683  133.85891768 -01.13703889  133.85897782 
112 -01.13675303  133.85890223 -01.13659131  133.85887941 
112 -01.13601929  133.85913408 -01.13583684  133.85921288 
112 -01.13526061  133.85950098 -01.13510304  133.85957978 
112 -01.13466025  133.85982467 -01.13458146  133.85988274 
112 -01.13438975  133.86000948 -01.13432962  133.86006339 
112 -01.13412022  133.86023516 -01.13406217  133.86027871 
112 -01.13376500  133.86050059 -01.13369658  133.86055866 
112 -01.13360541  133.86078439 -01.13357016  133.86087149 
112 -01.13341689  133.86130108 -01.13337957  133.86139647 
112 -01.13337562  133.86160823 -01.13337147  133.86169741 
112 -01.13334605  133.86228588 -01.13335642  133.86236468 
112 -01.13357811  133.86305837 -01.13360092  133.86314339 
112 -01.13359544  133.86344763 -01.13358092  133.86354095 
112 -01.13348694  133.86396215 -01.13345584  133.86409694 
112 -01.13343456  133.86424175 -01.13342627  133.86429359 
111 -01.13344419  133.86436533 
111 -01.13384522  133.86447232 
111 -01.13377251  133.86480391 
111 -01.13356641  133.86475340 
112 -01.13353931  133.86459556 -01.13352065  133.86456445 
112 -01.13342158  133.86452772 -01.13341951  133.86457334 
112 -01.13341442  133.86477054 -01.13341442  133.86483068 
111 -01.13353630  133.86485195 
111 -01.13402115  133.86498497 
112 -01.13401039  133.86542543 -01.13398136  133.86557266 
111 -01.13401039  133.86542543 
112 -01.13401039  133.86542543 -01.13387355  133.86541298 
112 -01.13357021  133.86524230 -01.13349972  133.86518009 
112 -01.13344439  133.86504196 -01.13341121  133.86503781 
112 -01.13341857  133.86526852 -01.13342479  133.86541368 
112 -01.13347998  133.86576437 -01.13349034  133.86584732 
112 -01.13346058  133.86603310 -01.13345021  133.86607458 
112 -01.13338031  133.86630520 -01.13334714  133.86638608 
112 -01.13315260  133.86679123 -01.13310284  133.86690736 
112 -01.13294502  133.86717536 -01.13291807  133.86722305 
111 -01.13294502  133.86717536 
112 -01.13294502  133.86717536 -01.13296575  133.86723550 
111 -01.13309459  133.86728803 
111 -01.13314149  133.86720814 
112 -01.13352613  133.86745155 -01.13359870  133.86748058 
111 -01.13380829  133.86755459 
111 -01.13368059  133.86802033 
112 -01.13317841  133.86770326 -01.13313073  133.86767422 
112 -01.13308946  133.86751860 -01.13303762  133.86746053 
112 -01.13291284  133.86738993 -01.13288588  133.86737542 
112 -01.13282166  133.86740425 -01.13280507  133.86743743 
112 -01.13233791  133.86826616 -01.13230059  133.86834496 
112 -01.13211483  133.86828936 -01.13199872  133.86825204 
112 -01.13144847  133.86805854 -01.13138213  133.86804195 
112 -01.13130941  133.86815729 -01.13130319  133.86821121 
112 -01.13129998  133.86840110 -01.13129998  133.86845087 
112 -01.13128888  133.86917403 -01.13128888  133.86931297 
112 -01.13130319  133.86986520 -01.13130941  133.87012235 
112 -01.13137062  133.87105609 -01.13139136  133.87137337 
112 -01.13151171  133.87206893 -01.13155525  133.87231571 
112 -01.13174396  133.87289846 -01.13178336  133.87309546 
112 -01.13187542  133.87370028 -01.13188164  133.87393461 
111 -01.13188692  133.87430145 
111 -01.13180651  133.87429937 
112 -01.13178804  133.87370798 -01.13177975  133.87348401 
112 -01.13165619  133.87290107 -01.13160851  133.87270199 
112 -01.13141772  133.87205121 -01.13137418  133.87182102 
112 -01.13127683  133.87108265 -01.13126025  133.87080062 
112 -01.13121241  133.86982418 -01.13120619  133.86967902 
112 -01.13121449  133.86913182 -01.13121449  133.86897007 
112 -01.13121957  133.86839236 -01.13122164  133.86828660 
112 -01.13109601  133.86830512 -01.13104833  133.86833830 
111 -01.13095474  133.86842100 
112 -01.13079386  133.86859972 -01.13074824  133.86869719 
112 -01.13084717  133.86894509 -01.13084924  133.86901352 
112 -01.13073352  133.86946147 -01.13070316  133.86952826 
112 -01.13042225  133.86980510 -01.13039493  133.86987190 
112 -01.13029146  133.87016894 -01.13028843  133.87027521 
112 -01.13004960  133.87041644 -01.12994639  133.87041037 
112 -01.12987586  133.87014961 -01.12982730  133.87008585 
112 -01.12961624  133.86993157 -01.12952517  133.86987388 
112 -01.12945161  133.86970248 -01.12940911  133.86964783 
112 -01.12923688  133.86958793 -01.12917617  133.86958490 
112 -01.12899355  133.86957905 -01.12893891  133.86959423 
112 -01.12870005  133.86963089 -01.12861809  133.86960963 
112 -01.12866924  133.86943845 -01.12871174  133.86938684 
112 -01.12888939  133.86916505 -01.12895010  133.86913165 
112 -01.12911345  133.86904855 -01.12917113  133.86899694 
112 -01.12921344  133.86885897 -01.12923165  133.86874663 
112 -01.12903558  133.86847062 -01.12898398  133.86838257 
112 -01.12899308  133.86803087 -01.12902951  133.86796408 
112 -01.12934857  133.86746118 -01.12941839  133.86737617 
112 -01.12956004  133.86708066 -01.12959040  133.86699565 
112 -01.12953985  133.86667563 -01.12950646  133.86657847 
112 -01.12926508  133.86632528 -01.12921954  133.86626152 
112 -01.12914902  133.86592155 -01.12911866  133.86583351 
112 -01.12899979  133.86571698 -01.12894212  133.86568661 
111 -01.12899979  133.86571698 
112 -01.12899979  133.86571698 -01.12893908  133.86568661 
112 -01.12871521  133.86563215 -01.12859985  133.86562608 
112 -01.12825625  133.86575191 -01.12815304  133.86579745 
112 -01.12783244  133.86592133 -01.12775655  133.86595169 
112 -01.12730194  133.86599183 -01.12719569  133.86601612 
112 -01.12678719  133.86613393 -01.12667183  133.86614607 
112 -01.12640891  133.86609011 -01.12629963  133.86606582 
111 -01.12610742  133.86599596 
111 -01.12610742  133.86590874 
112 -01.12644850  133.86599855 -01.12661243  133.86602283 
112 -01.12684726  133.86603067 -01.12695047  133.86600638 
112 -01.12729689  133.86590203 -01.12742438  133.86588988 
112 -01.12779298  133.86583475 -01.12791440  133.86579224 
112 -01.12824962  133.86566401 -01.12834979  133.86562151 
112 -01.12870093  133.86554905 -01.12878289  133.86556120 
112 -01.12905534  133.86565209 -01.12912516  133.86568549 
112 -01.12921476  133.86589918 -01.12923904  133.86599634 
112 -01.12933558  133.86627666 -01.12938718  133.86634650 
112 -01.12960233  133.86665677 -01.12963572  133.86674786 
112 -01.12963294  133.86709838 -01.12960259  133.86718947 
112 -01.12937938  133.86754659 -01.12932474  133.86762250 
112 -01.12907096  133.86805163 -01.12903757  133.86812754 
112 -01.12911672  133.86845667 -01.12917743  133.86854775 
112 -01.12929241  133.86884697 -01.12928330  133.86894109 
112 -01.12915663  133.86909405 -01.12909896  133.86913352 
112 -01.12890004  133.86921381 -01.12884540  133.86925328 
112 -01.12870461  133.86946719 -01.12867122  133.86951577 
112 -01.12872327  133.86959497 -01.12876273  133.86960711 
112 -01.12899204  133.86954028 -01.12906489  133.86952814 
112 -01.12924361  133.86954223 -01.12931039  133.86954831 
112 -01.12947547  133.86964486 -01.12951190  133.86969647 
112 -01.12966701  133.86990888 -01.12973075  133.86995443 
112 -01.12992229  133.87013209 -01.12995871  133.87019282 
112 -01.13005525  133.87036422 -01.13012507  133.87037029 
112 -01.13025113  133.87014341 -01.13025720  133.87006447 
112 -01.13039470  133.86977785 -01.13043720  133.86970498 
112 -01.13069967  133.86944050 -01.13072699  133.86938585 
112 -01.13080059  133.86895447 -01.13079230  133.86887567 
112 -01.13072487  133.86860402 -01.13076841  133.86850448 
112 -01.13097470  133.86830768 -01.13109288  133.86822680 
112 -01.13121836  133.86808289 -01.13128263  133.86799580 
112 -01.13146311  133.86799412 -01.13153775  133.86801278 
112 -01.13213623  133.86822321 -01.13224404  133.86825224 
112 -01.13233763  133.86815764 -01.13239362  133.86806018 
112 -01.13304719  133.86683869 -01.13306378  133.86679306 
112 -01.13302137  133.86676161 -01.13298820  133.86674295 
111 -01.13302137  133.86676161 
112 -01.13302137  133.86676161 -01.13298820  133.86674295 
112 -01.13279272  133.86664726 -01.13272845  133.86662031 
112 -01.13252339  133.86663502 -01.13246534  133.86662880 
112 -01.13232766  133.86660337 -01.13227790  133.86658886 
112 -01.13216980  133.86644740 -01.13214492  133.86641215 
112 -01.13207882  133.86634564 -01.13203943  133.86633527 
112 -01.13191627  133.86632323 -01.13188724  133.86632323 
112 -01.13181438  133.86628121 -01.13178743  133.86627292 
112 -01.13176615  133.86631775 -01.13175993  133.86633848 
111 -01.13176615  133.86631775 
112 -01.13176615  133.86631775 -01.13175993  133.86633848 
112 -01.13163200  133.86627691 -01.13157394  133.86627069 
111 -01.13163200  133.86627691 
111 -01.13166562  133.86616459 
111 -01.13194490  133.86625351 
111 -01.13198784  133.86613709 
112 -01.13170247  133.86605607 -01.13160295  133.86603118 
111 -01.13170247  133.86605607 
112 -01.13170247  133.86605607 -01.13177711  133.86592542 
111 -01.13185352  133.86586090 
112 -01.13212779  133.86592553 -01.13217755  133.86594004 
112 -01.13228713  133.86608149 -01.13228921  133.86613541 
112 -01.13223195  133.86628743 -01.13219670  133.86632683 
112 -01.13225268  133.86642346 -01.13228378  133.86647945 
112 -01.13241731  133.86654516 -01.13250231  133.86654309 
112 -01.13282115  133.86658624 -01.13287921  133.86661320 
112 -01.13304813  133.86668025 -01.13307301  133.86669062 
112 -01.13313836  133.86665141 -01.13315702  133.86660786 
112 -01.13335650  133.86608559 -01.13339797  133.86596531 
112 -01.13334781  133.86564311 -01.13333745  133.86554150 
112 -01.13332634  133.86520640 -01.13333049  133.86509857 
112 -01.13335705  133.86428495 -01.13336741  133.86410868 
112 -01.13353090  133.86342858 -01.13354749  133.86330623 
112 -01.13351244  133.86305838 -01.13348756  133.86296091 
112 -01.13334821  133.86246837 -01.13332540  133.86239994 
112 -01.13329677  133.86222886 -01.13329885  133.86215420 
112 -01.13331222  133.86154854 -01.13331015  133.86147596 
112 -01.13322440  133.86147167 -01.13318294  133.86147581 
112 -01.13298286  133.86150184 -01.13292481  133.86151220 
112 -01.13267912  133.86153200 -01.13262729  133.86153408 
112 -01.13248232  133.86149053 -01.13243256  133.86149260 
112 -01.13230881  133.86145133 -01.13225697  133.86142437 
112 -01.13206283  133.86133737 -01.13200063  133.86131664 
112 -01.13174260  133.86123675 -01.13171565  133.86122638 
112 -01.13167290  133.86126144 -01.13166046  133.86129876 
112 -01.13140426  133.86219371 -01.13137316  133.86234509 
111 -01.13127997  133.86273414 
111 -01.13119842  133.86270852 
112 -01.13134893  133.86205684 -01.13137588  133.86195108 
112 -01.13160692  133.86115834 -01.13166290  133.86096341 
112 -01.13193203  133.85995038 -01.13197557  133.85984876 
112 -01.13211794  133.85950162 -01.13216562  133.85938757 
112 -01.13229086  133.85903608 -01.13231366  133.85896765 
112 -01.13229974  133.85874537 -01.13229145  133.85862924 
112 -01.13245549  133.85861256 -01.13256330  133.85861670 
112 -01.13287572  133.85865778 -01.13300219  133.85867230 
112 -01.13337469  133.85876403 -01.13345347  133.85879099 
112 -01.13376609  133.85895017 -01.13384488  133.85902068 
112 -01.13404130  133.85918642 -01.13410972  133.85923827 
112 -01.13444307  133.85948711 -01.13448868  133.85952651 
112 -01.13465271  133.85969566 -01.13467967  133.85972469 
112 -01.13477706  133.85969359 -01.13482268  133.85966870 
112 -01.13524277  133.85944306 -01.13537132  133.85938500 
112 -01.13599981  133.85908582 -01.13618641  133.85899665 
112 -01.13675891  133.85885715 -01.13692063  133.85888411 
112 -01.13721277  133.85886130 -01.13736827  133.85880946 
112 -01.13805161  133.85854120 -01.13839579  133.85836078 
113 -01.13805161  133.85854120 
112 -01.13441671  133.85951470 -01.13437524  133.85947945 
112 -01.13400269  133.85921876 -01.13393220  133.85916277 
112 -01.13373692  133.85898759 -01.13364984  133.85891501 
112 -01.13336151  133.85881049 -01.13327235  133.85878353 
112 -01.13285538  133.85870631 -01.13274964  133.85869594 
112 -01.13245850  133.85867541 -01.13242532  133.85867541 
112 -01.13235394  133.85878413 -01.13236016  133.85886085 
112 -01.13234772  133.85905074 -01.13231870  133.85913162 
112 -01.13216972  133.85952453 -01.13214484  133.85959296 
112 -01.13200341  133.85998893 -01.13197853  133.86009262 
112 -01.13187156  133.86062610 -01.13184461  133.86072979 
112 -01.13174178  133.86102039 -01.13172727  133.86107224 
112 -01.13176232  133.86114249 -01.13179964  133.86116116 
112 -01.13204710  133.86125931 -01.13212589  133.86128627 
112 -01.13246398  133.86139193 -01.13251374  133.86140022 
112 -01.13268566  133.86148638 -01.13277067  133.86148224 
112 -01.13305219  133.86145377 -01.13312683  133.86143925 
112 -01.13322383  133.86142945 -01.13325701  133.86142323 
112 -01.13333100  133.86135994 -01.13335381  133.86128735 
112 -01.13353142  133.86075235 -01.13356666  133.86066525 
112 -01.13374339  133.86043181 -01.13385950  133.86034886 
112 -01.13408785  133.86018263 -01.13414797  133.86012664 
112 -01.13434232  133.85996578 -01.13438171  133.85992845 
112 -01.13457136  133.85981089 -01.13462320  133.85978186 
114 -01.13460414  133.85970933 -01.13458134  133.85966993 
111 -01.13199759  133.86604683 
111 -01.13201625  133.86598047 
111 -01.13186490  133.86593485 
113 -01.13184417  133.86599913 
130 Menyembou boundary
111 -01.13267427  133.86154816 
111 -01.13296382  133.86153634 
111 -01.13188835  133.86565585 
113 -01.13159289  133.86562039 
14  -01.13164589  133.86558307    6 0 Menyembou viewpoint
15  -01.13179544  133.86542140 255.20 Menyembou start
19  -01.13187525  133.86564183 0 Menyembou windsock

99
