A
1000 Generated by Infinite Flight Airport Editing (World Parser)

1      489 0 1 KHUL HOULTON INTL
100   45.72   1   0 0.25 0 2 0 05   46.11718300 -067.79719400    0.00    0.00 2  0 0 1 23   46.12894700 -067.78694200    0.00    0.00 2  0 0 1
100   45.72   1   0 0.25 0 0 0 01   46.11752200 -067.79145000    0.00    0.00 2  0 0 0 19   46.13109200 -067.79421900    0.00    0.00 2  0 0 0
21   46.11891843 -067.79631688  1  31.13   3.00 05  VASI
21   46.12719769 -067.78778631  2 211.14   3.00 23  PAPI-4L
110   1 0.00  31.13 Default taxiway for RWY 05
111  46.11707781 -067.79694273   3 102 
111  46.11654488 -067.79566974   3 102 
111  46.12830934 -067.78541960   3 102 
111  46.12884227 -067.78669287 
112  46.12849007 -067.78699972  46.12866501 -067.78684352   3 102 
111  46.12853738 -067.78653861   3 102 
112  46.12836722 -067.78613205  46.12823959 -067.78582713   3 102 
111  46.12806349 -067.78598056   3 102 
111  46.12262151 -067.79072202   3 102 
111  46.12304809 -067.79174109 
111  46.12287199 -067.79189452   3 102 
111  46.12244541 -067.79087546   3 102 
112  46.11700343 -067.79561692  46.11682733 -067.79577035   3 102 
111  46.11695496 -067.79607520   3 102 
112  46.11712512 -067.79648167  46.11725275 -067.79678653   3 102 
113  46.11743001 -067.79663588 
130 Airport Boundary 5
111  46.13424865 -067.79630148 
111  46.12642734 -067.79454278 
111  46.12764663 -067.79900389 
111  46.12529727 -067.79956153 
111  46.12410772 -067.79449988 
111  46.12265052 -067.79411382 
111  46.11203377 -067.80367948 
111  46.11042787 -067.79930416 
111  46.11372888 -067.79707360 
111  46.11610798 -067.78647845 
111  46.12378059 -067.78347578 
111  46.12672473 -067.78034442 
111  46.13234536 -067.78094496 
113  46.13231563 -067.78609240 
120 Default hold RWY 05 (near)
111  46.11686394 -067.79643187   4 
115  46.11704004 -067.79627844 
120 Default hold RWY 05 (centre)
111  46.12265812 -067.79138360   4 
115  46.12283422 -067.79123017 
120 Default hold RWY 05 (far)
111  46.12845230 -067.78633533   4 
115  46.12862840 -067.78618190 
18   46.12380920 -067.79384803 1 BCN
19   46.11702820 -067.79224846 1 WS
19   46.11714986 -067.79826298 1 WS
19   46.12898004 -067.78587277 1 WS
19   46.13158583 -067.79342036 1 WS
50 13202 ASOS
51 12280 CTAF/UNICOM

99
