A
1000 Generated by Infinite Flight Airport Editing (World Parser)/AB

1       12 1 0 LFKO Propriano
100   29.87   2   0 0.25 0 0 0 10   41.66123400  008.88139300    0.00    0.00 2  0 0 0 28   41.66007600  008.89812900    0.00    0.00 2  0 0 0
110   2 0.25  95.28 Taxiway
112  41.66021400  008.89391600  41.66019900  008.89391400 
111  41.66019000  008.89391300 
111  41.65965300  008.89385100 
112  41.65956200  008.89384100  41.65951700  008.89383600 
112  41.65950000  008.89374200  41.65950400  008.89368100 
111  41.65951700  008.89350500 
111  41.65952300  008.89341400 
111  41.65944500  008.89354400 
111  41.65943900  008.89363500 
111  41.65943800  008.89364200 
111  41.65943200  008.89373300 
111  41.65941900  008.89392800 
111  41.65941300  008.89401900 
112  41.65938800  008.89438800  41.65938400  008.89444900 
112  41.65931400  008.89447900  41.65926900  008.89447900 
111  41.65917400  008.89448000 
111  41.65910600  008.89448000 
111  41.65921600  008.89457200 
111  41.65928400  008.89457200 
112  41.65937600  008.89457100  41.65942100  008.89457100 
112  41.65945000  008.89448000  41.65945400  008.89441900 
112  41.65948200  008.89401600  41.65948600  008.89395500 
112  41.65955600  008.89393300  41.65960100  008.89393800 
111  41.65964700  008.89394300 
111  41.66018400  008.89400500 
112  41.66020800  008.89400800  41.66022300  008.89400900 
112  41.66020600  008.89436800  41.66018900  008.89460700 
111  41.66020600  008.89436800 
111  41.66050200  008.89399700 
111  41.66026200  008.89356100 
114  41.66026200  008.89356100  41.66024500  008.89380000 
110   2 0.25  95.28 Apron
111  41.66095400  008.88135700 
111  41.66092700  008.88176900 
111  41.66106600  008.88195200 
113  41.66110500  008.88137800 
110   2 0.25  95.28 Apron
111  41.65995500  008.89799600 
111  41.65994100  008.89814300 
111  41.66034200  008.89819500 
111  41.66037300  008.89774700 
113  41.66024400  008.89757400 
110   2 0.25  95.28 Apron
111  41.65930000  008.89306000 
111  41.65927100  008.89347200 
111  41.65921700  008.89346500 
111  41.65917100  008.89411800 
111  41.65947300  008.89415500 
113  41.65954700  008.89309600 
110   2 0.25  95.28 Apron
111  41.65882200  008.89518200 
111  41.65881000  008.89589000 
111  41.65920400  008.89590300 
111  41.65922700  008.89448400 
111  41.65901500  008.89447900 
111  41.65901300  008.89460800 
113  41.65883100  008.89460300 
110   2 0.25  95.28 Apron
111  41.66005700  008.89394600 
111  41.66022300  008.89423200 
113  41.66025900  008.89369900 
120 Centreline for Path
111  41.65898700  008.89575300  51 
112  41.65904000  008.89575400  41.65911300  008.89575600  51 
112  41.65915200  008.89565300  41.65915300  008.89558300  51 
112  41.65904300  008.89554700  41.65897000  008.89554700  51 
115  41.65899100  008.89554700 
120 Centreline for Path
111  41.65899200  008.89535400  51 
112  41.65904600  008.89535500  41.65911900  008.89535600  51 
112  41.65915400  008.89545300  41.65915400  008.89551600  51 
116  41.65915200  008.89565300  41.65915000  008.89572200 
120 Centreline for Path
111  41.65899600  008.89517700  51 
112  41.65904800  008.89517800  41.65912100  008.89518000  51 
112  41.65915700  008.89526900  41.65915600  008.89532800  51 
116  41.65915400  008.89545300  41.65915400  008.89551600 
120 Centreline for Path
111  41.65899700  008.89499300  51 
112  41.65905100  008.89499500  41.65912400  008.89499800  51 
112  41.65916000  008.89509000  41.65915800  008.89515100  51 
116  41.65915700  008.89526900  41.65915600  008.89532800 
120 Centreline for Path
111  41.65931500  008.89367300  51 
112  41.65938200  008.89376800  41.65943200  008.89383900  51 
116  41.65945100  008.89396600  41.65944700  008.89402700 
120 Centreline for Path
111  41.65940600  008.89323200  51 
112  41.65944100  008.89334400  41.65947000  008.89343400  51 
116  41.65947800  008.89357000  41.65947400  008.89363100 
120 Centreline for Path
112  41.65916000  008.89509000  41.65916000  008.89503000  51 
112  41.65916100  008.89485300  41.65916100  008.89475600  51 
112  41.65916100  008.89467300  41.65916100  008.89457500  51 
116  41.65922900  008.89452600  41.65927500  008.89452600 
120 Centreline for Taxi
112  41.65922900  008.89452600  41.65927500  008.89452600  51 
112  41.65934500  008.89452500  41.65939000  008.89452500  51 
112  41.65941900  008.89443400  41.65942300  008.89437300  51 
112  41.65945100  008.89396600  41.65945500  008.89390500  51 
112  41.65946300  008.89378400  41.65946700  008.89372300  51 
116  41.65947800  008.89357000  41.65948200  008.89350900 
120 Centreline for Taxi
112  41.66030000  008.89397200  41.66025400  008.89396700  51 
112  41.66025500  008.89396700  41.66021000  008.89396200  51 
112  41.66011900  008.89395100  41.66007300  008.89394600  51 
112  41.65971800  008.89390500  41.65967300  008.89390000  51 
112  41.65958200  008.89388900  41.65953600  008.89388400  51 
112  41.65952500  008.89388300  41.65948000  008.89387800  51 
116  41.65945100  008.89396600  41.65944700  008.89402700 
120 Centreline for Path
112  41.65904300  008.89554700  41.65911600  008.89554800  51 
116  41.65915400  008.89545300  41.65915600  008.89538900 
120 Centreline for Path
112  41.65904600  008.89535500  41.65911900  008.89535600  51 
116  41.65915700  008.89526900  41.65915800  008.89521000 
120 Centreline for Path
112  41.65904800  008.89517800  41.65912100  008.89518000  51 
116  41.65916000  008.89509000  41.65916000  008.89503000 
120 Centreline for Path
112  41.65916100  008.89485300  41.65916100  008.89495100  51 
116  41.65905100  008.89499500  41.65897800  008.89499200 
120 Centreline for Taxi join
112  41.65946300  008.89378400  41.65945900  008.89384500  51 
116  41.65938200  008.89376800  41.65933200  008.89369700 
120 Centreline for Taxi
112  41.65946300  008.89378400  41.65945900  008.89384500  51 
116  41.65952500  008.89388300  41.65957100  008.89388800 
120 Centreline for Taxi join
112  41.65938200  008.89376800  41.65943200  008.89383900  51 
116  41.65952500  008.89388300  41.65957100  008.89388800 
120 Taxi hold short
111  41.65964700  008.89393700  54 
115  41.65965300  008.89385700 
120 GA Ramp 2
111  41.65899100  008.89551000  51 
115  41.65899100  008.89558400 
120 GA Ramp 4
111  41.65899700  008.89514000  51 
115  41.65899500  008.89521400 
120 GA Ramp 5
111  41.65899800  008.89495600  51 
115  41.65899600  008.89503000 
120 GA Ramp 6
111  41.65943100  008.89321800  51 
115  41.65938100  008.89324600 
120 GA Ramp 3
111  41.65899200  008.89531700  51 
115  41.65899200  008.89539100 
120 GA Ramp 1
111  41.65898800  008.89571600  51 
115  41.65898600  008.89579000 
120 GA Ramp 7
111  41.65933500  008.89364800  51 
115  41.65929500  008.89369800 
14   41.65913400  008.89342500   54 0 Propriano Tower
15   41.65898700  008.89575300 181.41 GA Ramp 1
15   41.65899100  008.89554700 181.41 GA Ramp 2
15   41.65899200  008.89535400 181.41 GA Ramp 3
15   41.65899600  008.89517700 181.41 GA Ramp 4
15   41.65899700  008.89499300 181.41 GA Ramp 5
15   41.65940600  008.89323200 248.10 GA Ramp 6
15   41.65931500  008.89367300 237.22 GA Ramp 7
19   41.65940400  008.89281500 1 Windsock
19   41.65940400  008.89281500 1 Windsock
51 11850 PROPRIANO MULT
55 12105 AJACCIO APP


130 Airport Boundary
111  041.65880966  008.89589024
111  041.65882111  008.89518166
111  041.65883255  008.89460278
111  041.66095352  008.88135719
111  041.66123581  008.88139343
111  041.66037369  008.89774704
111  041.66034317  008.89819527
113  041.65994263  008.89814281
99
