I
1050 Generated by WorldEditor 2.3.0r2

1   3793 0 0 OICK Khoram Abad
1302 flatten 1
100 45.11 1 0 0.25 0 1 0 11  33.44206896  048.26422003    0  128 3 0 0 0 29  33.42975700  048.29876028  201    0 3 0 0 0
110 2 0.00 0.0000 New Taxiway 4
111  33.43741195  048.28401383
111  33.43685051  048.28563375
112  33.43685051  048.28563375  33.43673117  048.28584226
111  33.43654134  048.28577963
111  33.43650476  048.28576029
111  33.43646463  048.28587828
111  33.43642855  048.28598433
111  33.43646729  048.28600496
112  33.43659154  048.28637172  33.43654313  048.28660608
111  33.43659154  048.28637172
111  33.43629019  048.28723340
111  33.43711308  048.28764978
111  33.43813245  048.28474218
111  33.43774087  048.28454622
112  33.43774087  048.28454622  33.43766993  048.28449971
112  33.43761339  048.28411500  33.43770306  048.28383271
113  33.43761339  048.28411500
110 1 0.00 0.0000 New Taxiway 1
111  33.44147791  048.26503451
111  33.42906186  048.29986997
111  33.42917465  048.29991979
111  33.42877735  048.30104496
111  33.42871497  048.30101408
111  33.42870401  048.30102902
111  33.42863740  048.30099190
111  33.42845083  048.30150756
111  33.42850139  048.30172541
112  33.42882036  048.30187171  33.42898844  048.30183273
112  33.42893171  048.30145535  33.42887206  048.30134398
111  33.42893171  048.30145535
111  33.42895968  048.30133676
111  33.42946647  048.29998133
111  33.42951473  048.30000684
111  33.42991607  048.29887466
111  33.42992437  048.29887062
111  33.42993328  048.29884532
111  33.43002096  048.29888077
111  33.42999675  048.29895876
111  33.43034799  048.29912634
111  33.43053841  048.29859074
111  33.43032235  048.29795895
111  33.43471730  048.28564880
112  33.43471730  048.28564880  33.43486973  048.28535476 102
111  33.43515055  048.28543567 102
111  33.43642809  048.28607770 102
112  33.43650831  048.28639144  33.43646151  048.28659448
111  33.43650831  048.28639144 102
111  33.43619849  048.28728511 102
111  33.43715898  048.28776625
111  33.43822553  048.28470337
111  33.43816436  048.28467205 102
111  33.43776348  048.28446681 102
112  33.43765859  048.28419480  33.43769732  048.28400730
111  33.43765859  048.28419480 102
111  33.43904066  048.28030988 102
111  33.43863063  048.28010512
112  33.43863063  048.28010512  33.43860988  048.28009362
111  33.43861662  048.28005141
111  33.43855197  048.28001804
112  33.43855197  048.28001804  33.43852396  048.28004695
112  33.43848944  048.27996723  33.43850501  048.27991408
111  33.43848944  048.27996723
111  33.43815667  048.27934901
111  33.43850413  048.27839485 102
111  33.43754232  048.27790833 102
111  33.43748753  048.27784230
111  33.44095923  048.26809020
111  33.44150022  048.26785097
111  33.44167375  048.26737400
111  33.44128153  048.26722090
111  33.44277556  048.26302461
111  33.44228608  048.26276247
111  33.44184112  048.26401340
111  33.44167994  048.26392929
111  33.44144044  048.26460186
114  33.44144044  048.26460186  33.44142430  048.26466838
111  33.43732490  048.27830818
112  33.43732490  048.27830818  33.43744945  048.27822241 102
112  33.43760310  048.27856420  33.43758916  048.27872348
111  33.43760310  048.27856420 102
111  33.43745851  048.27897648
112  33.43745851  048.27897648  33.43733200  048.27920079 102
112  33.43712416  048.27888134  33.43715837  048.27873979
113  33.43712416  048.27888134
111  33.43673868  048.27995679
112  33.43673868  048.27995679  33.43692606  048.27971888 102
111  33.43715630  048.27981060 102
111  33.43842594  048.28043790 102
112  33.43852276  048.28073338  33.43847952  048.28093449
111  33.43852276  048.28073338 102
111  33.43678109  048.28561790
112  33.43678109  048.28561790  33.43672687  048.28573856 102
111  33.43655204  048.28570583 102
111  33.43529206  048.28506832 102
112  33.43509219  048.28456287  33.43513773  048.28428776
111  33.43509219  048.28456287
113  33.43562667  048.28302374
130 Airport Boundary 26
111  33.44011355  048.26675310
111  33.42971139  048.29279973
111  33.42987870  048.29287190
111  33.42822460  048.29760056
111  33.42812194  048.29807476
111  33.42795310  048.29822109
111  33.42793725  048.29999534
111  33.42839233  048.30281442
111  33.42964126  048.30208465
111  33.43262960  048.29459316
111  33.43340189  048.29461081
111  33.43337110  048.29396607
111  33.43345141  048.29362445
111  33.43465820  048.29249454
111  33.43482086  048.29257473
111  33.43541884  048.29239059
111  33.43576088  048.29178023
111  33.43573114  048.29158754
111  33.43554246  048.29136032
111  33.43547275  048.29095379
111  33.43557406  048.29049601
111  33.43575624  048.29028773
111  33.43607319  048.29029664
111  33.43624525  048.29017309
111  33.43640368  048.29017662
111  33.43684508  048.28853593
111  33.43767448  048.28745990
111  33.43781903  048.28701401
111  33.43837583  048.28660502
111  33.43883126  048.28520792
111  33.43847658  048.28503283
111  33.43858700  048.28472006
111  33.43828808  048.28455967
111  33.43834850  048.28436795
111  33.43791145  048.28414069
111  33.43935410  048.28023133
111  33.43879356  048.27920739
111  33.44042390  048.27465292
111  33.44369127  048.26202893
111  33.44370091  048.26120896
111  33.44290587  048.26053336
111  33.44145231  048.26014842
111  33.44102669  048.26029086
113  33.44072955  048.26066618
120 Linear Feature 28
111  33.44188171  048.26412575 3
111  33.44173456  048.26404944 3
111  33.44156271  048.26453219 3
115  33.44159882  048.26491902
120 Linear Feature 27
111  33.43504243  048.28516152 1
112  33.43453306  048.28538845  33.43433355  048.28572502
111  33.43453306  048.28538845 1
115  33.43422238  048.28624774
120 Linear Feature 10
112  33.43664698  048.28653243  33.43660954  048.28676602 58
111  33.43679978  048.28689610 58
111  33.43702664  048.28700834 58
112  33.43712413  048.28718560  33.43712478  048.28729853
111  33.43712413  048.28718560 51
111  33.43709268  048.28721125
112  33.43709268  048.28721125  33.43709268  048.28730561 51
112  33.43693700  048.28743376  33.43688988  048.28742293
111  33.43693700  048.28743376 51
111  33.43665217  048.28728574 51
112  33.43651963  048.28689487  33.43658522  048.28664146
111  33.43651963  048.28689487 51
111  33.43664698  048.28653243 51
111  33.43672182  048.28631941 51
111  33.43681919  048.28604228 51
111  33.43690205  048.28580645 51
111  33.43692814  048.28573220 51
111  33.43695582  048.28565342 51
111  33.43706479  048.28534329 51
111  33.43710024  048.28524238 51
111  33.43715006  048.28510060 51
111  33.43723883  048.28484792 51
111  33.43727953  048.28473209 51
111  33.43732071  048.28461491 51
111  33.43744742  048.28425427 51
115  33.43749373  048.28412247
120 Linear Feature 25
111  33.43794649  048.28480967 51
115  33.43789770  048.28483636
120 Linear Feature 24
111  33.43759270  048.28538631 51
115  33.43762243  048.28543617
120 Linear Feature 23
111  33.43745689  048.28634852 51
115  33.43748932  048.28639618
120 Linear Feature 22
111  33.43731098  048.28618973 51
115  33.43734449  048.28623972
120 Linear Feature 21
111  33.43714960  048.28723515 51
115  33.43717266  048.28727940
120 Linear Feature 20
111  33.43700754  048.28707689 51
115  33.43703348  048.28712158
120 Linear Feature 19
111  33.43731863  048.28701309 51
115  33.43719841  048.28711753
120 Linear Feature 19
111  33.43762708  048.28612017 51
115  33.43750717  048.28623058
120 Linear Feature 19
111  33.43791077  048.28532767 51
115  33.43778900  048.28543063
120 Linear Feature 18
111  33.43786744  048.28502508 51
115  33.43793169  048.28519876
120 Linear Feature 17
112  33.43727953  048.28473209  33.43738393  048.28453000 51
115  33.43758597  048.28459544
120 Linear Feature 16
112  33.43706479  048.28534329  33.43716887  048.28513542 58
115  33.43738495  048.28520705
120 Linear Feature 15
112  33.43732071  048.28461491  33.43729437  048.28485067 58
115  33.43744650  048.28495626
120 Linear Feature 14
112  33.43744742  048.28425427  33.43740946  048.28447889 51
111  33.43758597  048.28459544 51
111  33.43779095  048.28470393 51
112  33.43781336  048.28487716  33.43776928  048.28500921
111  33.43781336  048.28487716 51
111  33.43783017  048.28492014
112  33.43783017  048.28492014  33.43776046  048.28509389 58
111  33.43759970  048.28503652 58
111  33.43744650  048.28495626 58
116  33.43715006  048.28510060  33.43704410  048.28528326
120 Linear Feature 13
112  33.43692814  048.28573220  33.43703655  048.28553011 51
115  33.43723735  048.28559670
120 Linear Feature 11
111  33.43658916  048.28594071 51
116  33.43672182  048.28631941  33.43667052  048.28657336
120 Linear Feature 10
112  33.43723883  048.28484792  33.43720140  048.28508152 58
111  33.43738495  048.28520705 58
111  33.43761181  048.28531929 58
112  33.43770930  048.28549655  33.43770995  048.28560948
111  33.43770930  048.28549655 51
111  33.43767785  048.28552220
112  33.43767785  048.28552220  33.43767785  048.28561657 51
112  33.43752218  048.28574471  33.43747506  048.28573389
111  33.43752218  048.28574471 51
111  33.43723735  048.28559670 51
116  33.43710024  048.28524238  33.43714073  048.28500345
120 Linear Feature 10
112  33.43695582  048.28565342  33.43691838  048.28588702 58
111  33.43710943  048.28601030 58
111  33.43733628  048.28612255 58
112  33.43743378  048.28629981  33.43743442  048.28641274
111  33.43743378  048.28629981 51
111  33.43740233  048.28632546
112  33.43740233  048.28632546  33.43740233  048.28641982 51
112  33.43724665  048.28654797  33.43719953  048.28653714
111  33.43724665  048.28654797 51
111  33.43696182  048.28639996 51
116  33.43681919  048.28604228  33.43685968  048.28580335
120 Linear Feature 7
111  33.43740493  048.28406868 53
111  33.43685051  048.28563375
112  33.43685051  048.28563375  33.43673117  048.28584226 53
111  33.43654134  048.28577963 53
111  33.43650476  048.28576029 3
111  33.43544968  048.28523567 3
111  33.43525778  048.28514026 3
116  33.43502696  048.28459635  33.43504258  048.28422612
120 Linear Feature 6
112  33.43758873  048.28415870  33.43755025  048.28440420 53
112  33.43774087  048.28454622  33.43781707  048.28458866
111  33.43774087  048.28454622 53
111  33.43813245  048.28474218 53
111  33.43711308  048.28764978 53
111  33.43629019  048.28723340 53
111  33.43659154  048.28637172
112  33.43659154  048.28637172  33.43663995  048.28613735 53
111  33.43646729  048.28600496 53
111  33.43642855  048.28598433 3
111  33.43536367  048.28545751 3
111  33.43514707  048.28535035 3
116  33.43467380  048.28558899  33.43449234  048.28590129
120 Linear Feature 9
111  33.43536367  048.28545751 4
111  33.43540720  048.28534522 4
115  33.43544968  048.28523567
120 Linear Feature 8
111  33.43512321  048.28371612 1
111  33.43481588  048.28457810
112  33.43481588  048.28457810  33.43477405  048.28498686 1
111  33.43504243  048.28516152 1
111  33.43540720  048.28534522 7
111  33.43646463  048.28587828 51
111  33.43658916  048.28594071 51
116  33.43690205  048.28580645  33.43701694  048.28560864
120 Linear Feature 5
111  33.43743339  048.28403432 53
115  33.43759052  048.28411734
14  33.43828769  048.28437864  32.81 0 New Tower Viewpoint 2
1300  33.43712413  048.28718560 -34.63 gate jets|turboprops|props Gate 4
1301 D airline 
1300  33.43743378  048.28629981 -34.51 gate jets|turboprops|props Gate 3
1301 D airline 
1300  33.43770930  048.28549655 -34.18 gate jets|turboprops|props Gate 2
1301 D airline 
1300  33.43783017  048.28492014  65.03 gate jets|turboprops|props Gate 1
1301 C airline 
18  33.43828769  048.28437864 1 New Airport Beacon 3
19  33.42891130  048.29749778 1 New Windsock 6
19  33.43676994  048.28453195 1 New Windsock 1
50 11835 Khoram Abad ATIS
51 12190 Khoram Abad Unicom
99
