A
1000 Generated by Infinite Flight Airport Editing (World Parser)/AB

1      380 0 1 5TS1 UNO MAS RANCH
100   15.24   1   0 0.25 0 0 0 12   28.20893100 -099.14052200    0.00    0.00 2  0 0 0 30   28.20274200 -099.12842200    0.00    0.00 2  0 0 0
110   1 0.30 120.13 Default taxiway for RWY 12
111  28.20887364 -099.14055978   3 
111  28.20857514 -099.14075636   3 
111  28.20238667 -099.12865564   3 
111  28.20268517 -099.12845908 
112  28.20275401 -099.12859369  28.20271764 -099.12852766   3 
111  28.20264647 -099.12857453   3 
112  28.20255157 -099.12863702  28.20248040 -099.12868389   3 
111  28.20251482 -099.12875120   3 
111  28.20552301 -099.13463329   3 
111  28.20576220 -099.13447578 
111  28.20579662 -099.13454308   3 
111  28.20555743 -099.13470059   3 
112  28.20856561 -099.14058269  28.20860003 -099.14065000   3 
111  28.20867120 -099.14060313   3 
112  28.20876610 -099.14054063  28.20883727 -099.14049376   3 
113  28.20880480 -099.14042517 
120 Default hold RWY 12 (near)
111  28.20875307 -099.14063918   4 
115  28.20871865 -099.14057188 
120 Default hold RWY 12 (centre)
111  28.20567605 -099.13462247   4 
115  28.20564163 -099.13455517 
120 Default hold RWY 12 (far)
111  28.20259902 -099.12860577   4 
115  28.20256460 -099.12853847 
19   28.20917777 -099.14053943 1 WS
19   28.20249523 -099.12840460 1 WS


130 Airport Boundary
111  028.20238686 -099.12865448
111  028.20857430 -099.14075470
111  028.20875359 -099.14064026
111  028.20893097 -099.14051819
111  028.20274162 -099.12842560
113  028.20268440 -099.12845612
99
