A
1000 Generated by Infinite Flight Airport Editing (World Parser)/AB

1     1460 1 1 SDPV Presidente Venceslau
100   17.07   2   0 0.25 0 2 0 14  -21.89003827 -051.88898984    0.00    0.00 2 10 0 0 32  -21.89607553 -051.87934356    0.00    0.00 2 10 0 0
21  -21.89083936 -051.88723245  1 124.00   3.00 14  VASI
21  -21.89527454 -051.88110108  1 304.00   3.00 32  VASI
110   2 0.30 124.00 Default taxiway for RWY 14
111 -21.89010008 -051.88903477  53 102 
111 -21.89042030 -051.88926756  53 102 
111 -21.89645784 -051.87962171  53 102 
111 -21.89613762 -051.87938890 
112 -21.89605172 -051.87952614 -21.89609653 -051.87945888  53 102 
111 -21.89617294 -051.87951443  53 102 
112 -21.89627481 -051.87958849 -21.89635122 -051.87964404  53 102 
111 -21.89630827 -051.87971266  53 102 
111 -21.89339688 -051.88436403  53 102 
111 -21.89314033 -051.88417752 
111 -21.89309738 -051.88424614  53 102 
111 -21.89335393 -051.88443265  53 102 
112 -21.89044253 -051.88908404 -21.89039958 -051.88915266  53 102 
111 -21.89032317 -051.88909711  53 102 
112 -21.89022130 -051.88902305 -21.89014489 -051.88896751  53 102 
113 -21.89018598 -051.88889753 
120 Default hold RWY 14 (near)
111 -21.89022928 -051.88912870  54 
115 -21.89027223 -051.88906008 
120 Default hold RWY 14 (centre)
111 -21.89322658 -051.88434007  54 
115 -21.89326953 -051.88427145 
120 Default hold RWY 14 (far)
111 -21.89622387 -051.87955146  54 
115 -21.89626682 -051.87948284 
18  -21.89261119 -051.88384281 1 BCN
19  -21.88976136 -051.88898822 1 WS
19  -21.89635244 -051.87934516 1 WS


130 Airport Boundary
111 -021.89645767 -051.87962341
111 -021.89042091 -051.88926697
111 -021.89022827 -051.88912964
111 -021.89003754 -051.88898849
111 -021.89607620 -051.87934494
113 -021.89626694 -051.87948227
99
