A
1000 Generated by InfiniteFlight-AirportParser

1      196 1 0 EGKK London Gatwick
100   45.11   1   1 0.00 1 3 0 08R  51.14510986 -000.21231370  392.89    0.00 5  4 1 1 26L  51.15119014 -000.16819230  267.92  182.88 5  4 1 1
100   45.11   1   1 0.00 0 3 1 08L  51.14691084 -000.21256968  320.96    0.00 4  7 0 1 26R  51.15180116 -000.17681432  416.05    0.00 4  7 0 1
21   51.14622685 -000.20070224  3  77.60   3.00 08R PAPI-4R
21   51.14935802 -000.17789218  2 257.60   3.00 26L PAPI-4L
110   2 0.00  77.70 Parking positions 101-103
111  51.15774074 -000.17453421 
111  51.15612096 -000.17392833 
111  51.15658181 -000.17088556 
113  51.15811289 -000.17149989 
111  51.15791243 -000.17250212 
111  51.15761372 -000.17239479 
111  51.15749171 -000.17330039 
113  51.15779042 -000.17341443 
110   1 0.00 167.70 Ramp
111  51.15286332 -000.16377606 
111  51.15258969 -000.16312609 
111  51.15454938 -000.16302507 
113  51.15403028 -000.16372478 
110   2 0.00  77.50 Twy J west
111  51.14804859 -000.21064157  51 102 
111  51.14845633 -000.20754956  51 102 
112  51.14845142 -000.20696022  51.14842303 -000.20680182  51 102 
111  51.14822704 -000.20686650  51 102 
111  51.14787041 -000.20703621 
111  51.14809780 -000.20534823  51 102 
112  51.14835596 -000.20601269  51.14854333 -000.20604889 
111  51.14835596 -000.20601269 
112  51.14835596 -000.20601269  51.14846668 -000.20603079  51 102 
111  51.14853305 -000.20582527  51 102 
111  51.14878419 -000.20507558  51 102 
111  51.14915518 -000.20239537  51 102 
111  51.15028333 -000.19414918  51 102 
112  51.15015284 -000.19308931  51.14990429 -000.19299026  51 102 
111  51.14977192 -000.19312473 
111  51.14994515 -000.19188237  51 102 
112  51.15024605 -000.19228698  51.15042624 -000.19235632  51 102 
111  51.15068101 -000.19129646  51 102 
111  51.15181209 -000.18271022 
111  51.15207776 -000.18279411  51 102 
111  51.15170518 -000.18556349 
111  51.15134334 -000.18819268  51 102 
112  51.15080761 -000.19200036  51.15080249 -000.19202760 
111  51.15080761 -000.19200036 
112  51.15080761 -000.19200036  51.15073926 -000.19263232  51 102 
111  51.15139885 -000.19291562  51 102 
111  51.15299423 -000.19345539  51 102 
112  51.15345927 -000.19346592  51.15352079 -000.19342233 
111  51.15345927 -000.19346592 
112  51.15345927 -000.19346592  51.15360281 -000.19334606  51 102 
111  51.15356205 -000.19307328  51 102 
111  51.15309069 -000.19293126  51 102 
111  51.15333018 -000.19125286 
111  51.15477042 -000.19179097  51 102 
111  51.15455429 -000.19346485  51 102 
111  51.15386002 -000.19322374  51 102 
112  51.15387576 -000.19362313  51.15393728 -000.19374299 
111  51.15387576 -000.19362313 
112  51.15387576 -000.19362313  51.15389627 -000.19368851  51 102 
111  51.15403703 -000.19378165  51 102 
111  51.15397957 -000.19409271  51 102 
111  51.15133733 -000.19323160  51 102 
112  51.15062990 -000.19348220  51.15051371 -000.19390714 
111  51.15062990 -000.19348220 
112  51.15062990 -000.19348220  51.15061623 -000.19355847  51 102 
111  51.14814461 -000.21168929  51 102 
111  51.14763335 -000.21450568  51 102 
111  51.14698047 -000.21434730 
111  51.14721856 -000.21267152 
111  51.14710080 -000.21263052 
111  51.14732396 -000.21105056  51 102 
114  51.14759085 -000.21161674  51.14782527 -000.21166344  51 102 
110   2 0.00 168.00 Pier 4 pad
112  51.16334658 -000.18346016  51.16333237 -000.18361868 
111  51.16334658 -000.18346016 
112  51.16334658 -000.18346016  51.16321874 -000.18427543  53 102 
111  51.16254525 -000.18419861  53 102 
112  51.16082890 -000.18355124  51.16076330 -000.18352799 
111  51.16082890 -000.18355124 
112  51.16082890 -000.18355124  51.16059565 -000.18344664  53 102 
112  51.16018702 -000.18284000  51.15988818 -000.18270054 
111  51.16018702 -000.18284000 
112  51.16018702 -000.18284000  51.16013600 -000.18281676  53 102 
111  51.15803400 -000.18207397  53 102 
111  51.15716051 -000.18189685 
111  51.15724190 -000.18141148  53 102 
112  51.15755607 -000.18104210  51.15761873 -000.18071393 
111  51.15755607 -000.18104210 
112  51.15755607 -000.18104210  51.15757927 -000.18084312  53 102 
112  51.15747144 -000.18068491  51.15742458 -000.18067424 
111  51.15747144 -000.18068491 
112  51.15747144 -000.18068491  51.15717371 -000.18058522  53 102 
111  51.15705638 -000.18097309 
111  51.15791243 -000.17474922 
111  51.15813580 -000.17536288 
111  51.15866539 -000.17173711 
111  51.15830050 -000.17187543 
111  51.15836638 -000.17148187 
111  51.15860518 -000.17106433 
112  51.15970889 -000.16986195  51.16017367 -000.16887023 
111  51.15970889 -000.16986195 
112  51.15970889 -000.16986195  51.15993117 -000.16941600 
111  51.15999312 -000.16868852 
111  51.16072602 -000.16921922 
111  51.16072203 -000.17109888 
111  51.15988975 -000.17227834 
111  51.15950408 -000.17250839 
111  51.15868380 -000.17866111 
113  51.16373962 -000.18033372  53 102 
111  51.16027560 -000.18184365  53 102 
111  51.15961960 -000.18135555  53 102 
111  51.15880324 -000.18104177  53 102 
111  51.15816911 -000.18099529  53 102 
112  51.15788484 -000.18119285  51.15786298 -000.18139042  53 102 
111  51.15802333 -000.18151825  53 102 
111  51.15863560 -000.18197149  53 102 
111  51.15959773 -000.18230851  53 102 
111  51.16017355 -000.18230851  53 102 
112  51.16032662 -000.18210590  51.16035654 -000.18194488 
111  51.16032662 -000.18210590 
114  51.16032662 -000.18210590  51.16035280 -000.18196873  53 102 
110   1 0.00  77.70 Twy K,P,N
112  51.15734829 -000.17513801  51.15715738 -000.17505278 
111  51.15734829 -000.17513801 
112  51.15734829 -000.17513801  51.15732157 -000.17513192   3 102 
111  51.15602182 -000.17472678 
111  51.15585497 -000.17472658 
111  51.15585308 -000.17485328 
111  51.15572352 -000.17485308 
111  51.15572222 -000.17495417 
111  51.15564417 -000.17495464 
111  51.15474925 -000.18135706 
111  51.15453190 -000.18127986 
111  51.15537296 -000.17520722 
111  51.15530549 -000.17452909   3 102 
111  51.15361201 -000.17393096   3 102 
112  51.15326545 -000.17407354  51.15314862 -000.17429577 
111  51.15326545 -000.17407354 
112  51.15326545 -000.17407354  51.15318136 -000.17421748  53 102 
111  51.15315094 -000.17448075 
111  51.15249632 -000.17897468 
111  51.15238728 -000.18047170  53 102 
112  51.15251837 -000.18077518  51.15262291 -000.18082419 
111  51.15251837 -000.18077518 
112  51.15251837 -000.18077518  51.15256756 -000.18079478  53 102 
111  51.15350938 -000.18117689 
111  51.15347346 -000.18148057  53 102 
111  51.15275594 -000.18119587  53 102 
111  51.15240123 -000.18115623  53 102 
112  51.15220610 -000.18148785  51.15216921 -000.18174273 
111  51.15220610 -000.18148785 
112  51.15220610 -000.18148785  51.15217188 -000.18172566  53 102 
111  51.15230996 -000.18188090  53 102 
111  51.15257430 -000.18209538 
111  51.15251062 -000.18252948  53 102 
112  51.15223457 -000.18250116  51.15213529 -000.18255595  53 102 
111  51.15207776 -000.18279411 
111  51.15181209 -000.18271022  53 102 
112  51.15153665 -000.18235458  51.15126407 -000.18229566 
111  51.15153665 -000.18235458 
112  51.15153665 -000.18235458  51.15131027 -000.18231776  53 102 
111  51.15120742 -000.18262787 
111  51.15157410 -000.17993374  53 102 
112  51.15180354 -000.18033754  51.15202103 -000.18038751  53 102 
111  51.15211461 -000.18011862  53 102 
111  51.15231721 -000.17934396  53 102 
111  51.15238767 -000.17873133  53 102 
112  51.15215605 -000.17812914  51.15198172 -000.17804050 
111  51.15215605 -000.17812914 
112  51.15215605 -000.17812914  51.15197108 -000.17805624  53 102 
111  51.15181678 -000.17812978 
111  51.15197649 -000.17690293 
111  51.15170625 -000.17682067  53 102 
112  51.15186248 -000.17606955  51.15190868 -000.17576154 
111  51.15186248 -000.17606955 
112  51.15186248 -000.17606955  51.15187088 -000.17600929  53 102 
111  51.15208021 -000.17457338  53 102 
112  51.15216148 -000.17360364  51.15217603 -000.17318566 
111  51.15216148 -000.17360364 
112  51.15216148 -000.17360364  51.15216148 -000.17331935  53 102 
111  51.15207524 -000.17304055  53 102 
111  51.15185678 -000.17274536 
111  51.15204755 -000.17234341 
111  51.15261781 -000.17287855   3 102 
112  51.15278493 -000.17299556  51.15279916 -000.17300690 
111  51.15278493 -000.17299556 
112  51.15278493 -000.17299556  51.15297697 -000.17308250   3 102 
111  51.15302273 -000.17286662 
111  51.15331245 -000.17292151   3 102 
112  51.15336724 -000.17320842  51.15344310 -000.17325377 
111  51.15336724 -000.17320842 
112  51.15336724 -000.17320842  51.15338146 -000.17321598   3 102 
112  51.15355965 -000.17300782  51.15361047 -000.17280896   3 102 
111  51.15355339 -000.17263046 
111  51.15359682 -000.17229938   3 102 
112  51.15383539 -000.17188275  51.15390858 -000.17147080 
111  51.15383539 -000.17188275 
112  51.15383539 -000.17188275  51.15385267 -000.17179165   3 102 
111  51.15435191 -000.16827376 
111  51.15450838 -000.16832799 
111  51.15402041 -000.17171594 
111  51.15401737 -000.17234294 
111  51.15418612 -000.17234969 
111  51.15418579 -000.17252776 
111  51.15560554 -000.17301760 
111  51.15577332 -000.17301523 
111  51.15577387 -000.17286193 
111  51.15598953 -000.17286726 
111  51.15598746 -000.17258079 
111  51.15608321 -000.17258109 
111  51.15703131 -000.16576498 
111  51.15728294 -000.16580136 
111  51.15675308 -000.16970228 
111  51.15658181 -000.17088556 
111  51.15612096 -000.17392833   3 102 
112  51.15626046 -000.17438278  51.15642504 -000.17458687 
111  51.15626046 -000.17438278 
112  51.15626046 -000.17438278  51.15629704 -000.17441610   3 102 
112  51.15665740 -000.17458005  51.15679334 -000.17461969 
111  51.15665740 -000.17458005 
112  51.15665740 -000.17458005  51.15670934 -000.17460143   3 102 
112  51.15741898 -000.17482297  51.15743807 -000.17482906 
111  51.15741898 -000.17482297 
112  51.15741898 -000.17482297  51.15756407 -000.17486559   3 102 
111  51.15774074 -000.17453421 
113  51.15755711 -000.17577693   3 102 
111  51.15578345 -000.17385148  53 102 
112  51.15541846 -000.17330641  51.15503962 -000.17316646  53 102 
111  51.15490564 -000.17354948  53 102 
114  51.15528448 -000.17417557  51.15569567 -000.17432289  53 102 
111  51.15461919 -000.17346110  53 102 
112  51.15430965 -000.17290868  51.15395852 -000.17277610  53 102 
111  51.15384302 -000.17318121  53 102 
114  51.15416642 -000.17377046  51.15450369 -000.17388830  53 102 
111  51.15256359 -000.17693396  53 102 
111  51.15279245 -000.17562432  53 102 
111  51.15294871 -000.17422467  53 102 
112  51.15277013 -000.17370277  51.15256923 -000.17363160  53 102 
111  51.15245018 -000.17402303  53 102 
112  51.15216000 -000.17537523  51.15205079 -000.17609837  53 102 
111  51.15203350 -000.17681047  53 102 
112  51.15224184 -000.17710700  51.15242222 -000.17716631 
111  51.15224184 -000.17710700 
114  51.15224184 -000.17710700  51.15245918 -000.17716631  53 102 
112  51.15171920 -000.18150820  51.15182284 -000.18146689  53 102 
112  51.15179693 -000.18116056  51.15174079 -000.18103666  53 102 
114  51.15155512 -000.18125005  51.15152921 -000.18140838  53 102 
110   2 0.00  78.00 Pad, piers 1/2
111  51.15402041 -000.17171594 
111  51.15450838 -000.16832799 
111  51.15435191 -000.16827376 
111  51.15396433 -000.16811039  53 102 
111  51.15347825 -000.17150147  53 102 
112  51.15351616 -000.17219625  51.15358085 -000.17248350 
111  51.15351616 -000.17219625 
112  51.15351616 -000.17219625  51.15353926 -000.17228463  53 102 
111  51.15359682 -000.17229938 
111  51.15355339 -000.17263046  53 102 
112  51.15339427 -000.17266706  51.15333421 -000.17274071  53 102 
111  51.15331245 -000.17292151 
111  51.15302273 -000.17286662  53 102 
112  51.15285313 -000.17248765  51.15271914 -000.17245082  53 102 
112  51.15263211 -000.17258478  51.15261363 -000.17262897 
111  51.15263211 -000.17258478 
112  51.15263211 -000.17258478  51.15257205 -000.17276891  53 102 
111  51.15261781 -000.17287855 
111  51.15204755 -000.17234341 
111  51.15185678 -000.17274536  53 102 
111  51.15152464 -000.17247887 
111  51.15156221 -000.17236019 
111  51.15131723 -000.17207107 
111  51.15134913 -000.17132241  53 102 
112  51.15173657 -000.17127228  51.15180532 -000.17122692  53 102 
111  51.15181439 -000.17114913  53 102 
111  51.15213976 -000.16852353 
111  51.15266884 -000.16868698 
111  51.15282208 -000.16760553  53 102 
112  51.15300568 -000.16734424  51.15303363 -000.16717491  53 102 
112  51.15288890 -000.16698364  51.15285656 -000.16694681 
111  51.15288890 -000.16698364 
112  51.15288890 -000.16698364  51.15260707 -000.16673322  53 102 
111  51.15225698 -000.16666768 
111  51.15230150 -000.16630318  53 102 
112  51.15263089 -000.16628235  51.15270943 -000.16625289 
111  51.15263089 -000.16628235 
112  51.15263089 -000.16628235  51.15278797 -000.16620870  53 102 
111  51.15279396 -000.16601655  53 102 
111  51.15282402 -000.16520245 
111  51.15284367 -000.16440299  53 102 
111  51.15286332 -000.16377606 
111  51.15403028 -000.16372478 
111  51.15365648 -000.16581303 
111  51.15373941 -000.16585299 
111  51.15409312 -000.16375594 
111  51.15459569 -000.16310705 
111  51.15613198 -000.16399390 
111  51.15509180 -000.17133457 
111  51.15524715 -000.17139481 
111  51.15615344 -000.16470186 
111  51.15670038 -000.16488348 
111  51.15736431 -000.16513723 
111  51.15728294 -000.16580136 
111  51.15703131 -000.16576498 
111  51.15608321 -000.17258109 
111  51.15598746 -000.17258079 
111  51.15598953 -000.17286726 
111  51.15577387 -000.17286193 
111  51.15577332 -000.17301523 
111  51.15560554 -000.17301760 
111  51.15418579 -000.17252776 
111  51.15418612 -000.17234969 
113  51.15401737 -000.17234294 
110   2 0.00  78.00 Twy R/S
111  51.15165633 -000.18901365  51 102 
111  51.15189787 -000.18736128  51 102 
112  51.15169682 -000.18730313  51.15165617 -000.18729503 
111  51.15169682 -000.18730313 
112  51.15169682 -000.18730313  51.15160536 -000.18727882  51 102 
111  51.15134334 -000.18819268 
111  51.15170518 -000.18556349  51 102 
112  51.15176724 -000.18660362  51.15185362 -000.18664412 
111  51.15176724 -000.18660362 
112  51.15176724 -000.18660362  51.15181805 -000.18661982  51 102 
111  51.15196758 -000.18669667  51 102 
111  51.15225513 -000.18499601  51 102 
111  51.15327768 -000.18537228  51 102 
111  51.15357261 -000.18338177  51 102 
111  51.15375471 -000.18339392  51 102 
112  51.15390886 -000.18318058  51.15394047 -000.18302436  51 102 
111  51.15383263 -000.18289163  51 102 
111  51.15320756 -000.18268909  51 102 
111  51.15251062 -000.18252948 
111  51.15257430 -000.18209538  51 102 
111  51.15302346 -000.18229154  51 102 
111  51.15350519 -000.18246443  51 102 
111  51.15402719 -000.18251579 
111  51.15491702 -000.18281169  51 102 
111  51.15520063 -000.18296052 
111  51.15569509 -000.18319339  51 102 
112  51.15624544 -000.18327972  51.15631306 -000.18328952 
111  51.15624544 -000.18327972 
112  51.15624544 -000.18327972  51.15645446 -000.18326011  51 102 
111  51.15650146 -000.18296266  51 102 
111  51.15661709 -000.18237293 
111  51.15685096 -000.18246556  51 102 
112  51.15689363 -000.18264449  51.15695169 -000.18267041 
111  51.15689363 -000.18264449 
112  51.15689363 -000.18264449  51.15690292 -000.18264820  51 102 
111  51.15806422 -000.18309381 
113  51.15696358 -000.19096983  51 102 
112  51.15617088 -000.18435161  51.15624995 -000.18437262 
111  51.15617088 -000.18435161 
112  51.15617088 -000.18435161  51.15639492 -000.18426757  51 102 
111  51.15624995 -000.18391042  51 102 
111  51.15574916 -000.18357428  51 102 
112  51.15555149 -000.18351125  51.15547241 -000.18351125 
111  51.15555149 -000.18351125 
112  51.15555149 -000.18351125  51.15518791 -000.18351125  51 102 
113  51.15534063 -000.18403647  51 102 
111  51.15456806 -000.18321258  51 102 
111  51.15425460 -000.18309958  51 102 
112  51.15404290 -000.18323467  51.15400199 -000.18345645  51 102 
111  51.15414715 -000.18361129  51 102 
111  51.15403831 -000.18433823  51 102 
111  51.15441256 -000.18450198  51 102 
111  51.15452143 -000.18378259  51 102 
114  51.15466480 -000.18358690  51.15470572 -000.18339122  51 102 
110   1 0.00  78.00 Twy L
111  51.15705425 -000.17942761 
111  51.15755711 -000.17577693 
111  51.15774074 -000.17453421 
112  51.15811289 -000.17149989  51.15811853 -000.17147292 
111  51.15811289 -000.17149989 
112  51.15811289 -000.17149989  51.15815801 -000.17121220   3 102 
111  51.15791920 -000.17100640   3 102 
112  51.15708745 -000.17068363  51.15699939 -000.17066608 
111  51.15708745 -000.17068363 
112  51.15708745 -000.17068363  51.15673520 -000.17059588   3 102 
111  51.15658181 -000.17088556 
111  51.15675308 -000.16970228 
112  51.15693706 -000.17022851  51.15706332 -000.17027883 
111  51.15693706 -000.17022851 
112  51.15693706 -000.17022851  51.15694297 -000.17023055 
111  51.15821083 -000.17068453 
112  51.15976740 -000.16900185  51.16006814 -000.16719282 
111  51.15976740 -000.16900185 
112  51.15976740 -000.16900185  51.15984258 -000.16850055 
111  51.15977512 -000.16787970 
111  51.15994411 -000.16788024 
112  51.15999312 -000.16868852  51.15996336 -000.16883794 
111  51.15999312 -000.16868852 
112  51.15999312 -000.16868852  51.15999260 -000.16869278 
112  51.15971081 -000.16987419  51.15948525 -000.17031010 
111  51.15971081 -000.16987419 
112  51.15971081 -000.16987419  51.15924986 -000.17086895 
111  51.15860518 -000.17106433 
111  51.15836638 -000.17148187 
111  51.15830050 -000.17187543 
111  51.15866539 -000.17173711 
111  51.15813580 -000.17536288 
111  51.15791243 -000.17474922 
111  51.15705638 -000.18097309 
111  51.15635550 -000.18078076 
111  51.15638470 -000.18052863 
111  51.15647412 -000.18055168 
111  51.15651726 -000.18030560 
111  51.15666432 -000.18036438 
111  51.15670330 -000.18011168 
111  51.15684620 -000.18016383 
113  51.15695989 -000.17939234 
110   1 0.00  48.00 Twy D
112  51.14937116 -000.18482163  51.14959797 -000.18447300 
111  51.14937116 -000.18482163 
112  51.14937116 -000.18482163  51.14940356 -000.18476998   3 102 
111  51.15088807 -000.18207311 
111  51.15077505 -000.18291894   3 102 
112  51.14912889 -000.18586516  51.14911185 -000.18588779 
111  51.14912889 -000.18586516 
112  51.14912889 -000.18586516  51.14895570 -000.18620007   3 102 
111  51.14882769 -000.18676445 
113  51.14911263 -000.18469031   3 102 
110   2 0.00  78.00 Maintenance Area 1
111  51.14766588 -000.16790126 
111  51.14767184 -000.16648729 
111  51.14806513 -000.16342234 
111  51.14920194 -000.16363580 
111  51.14917816 -000.16384273 
111  51.14914430 -000.16414763 
111  51.14894222 -000.16567765 
111  51.14888803 -000.16606407 
112  51.14876948 -000.16618271  51.14873121 -000.16627700 
112  51.14869515 -000.16677304  51.14871255 -000.16686733 
111  51.14878019 -000.16696828 
111  51.14873796 -000.16736666 
112  51.14845823 -000.16787290  51.14841613 -000.16839151 
111  51.14845823 -000.16787290 
112  51.14845823 -000.16787290  51.14860311 -000.16791412 
111  51.14860311 -000.16791412 
111  51.14850569 -000.16851555 
111  51.14848128 -000.16909110 
111  51.14843021 -000.16931633 
111  51.14828544 -000.17055317 
111  51.14810494 -000.17192002 
111  51.14797817 -000.17283154 
111  51.14792401 -000.17323417 
111  51.14766318 -000.17509748 
111  51.14699361 -000.17498608 
111  51.14707558 -000.17380533 
111  51.14688632 -000.17379386 
111  51.14694979 -000.17194495 
111  51.14642199 -000.17194861 
111  51.14646649 -000.17101803 
111  51.14652996 -000.17100656 
111  51.14671665 -000.16868436 
111  51.14697926 -000.16868161 
111  51.14698168 -000.16833021 
111  51.14703053 -000.16833060 
111  51.14703825 -000.16770071 
111  51.14728461 -000.16769645 
113  51.14728071 -000.16789466 
110   2 0.00  78.00 Pier 3 pad
111  51.15675308 -000.16970228 
111  51.15736431 -000.16513723 
111  51.15752247 -000.16520617 
111  51.15757423 -000.16550999 
111  51.15875814 -000.16590885 
112  51.15907834 -000.16616085  51.15912788 -000.16616962 
111  51.15907834 -000.16616085 
112  51.15907834 -000.16616085  51.15996999 -000.16661716 
111  51.15994411 -000.16788024 
111  51.15977512 -000.16787970 
112  51.15976740 -000.16900185  51.15969034 -000.16949326 
111  51.15976740 -000.16900185 
112  51.15976740 -000.16900185  51.15947018 -000.17080953 
111  51.15821083 -000.17068453 
112  51.15693706 -000.17022851  51.15693118 -000.17022640 
111  51.15693706 -000.17022851 
114  51.15693706 -000.17022851  51.15681052 -000.17017821 
112  51.15868076 -000.16801850  51.15855471 -000.16771332 
111  51.15834620 -000.16785898 
111  51.15817007 -000.16722717 
111  51.15809301 -000.16726227 
111  51.15824712 -000.16791163 
112  51.15818300 -000.16854682  51.15831372 -000.16886688 
113  51.15863240 -000.16863119 
110   1 0.00  48.00 Twy C
111  51.14987562 -000.17912391   3 102 
111  51.15052421 -000.17777600   3 102 
112  51.15042855 -000.17760992  51.15032442 -000.17763004   3 102 
111  51.15008796 -000.17761922 
111  51.15013098 -000.17726711   3 102 
111  51.15038937 -000.17731640   3 102 
112  51.15063855 -000.17728704  51.15069535 -000.17725686   3 102 
112  51.15079779 -000.17715966  51.15083216 -000.17711097   3 102 
112  51.15098263 -000.17678187  51.15111985 -000.17674136 
111  51.15098263 -000.17678187 
112  51.15098263 -000.17678187  51.15106257 -000.17675354   3 102 
111  51.15159645 -000.17683214 
111  51.15146081 -000.17782880   3 102 
112  51.15076495 -000.17797057  51.15065135 -000.17816676 
111  51.15076495 -000.17797057 
112  51.15076495 -000.17797057  51.15075233 -000.17799572   3 102 
112  51.14993381 -000.17968855  51.14991961 -000.17972929 
111  51.14993381 -000.17968855 
112  51.14993381 -000.17968855  51.14979469 -000.17996463   3 102 
113  51.14969160 -000.18053095 
110   2 0.00 168.00 Txy Y
112  51.15265624 -000.16490224  51.15256451 -000.16485685 
112  51.15021725 -000.16398340  51.15002588 -000.16392239 
112  51.14976711 -000.16415914  51.14969404 -000.16433109 
111  51.14964984 -000.16449211 
111  51.14885972 -000.16999269 
112  51.14863271 -000.16992046  51.14840569 -000.16984823 
111  51.14863271 -000.16992046 
112  51.14863271 -000.16992046  51.14871897 -000.16954957 
112  51.14843021 -000.16931633  51.14821585 -000.16927882 
111  51.14843021 -000.16931633 
112  51.14843021 -000.16931633  51.14848128 -000.16909110 
112  51.14848128 -000.16909110  51.14853236 -000.16886587 
111  51.14848128 -000.16909110 
112  51.14848128 -000.16909110  51.14868781 -000.16914944 
112  51.14882804 -000.16873308  51.14885680 -000.16845804 
112  51.14892575 -000.16789678  51.14893882 -000.16776342 
112  51.14873796 -000.16736666  51.14854429 -000.16733311 
111  51.14873796 -000.16736666 
112  51.14873796 -000.16736666  51.14878019 -000.16696828 
112  51.14878019 -000.16696828  51.14882243 -000.16656990 
111  51.14878019 -000.16696828 
112  51.14878019 -000.16696828  51.14898228 -000.16700855 
112  51.14909963 -000.16654160  51.14909963 -000.16634025 
112  51.14888803 -000.16606407  51.14869436 -000.16603722 
111  51.14888803 -000.16606407 
112  51.14888803 -000.16606407  51.14894222 -000.16567765 
112  51.14894222 -000.16567765  51.14899641 -000.16529123 
111  51.14894222 -000.16567765 
112  51.14894222 -000.16567765  51.14917378 -000.16573134 
112  51.14941022 -000.16442927  51.14954916 -000.16328161 
111  51.14941022 -000.16442927 
112  51.14941022 -000.16442927  51.14942706 -000.16410041 
111  51.14914430 -000.16414763 
111  51.14917816 -000.16384273 
112  51.14953872 -000.16382280  51.14959788 -000.16374514 
111  51.14953872 -000.16382280 
112  51.14953872 -000.16382280  51.14970226 -000.16350108 
112  51.15026594 -000.16364781  51.15054778 -000.16373656 
112  51.15267998 -000.16450028  51.15276538 -000.16453054 
111  51.15284367 -000.16440299 
113  51.15282402 -000.16520245 
110   2 0.00 168.00 Txy Y
111  51.14962486 -000.17736674 
111  51.14848746 -000.17685343 
112  51.14806814 -000.17637852  51.14789493 -000.17598872 
112  51.14789335 -000.17551381  51.14789968 -000.17533229 
111  51.14793587 -000.17501807 
111  51.14810561 -000.17383814 
112  51.14792401 -000.17323417  51.14765876 -000.17316034 
111  51.14792401 -000.17323417 
112  51.14792401 -000.17323417  51.14797817 -000.17283154 
112  51.14797817 -000.17283154  51.14803234 -000.17242891 
111  51.14797817 -000.17283154 
112  51.14797817 -000.17283154  51.14825183 -000.17284496 
112  51.14833912 -000.17209339  51.14835596 -000.17180480 
111  51.14833912 -000.17209339 
112  51.14833912 -000.17209339  51.14833490 -000.17185850 
111  51.14810494 -000.17192002 
112  51.14828544 -000.17055317  51.14846594 -000.16918632 
111  51.14828544 -000.17055317 
112  51.14828544 -000.17055317  51.14859278 -000.17056659 
112  51.14863271 -000.16992046  51.14865376 -000.16970569 
111  51.14863271 -000.16992046 
112  51.14863271 -000.16992046  51.14885972 -000.16999269 
111  51.14885972 -000.16999269 
111  51.14816312 -000.17509590 
112  51.14814606 -000.17558011  51.14816504 -000.17575155 
112  51.14826926 -000.17612643  51.14839153 -000.17639442 
111  51.14856567 -000.17651034 
113  51.14967528 -000.17698207 
110   1 0.00  77.61 Twy 26L blast
111  51.15103927 -000.16813776   3 102 
111  51.15133113 -000.16606418  20 102 
111  51.15167199 -000.16618217   3 102 
111  51.15230150 -000.16630318 
111  51.15225698 -000.16666768   3 102 
111  51.15186027 -000.16661615   3 102 
112  51.15159081 -000.16677259  51.15146168 -000.16692944 
111  51.15159081 -000.16677259 
112  51.15159081 -000.16677259  51.15152606 -000.16686832   3 102 
111  51.15148935 -000.16718787   3 102 
111  51.15145339 -000.16746051   3 102 
112  51.15181121 -000.16742772  51.15198986 -000.16750075 
111  51.15181121 -000.16742772 
112  51.15181121 -000.16742772  51.15184786 -000.16744233   3 102 
111  51.15205866 -000.16752212   3 102 
111  51.15271591 -000.16760308   3 102 
111  51.15282208 -000.16760553 
111  51.15266884 -000.16868698 
111  51.15213976 -000.16852353   3 102 
111  51.15213189 -000.16835826   3 102 
112  51.15186565 -000.16782048  51.15157663 -000.16773225   3 102 
111  51.15140261 -000.16789421   3 102 
113  51.15135332 -000.16824269 
110   2 0.00  32.00 Twy R
112  51.15556040 -000.18286520  51.15570661 -000.18272967 
111  51.15556040 -000.18286520 
112  51.15556040 -000.18286520  51.15559100 -000.18283267  53 102 
111  51.15641801 -000.18203365 
111  51.15656185 -000.18229744  53 102 
111  51.15569509 -000.18319339 
113  51.15520063 -000.18296052  53 102 
110   2 0.00 155.00 Twy
111  51.14700655 -000.21040850   3 102 
112  51.14678400 -000.20998559  51.14661025 -000.20985440 
111  51.14678400 -000.20998559 
112  51.14678400 -000.20998559  51.14670627 -000.20993457   3 102 
112  51.14606763 -000.20955538  51.14585273 -000.20930758   3 102 
111  51.14570179 -000.20950733 
111  51.14586242 -000.20830378   3 102 
112  51.14631158 -000.20927572  51.14664994 -000.20958183 
111  51.14631158 -000.20927572 
112  51.14631158 -000.20927572  51.14637560 -000.20931216   3 102 
112  51.14683441 -000.20944373  51.14688013 -000.20945102 
111  51.14683441 -000.20944373 
112  51.14683441 -000.20944373  51.14702188 -000.20945102   3 102 
113  51.14715596 -000.20936492 
110   1 0.00 105.40 Twy E
111  51.14903794 -000.19560512   3 102 
112  51.14891373 -000.19531897  51.14882655 -000.19528461 
111  51.14891373 -000.19531897 
112  51.14891373 -000.19531897  51.14856547 -000.19521258   3 102 
111  51.14841887 -000.19447529   3 102 
112  51.14815569 -000.19309532  51.14812803 -000.19298950 
111  51.14815569 -000.19309532 
112  51.14815569 -000.19309532  51.14809483 -000.19283957   3 102 
111  51.14800060 -000.19278912 
111  51.14823231 -000.19107774   3 102 
112  51.14831261 -000.19252654  51.14840666 -000.19299394 
111  51.14831261 -000.19252654 
112  51.14831261 -000.19252654  51.14832368 -000.19257945   3 102 
112  51.14860334 -000.19405850  51.14865738 -000.19432836 
111  51.14860334 -000.19405850 
112  51.14860334 -000.19405850  51.14873282 -000.19461699   3 102 
113  51.14921003 -000.19429298 
110   1 0.00 105.40 Twy FR
111  51.14769064 -000.20543226   3 102 
112  51.14762176 -000.20443256  51.14755973 -000.20406146 
111  51.14762176 -000.20443256 
112  51.14762176 -000.20443256  51.14760545 -000.20436625   3 102 
111  51.14731299 -000.20248247   3 102 
112  51.14704981 -000.20110249  51.14702215 -000.20099667 
111  51.14704981 -000.20110249 
112  51.14704981 -000.20110249  51.14698895 -000.20084674   3 102 
111  51.14689472 -000.20079629 
111  51.14712644 -000.19908491   3 102 
112  51.14720673 -000.20053371  51.14730079 -000.20100111 
111  51.14720673 -000.20053371 
112  51.14720673 -000.20053371  51.14721780 -000.20058662   3 102 
112  51.14772883 -000.20350080  51.14778286 -000.20377066   3 102 
113  51.14794824 -000.20351881 
110   1 0.00 168.00 Twy G/GR
111  51.14745423 -000.20724636   3 102 
112  51.14717486 -000.20746039  51.14699229 -000.20748685   3 102 
111  51.14680698 -000.20726875   3 102 
111  51.14599068 -000.20730440 
111  51.14615102 -000.20618268   3 102 
111  51.14638440 -000.20654698   3 102 
111  51.14670048 -000.20656603   3 102 
111  51.14676218 -000.20644635   3 102 
112  51.14649900 -000.20506638  51.14647134 -000.20496056 
111  51.14649900 -000.20506638 
112  51.14649900 -000.20506638  51.14643814 -000.20481063   3 102 
111  51.14634391 -000.20476018 
111  51.14655550 -000.20318510   3 102 
112  51.14665592 -000.20449760  51.14674997 -000.20496500 
111  51.14665592 -000.20449760 
112  51.14665592 -000.20449760  51.14666698 -000.20455051   3 102 
111  51.14701945 -000.20635640   3 102 
112  51.14726115 -000.20639249  51.14743988 -000.20631298   3 102 
113  51.14760904 -000.20610330 
110   1 0.00  77.70 Taxiline N
111  51.15098446 -000.17111907   3 102 
112  51.15109153 -000.17129268  51.15117538 -000.17130159 
111  51.15109153 -000.17129268 
112  51.15109153 -000.17129268  51.15111948 -000.17129268   3 102 
111  51.15134913 -000.17132241 
111  51.15131723 -000.17207107 
111  51.15156221 -000.17236019 
111  51.15152464 -000.17247887   3 102 
111  51.15124099 -000.17248878   3 102 
112  51.15115550 -000.17257016  51.15111671 -000.17264918 
111  51.15115550 -000.17257016 
112  51.15115550 -000.17257016  51.15115012 -000.17258218   3 102 
112  51.15076936 -000.17345160  51.15075759 -000.17347976 
111  51.15076936 -000.17345160 
112  51.15076936 -000.17345160  51.15063982 -000.17374572   3 102 
113  51.15057417 -000.17414085 
110   2 0.00 347.70 employee car park
111  51.15535942 -000.19138012 
111  51.15560574 -000.19150213 
111  51.15571316 -000.19080175 
111  51.15650342 -000.19114065 
111  51.15594590 -000.19486415 
111  51.15554255 -000.19467549 
111  51.15568810 -000.19348200 
113  51.15507968 -000.19320580 
110   2 0.00  77.70 West park
111  51.15453190 -000.18127986 
111  51.15474925 -000.18135706 
111  51.15564417 -000.17495464 
111  51.15572222 -000.17495417 
111  51.15572352 -000.17485308 
111  51.15585308 -000.17485328 
111  51.15585497 -000.17472658 
111  51.15602182 -000.17472678 
112  51.15591896 -000.17496745  51.15588540 -000.17516497 
111  51.15594188 -000.17525848 
111  51.15741491 -000.17576764 
111  51.15755711 -000.17577693 
111  51.15705425 -000.17942761 
111  51.15695989 -000.17939234 
111  51.15684620 -000.18016383 
111  51.15670330 -000.18011168 
111  51.15666432 -000.18036438 
111  51.15651726 -000.18030560 
111  51.15647412 -000.18055168 
111  51.15638470 -000.18052863 
111  51.15635550 -000.18078076 
111  51.15705638 -000.18097309  53 102 
112  51.15724190 -000.18141148  51.15745030 -000.18151408 
111  51.15724190 -000.18141148 
112  51.15724190 -000.18141148  51.15724180 -000.18141407 
111  51.15716051 -000.18189685  53 102 
112  51.15694055 -000.18211837  51.15682605 -000.18235649 
111  51.15694055 -000.18211837 
112  51.15694055 -000.18211837  51.15687085 -000.18226918  53 102 
111  51.15685096 -000.18246556 
111  51.15661709 -000.18237293  53 102 
111  51.15656185 -000.18229744 
111  51.15641801 -000.18203365 
111  51.15634748 -000.18187106  53 102 
112  51.15576471 -000.18173584  51.15565112 -000.18174255  53 102 
112  51.15543037 -000.18194026  51.15541355 -000.18196039 
111  51.15543037 -000.18194026 
112  51.15543037 -000.18194026  51.15525367 -000.18208112  53 102 
111  51.15483450 -000.18217676  53 102 
112  51.15469192 -000.18236859  51.15466698 -000.18252101 
111  51.15469192 -000.18236859 
112  51.15469192 -000.18236859  51.15464204 -000.18263367  53 102 
111  51.15491702 -000.18281169 
111  51.15402719 -000.18251579  53 102 
112  51.15430545 -000.18227887  51.15433870 -000.18209994  53 102 
111  51.15423759 -000.18193087  53 102 
111  51.15394195 -000.18166411  53 102 
111  51.15347346 -000.18148057 
111  51.15350938 -000.18117689  53 102 
111  51.15387237 -000.18122893  53 102 
112  51.15403059 -000.18108015  51.15405327 -000.18093556 
111  51.15403059 -000.18108015 
112  51.15403059 -000.18108015  51.15403248 -000.18105304 
111  51.15401733 -000.18055383 
111  51.15366098 -000.18041429 
111  51.15344229 -000.18072801 
111  51.15238728 -000.18047170 
111  51.15249632 -000.17897468 
111  51.15315094 -000.17448075 
111  51.15361841 -000.17437226 
111  51.15509527 -000.17491716 
111  51.15530549 -000.17452909 
113  51.15537296 -000.17520722 
112  51.15372073 -000.17996812  51.15373209 -000.17989570 
111  51.15372073 -000.17996812 
112  51.15372073 -000.17996812  51.15372641 -000.17993191 
112  51.15392327 -000.17845558  51.15392610 -000.17843295 
111  51.15392327 -000.17845558 
112  51.15392327 -000.17845558  51.15393462 -000.17837864 
111  51.15385688 -000.17830564 
113  51.15360707 -000.18009613 
110   2 0.00  77.70 8L overrun
111  51.14644347 -000.21415438   1 102 
112  51.14643794 -000.21368992  51.14637178 -000.21365037 
111  51.14643794 -000.21368992 
112  51.14643794 -000.21368992  51.14639659 -000.21366355   1 102 
112  51.14593895 -000.21335882  51.14583971 -000.21329290 
111  51.14593895 -000.21335882 
112  51.14593895 -000.21335882  51.14518635 -000.21289742   1 102 
111  51.14519185 -000.21235539 
111  51.14538069 -000.21195914   1 102 
112  51.14567360 -000.21267063  51.14580593 -000.21286837   1 102 
112  51.14634695 -000.21296027  51.14641311 -000.21297345 
111  51.14634695 -000.21296027 
112  51.14634695 -000.21296027  51.14647101 -000.21298663   1 102 
111  51.14655922 -000.21284009   1 102 
111  51.14670812 -000.21248866 
111  51.14710080 -000.21263052 
111  51.14721856 -000.21267152 
113  51.14698047 -000.21434730   1 102 
130 Airport Boundary 1
111  51.14374301 -000.21428665 
111  51.14304122 -000.21336007 
111  51.14253805 -000.21159795 
111  51.14253699 -000.20945675 
111  51.14348096 -000.20054024 
111  51.14405496 -000.19811031 
111  51.14534805 -000.19843970 
111  51.14753966 -000.18277173 
111  51.14710705 -000.17776741 
111  51.14636524 -000.17658867 
111  51.14609911 -000.17507294 
111  51.14544610 -000.17484309 
111  51.14613559 -000.16808878 
111  51.14646723 -000.16724792 
111  51.14627173 -000.16623835 
111  51.14602212 -000.16608849 
111  51.14586186 -000.16660322 
111  51.14547327 -000.16629513 
111  51.14541228 -000.16665162 
111  51.14460674 -000.16600588 
111  51.14339418 -000.16437908 
111  51.14379978 -000.16316370 
111  51.14391749 -000.16270784 
111  51.14361825 -000.16201466 
111  51.14342821 -000.16200185 
111  51.14350337 -000.16119343 
111  51.15949993 -000.16141796 
111  51.16017965 -000.16459373 
111  51.16126634 -000.16744508 
111  51.16625364 -000.17651785 
111  51.16547824 -000.17800353 
111  51.16533597 -000.17915273 
111  51.16609823 -000.18207832 
111  51.16454907 -000.18588543 
111  51.16408421 -000.18649990 
111  51.16327051 -000.18646549 
111  51.16260031 -000.18679494 
111  51.16209886 -000.18777831 
111  51.16195715 -000.18869872 
111  51.16193171 -000.18980451 
111  51.16246817 -000.19586990 
111  51.16159952 -000.19644110 
111  51.16139150 -000.19594634 
111  51.16043325 -000.19680168 
111  51.16019750 -000.19597516 
111  51.15935738 -000.19608920 
111  51.15893587 -000.19643678 
111  51.15885260 -000.19725886 
111  51.15888140 -000.19879112 
111  51.15866598 -000.19958029 
111  51.15606793 -000.20293053 
111  51.15447014 -000.20282457 
111  51.15392523 -000.20495397 
111  51.15202565 -000.20668917 
111  51.15015224 -000.20747729 
111  51.15023607 -000.21373609 
111  51.14842405 -000.21388363 
111  51.14812745 -000.21541684 
111  51.14526067 -000.21510045 
113  51.14447046 -000.21489366 
120 Turn line
112  51.15357830 -000.16818499  51.15377240 -000.16827241  51 101 
115  51.15374846 -000.16856836 
120 Turn line
112  51.15374936 -000.16693703  51.15394346 -000.16702444  51 101 
115  51.15391977 -000.16732266 
120 Turn line
112  51.15436886 -000.16715650  51.15456296 -000.16724392  51 101 
115  51.15453926 -000.16754214 
120 Taxiline M
111  51.15137764 -000.16682510   1 101 
112  51.15174651 -000.16639743  51.15202594 -000.16636822 
111  51.15174651 -000.16639743 
112  51.15174651 -000.16639743  51.15188622 -000.16638282   1 101 
111  51.15227888 -000.16646907  51 101 
112  51.15277264 -000.16658988  51.15296497 -000.16665461 
111  51.15277264 -000.16658988 
112  51.15277264 -000.16658988  51.15279188 -000.16659669  51 101 
112  51.15436886 -000.16715650  51.15440633 -000.16716978 
111  51.15436886 -000.16715650 
112  51.15436886 -000.16715650  51.15456042 -000.16722290  51 101 
115  51.15462205 -000.16697227 
120 Taxiline J
111  51.15382708 -000.17381714   1 101 
112  51.15368459 -000.17339598  51.15371705 -000.17311136 
111  51.15368459 -000.17339598 
112  51.15368459 -000.17339598  51.15368865 -000.17337011   1 101 
111  51.15442857 -000.16830164  51 101 
115  51.15498302 -000.16452081 
120 Taxiline GR
111  51.14753204 -000.20691567   1 101 
112  51.14686307 -000.20622001  51.14667463 -000.20544911 
111  51.14686307 -000.20622001 
112  51.14686307 -000.20622001  51.14684831 -000.20617297   1 101 
112  51.14651633 -000.20458542  51.14650895 -000.20456190 
111  51.14651633 -000.20458542 
112  51.14651633 -000.20458542  51.14634664 -000.20357410   1 101 
115  51.14640509 -000.20291857 
120 Taxiline G
111  51.14844885 -000.20648372  51 101 
111  51.14800556 -000.20668765   1 101 
112  51.14753204 -000.20691567  51.14751188 -000.20693173 
111  51.14753204 -000.20691567 
112  51.14753204 -000.20691567  51.14737080 -000.20702008   1 101 
111  51.14707602 -000.20699599   1 101 
112  51.14624964 -000.20685944  51.14621437 -000.20685944 
111  51.14624964 -000.20685944 
112  51.14624964 -000.20685944  51.14595235 -000.20682731   1 101 
115  51.14595235 -000.20623293 
120 hold
111  51.14799368 -000.21085780  55 103 
115  51.14823146 -000.21094527 
120 ILS hold
111  51.14678735 -000.20943778   6 103 
115  51.14670510 -000.20994986 
120 ILS hold
111  51.14640372 -000.21296562   6 103 
115  51.14630173 -000.21360706 
120 Rnwy hold
111  51.14584703 -000.21280856   4 104 
115  51.14575427 -000.21324408 
120 Rnwy hold
111  51.14642625 -000.20931957   4 104 
115  51.14633349 -000.20975509 
120 Rnwy hold
111  51.14699313 -000.20624200   4 104 
111  51.14687673 -000.20635244   4 104 
115  51.14674612 -000.20727073 
120 Rnwy hold
111  51.14695987 -000.20739941   4 104 
115  51.14710398 -000.20643638 
120 Taxiline A
111  51.15116361 -000.16833194   1 101 
112  51.15122853 -000.16790502  51.15123665 -000.16785328 
111  51.15122853 -000.16790502 
112  51.15122853 -000.16790502  51.15130157 -000.16755573   1 101 
111  51.15180471 -000.16760747   1 101 
111  51.15277752 -000.16791149  51 101 
112  51.15357830 -000.16818499  51.15359048 -000.16818499 
111  51.15357830 -000.16818499 
112  51.15357830 -000.16818499  51.15374045 -000.16823650  51 101 
115  51.15382334 -000.16800128 
120 Taxiline AS
111  51.15197325 -000.17257087  51 101 
112  51.15186524 -000.17178702  51.15190451 -000.17133307 
111  51.15186524 -000.17178702 
112  51.15186524 -000.17178702  51.15187182 -000.17174539  51 101 
112  51.15227765 -000.16856239  51.15228747 -000.16849978 
111  51.15227765 -000.16856239 
112  51.15227765 -000.16856239  51.15234639 -000.16793625   1 101 
115  51.15199365 -000.16766821 
120 ILS hold
111  51.15270417 -000.16624025  56 103 
115  51.15262501 -000.16678892 
120 Rnwy hold
111  51.15162833 -000.17132871  54 104 
115  51.15146890 -000.17246973 
120 Rnwy hold
111  51.15236282 -000.16755778  54 104 
111  51.15231253 -000.16789923  54 104 
115  51.15209360 -000.16806510 
120 Rnwy hold
111  51.15232152 -000.16631230  54 104 
115  51.15227601 -000.16666599 
120 Taxiline E
111  51.14807086 -000.19084295   1 101 
112  51.14823162 -000.19290516  51.14847321 -000.19430959 
111  51.14823162 -000.19290516 
112  51.14823162 -000.19290516  51.14824551 -000.19295680   1 101 
111  51.14854170 -000.19435851   1 101 
112  51.14897210 -000.19491182  51.14926830 -000.19494133   1 101 
115  51.14937474 -000.19453557 
120 Turn line
112  51.15616556 -000.17460069  51.15594231 -000.17451112   1 101 
115  51.15599038 -000.17395871 
120 Turn line
112  51.15600632 -000.17383857  51.15605848 -000.17343943   1 101 
115  51.15583240 -000.17327740 
120 Linear Feature 14
111  51.15114981 -000.17234554   1 101 
112  51.15142612 -000.17219594  51.15160638 -000.17217095 
111  51.15142612 -000.17219594 
112  51.15142612 -000.17219594  51.15164556 -000.17217095  51 101 
115  51.15180942 -000.17236003 
120 Taxiline BR
111  51.15193277 -000.17164093  51 101 
112  51.15130351 -000.17205774  51.15103925 -000.17247901 
111  51.15130351 -000.17205774 
112  51.15130351 -000.17205774  51.15128612 -000.17209100   1 101 
112  51.15085010 -000.17289950  51.15082576 -000.17293830 
111  51.15085010 -000.17289950 
112  51.15085010 -000.17289950  51.15045371 -000.17369216   1 101 
115  51.15039129 -000.17403460 
120 Turn line
112  51.15738979 -000.17497312  51.15770932 -000.17504885   1 101 
115  51.15780340 -000.17464364 
120 Turn line
111  51.15223870 -000.17765089   1 101 
116  51.15253312 -000.17825943  51.15248088 -000.17879327 
120 Linear Feature 8
112  51.15682493 -000.18039207  51.15660615 -000.18066734 
111  51.15682493 -000.18039207 
112  51.15682493 -000.18039207  51.15701977 -000.18048020 
111  51.15700126 -000.18069805  51 101 
112  51.15736994 -000.18025386  51.15762643 -000.18030687 
111  51.15736994 -000.18025386 
112  51.15736994 -000.18025386  51.15712058 -000.18012134  51 101 
113  51.15713677 -000.17967645   1 102 
120 Linear Feature 8
112  51.15662047 -000.18143609  51.15637349 -000.18139822 
111  51.15662047 -000.18143609 
112  51.15662047 -000.18143609  51.15685796 -000.18155726  51 101 
111  51.15682702 -000.18200964  51 101 
112  51.15717649 -000.18162665  51.15743298 -000.18167966 
111  51.15717649 -000.18162665 
112  51.15717649 -000.18162665  51.15692713 -000.18149413  51 101 
113  51.15695264 -000.18105872 
120 Linear Feature 7
111  51.16299564 -000.18231877  51 101 
111  51.15736994 -000.18025386  51 101 
112  51.15668738 -000.18050996  51.15633397 -000.18086548 
111  51.15668738 -000.18050996 
112  51.15668738 -000.18050996  51.15666214 -000.18053679  51 101 
112  51.15538879 -000.18171041  51.15536354 -000.18174395 
111  51.15538879 -000.18171041 
112  51.15538879 -000.18171041  51.15511531 -000.18193176  51 101 
111  51.15474494 -000.18179740  51 101 
112  51.15152573 -000.18061426  51.15150483 -000.18061009 
111  51.15152573 -000.18061426 
112  51.15152573 -000.18061426  51.15134025 -000.18054762  51 101 
115  51.15125292 -000.18085781 
120 Taxiline R/QA
111  51.16101913 -000.18159662  51 101 
112  51.16048631 -000.18211936  51.16036588 -000.18271644 
111  51.16048631 -000.18211936 
112  51.16048631 -000.18211936  51.16039388 -000.18258250  51 101 
111  51.15997134 -000.18258250  51 101 
112  51.15618173 -000.18128439  51.15612752 -000.18126278 
111  51.15618173 -000.18128439 
112  51.15618173 -000.18128439  51.15589037 -000.18119797  51 101 
115  51.15575919 -000.18136764 
120 Turn line
112  51.15823533 -000.17138379  51.15828410 -000.17096535   1 101 
115  51.15803188 -000.17080794 
120 Taxiline L/S
112  51.15859510 -000.17080863  51.15833124 -000.17095151   1 101 
111  51.15823533 -000.17138379   1 101 
111  51.15696790 -000.18095131  51 101 
112  51.15607538 -000.18767874  51.15607053 -000.18773287 
111  51.15607538 -000.18767874 
112  51.15607538 -000.18767874  51.15595896 -000.18832835  51 101 
111  51.15539876 -000.18822244  51 101 
112  51.15165152 -000.18693367  51.15160514 -000.18692311 
111  51.15165152 -000.18693367 
112  51.15165152 -000.18693367  51.15144611 -000.18687029  51 101 
115  51.15131956 -000.18724989 
120 Taxiline L
112  51.15642708 -000.17086616  51.15651837 -000.17032279   1 101 
111  51.15693034 -000.17042952   1 101 
111  51.15803188 -000.17080794   1 101 
112  51.15943161 -000.17017725  51.16008279 -000.16927484 
111  51.15943161 -000.17017725 
112  51.15943161 -000.17017725  51.16009496 -000.16924573   1 101 
111  51.15986370 -000.16788727  51 101 
116  51.15899426 -000.16633606  51.15831384 -000.16589694 
120 Taxiline CR
111  51.15107348 -000.17752828   1 101 
112  51.15063287 -000.17787918  51.15045905 -000.17822254 
111  51.15063287 -000.17787918 
112  51.15063287 -000.17787918  51.15061020 -000.17792135   1 101 
112  51.14992208 -000.17933696  51.14988883 -000.17941648 
111  51.14992208 -000.17933696 
112  51.14992208 -000.17933696  51.14955894 -000.18011344   1 101 
115  51.14948147 -000.18061584 
120 Taxiline C
111  51.15265842 -000.17733044   1 101 
112  51.15223870 -000.17765089  51.15193486 -000.17763527 
111  51.15223870 -000.17765089 
112  51.15223870 -000.17765089  51.15218970 -000.17765089   1 101 
112  51.15045488 -000.17746340  51.15041830 -000.17746340 
111  51.15045488 -000.17746340 
112  51.15045488 -000.17746340  51.15021254 -000.17744154   1 101 
111  51.14972958 -000.17726029   1 101 
115  51.14955316 -000.17715092 
120 Taxiline N
111  51.15099243 -000.17150817  51 101 
112  51.15211792 -000.17166720  51.15215907 -000.17167449 
111  51.15211792 -000.17166720 
112  51.15211792 -000.17166720  51.15228253 -000.17167449  51 101 
112  51.15286987 -000.17218428  51.15302271 -000.17224439 
111  51.15286987 -000.17218428 
112  51.15286987 -000.17218428  51.15288538 -000.17219046  51 101 
112  51.15583240 -000.17327740  51.15585739 -000.17328736 
111  51.15583240 -000.17327740 
112  51.15583240 -000.17327740  51.15604789 -000.17336204  51 101 
115  51.15612641 -000.17298260 
120 Turn lines
111  51.15346312 -000.17366605   1 101 
112  51.15310964 -000.17399440  51.15303690 -000.17438716 
111  51.15310964 -000.17399440 
112  51.15310964 -000.17399440  51.15313076 -000.17359041   1 101 
111  51.15288577 -000.17337983   1 101 
112  51.15315765 -000.17304080  51.15318868 -000.17263386 
111  51.15315765 -000.17304080 
114  51.15315765 -000.17304080  51.15319052 -000.17346227   1 101 
120 Turn lines
111  51.15413107 -000.17264959  51 101 
112  51.15374499 -000.17298349  51.15367225 -000.17337625 
111  51.15374499 -000.17298349 
112  51.15374499 -000.17298349  51.15376611 -000.17257951  51 101 
111  51.15355603 -000.17243749  51 101 
112  51.15387297 -000.17210706  51.15395274 -000.17172926 
111  51.15387297 -000.17210706 
114  51.15387297 -000.17210706  51.15384246 -000.17251104  51 101 
120 Turn lines
111  51.15355603 -000.17243749  51 101 
112  51.15317457 -000.17277171  51.15310184 -000.17316447 
111  51.15317457 -000.17277171 
112  51.15317457 -000.17277171  51.15319569 -000.17236773  51 101 
111  51.15297247 -000.17222204  51 101 
112  51.15329352 -000.17189087  51.15337330 -000.17151307 
111  51.15329352 -000.17189087 
114  51.15329352 -000.17189087  51.15326302 -000.17229485  51 101 
120 Turn lines
111  51.15250119 -000.18097116   1 101 
112  51.15212107 -000.18131185  51.15204833 -000.18170461 
111  51.15212107 -000.18131185 
112  51.15212107 -000.18131185  51.15214219 -000.18090787   1 101 
111  51.15191779 -000.18075650   1 101 
112  51.15224025 -000.18042894  51.15232003 -000.18005114 
111  51.15224025 -000.18042894 
114  51.15224025 -000.18042894  51.15220975 -000.18083292   1 101 
120 Turn lines
111  51.15232822 -000.18224426  51 101 
112  51.15194811 -000.18259183  51.15187538 -000.18298459 
111  51.15194811 -000.18259183 
112  51.15194811 -000.18259183  51.15196923 -000.18218785  51 101 
111  51.15174199 -000.18204948  51 101 
112  51.15206727 -000.18170947  51.15214704 -000.18133167 
111  51.15206727 -000.18170947 
114  51.15206727 -000.18170947  51.15203676 -000.18211345  51 101 
120 Taxiline D/RA
111  51.14862948 -000.18673098  51 101 
112  51.14928883 -000.18521127  51.14976998 -000.18440166 
111  51.14928883 -000.18521127 
112  51.14928883 -000.18521127  51.14931556 -000.18516866  51 101 
112  51.15080357 -000.18258366  51.15083921 -000.18251264 
111  51.15080357 -000.18258366 
112  51.15080357 -000.18258366  51.15120453 -000.18200131  51 101 
111  51.15159658 -000.18200131  51 101 
112  51.15631665 -000.18357335  51.15634408 -000.18358793 
111  51.15631665 -000.18357335 
112  51.15631665 -000.18357335  51.15655898 -000.18363896  51 101 
115  51.15663158 -000.18324103 
120 Taxiline FR
111  51.14879863 -000.20591288  51 101 
112  51.14835960 -000.20648166  51.14807357 -000.20640405  51 101 
111  51.14785247 -000.20505589  51 101 
112  51.14710593 -000.20069995  51.14708158 -000.20060294 
111  51.14710593 -000.20069995 
112  51.14710593 -000.20069995  51.14691727 -000.19942915  51 101 
115  51.14698421 -000.19870160 
120 Taxiline J
112  51.15422572 -000.16710704  51.15394951 -000.16703602  51 101 
111  51.15391977 -000.16732266  51 101 
112  51.15317827 -000.17274181  51.15317827 -000.17276764 
111  51.15317827 -000.17274181 
112  51.15317827 -000.17274181  51.15313777 -000.17301299  51 101 
112  51.15310964 -000.17399440  51.15304778 -000.17441947 
111  51.15310964 -000.17399440 
112  51.15310964 -000.17399440  51.15310324 -000.17403520  51 101 
112  51.14813961 -000.21079676  51.14813583 -000.21082688 
111  51.14813961 -000.21079676 
112  51.14813961 -000.21079676  51.14809049 -000.21123046  51 101 
112  51.14781227 -000.21223256  51.14776692 -000.21259397 
111  51.14781227 -000.21223256 
112  51.14781227 -000.21223256  51.14780849 -000.21225665  51 101 
112  51.14764308 -000.21342197  51.14762836 -000.21352761 
111  51.14764308 -000.21342197 
112  51.14764308 -000.21342197  51.14754735 -000.21392671  51 101 
111  51.14721787 -000.21380330  51 101 
112  51.14678473 -000.21353343  51.14668900 -000.21334562  51 101 
111  51.14640917 -000.21328693  51 101 
112  51.14587970 -000.21307379  51.14582079 -000.21305031 
111  51.14587970 -000.21307379 
112  51.14587970 -000.21307379  51.14529796 -000.21283903  51 101 
115  51.14518980 -000.21176907 
120 Taxiline K
111  51.15712136 -000.16596081   1 101 
112  51.15599038 -000.17395871  51.15598576 -000.17401763 
111  51.15599038 -000.17395871 
112  51.15599038 -000.17395871  51.15595342 -000.17417232   1 101 
112  51.15554088 -000.17486020  51.15549930 -000.17516220 
111  51.15554088 -000.17486020 
112  51.15554088 -000.17486020  51.15553857 -000.17487862   1 101 
111  51.15463715 -000.18131778  51 101 
112  51.15447752 -000.18242683  51.15447137 -000.18246604 
111  51.15447752 -000.18242683 
112  51.15447752 -000.18242683  51.15440373 -000.18284838  51 101 
115  51.15414997 -000.18284867 
120 Taxiline P
111  51.15067266 -000.17189049  51 101 
112  51.15099243 -000.17150817  51.15123225 -000.17157679 
111  51.15099243 -000.17150817 
112  51.15099243 -000.17150817  51.15111234 -000.17154248  51 101 
111  51.15128406 -000.17168388  51 101 
112  51.15216695 -000.17282176  51.15219929 -000.17286595 
111  51.15216695 -000.17282176 
112  51.15216695 -000.17282176  51.15236099 -000.17307218  51 101 
111  51.15278803 -000.17333151  51 101 
111  51.15362002 -000.17374347  51 101 
111  51.15530530 -000.17433947  51 101 
112  51.15738979 -000.17497312  51.15740503 -000.17497717 
111  51.15738979 -000.17497312 
112  51.15738979 -000.17497312  51.15772520 -000.17512707  51 101 
115  51.15764949 -000.17577689 
120 Taxiline
112  51.14790135 -000.21181531  51.14777058 -000.21207988  51 101 
111  51.14752916 -000.21195160  51 101 
112  51.14715697 -000.21072496  51.14725756 -000.20994729  51 101 
111  51.14681495 -000.20970677  51 101 
112  51.14626839 -000.20948312  51.14613008 -000.20935966 
111  51.14626839 -000.20948312 
112  51.14626839 -000.20948312  51.14559342 -000.20885699  51 101 
115  51.14570407 -000.20796629 
120 Hole outline BR
111  51.15092498 -000.17249394  53 102 
111  51.15117152 -000.17206015  53 102 
112  51.15117392 -000.17185142  51.15112413 -000.17174559 
111  51.15117392 -000.17185142 
112  51.15117392 -000.17185142  51.15110990 -000.17171158  53 102 
111  51.15095106 -000.17176071  53 102 
112  51.15086571 -000.17236922  51.15086334 -000.17239567 
111  51.15086571 -000.17236922 
114  51.15086571 -000.17236922  51.15083963 -000.17252418  53 102 
14   51.15422185 -000.18405755  130 0 Tower Viewpoint
15   51.15720500 -000.18383800 348.00 Cargo
15   51.15599800 -000.16994600 168.00 EGKK London Gatwick Ramp #1
15   51.14795700 -000.16507500 351.00 EGKK London Gatwick Ramp #5
15   51.15599800 -000.16994600 168.00 Gate 17
15   51.15911530 -000.16766008 196.54 Gate 36
15   51.15442557 -000.19297553 168.00 Maintenance Area 2
15   51.16230400 -000.18254300  76.00 North park
15   51.15834641 -000.17632085 352.40 North terminal
15   51.15442000 -000.16547900 160.00 Pier 1
18   51.15422185 -000.18405755 1 Light beacon
19   51.14398042 -000.20611117 1 Windsock
19   51.14892906 -000.20738459 1 Windsock
19   51.14911978 -000.17065372 1 Windsock
20   51.15240833 -000.16723583 136.95  0 3 {@L}A{@R}26L
20   51.15167384 -000.17100676 136.95  0 3 {@L}B{@R}26L
20   51.14693216 -000.20749659 310.59  0 3 {@L}G{@R}8L
20   51.14674443 -000.20744173 199.63  0 3 {@L}G{@R}8R
20   51.14629739 -000.20994804 176.98  0 3 {@L}H{@R}8R
20   51.14679914 -000.20925745 141.45  0 3 {@L}H{@R}ILS
20   51.14589307 -000.21258011 141.45  0 3 {@L}J{@R}8R
20   51.14641551 -000.21278529 141.45  0 3 {@L}J{@R}ILS
20   51.15236703 -000.16599035 136.95  0 3 {@L}M1{@R}26L
20   51.15509161 -000.17464379 342.22  0 3 {@L}P{@Y,^l}K{^r}
20   51.15173663 -000.18132007 218.67  0 3 {@Y,^lu}D{@L}J{@Y}R{^ru}
20   51.15283904 -000.17275115 305.84  0 3 {@Y,^lu}J{@L}N{@Y}Z{^rd}
20   51.15273208 -000.17405326 305.84  0 3 {@Y,^lu}J{@L}P{@Y}Z{^rd}
20   51.15563540 -000.17382512 222.77  0 3 {@Y,^lu}P{@L}K{@Y}P{^ru}
20   51.15248095 -000.18142456  37.35  0 3 {@Y,^lu}Q{@L}J{@Y}Q{^rd}
20   51.15195120 -000.18007925 218.67  0 3 {@Y,^lu}Q{@L}J{@Y}Q{^ru}
20   51.15233160 -000.18273678  45.20  0 3 {@Y,^lu}R{@L}J{@Y}D{^rd}
20   51.14786162 -000.21081241 216.83  0 3 {@Y}J5
50 13652 Gatwick Information
52 12195 Gatwick Delivery
53 12180 Gatwick Ground
54 12422 Gatwick Tower
55 12682 Gatwick Director
55 11895 Gatwick Director
55 12902 Gatwick Director

