I
1050 Generated by WorldEditor 2.1.0r1

1   1095 0 0 CJA6 Minaki
100 15.24 1 0 0.00 1 0 0 15  49.97477491 -094.70339037    0    0 1 0 0 0 33  49.96809664 -094.69866573    0    0 1 0 0 0
110 3 0.00 0.0000 New Taxiway 64
111  49.97313263 -094.70314326
111  49.97336911 -094.70251143
111  49.97369560 -094.70273459
112  49.97369560 -094.70273459  49.97378473 -094.70288089
111  49.97378230 -094.70302252
113  49.97361168 -094.70355721
110 1 0.00 0.0000 New Taxiway 62
111  49.97394685 -094.70449227
111  49.97345933 -094.70411751
111  49.97351450 -094.70395602
112  49.97342983 -094.70390109  49.97334874 -094.70400530
111  49.97342983 -094.70390109
111  49.97337861 -094.70405944
111  49.97330005 -094.70400202
111  49.97326706 -094.70410915
111  49.97317980 -094.70404832
111  49.97328911 -094.70380221
111  49.97305142 -094.70354735
111  49.97293028 -094.70383773
111  49.97290425 -094.70390014
111  49.97245947 -094.70361255
111  49.97229869 -094.70342362
111  49.97209643 -094.70345351
112  49.97210773 -094.70291007  49.97214694 -094.70258669
111  49.97232363 -094.70247628
111  49.97255747 -094.70251744
111  49.97257351 -094.70266013
111  49.97313263 -094.70314326
111  49.97361168 -094.70355721
111  49.97378230 -094.70302252
112  49.97369560 -094.70273459  49.97360646 -094.70258830
111  49.97369560 -094.70273459
111  49.97405190 -094.70299238
112  49.97391105 -094.70354288  49.97415921 -094.70406177
111  49.97391105 -094.70354288
113  49.97418416 -094.70372685
110 2 0.00 0.0000 New Taxiway 65
111  49.97316891 -094.70407284
111  49.97293028 -094.70383773
111  49.97305142 -094.70354735
111  49.97328911 -094.70380221
113  49.97317980 -094.70404832
110 1 0.00 0.0000 New Taxiway 61
111  49.96830711 -094.69892832
111  49.96818472 -094.69892069
111  49.96796881 -094.69875132
111  49.96806989 -094.69844371
111  49.96832437 -094.69864200
113  49.96835386 -094.69877182
110 1 0.00 0.0000 New Taxiway 60
111  49.97464550 -094.70318391
111  49.97471978 -094.70317006
111  49.97495065 -094.70334420
111  49.97487626 -094.70363512
111  49.97465143 -094.70348131
113  49.97459029 -094.70337586
130 Airport Boundary 66
111  49.97496550 -094.70320771
111  49.97520058 -094.70352553
111  49.97510753 -094.70391107
111  49.97440849 -094.70344608
111  49.97386369 -094.70502288
111  49.97188810 -094.70351403
111  49.97200157 -094.70297729
111  49.96765276 -094.69976760
111  49.96766809 -094.69847264
113  49.96786738 -094.69806747
14  49.97408618 -094.70337383  82.02 0 New Tower Viewpoint 3
1300  49.97358081 -094.70318945  62.74 tie_down props Grass Tie-Down 3
1301 A general_aviation 
1300  49.97344247 -094.70307857  62.74 tie_down props Grass Tie-Down 2
1301 A general_aviation 
1300  49.97330382 -094.70297232  62.74 tie_down props Grass Tie-Down 1
1301 A general_aviation 
1300  49.97296661 -094.70314620 -116.76 tie_down props GA Tie-Down 17
1301 A general_aviation 
1300  49.97283469 -094.70302609 -116.76 tie_down props GA Tie-Down 16
1301 A general_aviation 
1300  49.97269920 -094.70291522 -116.76 tie_down props GA Tie-Down 15
1301 A general_aviation 
1300  49.97256253 -094.70280250 -116.76 tie_down props GA Tie-Down 14
1301 A general_aviation 
1300  49.97239139 -094.70276185 -47.20 tie_down props GA Tie-Down 13
1301 A general_aviation 
1300  49.97227016 -094.70303718  12.34 tie_down props GA Tie-Down 12
1301 A general_aviation 
1300  49.97245913 -094.70329773  56.22 tie_down props GA Tie-Down 11
1301 A general_aviation 
1300  49.97257897 -094.70341630  56.22 tie_down props GA Tie-Down 10
1301 A general_aviation 
1300  49.97269520 -094.70354676  56.22 tie_down props GA Tie-Down 9
1301 A general_aviation 
1300  49.97280731 -094.70366012  56.22 tie_down props GA Tie-Down 8
1301 A general_aviation 
1300  49.97365054 -094.70412633  65.14 tie_down props GA Tie-Down 7
1301 A general_aviation 
1300  49.97377778 -094.70421723  65.14 tie_down props GA Tie-Down 6
1301 A general_aviation 
1300  49.97392221 -094.70428354 153.55 tie_down props GA Tie-Down 5
1301 A general_aviation 
1300  49.97398548 -094.70407714 153.55 tie_down props GA Tie-Down 4
1301 A general_aviation 
1300  49.97404670 -094.70388572 153.55 tie_down props GA Tie-Down 3
1301 A general_aviation 
1300  49.97401294 -094.70374179 -114.09 tie_down props GA Tie-Down 2
1301 A general_aviation 
1300  49.97389201 -094.70365953 -112.30 tie_down props GA Tie-Down 1
1301 A general_aviation 
1300  49.97303702 -094.70373865 146.23 hangar props Hangar
1301 A none 
18  49.97401302 -094.70330820 1 New Airport Beacon 10
19  49.97314524 -094.70274056 0 New Windsock 11
51 12280 Unicom
99
