A
1000 Generated by Infinite Flight Airport Editing (World Parser)/AB

1      456 1 1 SLJO San Joaquin
100   28.65   2   0 0.25 0 2 0 16  -13.03128748 -064.66917971    0.00    0.00 2  7 0 0 34  -13.04760052 -064.66137149    0.00    0.00 2  7 0 0
21  -13.03278056 -064.66809487  2 155.00   3.00 16  PAPI-4L
21  -13.04610747 -064.66245644  2 335.00   3.00 34  PAPI-4L
110   2 0.30 155.00 Default taxiway for RWY 16
111 -13.03134101 -064.66929755  53 102 
111 -13.03161437 -064.66989929  53 102 
111 -13.04792753 -064.66209163  53 102 
111 -13.04765417 -064.66148985 
112 -13.04742048 -064.66160170 -13.04753827 -064.66154787  53 102 
111 -13.04760365 -064.66169179  53 102 
112 -13.04769082 -064.66188370 -13.04775620 -064.66202762  53 102 
111 -13.04763936 -064.66208354  53 102 
111 -13.03977489 -064.66584757  53 102 
111 -13.03955601 -064.66536574 
111 -13.03943917 -064.66542166  53 102 
111 -13.03965805 -064.66590349  53 102 
112 -13.03179357 -064.66966752 -13.03167673 -064.66972344  53 102 
111 -13.03161135 -064.66957953  53 102 
112 -13.03152418 -064.66938764 -13.03145880 -064.66924372  53 102 
113 -13.03157469 -064.66918571 
120 Default hold RWY 16 (near)
111 -13.03145093 -064.66953950  54 
115 -13.03156777 -064.66948358 
120 Default hold RWY 16 (centre)
111 -13.03954909 -064.66566362  54 
115 -13.03966593 -064.66560770 
120 Default hold RWY 16 (far)
111 -13.04764724 -064.66178775  54 
115 -13.04776409 -064.66173182 
18  -13.03906261 -064.66443619 1 BCN
19  -13.03089035 -064.66893176 1 WS
19  -13.04799766 -064.66161944 1 WS


130 Airport Boundary
111 -013.04792786 -064.66209412
111 -013.03161430 -064.66989899
111 -013.03128719 -064.66918182
113 -013.04760075 -064.66136932
99
