A
1000 Generated by Infinite Flight Airport Editing (World Parser)/AB

1      492 0 1 SV02 SAN DIEGO DE CABRUTICA
100   22.86   1   0 0.25 0 0 0 07   08.40071400 -065.02118100    0.00   62.48 2  0 0 0 25   08.40814700 -065.00990800    0.00   57.91 2  0 0 0
110   1 0.30  56.32 Default taxiway for RWY 07
111  08.40063028 -065.02112459   3 
111  08.40020045 -065.02083499   3 
111  08.40763361 -065.00956220   3 
111  08.40806344 -065.00985181 
112  08.40794934 -065.01002484  08.40800452 -065.00993707   3 
111  08.40790181 -065.00986787   3 
112  08.40776486 -065.00977559  08.40766215 -065.00970639   3 
111  08.40760510 -065.00979290   3 
111  08.40403115 -065.01521300   3 
111  08.40437539 -065.01544494 
111  08.40431834 -065.01553146   3 
111  08.40397410 -065.01529952   3 
112  08.40040014 -065.02071962  08.40034309 -065.02080614   3 
111  08.40044580 -065.02087534   3 
112  08.40058275 -065.02096761  08.40068546 -065.02103681   3 
113  08.40074438 -065.02095155 
120 Default hold RWY 07 (near)
111  08.40045723 -065.02100799   4 
115  08.40051428 -065.02092147 
120 Default hold RWY 07 (centre)
111  08.40414529 -065.01541486   4 
115  08.40420234 -065.01532834 
120 Default hold RWY 07 (far)
111  08.40783334 -065.00982173   4 
115  08.40789039 -065.00973521 
19   08.40085553 -065.02152628 1 WS
19   08.40800546 -065.00956272 1 WS


130 Airport Boundary
111  008.40020084 -065.02083588
111  008.40045738 -065.02101135
111  008.40063000 -065.02112579
111  008.40071392 -065.02117920
111  008.40814686 -065.00991058
111  008.40806293 -065.00984955
113  008.40763378 -065.00955963
99
