A
1000 Generated by Infinite Flight Airport Editing (World Parser)

1       52 1 0 SA09 Base Aeronaval Punta Indio
100   42.98   1   0 0.00 0 2 0 05  -35.35914871 -057.29786957    0.00    0.00 3  0 0 0 23  -35.34605245 -057.28077987    0.00    0.00 3  0 0 0
100   29.87   1   0 0.00 0 0 0 07  -35.34895916 -057.30542087    0.00    0.00 1  0 0 0 25  -35.34370453 -057.29143017    0.00    0.00 1  0 0 0
100   21.03   1   0 0.00 0 0 0 12  -35.34271292 -057.30190153    0.00    0.00 1  0 0 0 30  -35.34673752 -057.28964234    0.00    0.00 1  0 0 0
110   1 0.00   0.00 Taxiway 7
111 -35.34937388 -057.29617373 
111 -35.34921093 -057.29583412 
112 -35.34883006 -057.29562391 -35.34869540 -057.29527720 
111 -35.34883006 -057.29562391 
112 -35.34883006 -057.29562391 -35.34870617 -057.29535975 
111 -35.34893067 -057.29518287 
111 -35.34926633 -057.29497111 
111 -35.34911968 -057.29457557 
112 -35.34796053 -057.29395869 -35.34786277 -057.29389876 
111 -35.34793429 -057.29365627 
112 -35.34811799 -057.29347610 -35.34825432 -057.29342330 
111 -35.34811799 -057.29347610 
112 -35.34811799 -057.29347610 -35.34811812 -057.29347631 
111 -35.35159093 -057.29243119 
111 -35.35158516 -057.29232501 
111 -35.34533181 -057.29421608 
111 -35.34510088 -057.29429972 
112 -35.34489861 -057.29423566 -35.34483339 -057.29413110 
111 -35.34489861 -057.29423566 
112 -35.34489861 -057.29423566 -35.34490697 -057.29426231 
111 -35.34502249 -057.29456776 
111 -35.34531081 -057.29431259 
111 -35.34764056 -057.29359193 
112 -35.34774518 -057.29373649 -35.34771580 -057.29388958 
111 -35.34774518 -057.29373649 
112 -35.34774518 -057.29373649 -35.34773049 -057.29377852 
111 -35.34718920 -057.29535499 
112 -35.34890544 -057.29619147 -35.34890707 -057.29619107 
111 -35.34890544 -057.29619147 
114 -35.34890544 -057.29619147 -35.34919631 -057.29637638 
110   2 0.00   0.00 Taxiway 6
111 -35.35862067 -057.29897502 
111 -35.35852946 -057.29876615 
111 -35.35769744 -057.29926415 
113 -35.35777631 -057.29947688 
110   2 0.00   0.00 Taxiway 5
111 -35.35291359 -057.29575968 
111 -35.35366367 -057.29494383 
111 -35.35351842 -057.29475375 
112 -35.35357229 -057.29475705 -35.35359365 -057.29473240 
112 -35.35375543 -057.29454901 -35.35378182 -057.29451820 
111 -35.35376620 -057.29446646 
111 -35.35316575 -057.29367414 
112 -35.35316962 -057.29374867 -35.35314263 -057.29378050 
111 -35.35316962 -057.29374867 
112 -35.35316962 -057.29374867 -35.35316962 -057.29374739 
112 -35.35297964 -057.29395906 -35.35297854 -057.29396022 
111 -35.35297964 -057.29395906 
112 -35.35297964 -057.29395906 -35.35293507 -057.29399770 
111 -35.35291797 -057.29397134 
111 -35.35195307 -057.29274521 
113 -35.35126838 -057.29354511 
110   2 0.00   0.00 Taxiway 4
111 -35.34558709 -057.28137853 
111 -35.34537852 -057.28130661 
111 -35.34512433 -057.28242129 
113 -35.34533616 -057.28248921 
110   1 0.00   0.00 Taxiway 3
111 -35.35883302 -057.29775954 
112 -35.35880267 -057.29796299 -35.35874601 -057.29804239 
111 -35.35880267 -057.29796299 
112 -35.35880267 -057.29796299 -35.35880160 -057.29796246 
111 -35.35843236 -057.29837238 
112 -35.35754337 -057.29890321 -35.35754398 -057.29890321 
111 -35.35754337 -057.29890321 
112 -35.35754337 -057.29890321 -35.35735804 -057.29894189 
111 -35.35721961 -057.29878660 
112 -35.35274934 -057.29293467 -35.35274519 -057.29292620 
111 -35.35274934 -057.29293467 
112 -35.35274934 -057.29293467 -35.35258625 -057.29270930 
111 -35.35266519 -057.29246420 
112 -35.35307249 -057.29088996 -35.35307984 -057.29086895 
111 -35.35307249 -057.29088996 
112 -35.35307249 -057.29088996 -35.35312391 -057.29074887 
111 -35.35321624 -057.29072224 
112 -35.35336153 -057.29094928 -35.35350057 -057.29109741 
111 -35.35336153 -057.29094928 
112 -35.35336153 -057.29094928 -35.35351334 -057.29108437 
111 -35.35363989 -057.29100557 
111 -35.35300589 -057.29018102 
112 -35.35302071 -057.29061690 -35.35294399 -057.29086546 
111 -35.35302071 -057.29061690 
112 -35.35302071 -057.29061690 -35.35301336 -057.29064392 
112 -35.35264446 -057.29201174 -35.35264297 -057.29201078 
111 -35.35264446 -057.29201174 
112 -35.35264446 -057.29201174 -35.35257928 -057.29215159 
111 -35.35235275 -057.29217519 
112 -35.35218200 -057.29189021 -35.35201771 -057.29173501 
111 -35.35184911 -057.29177563 
112 -35.34641100 -057.28466564 -35.34641100 -057.28466769 
111 -35.34641100 -057.28466564 
112 -35.34641100 -057.28466564 -35.34626718 -057.28450367 
112 -35.34603670 -057.28408774 -35.34595978 -057.28392988 
111 -35.34603670 -057.28408774 
112 -35.34603670 -057.28408774 -35.34603670 -057.28408364 
111 -35.34557732 -057.28298158 
112 -35.34596186 -057.28127864 -35.34596370 -057.28127188 
111 -35.34596186 -057.28127864 
112 -35.34596186 -057.28127864 -35.34605016 -057.28114108 
111 -35.34614110 -057.28123470 
111 -35.34591398 -057.28093955 
112 -35.34581758 -057.28104960 -35.34581790 -057.28104936 
111 -35.34581758 -057.28104960 
112 -35.34581758 -057.28104960 -35.34577958 -057.28110551 
112 -35.34553169 -057.28114281 -35.34552985 -057.28114506 
111 -35.34553169 -057.28114281 
112 -35.34553169 -057.28114281 -35.34538269 -057.28117438 
111 -35.34537852 -057.28130661 
111 -35.34558709 -057.28137853 
111 -35.34533616 -057.28248921 
111 -35.34512433 -057.28242129 
112 -35.34547629 -057.28302457 -35.34556643 -057.28332677 
111 -35.34547629 -057.28302457 
111 -35.34591624 -057.28408319 
112 -35.34623235 -057.28461856 -35.34637377 -057.28476045 
111 -35.34623235 -057.28461856 
112 -35.34623235 -057.28461856 -35.34623101 -057.28461750 
111 -35.35181076 -057.29190841 
112 -35.35173906 -057.29227201 -35.35140510 -057.29235456 
111 -35.35173906 -057.29227201 
112 -35.35173906 -057.29227201 -35.35173906 -057.29226540 
111 -35.35158516 -057.29232501 
111 -35.35159093 -057.29243119 
112 -35.35182763 -057.29289836 -35.35174182 -057.29330583 
111 -35.35182763 -057.29289836 
112 -35.35182763 -057.29289836 -35.35182919 -057.29289836 
111 -35.35195465 -057.29274264 
111 -35.35291797 -057.29397134 
112 -35.35291528 -057.29386567 -35.35295586 -057.29382222 
111 -35.35291528 -057.29386567 
112 -35.35291528 -057.29386567 -35.35291483 -057.29386534 
112 -35.35308495 -057.29367414 -35.35308523 -057.29367389 
111 -35.35308495 -057.29367414 
112 -35.35308495 -057.29367414 -35.35312317 -057.29363383 
111 -35.35316575 -057.29367414 
111 -35.35376620 -057.29446646 
111 -35.35375543 -057.29454901 
111 -35.35357229 -057.29475705 
111 -35.35351842 -057.29475375 
111 -35.35366367 -057.29494383 
111 -35.35383012 -057.29476366 
112 -35.35404361 -057.29480328 -35.35414173 -057.29492425 
111 -35.35404361 -057.29480328 
112 -35.35404361 -057.29480328 -35.35404505 -057.29480351 
112 -35.35757363 -057.29942660 -35.35758834 -057.29944916 
111 -35.35757363 -057.29942660 
112 -35.35757363 -057.29942660 -35.35765641 -057.29955743 
111 -35.35777631 -057.29947688 
111 -35.35769744 -057.29926415 
111 -35.35852946 -057.29876615 
112 -35.35859093 -057.29852456 -35.35864480 -057.29843449 
111 -35.35859093 -057.29852456 
112 -35.35859093 -057.29852456 -35.35859048 -057.29852560 
113 -35.35902406 -057.29800357 
111 -35.35224381 -057.29215240 
112 -35.35207242 -057.29205688 -35.35198447 -057.29195885 
111 -35.35207242 -057.29205688 
112 -35.35207242 -057.29205688 -35.35205757 -057.29203868 
111 -35.35193074 -057.29187262 
112 -35.35212806 -057.29195045 -35.35219774 -057.29202047 
111 -35.35212806 -057.29195045 
114 -35.35212806 -057.29195045 -35.35219203 -057.29202187 
111 -35.35355457 -057.29090496 
112 -35.35341439 -057.29084028 -35.35334229 -057.29075261 
111 -35.35332456 -057.29070110 
112 -35.35344562 -057.29076369 -35.35352009 -057.29084109 
111 -35.35344562 -057.29076369 
114 -35.35344562 -057.29076369 -35.35344916 -057.29076891 
130 Airport Boundary 8
111 -35.34750027 -057.31570272 
111 -35.36626584 -057.31051656 
111 -35.37133255 -057.30292610 
111 -35.34637434 -057.26512713 
111 -35.33580307 -057.27371432 
113 -35.33924342 -057.30560959 
14  -35.35194227 -057.29345820   82 0 Tower Viewpoint 1
19  -35.35899169 -057.29870111 1 WS
19  -35.34870530 -057.30592697 1 WS
19  -35.34238015 -057.30198743 1 WS
19  -35.34707027 -057.28955639 1 WS
19  -35.34395832 -057.29092406 1 WS
19  -35.34620935 -057.27994843 1 WS
54 13080 Punta Indio TWR

99
