A
1000 Generated by Infinite Flight Airport Editing (World Parser)/AB

1       95 0 1 LLES EYN SHEMER
100   30.48   1   0 0.25 0 0 0 09   32.44155600  035.00126100    0.00    0.00 2  0 0 0 27   32.44007200  035.01408100    0.00    0.00 2  0 0 0
110   1 0.30  97.81 Default taxiway for RWY 09
111  32.44142235  035.00123929   3 
111  32.44074073  035.00112856   3 
111  32.43925738  035.01394877   3 
111  32.43993900  035.01405950 
112  32.43997626  035.01373749  32.43995540  035.01389814   3 
111  32.43979235  035.01387165   3 
112  32.43957494  035.01383633  32.43941189  035.01380984   3 
111  32.43943052  035.01364883   3 
111  32.44012562  035.00764124   3 
111  32.44067136  035.00772990 
111  32.44068999  035.00756889   3 
111  32.44014425  035.00748023   3 
112  32.44083935  035.00147264  32.44085798  035.00131163   3 
111  32.44102103  035.00133812   3 
112  32.44123844  035.00137344  32.44140149  035.00139993   3 
113  32.44138509  035.00156130 
120 Default hold RWY 09 (near)
111  32.44114837  035.00119478   4 
115  32.44112974  035.00135578 
120 Default hold RWY 09 (centre)
111  32.44041601  035.00752438   4 
115  32.44039738  035.00768539 
120 Default hold RWY 09 (far)
111  32.43968365  035.01385399   4 
115  32.43966502  035.01401499 
19   32.44200089  035.00100521 1 WS
19   32.43962708  035.01433672 1 WS
55 13205 TEL AVIV APP
55 12340 TEL AVIV APP
55 12430 TEL AVIV APP


130 Airport Boundary
111  032.43925858  035.01395035
111  032.44074249  035.00112915
111  032.44114685  035.00119400
111  032.44142151  035.00123978
111  032.44155502  035.00126266
111  032.44007111  035.01408005
113  032.43993759  035.01406097
99
