A
1000 Generated by Infinite Flight Airport Editing (World Parser)/AB

1      537 0 1 KVLA VANDALIA MUNI
100   30.48   1   0 0.25 0 2 0 18   38.99758600 -089.16728900    0.00    0.00 2  0 0 1 36   38.98728600 -089.16721400    0.00    0.00 2  0 0 0
100   22.86   1   0 0.25 0 2 0 09   38.99023100 -089.17014200    0.00    0.00 2  0 0 0 27   38.99027500 -089.15958300    0.00    0.00 2  0 0 1
21   38.99578808 -089.16684469  2 179.68   3.00 18  PAPI-4L
110   1 0.30  89.69 Default taxiway for RWY 09
111  38.99013039 -089.17014130   3 102 
111  38.98961384 -089.17013770   3 102 
111  38.98965832 -089.15957871   3 102 
111  38.99017487 -089.15958231 
112  38.99017375 -089.15984698  38.99017206 -089.15971462   3 102 
111  38.99004863 -089.15971376   3 102 
112  38.98988405 -089.15971261  38.98976062 -089.15971175   3 102 
111  38.98976006 -089.15984409   3 102 
111  38.98973922 -089.16479274   3 102 
111  38.99015291 -089.16479563 
111  38.99015235 -089.16492797   3 102 
111  38.98973866 -089.16492508   3 102 
112  38.98971781 -089.16987373  38.98971726 -089.17000607   3 102 
111  38.98984069 -089.17000693   3 102 
112  38.99000527 -089.17000808  38.99012870 -089.17000894   3 102 
113  38.99013150 -089.16987662 
110   1 0.30 179.68 Default taxiway for RWY 18
111  38.99758524 -089.16746257   3 102 
111  38.99758134 -089.16834781   3 102 
111  38.98728134 -089.16827265   3 102 
111  38.98728524 -089.16738754 
112  38.98755953 -089.16738954  38.98742237 -089.16739143   3 102 
111  38.98742144 -089.16760317   3 102 
112  38.98742020 -089.16788548  38.98741927 -089.16809721   3 102 
111  38.98755641 -089.16809821   3 102 
111  38.99236355 -089.16813328   3 102 
111  38.99236667 -089.16742456 
111  38.99250381 -089.16742555   3 102 
111  38.99250069 -089.16813427   3 102 
112  38.99730783 -089.16816934  38.99744497 -089.16817034   3 102 
111  38.99744590 -089.16795858   3 102 
112  38.99744714 -089.16767623  38.99744807 -089.16746447   3 102 
113  38.99731095 -089.16746057 
120 Default hold RWY 09 (near)
111  38.98992242 -089.17013985   4 
115  38.98992298 -089.17000751 
120 Default hold RWY 18 (near)
111  38.99758367 -089.16781841   4 
115  38.99744652 -089.16781741 
120 Default hold RWY 09 (centre)
111  38.98994438 -089.16492652   4 
115  38.98994494 -089.16479418 
120 Default hold RWY 18 (centre)
111  38.99250224 -089.16778136   4 
115  38.99236510 -089.16778037 
120 Default hold RWY 18 (far)
111  38.98742082 -089.16774432   4 
115  38.98728367 -089.16774332 
120 Default hold RWY 09 (far)
111  38.98996634 -089.15971319   4 
115  38.98996690 -089.15958086 
18   38.99244294 -089.16601632 1 BCN
19   38.99053710 -089.17040882 1 WS
19   38.99786262 -089.16676159 1 WS
19   38.98700938 -089.16774133 1 WS
19   38.98996888 -089.15931622 1 WS
51 12280 CTAF/UNICOM


130 Airport Boundary
111  038.98728180 -089.16827393
111  038.98961258 -089.17013550
111  038.98992157 -089.17014313
111  038.99023056 -089.17014313
111  038.99758148 -089.16835022
111  038.99758530 -089.16781616
111  038.99758530 -089.16728973
111  038.99027634 -089.15958405
111  038.98965836 -089.15957642
111  038.98728561 -089.16721344
113  038.98728180 -089.16773987
99
