A
1000 Generated by Infinite Flight Airport Editing (World Parser)

1      741 1 0 LKPD Pardubice
100   74.98   2   0 0.00 0 2 0 09   50.01400976  015.72116417    0.00    0.00 3 10 0 1 27   50.01291555  015.75597983    0.00    0.00 3 10 0 1
102 H01  50.01515571  015.74518579 182.05   14.02   14.02   2 0   0 0.00 0
102 H02  50.01512380  015.74617271 182.05   14.02   14.02   2 0   0 0.00 0
21   50.01436292  015.72467956  2  92.80   3.00 I_L PAPI-4L
21   50.01342169  015.72438295  3  92.80   3.00 I_R PAPI-4R
21   50.01255929  015.75213705  2 272.80   3.00 I_L PAPI-4L
21   50.01353318  015.75199878  3 272.80   3.00 I_R PAPI-4R
110   3 0.00  92.80 EMER STRIP
111  50.01214605  015.74891572 
111  50.01251162  015.74894249 
111  50.01327286  015.72437477 
113  50.01290299  015.72434800 
110   2 0.00  92.80 TWY
111  50.01549197  015.74523574 
112  50.01549197  015.74523574  50.01548752  015.74539355 102 
112  50.01526220  015.74558172  50.01514752  015.74557480 
111  50.01526220  015.74558172 102 
111  50.01523648  015.74557895 
111  50.01523332  015.74551519 
111  50.01520524  015.74550953 
111  50.01522229  015.74509338 
111  50.01509465  015.74507867 
111  50.01508519  015.74528957 
111  50.01511828  015.74529448 
111  50.01511307  015.74550740 
111  50.01507917  015.74550633 
111  50.01507731  015.74557745 102 
111  50.01387829  015.74548766 
112  50.01387829  015.74548766  50.01379023  015.74547243 102 
112  50.01359901  015.74497042  50.01360968  015.74455237 
111  50.01359901  015.74497042 
111  50.01355981  015.74612197 
112  50.01355981  015.74612197  50.01358739  015.74583820 102 
112  50.01387491  015.74567716  50.01404125  015.74568270 
111  50.01387491  015.74567716 102 
111  50.01507101  015.74577235 
111  50.01506991  015.74585391 
111  50.01510123  015.74585604 
111  50.01509937  015.74606940 
111  50.01506409  015.74606802 
111  50.01506313  015.74627540 
111  50.01518282  015.74627402 
111  50.01519010  015.74585291 
111  50.01522388  015.74585457 
111  50.01522352  015.74578652 
112  50.01522352  015.74578652  50.01529558  015.74578236 102 
112  50.01545893  015.74624809  50.01545181  015.74654295 
111  50.01545893  015.74624809 102 
111  50.01517990  015.75555798 
112  50.01517990  015.75555798  50.01516987  015.75571814 102 
112  50.01487687  015.75592786  50.01468773  015.75591746 
111  50.01487687  015.75592786 102 
111  50.01355217  015.75582175 
112  50.01355217  015.75582175  50.01344457  015.75581863 102 
112  50.01327353  015.75531594  50.01328221  015.75494986 
111  50.01327353  015.75531594 
111  50.01325125  015.75600464 102 
111  50.01395849  015.75604946 
111  50.01394238  015.75659091 
111  50.01446921  015.75661910 
111  50.01448870  015.75609221 102 
111  50.01584775  015.75619019 
111  50.01587644  015.75494527 
111  50.01595859  015.75495030 
111  50.01609204  015.75073347 
111  50.01601665  015.75073087 
111  50.01617204  015.74560584 
111  50.01595016  015.74560751 
111  50.01595521  015.74518575 
111  50.01590072  015.74518003 
111  50.01590415  015.74500552 
113  50.01549787  015.74496619 102 
110   2 0.00  92.80 TWY
111  50.01604943  015.72713224 102 
111  50.01593374  015.73130788 
112  50.01593374  015.73130788  50.01592565  015.73146690 102 
112  50.01568115  015.73165979  50.01557309  015.73165864 
111  50.01568115  015.73165979 102 
111  50.01425765  015.73155370 
112  50.01425765  015.73155370  50.01419001  015.73154226 102 
112  50.01403224  015.73117283  50.01402121  015.73094288 
111  50.01403224  015.73117283 
111  50.01399870  015.73216125 
112  50.01399870  015.73216125  50.01402499  015.73191009 102 
112  50.01426813  015.73175217  50.01440563  015.73173667 
111  50.01426813  015.73175217 102 
111  50.01565576  015.73185595 
112  50.01565576  015.73185595  50.01576942  015.73185779 102 
112  50.01590184  015.73223852  50.01589947  015.73240435 
111  50.01590184  015.73223852 102 
111  50.01587748  015.73307797 
111  50.01600632  015.73308481 102 
111  50.01600911  015.73303268 
111  50.01611402  015.73281110 
111  50.01618220  015.73281545 
111  50.01617383  015.73320212 
111  50.01657779  015.73321699 
111  50.01657821  015.73297251 
111  50.01631105  015.73295447 
111  50.01631342  015.73253634 
111  50.01616800  015.73252884 
111  50.01604304  015.73236597 102 
111  50.01607417  015.73126876 102 
111  50.01634413  015.73128179 
111  50.01644184  015.72775396 102 
111  50.01626756  015.72731884 102 
111  50.01618939  015.72730580 102 
113  50.01619160  015.72713186 
110   2 0.00  92.80 TWY
111  50.01587748  015.73307797 102 
111  50.01571842  015.73803870 102 
111  50.01570583  015.73803870 102 
111  50.01549787  015.74496619 
111  50.01590415  015.74500552 
111  50.01590885  015.74485482 
111  50.01596689  015.74485850 
111  50.01597938  015.74447960 
111  50.01592192  015.74447960 
111  50.01593030  015.74413386 
111  50.01598863  015.74413729 
111  50.01600039  015.74376274 
111  50.01594293  015.74375726 
111  50.01595043  015.74341723 
111  50.01601302  015.74342067 
111  50.01602110  015.74303673 
111  50.01596835  015.74303537 
111  50.01597644  015.74272072 
111  50.01606386  015.74273170 
111  50.01608591  015.74234503 
111  50.01595920  015.74234034 
111  50.01597124  015.74202045 
111  50.01611783  015.74202456 
111  50.01612619  015.74177681 
111  50.01589382  015.74175646 
111  50.01580528  015.74166366 102 
111  50.01585213  015.74012999 
111  50.01592808  015.74010760 
111  50.01616732  015.74012247 
111  50.01616703  015.74007813 
111  50.01593277  015.74006418 
111  50.01585710  015.74003217 102 
111  50.01589877  015.73842536 102 
111  50.01603728  015.73832105 
111  50.01615915  015.73832367 
111  50.01615994  015.73816189 
111  50.01607101  015.73815101 
111  50.01585994  015.73772486 102 
111  50.01586767  015.73757084 
112  50.01586767  015.73757084  50.01587134  015.73754567 
112  50.01599815  015.73737180  50.01607166  015.73732832 
111  50.01599815  015.73737180 
111  50.01603355  015.73739379 
111  50.01602835  015.73775560 
111  50.01642752  015.73778838 
111  50.01643078  015.73752621 
111  50.01615832  015.73750316 
111  50.01616435  015.73713252 
111  50.01603261  015.73710620 
111  50.01589840  015.73687845 102 
111  50.01591400  015.73640791 
112  50.01591400  015.73640791  50.01593752  015.73634041 
112  50.01610719  015.73618139  50.01617630  015.73615393 
111  50.01610719  015.73618139 
111  50.01623117  015.73619095 
111  50.01623290  015.73604258 
111  50.01611277  015.73602746 
111  50.01595429  015.73581369 102 
111  50.01595607  015.73560752 
111  50.01609223  015.73553395 
111  50.01609470  015.73576857 
111  50.01621526  015.73576561 
111  50.01621568  015.73532656 
111  50.01614617  015.73530988 
111  50.01597462  015.73513347 102 
111  50.01598160  015.73483403 
111  50.01606071  015.73474108 
111  50.01611813  015.73475556 
111  50.01611839  015.73506696 
111  50.01650229  015.73509357 
111  50.01651612  015.73485253 
111  50.01624795  015.73483529 
111  50.01625070  015.73448189 
111  50.01613550  015.73447462 
112  50.01613550  015.73447462  50.01612006  015.73447119 
112  50.01598421  015.73418910  50.01597245  015.73407355 
111  50.01598421  015.73418910 102 
111  50.01598996  015.73390569 
112  50.01598996  015.73390569  50.01601201  015.73380958 
112  50.01619847  015.73363782  50.01627199  015.73360464 
111  50.01619847  015.73363782 
111  50.01630841  015.73368636 
111  50.01630694  015.73347942 
111  50.01613803  015.73336592 
111  50.01600672  015.73315264 102 
113  50.01600632  015.73308481 
110   2 0.00  92.80 TWY
111  50.01619153  015.72711619 
111  50.01645944  015.72712754 
111  50.01646117  015.72703852 
113  50.01619462  015.72702343 
110   2 0.00  92.80 TWY
111  50.01432286  015.72190016 
112  50.01432286  015.72190016  50.01434859  015.72175372 102 
112  50.01449054  015.72155263  50.01458758  015.72146339 
111  50.01449054  015.72155263 102 
111  50.01460022  015.72152803 102 
111  50.01568970  015.72160754 102 
111  50.01603460  015.72175098 102 
111  50.01608791  015.72182804 102 
111  50.01613926  015.72249389 102 
111  50.01613130  015.72277905 102 
111  50.01620312  015.72279507 102 
111  50.01604943  015.72713224 
111  50.01619160  015.72713186 102 
111  50.01620435  015.72680093 102 
111  50.01632385  015.72651959 102 
111  50.01650671  015.72637673 102 
111  50.01676888  015.72639371 
111  50.01689769  015.72248397 102 
111  50.01662462  015.72245708 102 
111  50.01645977  015.72228847 102 
111  50.01636282  015.72200084 102 
111  50.01638010  015.72179923 102 
111  50.01643588  015.72168173 102 
111  50.01656039  015.72155452 102 
111  50.01673713  015.72157149 
111  50.01673211  015.72136130 102 
111  50.01558565  015.72127798 102 
111  50.01559447  015.72095927 
111  50.01504612  015.72092474 102 
111  50.01503680  015.72123411 102 
113  50.01434554  015.72119081 
130 Airport Boundary 4
111  50.00826775  015.76339898 
111  50.01851964  015.76339898 
111  50.01997946  015.71416021 
113  50.00992663  015.71374731 
120 Linie 4
112  50.01624217  015.72341241  50.01624872  015.72325278   1 
115  50.01636658  015.72325448 
120 Linie 3
111  50.01661538  015.72327146   1 
115  50.01660122  015.72365815 
120 Linie 4
112  50.01625308  015.72306257  50.01624872  015.72324599   1 
111  50.01636548  015.72325448   1 
111  50.01675506  015.72328505   1 
115  50.01674199  015.72366049 
120 Linie 2
112  50.01638278  015.72267025  50.01626734  015.72266323   1 
115  50.01626013  015.72283586 
120 Linie 1
111  50.01664145  015.72268746   1 
115  50.01663033  015.72302983 
120 Linie 2
112  50.01627141  015.72247331  50.01626438  015.72265656   1 
111  50.01638389  015.72267024   1 
111  50.01678304  015.72269693   1 
115  50.01677282  015.72303658 
120 Linie 5
112  50.01621668  015.72426244  50.01622308  015.72402126   1 
115  50.01635772  015.72402475 
120 Linie 5
112  50.01623205  015.72374681  50.01622413  015.72400778   1 
111  50.01635772  015.72402375   1 
111  50.01653414  015.72404254 
112  50.01653414  015.72404254  50.01665958  015.72403843   1 
111  50.01661528  015.72420286   1 
115  50.01669348  015.72435660 
120 Linie 9
112  50.01619213  015.72503250  50.01617686  015.72550461   1 
111  50.01640826  015.72552245   1 
111  50.01669991  015.72554279 
112  50.01669991  015.72554279  50.01684821  015.72618393   1 
111  50.01647712  015.72606674   1 
115  50.01643205  015.72617442 
120 Linie 6
112  50.01619781  015.72488363  50.01620507  015.72464177   1 
115  50.01634180  015.72465900 
120 Linie 10
112  50.01543479  015.75530079  50.01526410  015.75528687   1 
115  50.01526932  015.75505025 
120 Linie
112  50.01388221  015.74557588  50.01325094  015.74551153   1 
115  50.01326748  015.74478227 
120 Linie
112  50.01556929  015.74519409  50.01555275  015.74572173   1 
115  50.01525779  015.74567883 
120 Linie
112  50.01322337  015.74624937  50.01324543  015.74553727   1 
111  50.01387946  015.74557588   1 
111  50.01525503  015.74567883 
112  50.01525503  015.74567883  50.01554999  015.74569599   1 
115  50.01553897  015.74617215 
120 Linie
112  50.01427181  015.73164157  50.01368539  015.73160257   1 
115  50.01370293  015.73095131 
120 Linie
112  50.01599997  015.73130186  50.01598491  015.73177653   1 
115  50.01567612  015.73175602 
120 Linie
112  50.01366308  015.73230614  50.01368734  015.73153697   1 
111  50.01426955  015.73164079   1 
111  50.01567655  015.73175404 
112  50.01567655  015.73175404  50.01597675  015.73178707   1 
115  50.01596813  015.73229745 
120 Linie
112  50.01295062  015.75477050  50.01291645  015.75586243   1 
111  50.01350250  015.75592186   1 
111  50.01487092  015.75601624 
112  50.01487092  015.75601624  50.01524683  015.75604460   1 
111  50.01525296  015.75556324   1 
111  50.01628635  015.72197672 
112  50.01628635  015.72197672  50.01630050  015.72144617   1 
111  50.01593551  015.72146363   1 
111  50.01460170  015.72136295 
112  50.01460170  015.72136295  50.01402253  015.72132992   1 
115  50.01397230  015.72218911 
120 HoldingPoint
111  50.01378101  015.75603510   4 
115  50.01378588  015.75583945 
120 Linie
111  50.01490238  015.75592613   2 
115  50.01489771  015.75611985 
120 HoldingPoint
111  50.01410338  015.74568933   4 
115  50.01410725  015.74550138 
120 HoldingPoint
111  50.01451645  015.73176288   4 
115  50.01452313  015.73157636 
120 Linie
111  50.01563640  015.73165557   2 
115  50.01563173  015.73184687 
120 Linie
111  50.01637003  015.72188169   2 
115  50.01610083  015.72186958 
120 Linie
111  50.01591410  015.72169039   2 
115  50.01592344  015.72130293 
120 HoldingPoint
111  50.01481506  015.72152815   4 
115  50.01482440  015.72121335 
120 Linie 6
112  50.01621155  015.72444004  50.01620921  015.72465482   1 
111  50.01634254  015.72465846   1 
111  50.01664786  015.72468175 
112  50.01664786  015.72468175  50.01670565  015.72476374   1 
111  50.01665274  015.72483876   1 
115  50.01669188  015.72489971 
120 Linie 10
112  50.01525560  015.75548280  50.01526231  015.75531113   1 
111  50.01543593  015.75530053   1 
111  50.01574172  015.75532236 
112  50.01574172  015.75532236  50.01588808  015.75572877   1 
111  50.01561412  015.75578420   1 
115  50.01550517  015.75597386 
120 Linie
111  50.01523148  015.74577947   2 
115  50.01523812  015.74558785 
14   50.01611009  015.73979661   82 0 TW
15   50.01552800  015.75593600 137.75 East 10 Heavy
15   50.01663100  015.72298300  90.01 West 1 Small
15   50.01677500  015.72299200  89.36 West 2 Small
15   50.01660300  015.72360800  90.03 West 3 Small
15   50.01674400  015.72361900  89.70 West 4 Small
15   50.01666900  015.72430800  48.86 West 5 Medium
15   50.01666400  015.72485800  45.00 West 6 Medium
15   50.01645300  015.72612500 126.41 West 9 Heavy
18   50.01608166  015.74027783 1 BCN
19   50.01572267  015.72343026 1 WS1
19   50.01462792  015.75366357 1 WS2
54 12015 MTWR

99
