I
1050 Generated by WorldEditor 2.1.0r1

1    899 0 0 HSMR Merowe Airstrip
1302 city Merowe
1302 country Sudan
1302 icao_code HSMR
100 30.48 4 0 0.00 0 0 0 02  18.44777190  031.81537968  137    0 1 0 0 0 20  18.46301061  031.82200936  137    0 1 0 0 0
110 4 0.00 153.0000 Taxiway
111  18.44772560  031.81547138
112  18.44772204  031.81553891  18.44775763  031.81555017
112  18.44876848  031.81599292  18.44878983  031.81599667
112  18.44899331  031.81609485  18.44902534  031.81610986
112  18.46087817  031.82126344  18.46091376  031.82128971
112  18.46094580  031.82149984  18.46095292  031.82156739
112  18.46119851  031.82180004  18.46129461  031.82183756
112  18.46153308  031.82182255  18.46157936  031.82179628
112  18.46163986  031.82162743  18.46165054  031.82161242
112  18.46171817  031.82162743  18.46172885  031.82163118
112  18.46181783  031.82165369  18.46182495  031.82164619
112  18.46189969  031.82159365  18.46193529  031.82160491
112  18.46295681  031.82204019  18.46298173  031.82204394
112  18.46303868  031.82196889  18.46298173  031.82192386
112  18.46196376  031.82150360  18.46194953  031.82149234
112  18.46192817  031.82136851  18.46187478  031.82133099
112  18.46168258  031.82115087  18.46160071  031.82111335
112  18.46114512  031.82101954  18.46105258  031.82097826
112  18.45650732  031.81901203  18.45648953  031.81900077
112  18.45642190  031.81882817  18.45645038  031.81873436
112  18.45659631  031.81838915  18.45663546  031.81829909
112  18.45674936  031.81831035  18.45677427  031.81832161
112  18.45698071  031.81840041  18.45700919  031.81840041
112  18.45704478  031.81832536  18.45706614  031.81826157
112  18.45725478  031.81764620  18.45726190  031.81761618
112  18.45714800  031.81756365  18.45711953  031.81754489
112  18.45626885  031.81733476  18.45624393  031.81733476
112  18.45616919  031.81738354  18.45615851  031.81744733
112  18.45603038  031.81790511  18.45603038  031.81793888
112  18.45605173  031.81801767  18.45610868  031.81803268
112  18.45632580  031.81816401  18.45636851  031.81818277
112  18.45636851  031.81829159  18.45634004  031.81833287
112  18.45620834  031.81876438  18.45618343  031.81880565
112  18.45606241  031.81880565  18.45599478  031.81877563
112  18.45292309  031.81740606  18.45286614  031.81736103
112  18.45247817  031.81713590  18.45243902  031.81712464
112  18.45207506  031.81705926  18.45192309  031.81699517
112  18.45010055  031.81619411  18.45001868  031.81614158
112  18.44982292  031.81588643  18.44978733  031.81577011
112  18.44922851  031.81547370  18.44892597  031.81558251
112  18.44874089  031.81559377  18.44861987  031.81556750
112  18.44785818  031.81522981  18.44783682  031.81522981
114  18.44777631  031.81528609  18.44774784  031.81534988
110 2 0.00 153.0000 Taxiway
111  18.45695343  031.81855543
111  18.45676953  031.81848351
111  18.45673987  031.81856794
113  18.45691190  031.81864924
130 Airport Boundary
111  18.46402365  031.82049654
111  18.46404836  031.82032285
111  18.46397972  031.82014625
111  18.46317515  031.81903748
111  18.46303510  031.81898248
111  18.45785894  031.81726871
111  18.45688962  031.81698791
111  18.44797619  031.81458240
111  18.44747368  031.81464898
111  18.44711800  031.81578531
111  18.44726984  031.81652561
111  18.44799109  031.81680572
111  18.45029718  031.81805621
111  18.45135058  031.81820127
111  18.45175865  031.81856143
111  18.45278358  031.81916670
111  18.45582989  031.82080239
111  18.45848237  031.82189286
111  18.46041834  031.82257315
111  18.46234483  031.82325846
111  18.46272443  031.82316341
113  18.46371140  031.82052211
14  18.45730639  031.81810828 265.75 0 Tower Viewpoint
1300  18.45682629  031.81766165 252.67 gate jets|turboprops|props|fighters Ramp
1301 D airline 
99
