A
1000 Generated by Infinite Flight Airport Editing (World Parser)/AB

1     1037 0 0 YBWR BOLWARRA
100   49.99   4   0 0.25 0 0 0 4   -17.38366382  144.17359220    0.00    0.00 0  0 0 0 22  -17.39081300  144.16514900    0.00    0.00 0  0 0 0
110   4 0.25   0.00 New Taxiway 37
111 -17.39500265  144.15733757 
112 -17.39471126  144.15897523 -17.39468477  144.15950262 
112 -17.39434039  144.16003000 -17.39404900  144.16058514 
112 -17.39336026  144.16250038 -17.39325430  144.16288898 
112 -17.39259204  144.16394375 -17.39222118  144.16427683 
112 -17.39153243  144.16510954 -17.39124104  144.16552590 
112 -17.38898938  144.16796852 -17.38877746  144.16830161 
112 -17.38872448  144.16869021 -17.38861852  144.16882899 
112 -17.38787679  144.16955068 -17.38779732  144.16960619 
112 -17.38753242  144.17010582 -17.38745295  144.17027236 
112 -17.38690431  144.17141970 -17.38666941  144.17177287 
112 -17.38635280  144.17211533 -17.38629152  144.17235077 
112 -17.38641722  144.17430598 -17.38656196  144.17500746 
112 -17.38745857  144.17714082 -17.38796518  144.17803190 
112 -17.38843560  144.17852483 -17.38859844  144.17863859 
111 -17.38934026  144.17905568 
111 -17.38901458  144.17909360 
112 -17.38818230  144.17844900 -17.38796518  144.17820253 
112 -17.38715099  144.17679956 -17.38698815  144.17655310 
111 -17.38678912  144.17611704 
111 -17.38662629  144.17619288 
112 -17.38649963  144.17604120 -17.38649963  144.17600329 
112 -17.38660819  144.17577578 -17.38662629  144.17577578 
111 -17.38668057  144.17573786 
112 -17.38655391  144.17543452 -17.38655391  144.17539660 
112 -17.38621014  144.17401259 -17.38608349  144.17334903 
112 -17.38617396  144.17204086 -17.38617396  144.17185127 
111 -17.38642726  144.17101707 
111 -17.38266716  144.17565078 
111 -17.38168977  144.17472080 
111 -17.38386924  144.17262538 
111 -17.38483467  144.17151985 
111 -17.38646590  144.16962537 
111 -17.38853214  144.16710413 
112 -17.39039276  144.16480226 -17.39048248  144.16469257 
112 -17.39169367  144.16309435 -17.39172358  144.16304735 
112 -17.39247123  144.16207588 -17.39250113  144.16201320 
111 -17.39253104  144.16193486 
111 -17.39326374  144.16097906 
111 -17.39317402  144.16101040 
111 -17.39253104  144.16160581 
111 -17.39226189  144.16165282 
112 -17.39386963  144.16002344 -17.39407354  144.15971006 
112 -17.39435901  144.15909755 -17.39435901  144.15891237 
111 -17.39438141  144.15826353 
114 -17.39472494  144.15745600 -17.39486421  144.15731006 
111 -17.39287818  144.16163664 
111 -17.39274541  144.16173296 
111 -17.39267392  144.16185068 
112 -17.39260243  144.16203261 -17.39260243  144.16210753 
112 -17.39239816  144.16237508 -17.39236752  144.16240719 
111 -17.39215305  144.16265333 
112 -17.39189772  144.16299580 -17.39187730  144.16301721 
112 -17.39160154  144.16352020 -17.39158112  144.16358442 
112 -17.39135643  144.16383056 -17.39132579  144.16385197 
112 -17.39106025  144.16413022 -17.39106025  144.16414092 
111 -17.39061087  144.16485796 
111 -17.39037597  144.16497569 
111 -17.38951807  144.16608870 
111 -17.38782530  144.16811050 
111 -17.38749535  144.16850448 
111 -17.38620282  144.17001218 
111 -17.38628453  144.16999077 
112 -17.38650921  144.16978744 -17.38653985  144.16976604 
111 -17.38671348  144.16971253 
111 -17.38525724  144.17148696 
112 -17.38527413  144.17123932 -17.38528257  144.17119509 
112 -17.38540917  144.17105358 -17.38545138  144.17099167 
112 -17.38571304  144.17071749 -17.38574680  144.17063789 
111 -17.38576368  144.17057598 
111 -17.38536397  144.17101400 
111 -17.38411148  144.17250352 
111 -17.38190515  144.17457647 
111 -17.38180386  144.17470029 
111 -17.38265166  144.17555244 
111 -17.38289898  144.17521355 
111 -17.38420694  144.17364284 
111 -17.38415042  144.17363781 
112 -17.38469416  144.17298258 -17.38473494  144.17292561 
112 -17.38542822  144.17209945 -17.38548259  144.17202823 
112 -17.38628112  144.17103999 -17.38629040  144.17101081 
112 -17.38688462  144.17029085 -17.38692176  144.17024221 
111 -17.38892724  144.16781966 
111 -17.38872298  144.16787804 
111 -17.38964022  144.16671609 
111 -17.38955050  144.16701380 
111 -17.38922153  144.16746820 
111 -17.38938602  144.16734285 
112 -17.38964022  144.16704514 -17.38970003  144.16699813 
112 -17.39056730  144.16604233 -17.39058226  144.16602666 
112 -17.39191307  144.16439709 -17.39209251  144.16417773 
112 -17.39271017  144.16353682 -17.39275659  144.16349790 
112 -17.39286801  144.16310873 -17.39290515  144.16293360 
112 -17.39313727  144.16207742 -17.39319297  144.16175635 
113 -17.39272874  144.16199959 
111 -17.38727793  144.17018504 
112 -17.38680813  144.17073084 -17.38667536  144.17091277 
112 -17.38648131  144.17141576 -17.38643024  144.17160839 
111 -17.38640982  144.17171541 
112 -17.38679792  144.17135155 -17.38691026  144.17119102 
114 -17.38708388  144.17077364 -17.38714516  144.17058101 
14  -17.38649236  144.17100825    6 0 New Tower Viewpoint 57
15  -17.38909119  144.16766460   0.00 New Ramp Start 55
19  -17.38747926  144.16995689 0 New Windsock 56


130 Airport Boundary
111 -017.39500237  144.15733337
111 -017.39472580  144.15745544
111 -017.38168907  144.17472839
111 -017.38266754  144.17564392
111 -017.38901520  144.17909241
111 -017.38933945  144.17906189
113 -017.39471054  144.15898132
99
