I
1100 Generated by WorldEditor 2.2.0r2

1    764 0 0 KGBG Galesburg
100 45.72 1 0 0.25 0 3 0 03  40.93090777 -090.43649021    0    0 3 8 0 0 21  40.94492177 -090.42659321    0    0 2 0 0 1
100 30.48 1 0 0.25 0 2 0 10  40.93909400 -090.43685300    0    0 2 0 0 0 28  40.93721100 -090.42406400    0    0 2 0 0 0
110 2 0.00 0.0000 New Taxiway 105
111  40.94524096 -090.42967295
111  40.94528486 -090.42964360
111  40.94530348 -090.42968762
111  40.94533762 -090.42966297
111  40.94535889 -090.42971579
111  40.94532387 -090.42974279
111  40.94534072 -090.42978680
113  40.94529768 -090.42981675
110 2 0.00 0.0000 New Taxiway 105
111  40.94530818 -090.42984339
111  40.94535224 -090.42981321
111  40.94537086 -090.42985723
111  40.94540500 -090.42983258
111  40.94542628 -090.42988540
111  40.94539126 -090.42991240
111  40.94540810 -090.42995642
113  40.94536471 -090.42998674
110 2 0.00 0.0000 New Taxiway 105
111  40.94537470 -090.43001206
111  40.94541874 -090.42998165
111  40.94543736 -090.43002567
111  40.94547149 -090.43000102
111  40.94549277 -090.43005384
111  40.94545775 -090.43008084
111  40.94547460 -090.43012485
113  40.94543141 -090.43015586
110 2 0.00 0.0000 New Taxiway 105
111  40.94544220 -090.43018321
111  40.94548612 -090.43015244
111  40.94550474 -090.43019645
111  40.94553888 -090.43017181
111  40.94556015 -090.43022463
111  40.94552513 -090.43025162
111  40.94554198 -090.43029564
113  40.94549879 -090.43032671
110 1 0.00 0.0000 New Taxiway 104
111  40.94513362 -090.42940076
111  40.94524096 -090.42967295
111  40.94529768 -090.42981675
111  40.94530818 -090.42984339
111  40.94536471 -090.42998674
111  40.94537470 -090.43001206
111  40.94543141 -090.43015586
111  40.94544220 -090.43018321
111  40.94549879 -090.43032671
111  40.94538297 -090.43039827
111  40.94510720 -090.42971773
112  40.94501564 -090.42971043  40.94496931 -090.42974402
111  40.94501564 -090.42971043
112  40.94501564 -090.42971043  40.94501123 -090.42971189
111  40.94438578 -090.43013978
113  40.94431197 -090.42997082
110 2 0.00 0.0000 New Taxiway 103
111  40.93881205 -090.43063547
111  40.93880279 -090.43060919
112  40.93884250 -090.43044447  40.93882397 -090.43033233
111  40.93884250 -090.43044447
112  40.93884250 -090.43044447  40.93884250 -090.43043396
111  40.93835263 -090.42714864
112  40.93817790 -090.42701197  40.93803970 -090.42700986
111  40.93817790 -090.42701197
112  40.93817790 -090.42701197  40.93817154 -090.42700776
112  40.93792904 -090.42707855  40.93792428 -090.42708486
111  40.93792904 -090.42707855
112  40.93792904 -090.42707855  40.93781944 -090.42713322
111  40.93782844 -090.42728181
111  40.93780197 -090.42728707
111  40.93773578 -090.42681221
111  40.93775696 -090.42680695
112  40.93791845 -090.42694889  40.93804870 -090.42692786
111  40.93791845 -090.42694889
112  40.93791845 -090.42694889  40.93792481 -090.42694678
112  40.93816598 -090.42688405  40.93817234 -090.42688405
111  40.93816598 -090.42688405
112  40.93816598 -090.42688405  40.93829624 -090.42681677
111  40.93827982 -090.42665626
112  40.93793259 -090.42428688  40.93792802 -090.42428385
111  40.93793259 -090.42428688
112  40.93793259 -090.42428688  40.93787083 -090.42409007
111  40.93774388 -090.42411278
112  40.93750181 -090.42417333  40.93749952 -090.42417939
111  40.93750181 -090.42417333
112  40.93750181 -090.42417333  40.93738744 -090.42420361
111  40.93739506 -090.42436510
111  40.93736838 -090.42436257
111  40.93731691 -090.42403203
111  40.93801074 -090.42386298
112  40.93897180 -090.43037722  40.93897047 -090.43037897
111  40.93897180 -090.43037722
112  40.93897180 -090.43037722  40.93899033 -090.43044906
111  40.93903931 -090.43044380
113  40.93905122 -090.43047184
110 1 0.00 0.0000 New Taxiway 102
111  40.93851169 -090.43210610
111  40.93853154 -090.43209588
112  40.93861207 -090.43216013  40.93866281 -090.43214115
111  40.93861207 -090.43216013
112  40.93861207 -090.43216013  40.93861537 -090.43215867
112  40.93898049 -090.43190167  40.93898049 -090.43190313
111  40.93898049 -090.43190167
112  40.93898049 -090.43190167  40.93903675 -090.43184764
111  40.93903850 -090.43175305
111  40.93909632 -090.43214261
112  40.93900256 -090.43208420  40.93895071 -090.43210318
111  40.93900256 -090.43208420
112  40.93900256 -090.43208420  40.93900035 -090.43208274
112  40.93865509 -090.43233536  40.93865398 -090.43233974
111  40.93865509 -090.43233536
112  40.93865509 -090.43233536  40.93861096 -090.43237625
111  40.93859442 -090.43248138
113  40.93856794 -090.43249452
110 2 0.00 0.0000 New Taxiway 101
111  40.93915790 -090.43647931
111  40.93918013 -090.43647090
112  40.93933580 -090.43661178  40.93946129 -090.43659706
111  40.93933580 -090.43661178
112  40.93933580 -090.43661178  40.93934057 -090.43661389
111  40.93948194 -090.43657393
112  40.93964396 -090.43643305  40.93969479 -090.43634263
111  40.93968526 -090.43614918
111  40.93909674 -090.43214907
111  40.93903850 -090.43175305
112  40.93895643 -090.43122036  40.93895325 -090.43121826
111  40.93895643 -090.43122036
112  40.93895643 -090.43122036  40.93893737 -090.43116359
111  40.93888363 -090.43116604
111  40.93887171 -090.43112924
111  40.93912719 -090.43095577
111  40.93913248 -090.43099958
112  40.93908483 -090.43114326  40.93908165 -090.43125471
111  40.93908483 -090.43114326
112  40.93908483 -090.43114326  40.93908483 -090.43114536
111  40.93915953 -090.43166180
111  40.93921481 -090.43203393
111  40.93982429 -090.43618918
112  40.93975281 -090.43653613  40.93967339 -090.43668122
111  40.93951295 -090.43674640
113  40.93920321 -090.43682420
110 1 0.00 0.0000 New Taxiway 99
111  40.93120725 -090.43654603
111  40.93122048 -090.43657406
112  40.93117945 -090.43678081  40.93120923 -090.43691660
111  40.93117945 -090.43678081
112  40.93117945 -090.43678081  40.93118055 -090.43678227
112  40.93128777 -090.43705705  40.93128887 -090.43706143
111  40.93128777 -090.43705705
112  40.93128777 -090.43705705  40.93139256 -090.43719868
111  40.93152493 -090.43716276
111  40.93425628 -090.43523193
112  40.93432357 -090.43495743  40.93430041 -090.43474571
111  40.93432357 -090.43495743
112  40.93432357 -090.43495743  40.93432136 -090.43495451
112  40.93418569 -090.43461284  40.93418348 -090.43460992
111  40.93418569 -090.43461284
112  40.93418569 -090.43461284  40.93413494 -090.43456173
111  40.93405994 -090.43456612
111  40.93404780 -090.43454275
111  40.93435335 -090.43432373
111  40.93436328 -090.43435001
112  40.93431475 -090.43455443  40.93431695 -090.43469314
111  40.93431475 -090.43455443
112  40.93431475 -090.43455443  40.93431695 -090.43455881
112  40.93443167 -090.43485084  40.93443278 -090.43485376
111  40.93443167 -090.43485084
112  40.93443167 -090.43485084  40.93450889 -090.43498079
111  40.93466001 -090.43495305
111  40.93593484 -090.43405200
112  40.93600368 -090.43374186  40.93596264 -090.43354912
111  40.93600368 -090.43374186
112  40.93600368 -090.43374186  40.93600368 -090.43374011
112  40.93588454 -090.43344574  40.93588322 -090.43344574
111  40.93588454 -090.43344574
112  40.93588454 -090.43344574  40.93582101 -090.43336514
111  40.93574423 -090.43338441
111  40.93573364 -090.43334937
111  40.93604736 -090.43312859
111  40.93605795 -090.43315838
112  40.93600632 -090.43336864  40.93603809 -090.43350882
111  40.93600632 -090.43336864
112  40.93600632 -090.43336864  40.93600765 -090.43337039
112  40.93612148 -090.43364899  40.93612413 -090.43365600
111  40.93612148 -090.43364899
112  40.93612148 -090.43364899  40.93621282 -090.43380494
111  40.93633063 -090.43376989
112  40.93822051 -090.43243755  40.93822161 -090.43243463
111  40.93822051 -090.43243755
112  40.93822051 -090.43243755  40.93828890 -090.43232949
111  40.93828245 -090.43221676
111  40.93830805 -090.43219269
111  40.93837336 -090.43262903
111  40.93834282 -090.43264362
112  40.93826022 -090.43261207  40.93821058 -090.43262960
111  40.93826022 -090.43261207
112  40.93826022 -090.43261207  40.93825691 -090.43261354
111  40.93131716 -090.43750824
113  40.93099153 -090.43669248
110 1 0.00 0.0000 New Taxiway 98
111  40.93921481 -090.43203393
111  40.93915953 -090.43166180
112  40.93924886 -090.43170953  40.93930937 -090.43167302
111  40.93924886 -090.43170953
112  40.93924886 -090.43170953  40.93924986 -090.43170820
111  40.94173659 -090.42995419
112  40.94177964 -090.42976387  40.94175448 -090.42966574
111  40.94177964 -090.42976387
112  40.94177964 -090.42976387  40.94177926 -090.42976338
112  40.94162156 -090.42937832  40.94161759 -090.42937657
111  40.94162156 -090.42937832
112  40.94162156 -090.42937832  40.94157258 -090.42931349
111  40.94148186 -090.42933393
111  40.94146898 -090.42929148
111  40.94177354 -090.42906144
111  40.94178874 -090.42911471
112  40.94174597 -090.42930232  40.94176450 -090.42938818
111  40.94174597 -090.42930232
112  40.94174597 -090.42930232  40.94174862 -090.42930232
112  40.94190189 -090.42967850  40.94190128 -090.42967931
111  40.94190189 -090.42967850
112  40.94190189 -090.42967850  40.94195748 -090.42976612
111  40.94205028 -090.42973298
111  40.94323253 -090.42889872
112  40.94327309 -090.42869569  40.94324331 -090.42857010
111  40.94327309 -090.42869569
112  40.94327309 -090.42869569  40.94327089 -090.42869276
112  40.94312042 -090.42831602  40.94311931 -090.42831456
111  40.94312042 -090.42831602
112  40.94312042 -090.42831602  40.94308843 -090.42825468
111  40.94299964 -090.42825476
111  40.94299119 -090.42822600
111  40.94325809 -090.42803751
111  40.94326895 -090.42806369
112  40.94323949 -090.42822748  40.94325824 -090.42830196
111  40.94323949 -090.42822748
112  40.94323949 -090.42822748  40.94324170 -090.42823332
112  40.94339469 -090.42861546  40.94339800 -090.42861838
111  40.94339469 -090.42861546
112  40.94339469 -090.42861546  40.94342558 -090.42869724
111  40.94353655 -090.42868367
111  40.94494762 -090.42768526
112  40.94504514 -090.42749909  40.94507179 -090.42737861
111  40.94504808 -090.42728870
112  40.94495419 -090.42704513  40.94495328 -090.42704513
111  40.94495419 -090.42704513
112  40.94495419 -090.42704513  40.94490088 -090.42696725
111  40.94481732 -090.42697784
111  40.94480998 -090.42694768
111  40.94501115 -090.42680018
111  40.94538085 -090.42771573
111  40.94530694 -090.42776100
112  40.94521438 -090.42770072  40.94514697 -090.42772912
111  40.94521438 -090.42770072
112  40.94521438 -090.42770072  40.94521208 -090.42769971
112  40.94361031 -090.42883691  40.94360872 -090.42884113
111  40.94361031 -090.42883691
112  40.94361031 -090.42883691  40.94353788 -090.42889495
111  40.94356131 -090.42902969
112  40.94364778 -090.42925089  40.94365159 -090.42925846
111  40.94364778 -090.42925089
112  40.94364778 -090.42925089  40.94368590 -090.42931650
111  40.94378694 -090.42932649
111  40.94349467 -090.42953888
112  40.94353264 -090.42933764  40.94351167 -090.42926446
111  40.94353264 -090.42933764
112  40.94353264 -090.42933764  40.94352883 -090.42932502
112  40.94344136 -090.42911823  40.94343373 -090.42911066
111  40.94344136 -090.42911823
112  40.94344136 -090.42911823  40.94339370 -090.42902738
111  40.94328932 -090.42906244
112  40.94210865 -090.42989631  40.94210777 -090.42990039
111  40.94210865 -090.42989631
112  40.94210865 -090.42989631  40.94205174 -090.42993135
111  40.94206471 -090.43009594
112  40.94215159 -090.43030404  40.94215556 -090.43031455
111  40.94215159 -090.43030404
112  40.94215159 -090.43030404  40.94219792 -090.43038990
111  40.94230516 -090.43037537
111  40.94209602 -090.43052783
111  40.94195005 -090.43017709
112  40.94178353 -090.43012377  40.94170146 -090.43017284
111  40.94178353 -090.43012377
112  40.94178353 -090.43012377  40.94177956 -090.43012202
112  40.93927791 -090.43189298  40.93927655 -090.43189478
111  40.93927791 -090.43189298
114  40.93927791 -090.43189298  40.93923042 -090.43192442
110 2 0.00 0.0000 New Taxiway 88
111  40.94209602 -090.43052783
111  40.94230516 -090.43037537
111  40.94349467 -090.42953888
111  40.94378694 -090.42932649
111  40.94541504 -090.42817721
112  40.94543159 -090.42806914  40.94541968 -090.42801482
111  40.94543159 -090.42806914
112  40.94543159 -090.42806914  40.94543027 -090.42806564
111  40.94530694 -090.42776100
111  40.94538085 -090.42771573
111  40.94579394 -090.42873205
112  40.94584292 -090.42879689  40.94587049 -090.42880176
111  40.94590645 -090.42877761
111  40.94609415 -090.42865178
112  40.94625141 -090.42863496  40.94632765 -090.42866440
111  40.94639119 -090.42879058
111  40.94651826 -090.42911654
111  40.94665487 -090.42915229
111  40.94674541 -090.42936889
111  40.94664534 -090.42943829
111  40.94667075 -090.42950769
111  40.94568275 -090.43019745
111  40.94532535 -090.42929739
111  40.94528564 -090.42929529
111  40.94513362 -090.42940076
111  40.94431197 -090.42997082
113  40.94240587 -090.43129326
111  40.94578677 -090.42919313
111  40.94594212 -090.42908603
111  40.94587685 -090.42899598
112  40.94575919 -090.42896799  40.94572058 -090.42900936
111  40.94575919 -090.42896799
112  40.94575919 -090.42896799  40.94569117 -090.42901301
113  40.94573805 -090.42910307
111  40.94611990 -090.42896117
111  40.94633776 -090.42881391
112  40.94625503 -090.42871169  40.94619619 -090.42867153
111  40.94613920 -090.42870439
111  40.94596639 -090.42881391
114  40.94605555 -090.42887842  40.94609232 -090.42891249
111  40.94549292 -090.42940535
111  40.94562069 -090.42931042
111  40.94556646 -090.42916804
112  40.94547637 -090.42916073  40.94543225 -090.42918872
113  40.94544052 -090.42927148
110 2 0.00 0.0000 New Taxiway 100
112  40.93820197 -090.43172277  40.93820038 -090.43172067
111  40.93820197 -090.43172277
112  40.93820197 -090.43172277  40.93818608 -090.43168282
111  40.93814478 -090.43168492
111  40.93805901 -090.43112981
112  40.93808221 -090.43108694  40.93808827 -090.43107128
111  40.93809762 -090.43103328
111  40.93834765 -090.43083140
112  40.93837786 -090.43086107  40.93839105 -090.43086993
111  40.93842594 -090.43087117
112  40.93854666 -090.43141157  40.93854666 -090.43141788
111  40.93854666 -090.43141157
112  40.93854666 -090.43141157  40.93847359 -090.43148516
113  40.93847041 -090.43165758
130 Airport Boundary 144
111  40.93224831 -090.42221944
111  40.94734259 -090.42214170
111  40.94751904 -090.44079375
113  40.92460503 -090.44114380
120 Linear Feature 143
111  40.94564705 -090.42891221 20
115  40.94562836 -090.42886223
120 Linear Feature 143
111  40.94559817 -090.42894541 20
115  40.94557948 -090.42889543
120 Linear Feature 143
111  40.94554928 -090.42897858 20
115  40.94552958 -090.42892933
120 Linear Feature 143
111  40.94549984 -090.42901218 20
115  40.94548015 -090.42896292
120 Linear Feature 143
111  40.94545102 -090.42904533 20
115  40.94543128 -090.42899613
120 Linear Feature 143
111  40.94540163 -090.42907887 20
115  40.94538254 -090.42902929
120 Linear Feature 143
111  40.94535376 -090.42911135 20
115  40.94533467 -090.42906177
120 Linear Feature 143
111  40.94530387 -090.42914526 20
115  40.94528478 -090.42909568
120 Linear Feature 143
111  40.94525658 -090.42917737 20
115  40.94523694 -090.42912819
120 Linear Feature 143
111  40.94520503 -090.42921238 20
115  40.94518699 -090.42916213
120 Linear Feature 143
111  40.94515753 -090.42924374 20
115  40.94513869 -090.42919495
120 Linear Feature 143
111  40.94510835 -090.42927803 20
115  40.94509158 -090.42922696
120 Linear Feature 142
111  40.94478247 -090.42862481 20
111  40.94504167 -090.42926088 20
111  40.94506160 -090.42930978 20
111  40.94510835 -090.42927803 20
111  40.94515753 -090.42924374 20
111  40.94520503 -090.42921238 20
111  40.94525658 -090.42917737 20
111  40.94530387 -090.42914526 20
111  40.94535376 -090.42911135 20
111  40.94540163 -090.42907887 20
111  40.94545102 -090.42904533 20
111  40.94549984 -090.42901218 20
111  40.94554928 -090.42897858 20
111  40.94559817 -090.42894541 20
111  40.94564705 -090.42891221 20
111  40.94571656 -090.42886501 20
111  40.94567668 -090.42882937 20
111  40.94562836 -090.42886223 20
111  40.94557948 -090.42889543 20
111  40.94552958 -090.42892933 20
111  40.94548015 -090.42896292 20
111  40.94543128 -090.42899613 20
111  40.94538254 -090.42902929 20
111  40.94533467 -090.42906177 20
111  40.94528478 -090.42909568 20
111  40.94523694 -090.42912819 20
111  40.94518699 -090.42916213 20
111  40.94513869 -090.42919495 20
111  40.94509158 -090.42922696 20
115  40.94504167 -090.42926088
120 Linear Feature 141
111  40.94483429 -090.42865434 20
115  40.94487794 -090.42862354
120 Linear Feature 141
111  40.94482764 -090.42922244 20
115  40.94478370 -090.42925252
120 Linear Feature 141
111  40.94428295 -090.42904490 20
115  40.94432703 -090.42901519
120 Linear Feature 141
111  40.94513308 -090.42854023 20
115  40.94517674 -090.42850943
120 Linear Feature 141
111  40.94489536 -090.42880022 20
115  40.94493901 -090.42876941
120 Linear Feature 141
111  40.94476795 -090.42907556 20
115  40.94472401 -090.42910565
120 Linear Feature 141
111  40.94434193 -090.42919228 20
115  40.94438602 -090.42916257
120 Linear Feature 141
111  40.94420522 -090.42947092 20
115  40.94416134 -090.42950115
120 Linear Feature 141
111  40.94536149 -090.42884114 20
115  40.94531795 -090.42887223
120 Linear Feature 141
111  40.94512377 -090.42910113 20
115  40.94508023 -090.42913222
120 Linear Feature 141
111  40.94530168 -090.42869702 20
115  40.94525814 -090.42872811
120 Linear Feature 141
111  40.94506395 -090.42895701 20
115  40.94502042 -090.42898810
120 Linear Feature 141
111  40.94459482 -090.42892066 20
115  40.94463864 -090.42889029
120 Linear Feature 141
111  40.94451431 -090.42934865 20
115  40.94447034 -090.42937864
120 Linear Feature 141
111  40.94403181 -090.42931658 20
115  40.94407558 -090.42928607
120 Linear Feature 141
111  40.94519134 -090.42868559 20
115  40.94523499 -090.42865479
120 Linear Feature 141
111  40.94495361 -090.42894558 20
115  40.94499727 -090.42891477
120 Linear Feature 141
111  40.94471107 -090.42892925 20
115  40.94466713 -090.42895934
120 Linear Feature 141
111  40.94439810 -090.42933906 20
115  40.94444219 -090.42930935
120 Linear Feature 141
111  40.94414807 -090.42932480 20
115  40.94410419 -090.42935503
120 Linear Feature 141
111  40.94524528 -090.42855204 20
115  40.94520174 -090.42858313
120 Linear Feature 141
111  40.94500755 -090.42881203 20
115  40.94496402 -090.42884312
120 Linear Feature 141
111  40.94465224 -090.42906660 20
115  40.94469607 -090.42903623
120 Linear Feature 141
111  40.94445759 -090.42920223 20
115  40.94441362 -090.42923222
120 Linear Feature 141
111  40.94408950 -090.42946233 20
115  40.94413327 -090.42943182
120 Linear Feature 141
111  40.94537490 -090.42828069 20
115  40.94541855 -090.42824988
120 Linear Feature 141
111  40.94543002 -090.42841980 20
115  40.94547368 -090.42838900
120 Linear Feature 141
111  40.94548859 -090.42856576 20
115  40.94553225 -090.42853496
120 Linear Feature 141
111  40.94555061 -090.42870716 20
115  40.94559426 -090.42867635
120 Linear Feature 141
111  40.94530771 -090.42896714 20
115  40.94535137 -090.42893634
120 Linear Feature 141
111  40.94524910 -090.42882777 20
115  40.94529275 -090.42879697
120 Linear Feature 141
111  40.94501137 -090.42908776 20
115  40.94505503 -090.42905695
120 Linear Feature 141
111  40.94465465 -090.42878613 20
115  40.94461071 -090.42881622
120 Linear Feature 141
111  40.94445383 -090.42948266 20
115  40.94449791 -090.42945295
120 Linear Feature 141
111  40.94409139 -090.42918186 20
115  40.94404751 -090.42921209
120 Linear Feature 141
111  40.94518460 -090.42841024 20
115  40.94514106 -090.42844133
120 Linear Feature 141
111  40.94494688 -090.42867023 20
115  40.94490334 -090.42870132
120 Linear Feature 141
111  40.94470919 -090.42920935 20
115  40.94475302 -090.42917898
120 Linear Feature 141
111  40.94440134 -090.42905899 20
115  40.94435736 -090.42908899
120 Linear Feature 141
111  40.94414671 -090.42960490 20
115  40.94419048 -090.42957439
120 Linear Feature 140
111  40.94484929 -090.42869151 20
115  40.94481784 -090.42861473
120 Linear Feature 140
111  40.94481299 -090.42918503 20
115  40.94484372 -090.42926232
120 Linear Feature 140
111  40.94429742 -090.42908243 20
115  40.94426707 -090.42900489
120 Linear Feature 140
111  40.94514809 -090.42857740 20
115  40.94511664 -090.42850062
120 Linear Feature 140
111  40.94491036 -090.42883738 20
115  40.94487891 -090.42876061
120 Linear Feature 140
111  40.94475330 -090.42903815 20
115  40.94478402 -090.42911544
120 Linear Feature 140
111  40.94435640 -090.42922981 20
115  40.94432605 -090.42915226
120 Linear Feature 140
111  40.94419050 -090.42943356 20
115  40.94422137 -090.42951075
120 Linear Feature 140
111  40.94534635 -090.42880408 20
115  40.94537809 -090.42888065
120 Linear Feature 140
111  40.94510863 -090.42906406 20
115  40.94514036 -090.42914063
120 Linear Feature 140
111  40.94528654 -090.42865996 20
115  40.94531827 -090.42873653
120 Linear Feature 140
111  40.94504881 -090.42891994 20
115  40.94508055 -090.42899651
120 Linear Feature 140
111  40.94460961 -090.42895797 20
115  40.94457859 -090.42888088
120 Linear Feature 140
111  40.94449970 -090.42931121 20
115  40.94453034 -090.42938856
120 Linear Feature 140
111  40.94404667 -090.42935384 20
115  40.94401551 -090.42927686
120 Linear Feature 140
111  40.94520634 -090.42872276 20
115  40.94517489 -090.42864598
120 Linear Feature 140
111  40.94496861 -090.42898274 20
115  40.94493716 -090.42890597
120 Linear Feature 140
111  40.94469642 -090.42889185 20
115  40.94472714 -090.42896913
120 Linear Feature 140
111  40.94441257 -090.42937660 20
115  40.94438222 -090.42929905
120 Linear Feature 140
111  40.94413335 -090.42928744 20
115  40.94416422 -090.42936463
120 Linear Feature 140
111  40.94523014 -090.42851498 20
115  40.94526187 -090.42859155
120 Linear Feature 140
111  40.94499241 -090.42877496 20
115  40.94502415 -090.42885153
120 Linear Feature 140
111  40.94466703 -090.42910391 20
115  40.94463602 -090.42902682
120 Linear Feature 140
111  40.94444299 -090.42916479 20
115  40.94447362 -090.42924214
120 Linear Feature 140
111  40.94410436 -090.42949959 20
115  40.94407320 -090.42942261
120 Linear Feature 140
111  40.94538990 -090.42831785 20
115  40.94535845 -090.42824108
120 Linear Feature 140
111  40.94544502 -090.42845697 20
115  40.94541357 -090.42838019
120 Linear Feature 140
111  40.94550359 -090.42860293 20
115  40.94547214 -090.42852615
120 Linear Feature 140
111  40.94556561 -090.42874432 20
115  40.94553416 -090.42866755
120 Linear Feature 140
111  40.94532272 -090.42900431 20
115  40.94529127 -090.42892753
120 Linear Feature 140
111  40.94526410 -090.42886494 20
115  40.94523265 -090.42878816
120 Linear Feature 140
111  40.94502638 -090.42912492 20
115  40.94499493 -090.42904815
120 Linear Feature 140
111  40.94464000 -090.42874872 20
115  40.94467072 -090.42882601
120 Linear Feature 140
111  40.94446830 -090.42952019 20
115  40.94443795 -090.42944265
120 Linear Feature 140
111  40.94407667 -090.42914450 20
115  40.94410754 -090.42922169
120 Linear Feature 140
111  40.94516946 -090.42837317 20
115  40.94520119 -090.42844974
120 Linear Feature 140
111  40.94493174 -090.42863316 20
115  40.94496347 -090.42870973
120 Linear Feature 140
111  40.94472398 -090.42924666 20
115  40.94469297 -090.42916957
120 Linear Feature 140
111  40.94438673 -090.42902156 20
115  40.94441737 -090.42909890
120 Linear Feature 140
111  40.94416157 -090.42964216 20
115  40.94413041 -090.42956518
120 Linear Feature 138
111  40.94325939 -090.42898139 51
112  40.94350535 -090.42908158  40.94360871 -090.42926174
111  40.94350535 -090.42908158
112  40.94350535 -090.42908158  40.94345195 -090.42886949 51
115  40.94356660 -090.42876474
120 Linear Feature 137
111  40.94177754 -090.43002764 51
112  40.94200838 -090.43013580  40.94210025 -090.43030114
111  40.94200838 -090.43013580
112  40.94200838 -090.43013580  40.94196100 -090.42991155 51
115  40.94207422 -090.42982018
120 Linear Feature 136
111  40.94168107 -090.42933991 51
111  40.94200838 -090.43013580 51
112  40.94215480 -090.43049612  40.94215825 -090.43050296
111  40.94215480 -090.43049612
112  40.94215480 -090.43049612  40.94225127 -090.43071505 51
112  40.94243042 -090.43059418  40.94243042 -090.43059190 51
111  40.94358183 -090.42978215 51
112  40.94364385 -090.42943186  40.94356736 -090.42920199
111  40.94364385 -090.42943186
112  40.94364385 -090.42943186  40.94364178 -090.42942639 51
111  40.94350535 -090.42908158 51
115  40.94318057 -090.42827955
120 Linear Feature 135
111  40.93900455 -090.43107803 51
112  40.93918983 -090.43066541  40.93938794 -090.43054569
111  40.93918983 -090.43066541
112  40.93918983 -090.43066541  40.93919271 -090.43066161 51
115  40.93965758 -090.43033444
120 Linear Feature 134
111  40.93790550 -090.42701758 51
115  40.93819162 -090.42694661
120 Linear Feature 133
111  40.93841886 -090.42712571 51
112  40.93819162 -090.42694661  40.93801247 -090.42696485
111  40.93819162 -090.42694661
112  40.93819162 -090.42694661  40.93836733 -090.42687136 51
115  40.93835167 -090.42666507
120 Linear Feature 132
111  40.93782971 -090.42813038 51
111  40.93771774 -090.42740067 51
112  40.93790550 -090.42701758  40.93812772 -090.42691496
111  40.93790550 -090.42701758
112  40.93790550 -090.42701758  40.93766089 -090.42703354 51
111  40.93762471 -090.42674394 51
115  40.93751963 -090.42604160
120 Linear Feature 131
111  40.93902178 -090.43119014 51
111  40.93900455 -090.43107803 51
111  40.93841886 -090.42712571 51
111  40.93835167 -090.42666507 51
111  40.93800462 -090.42428915 51
112  40.93790126 -090.42406795  40.93782202 -090.42399498 51
111  40.93771350 -090.42402691 51
115  40.93736036 -090.42411812
120 Linear Feature 130
111  40.93876376 -090.42990284 54
115  40.93889335 -090.42987095
120 Linear Feature 129
111  40.93922125 -090.43673556 51
111  40.93951272 -090.43666168 51
112  40.93970910 -090.43645371  40.93978352 -090.43630047
111  40.93970910 -090.43645371
112  40.93970910 -090.43645371  40.93978145 -090.43631141 51
111  40.93975044 -090.43614175 51
115  40.93915278 -090.43207966
120 Linear Feature 128
111  40.93833313 -090.43155928 51
112  40.93840634 -090.43205336  40.93840634 -090.43205906
111  40.93840634 -090.43205336
112  40.93840634 -090.43205336  40.93846376 -090.43230610 51
115  40.93864860 -090.43223596
120 Linear Feature 127
111  40.93859870 -090.43333986 51
112  40.93849247 -090.43262345  40.93848960 -090.43261395
111  40.93849247 -090.43262345
112  40.93849247 -090.43262345  40.93847237 -090.43236311 51
115  40.93860912 -090.43226763
120 Linear Feature 126
111  40.93822374 -090.43135259 51
111  40.93871125 -090.43100142 51
112  40.93889514 -090.43100126  40.93898586 -090.43105669 51
111  40.93901788 -090.43118385 51
111  40.93909795 -090.43171059 51
111  40.93915278 -090.43207966 51
112  40.93927540 -090.43179725  40.93941995 -090.43168772
111  40.93927540 -090.43179725
112  40.93927540 -090.43179725  40.93914879 -090.43184344 51
115  40.93909795 -090.43171059
120 Linear Feature 125
111  40.93605805 -090.43368640 51
115  40.93594316 -090.43340028
120 Linear Feature 124
111  40.93503136 -090.43359746 51
111  40.93553265 -090.43324402 51
112  40.93594316 -090.43340028  40.93612380 -090.43371065
111  40.93594316 -090.43340028
112  40.93594316 -090.43340028  40.93584507 -090.43302815 51
111  40.93608906 -090.43285410 51
115  40.93657312 -090.43251207
120 Linear Feature 123
111  40.93596670 -090.43413187 51
112  40.93605805 -090.43368640  40.93597709 -090.43339908
111  40.93605805 -090.43368640
112  40.93605805 -090.43368640  40.93619242 -090.43393039 51
115  40.93638300 -090.43383575
120 Linear Feature 122
111  40.93436839 -090.43488482 51
115  40.93425124 -090.43457951
120 Linear Feature 121
111  40.93333864 -090.43479080 51
111  40.93383924 -090.43444460 51
112  40.93425124 -090.43457951  40.93444762 -090.43487774
111  40.93425124 -090.43457951
112  40.93425124 -090.43457951  40.93416750 -090.43420080 51
111  40.93438905 -090.43405697 51
115  40.93487856 -090.43370734
120 Linear Feature 120
112  40.93427768 -090.43531500  40.93427755 -090.43531719 51
112  40.93436839 -090.43488482  40.93428964 -090.43459979
111  40.93436839 -090.43488482
112  40.93436839 -090.43488482  40.93449899 -090.43511970 51
115  40.93469960 -090.43502266
120 Linear Feature 139
111  40.94509907 -090.42721278 51
111  40.94534901 -090.42775058 51
112  40.94573373 -090.42870704  40.94573456 -090.42871144
111  40.94573373 -090.42870704
112  40.94573373 -090.42870704  40.94579022 -090.42889181 51
111  40.94566913 -090.42897831 51
115  40.94512507 -090.42936221
120 Linear Feature 119
111  40.94496508 -090.42687545 51
111  40.94509907 -090.42721278 51
112  40.94510660 -090.42753964  40.94505875 -090.42772810
111  40.94510660 -090.42753964
112  40.94510660 -090.42753964  40.94505186 -090.42772582 51
111  40.94495791 -090.42778135 51
111  40.94356660 -090.42876474 51
111  40.94325939 -090.42898139 51
111  40.94207422 -090.42982018 51
111  40.94177754 -090.43002764 51
111  40.93927608 -090.43179355 51
111  40.93864860 -090.43223596 51
111  40.93860912 -090.43226763 51
111  40.93638300 -090.43383575 51
111  40.93596670 -090.43413187 51
111  40.93469960 -090.43502266 51
111  40.93427755 -090.43531719 51
111  40.93155366 -090.43724075 51
112  40.93135930 -090.43723132  40.93126456 -090.43718191 51
111  40.93122923 -090.43708494 51
115  40.93106845 -090.43668592
120 Linear Feature 118
111  40.94076503 -090.42955114 51
111  40.94130077 -090.42917943 51
112  40.94168320 -090.42933906  40.94183536 -090.42961082
111  40.94168320 -090.42933906
112  40.94168320 -090.42933906  40.94159563 -090.42896278 51
111  40.94181756 -090.42880087 51
111  40.94278723 -090.42812562 51
112  40.94318057 -090.42827955  40.94336041 -090.42858331
111  40.94318057 -090.42827955
112  40.94318057 -090.42827955  40.94308961 -090.42785264 51
111  40.94335428 -090.42772143 51
115  40.94381767 -090.42739303
120 Linear Feature 117
111  40.94524397 -090.42738145 54
115  40.94504180 -090.42752082
120 Linear Feature 116
111  40.94343579 -090.42866226 54
115  40.94327907 -090.42876995
120 Linear Feature 115
111  40.94194120 -090.42971804 54
115  40.94178904 -090.42982446
120 Linear Feature 114
111  40.93774438 -090.42393202 54
115  40.93776731 -090.42411413
120 Linear Feature 113
111  40.93817982 -090.42688381 54
115  40.93819477 -090.42701181
120 Linear Feature 112
111  40.93957529 -090.43652049 54
115  40.93965604 -090.43665642
120 Linear Feature 111
111  40.93918327 -090.43170238 54
115  40.93903772 -090.43173933
120 Linear Feature 110
111  40.93890897 -090.43195141 54
115  40.93897376 -090.43211109
120 Linear Feature 109
111  40.93797699 -090.43281372 54
115  40.93791237 -090.43265717
120 Linear Feature 108
111  40.93622596 -090.43375108 54
115  40.93600575 -090.43390452
120 Linear Feature 107
111  40.93453656 -090.43494425 54
115  40.93432223 -090.43508940
120 Linear Feature 106
111  40.93141058 -090.43715888 54
115  40.93122416 -090.43727499
21  40.94353370 -090.42702242 1 208.0800 3.00 21  VASI
1300  40.94642832 -090.42952442 207.20 hangar props Hangar 03
1301 A none 
1300  40.94595890 -090.42953202 207.20 hangar props Hangar 02
1301 A none 
1300  40.94555695 -090.42952442 207.20 hangar props Hangar 01
1301 A none 
1300  40.94398041 -090.42935535 207.20 tie_down props GA 06
1301 A none 
1300  40.94434629 -090.42937724 207.20 tie_down props GA 05
1301 A none 
1300  40.94460262 -090.42909810 207.20 tie_down props GA 04
1301 A none 
1300  40.94484035 -090.42883265 207.20 tie_down props GA 03
1301 A none 
1300  40.94514215 -090.42871497 207.20 tie_down props GA 02
1301 A none 
1300  40.94537988 -090.42845772 207.20 tie_down props GA 01
1301 A none 
1300  40.94366816 -090.43029507  27.65 gate jets|turboprops|props Terminal Building
1301 B none 
18  40.93909527 -090.43021594 1 BCN
51 12300 CTAF/UNICOM
52 12070 CLNC DEL
50 11820 QUAD CITY APP/DEP
54 12880 CHICAGO Center
99
