A
1000 Generated by Infinite Flight Airport Editing (World Parser)/AB

1      280 0 1 L39  LEESVILLE
100   22.86   1   0 0.25 0 2 0 18   31.17340600 -093.34244700    0.00    0.00 2  0 0 1 36   31.16295800 -093.34246700    0.00    0.00 2  0 0 1
21   31.17160566 -093.34209884  2 180.09   3.00 18  PAPI-4L
21   31.16475830 -093.34278359  1   0.09   3.00 36  VASI
110   1 0.30 180.09 Default taxiway for RWY 18
111  31.17340616 -093.34256459   3 102 
111  31.17340701 -093.34316833   3 102 
111  31.16295901 -093.34318825   3 102 
111  31.16295816 -093.34258458 
112  31.16316388 -093.34258419  31.16306103 -093.34258702   3 102 
111  31.16306123 -093.34273127   3 102 
112  31.16306150 -093.34292360  31.16306170 -093.34306785   3 102 
111  31.16316456 -093.34306765   3 102 
111  31.16813141 -093.34305817   3 102 
111  31.16813073 -093.34257468 
111  31.16823359 -093.34257449   3 102 
111  31.16823427 -093.34305797   3 102 
112  31.17320112 -093.34304849  31.17330398 -093.34304830   3 102 
111  31.17330378 -093.34290404   3 102 
112  31.17330351 -093.34271169  31.17330331 -093.34256742   3 102 
113  31.17320044 -093.34256498 
120 Default hold RWY 18 (near)
111  31.17340651 -093.34280766   4 
115  31.17330365 -093.34280786 
120 Default hold RWY 18 (centre)
111  31.16823394 -093.34281754   4 
115  31.16813108 -093.34281774 
120 Default hold RWY 18 (far)
111  31.16306137 -093.34282743   4 
115  31.16295851 -093.34282762 
18   31.16818219 -093.34161710 1 BCN
19   31.17361122 -093.34208755 1 WS
19   31.16275278 -093.34282641 1 WS
51 12280 CTAF/UNICOM
55 12370 POLK APP/DEP


130 Airport Boundary
111  031.16295815 -093.34318542
111  031.17340660 -093.34317017
111  031.17340660 -093.34244537
113  031.16295815 -093.34246826
99
