I
1050 Generated by WorldEditor 2.1.0r1

1    258 0 0 OEBT Batha
100 24.99 2 0 0.00 0 2 0 14  24.22095152  051.44414177    0    0 1 7 0 1 32  24.20899787  051.45465690    0    0 1 7 0 1
110 2 0.00 0.0000 New Taxiway 2
111  24.21651913  051.44806071
111  24.21658539  051.44814457
112  24.21658539  051.44814457  24.21674261  051.44806089 3
111  24.21687845  051.44818587 3
111  24.21709784  051.44847958 3
111  24.21746103  051.44896580
112  24.21746103  051.44896580  24.21757085  051.44916953 3
111  24.21743230  051.44933191 3
111  24.21731611  051.44943501 3
111  24.21764138  051.44987651
111  24.21757984  051.44993324
111  24.21769152  051.45007615
111  24.21792490  051.44985293
111  24.21808450  051.45006965
111  24.21813047  051.45002731
111  24.21802438  051.44988921
111  24.21827228  051.44967485
111  24.21835413  051.44978294
111  24.21844305  051.44970232
111  24.21836780  051.44960025
111  24.21867094  051.44933698
111  24.21857856  051.44920807
111  24.21848552  051.44929098
111  24.21839432  051.44916816
111  24.21833733  051.44921778 3
111  24.21803209  051.44879839 3
111  24.21789055  051.44891666 3
112  24.21762169  051.44891613  24.21747274  051.44882842
111  24.21762169  051.44891613 3
111  24.21721809  051.44837657 3
111  24.21701309  051.44810986 3
112  24.21702349  051.44776204  24.21713152  051.44755453
111  24.21702349  051.44776204
113  24.21695682  051.44767466
110 2 0.00 0.0000 New Taxiway 6
111  24.22063344  051.44457996 3
111  24.22089168  051.44462462 3
111  24.22114367  051.44439839 3
111  24.22102163  051.44423819
111  24.22096782  051.44417989
113  24.22057125  051.44450524
110 2 0.00 0.0000 New Taxiway 8
111  24.20902078  051.45468229
111  24.20906849  051.45475336 3
111  24.20919540  051.45490710 3
111  24.20944216  051.45468865 3
111  24.20945195  051.45441658
113  24.20940022  051.45434880
130 Airport Boundary 1
111  24.22352567  051.44641716
111  24.22363439  051.44654360
111  24.22623699  051.44398958
111  24.22456342  051.44175346
111  24.22537385  051.44108877
111  24.22421421  051.43935118
111  24.20431609  051.45687707
111  24.20714984  051.46075343
111  24.21846786  051.45073224
111  24.21875613  051.45108846
111  24.21927088  051.45066200
113  24.21902837  051.45029575
120 Runway Hold
111  24.21709784  051.44847958 4
115  24.21721809  051.44837657
120 Linear Feature 5
112  24.21648560  051.44807851  24.21667331  051.44794269 1
115  24.21688642  051.44807001
120 Linear Feature 4
112  24.21702762  051.44759500  24.21694160  051.44768203 1
112  24.21688642  051.44807001  24.21692473  051.44833313
111  24.21688642  051.44807001 1
115  24.21756705  051.44897108
120 Linear Feature 3
111  24.21833733  051.44921778 20
111  24.21839211  051.44929158 20
111  24.21767574  051.44992032 20
115  24.21764138  051.44987651
120 Linear Feature 7
111  24.22063373  051.44449063 1
111  24.22088274  051.44452255
112  24.22088274  051.44452255  24.22096893  051.44450785 1
116  24.22083600  051.44423299  24.22060742  051.44418398
120 Linear Feature 9
111  24.20937881  051.45439017 1
111  24.20935901  051.45465829
112  24.20935901  051.45465829  24.20926516  051.45480950 1
116  24.20910043  051.45454838  24.20911511  051.45438387
21  24.21086429  051.45246312 2 321.2600 3.00 32 PAPI-4L
21  24.21930377  051.44614706 2 141.2600 3.00 14 PAPI-4L
14  24.21845735  051.44960758  12.00 0 New Tower Viewpoint 2
1300  24.21762478  051.44956124 140.00 tie_down jets|turboprops|props|fighters Ramp 2
1301 B general_aviation 
1300  24.21797508  051.44925914 140.00 tie_down jets|turboprops|props|fighters Ramp 1
1301 B general_aviation 
50 12030 ATIS
51 12700 Batha
99
