I
1050 Generated by WorldEditor 2.2.0r2

1   2474 0 0 SBCX Caxias do Sul
100 30.00 1 0 0.00 0 3 1 15 -29.19087139 -051.19461695  267    0 3 0 0 0 33 -29.20341589 -051.18072032    0   60 3 0 0 0
110 2 0.00 0.0000 New Taxiway 24
111 -29.19615907 -051.18723030
111 -29.19602863 -051.18711850
111 -29.19582799 -051.18741352
113 -29.19596607 -051.18752903
110 2 0.00 0.0000 New Taxiway 23
111 -29.19241637 -051.19120314
111 -29.19218464 -051.19145588
111 -29.19245177 -051.19174177
111 -29.19249251 -051.19169234
111 -29.19247692 -051.19167405
111 -29.19265181 -051.19146715
113 -29.19263283 -051.19144508
110 2 0.00 0.0000 New Taxiway 22
111 -29.19368699 -051.19023245
111 -29.19360734 -051.19012633
111 -29.19349002 -051.19024674
111 -29.19357913 -051.19036017
113 -29.19360381 -051.19033250
110 2 0.00 0.0000 New Taxiway 21
111 -29.19422313 -051.18927872
111 -29.19405087 -051.18923464
111 -29.19394356 -051.18969679
111 -29.19407446 -051.18973528
111 -29.19410667 -051.18959000
111 -29.19412400 -051.18959636
111 -29.19416837 -051.18943516
113 -29.19418431 -051.18944310
110 1 0.00 135.9600 New Taxiway 20
111 -29.19443816 -051.19045784
112 -29.19443816 -051.19045784 -29.19435713 -051.19045370
111 -29.19437204 -051.19035739
112 -29.19437204 -051.19035739 -29.19442694 -051.19017349
111 -29.19444205 -051.19003490
112 -29.19444205 -051.19003490 -29.19444538 -051.18984622
111 -29.19441189 -051.18973801
112 -29.19444285 -051.18963497 -29.19448425 -051.18958976
111 -29.19444285 -051.18963497
111 -29.19460520 -051.18947567
112 -29.19460520 -051.18947567 -29.19467092 -051.18939562
112 -29.19477181 -051.18920490 -29.19483836 -051.18912867
111 -29.19477181 -051.18920490
111 -29.19502336 -051.18897034
112 -29.19501971 -051.18877054 -29.19494288 -051.18863859
111 -29.19501971 -051.18877054
111 -29.19494761 -051.18866889
111 -29.19490972 -051.18869015
111 -29.19499885 -051.18881828
112 -29.19499885 -051.18881828 -29.19504033 -051.18890271
111 -29.19499420 -051.18895646
111 -29.19475410 -051.18919176
112 -29.19475410 -051.18919176 -29.19469587 -051.18925084
112 -29.19459542 -051.18945033 -29.19455300 -051.18949988
111 -29.19459542 -051.18945033
111 -29.19442769 -051.18961416
112 -29.19442769 -051.18961416 -29.19438822 -051.18964614
111 -29.19437842 -051.18960591
112 -29.19437842 -051.18960591 -29.19434000 -051.18943930
111 -29.19432205 -051.18930445
111 -29.19422313 -051.18927872
111 -29.19418431 -051.18944310
111 -29.19416837 -051.18943516
111 -29.19412400 -051.18959636
111 -29.19410667 -051.18959000
111 -29.19407446 -051.18973528
111 -29.19438802 -051.18982652
112 -29.19438802 -051.18982652 -29.19443932 -051.19004092
111 -29.19433112 -051.19034722
112 -29.19433112 -051.19034722 -29.19431656 -051.19039089
111 -29.19429418 -051.19037466
111 -29.19422453 -051.19034030
112 -29.19422453 -051.19034030 -29.19416464 -051.19031648
111 -29.19410807 -051.19033649
111 -29.19386584 -051.19042874
111 -29.19382841 -051.19042684
111 -29.19368699 -051.19023245
111 -29.19360381 -051.19033250
111 -29.19371777 -051.19048592
111 -29.19368533 -051.19052880
111 -29.19366167 -051.19054375
111 -29.19287214 -051.19104288
111 -29.19283470 -051.19103526
111 -29.19275401 -051.19093711
111 -29.19255369 -051.19115976
111 -29.19250742 -051.19110564
111 -29.19245859 -051.19115792
111 -29.19241637 -051.19120314
111 -29.19263283 -051.19144508
111 -29.19267218 -051.19140149
111 -29.19279695 -051.19126331
111 -29.19290900 -051.19113920
111 -29.19288079 -051.19110702
111 -29.19289486 -051.19107155
111 -29.19367691 -051.19057493
112 -29.19367691 -051.19057493 -29.19390083 -051.19043877
111 -29.19411918 -051.19036672
112 -29.19411918 -051.19036672 -29.19419655 -051.19034099
112 -29.19436745 -051.19053660 -29.19441404 -051.19063284
113 -29.19436745 -051.19053660
110 2 0.00 0.0000 New Taxiway 19
111 -29.19463271 -051.18751613
111 -29.19458942 -051.18755081
111 -29.19457892 -051.18753323
111 -29.19450208 -051.18758893
111 -29.19446964 -051.18767183
111 -29.19457937 -051.18781648
113 -29.19474207 -051.18768084
110 1 0.00 135.9600 New Taxiway 11
111 -29.19096438 -051.19472425 3 102
112 -29.19120602 -051.19478551 -29.19135695 -051.19477398
111 -29.19120602 -051.19478551 3 102
112 -29.19141123 -051.19450525 -29.19143222 -051.19425236
111 -29.19141123 -051.19450525 3 102
112 -29.19149508 -051.19413203 -29.19156736 -051.19403254
113 -29.19149508 -051.19413203
110 1 0.00 135.9600 New Taxiway 9
111 -29.20332096 -051.18061870 3 102
112 -29.20308809 -051.18055118 -29.20292203 -051.18057881
111 -29.20308809 -051.18055118 3 102
112 -29.20290410 -051.18088382 -29.20289404 -051.18117365
111 -29.20290410 -051.18088382 3 102
112 -29.20282360 -051.18117200 -29.20274598 -051.18129386
113 -29.20282360 -051.18117200
110 1 0.00 135.9600 New Taxiway 5
111 -29.19646100 -051.18821813
112 -29.19646100 -051.18821813 -29.19625138 -051.18835124 3 102
111 -29.19610404 -051.18820578 3 102
111 -29.19589987 -051.18796879 3 102
111 -29.19580965 -051.18786406
112 -29.19580965 -051.18786406 -29.19576251 -051.18778862 3 102
111 -29.19582614 -051.18770827 3 102
111 -29.19594097 -051.18756118
111 -29.19596607 -051.18752903
111 -29.19582799 -051.18741352
111 -29.19602863 -051.18711850
111 -29.19594678 -051.18704418
111 -29.19583398 -051.18720312
111 -29.19551467 -051.18693508
111 -29.19549550 -051.18695841
111 -29.19532232 -051.18674634
111 -29.19470045 -051.18744051
111 -29.19463271 -051.18751613
111 -29.19474207 -051.18768084
111 -29.19476208 -051.18771098 20
111 -29.19441996 -051.18809833
112 -29.19441996 -051.18809833 -29.19438335 -051.18813835 20
111 -29.19436905 -051.18818523 20
111 -29.19435308 -051.18823326
111 -29.19436944 -051.18825173
111 -29.19438659 -051.18827107
111 -29.19475153 -051.18868283
111 -29.19490972 -051.18869015
111 -29.19494761 -051.18866889 3 102
111 -29.19540349 -051.18814394 3 102
111 -29.19551962 -051.18801021 3 102
112 -29.19573003 -051.18801627 -29.19584582 -051.18813862
111 -29.19573003 -051.18801627 3 102
111 -29.19579219 -051.18808875 3 102
111 -29.19600845 -051.18834090 3 102
112 -29.19598258 -051.18875091 -29.19582925 -051.18899379
113 -29.19598258 -051.18875091
110 2 0.00 0.0000 New Taxiway 4
111 -29.19672937 -051.18487174
111 -29.19683723 -051.18534785
111 -29.19715187 -051.18525865
111 -29.19705576 -051.18487000
111 -29.19696672 -051.18489923
111 -29.19694407 -051.18480363
113 -29.19684456 -051.18483520
110 2 0.00 0.0000 New Taxiway 3
111 -29.19718725 -051.18516613
111 -29.19753798 -051.18505821
111 -29.19744611 -051.18464482
111 -29.19742415 -051.18465134
113 -29.19709441 -051.18475594
110 2 0.00 0.0000 New Taxiway 2
111 -29.19729823 -051.18415733
111 -29.19724814 -051.18395182
111 -29.19705515 -051.18401281
113 -29.19710631 -051.18421859
110 1 0.00 135.9600 New Taxiway 1
111 -29.19908097 -051.18531234
112 -29.19908097 -051.18531234 -29.19894202 -051.18540702 3
111 -29.19883242 -051.18528832 3
111 -29.19858503 -051.18499378 3
111 -29.19791126 -051.18419157 3
111 -29.19755294 -051.18429450
112 -29.19755294 -051.18429450 -29.19749887 -051.18431165 3
111 -29.19747461 -051.18425003 3
111 -29.19744549 -051.18417141
111 -29.19731002 -051.18420260
111 -29.19729823 -051.18415733
111 -29.19710631 -051.18421859
111 -29.19711629 -051.18425957
111 -29.19662756 -051.18441548
111 -29.19672937 -051.18487174
111 -29.19684456 -051.18483520
111 -29.19694407 -051.18480363
111 -29.19709441 -051.18475594
111 -29.19742415 -051.18465134
111 -29.19741617 -051.18460789 3
112 -29.19754993 -051.18445008 -29.19768635 -051.18439577
111 -29.19754993 -051.18445008 3
111 -29.19779510 -051.18437361 3
112 -29.19793884 -051.18442301 -29.19800539 -051.18449734
111 -29.19793884 -051.18442301 3
111 -29.19849388 -051.18509550 3
111 -29.19874222 -051.18539639 3
112 -29.19875420 -051.18567632 -29.19870150 -051.18585197
113 -29.19875420 -051.18567632
130 Airport Boundary 44
111 -29.18977601 -051.19407541
111 -29.18983535 -051.19646268
111 -29.19056220 -051.19647118
111 -29.19059187 -051.19625029
111 -29.19335102 -051.19330131
111 -29.19435229 -051.19320927
111 -29.19446973 -051.19233844
111 -29.19774145 -051.18903421
111 -29.19812416 -051.19002316
111 -29.19940580 -051.18983964
111 -29.19891629 -051.18711749
111 -29.20455672 -051.18086419
111 -29.20362943 -051.17984936
111 -29.20230848 -051.18025182
111 -29.19876693 -051.18415868
111 -29.19801931 -051.18275172
111 -29.19718625 -051.18242139
111 -29.19461230 -051.18291077
111 -29.19461646 -051.18679950
113 -29.19376072 -051.18957499
120 Runway Hold 02
111 -29.19589987 -051.18796879 4
115 -29.19579219 -051.18808875
120 Runway Hold 01
111 -29.19858503 -051.18499378 4
115 -29.19849388 -051.18509550
120 Linear Feature 43
112 -29.19279695 -051.19126331 -29.19266618 -051.19118670 1
115 -29.19255753 -051.19127074
120 Linear Feature 42
111 -29.19267218 -051.19140149 20
111 -29.19255753 -051.19127074 20
115 -29.19245859 -051.19115792
120 Linear Feature 41
111 -29.19366167 -051.19054375 5
115 -29.19367691 -051.19057493
120 Linear Feature 40
112 -29.19374544 -051.19051103 -29.19377779 -051.19047927 1
115 -29.19376854 -051.19044147
120 Linear Feature 39
112 -29.19383132 -051.19046446 -29.19379435 -051.19046975 1
111 -29.19376854 -051.19044147 1
115 -29.19365243 -051.19029550
120 Linear Feature 38
111 -29.19435850 -051.19044520 1
111 -29.19426434 -051.19037922 1
112 -29.19407286 -051.19036594 -29.19396166 -051.19041391
111 -29.19407286 -051.19036594 1
111 -29.19383132 -051.19046446 1
111 -29.19374544 -051.19051103 1
115 -29.19286158 -051.19107211
120 Linear Feature 37
111 -29.19441673 -051.19048903 1
111 -29.19435850 -051.19044520
112 -29.19435850 -051.19044520 -29.19433020 -051.19041807 1
111 -29.19435857 -051.19032776
112 -29.19435857 -051.19032776 -29.19441056 -051.19017106 1
112 -29.19440989 -051.18982292 -29.19438632 -051.18963313
111 -29.19440989 -051.18982292
112 -29.19440989 -051.18982292 -29.19439926 -051.18971545 1
116 -29.19429424 -051.18945724 -29.19425842 -051.18930107
120 Linear Feature 36
111 -29.19684456 -051.18483520 1
115 -29.19686710 -051.18492648
120 Linear Feature 35
111 -29.19714969 -051.18461356 1
115 -29.19720120 -051.18482213
120 Linear Feature 35
111 -29.19732338 -051.18456553 1
115 -29.19737489 -051.18477411
120 Linear Feature 34
111 -29.19436944 -051.18825173 22
112 -29.19443621 -051.18811318 -29.19448301 -051.18805797
111 -29.19443621 -051.18811318 22
115 -29.19492355 -051.18757115
120 Linear Feature 33
111 -29.19536138 -051.18713006 1
111 -29.19536530 -051.18712575 1
115 -29.19536910 -051.18712183
120 Linear Feature 32
111 -29.19514777 -051.18736952 1
111 -29.19515190 -051.18736484 1
115 -29.19515615 -051.18736029
120 Linear Feature 31
111 -29.19511865 -051.18739839 1
111 -29.19512208 -051.18739483 1
115 -29.19512549 -051.18739140
120 Linear Feature 30
111 -29.19494985 -051.18741766 22
115 -29.19540102 -051.18691271
120 Linear Feature 29
111 -29.19485993 -051.18760710 20
111 -29.19482960 -051.18759173 20
111 -29.19474526 -051.18766650 20
115 -29.19477208 -051.18770036
120 Linear Feature 28
111 -29.19490954 -051.18755443 20
111 -29.19485993 -051.18760710 20
111 -29.19477208 -051.18770036 20
115 -29.19476208 -051.18771098
120 Linear Feature 27
111 -29.19540349 -051.18814394 20
111 -29.19492355 -051.18757115 20
111 -29.19490954 -051.18755443 20
115 -29.19479971 -051.18742335
120 Linear Feature 26
111 -29.19541800 -051.18692884 20
111 -29.19496358 -051.18743814 20
111 -29.19495110 -051.18757345 20
111 -29.19444844 -051.18813235
112 -29.19444844 -051.18813235 -29.19442303 -051.18816676 20
111 -29.19441184 -051.18819715 20
115 -29.19438659 -051.18827107
120 Linear Feature 25
111 -29.19594097 -051.18756118 3
111 -29.19541800 -051.18692884 20
111 -29.19540102 -051.18691271 20
111 -29.19538389 -051.18689644 20
111 -29.19493068 -051.18740071 20
111 -29.19479971 -051.18742335 20
115 -29.19470045 -051.18744051
120 Linear Feature 17
111 -29.19523488 -051.18753777 2
115 -29.19512208 -051.18739483
120 Linear Feature 16
111 -29.19539853 -051.18789663 2
111 -29.19562784 -051.18763635
112 -29.19562784 -051.18763635 -29.19568573 -051.18755402 2
115 -29.19564095 -051.18746128
120 Linear Feature 15
112 -29.19574418 -051.18790900 -29.19554533 -051.18775120 2
111 -29.19539853 -051.18789663
112 -29.19539853 -051.18789663 -29.19546442 -051.18779783 2
115 -29.19542029 -051.18770316
120 Linear Feature 14
112 -29.19574418 -051.18790900 -29.19557448 -051.18770794 1
112 -29.19542029 -051.18770316 -29.19531381 -051.18757642
111 -29.19542029 -051.18770316 1
115 -29.19515190 -051.18736484
120 Linear Feature 13
111 -29.19688431 -051.18794338 1
111 -29.19647896 -051.18839291
112 -29.19647896 -051.18839291 -29.19631796 -051.18855263 1
115 -29.19614947 -051.18838893
120 Linear Feature 12
111 -29.19574411 -051.18921059 1
111 -29.19612791 -051.18877753
112 -29.19612791 -051.18877753 -29.19626566 -051.18859228 1
111 -29.19614947 -051.18838893 1
111 -29.19574418 -051.18790900
112 -29.19574418 -051.18790900 -29.19560609 -051.18773653 1
112 -29.19566138 -051.18748615 -29.19556489 -051.18737466
111 -29.19566138 -051.18748615 1
111 -29.19564095 -051.18746128 1
115 -29.19536530 -051.18712575
120 Linear Feature 10
111 -29.20263646 -051.18156716 1
111 -29.20292625 -051.18125099
112 -29.20292625 -051.18125099 -29.20306823 -051.18108997 1
111 -29.20307082 -051.18089359
112 -29.20307082 -051.18089359 -29.20306793 -051.18067113 1
111 -29.20316111 -051.18066087
112 -29.20316111 -051.18066087 -29.20321710 -051.18064967 1
115 -29.20326606 -051.18068780
120 Linear Feature 7
111 -29.19843600 -051.18622291 1
111 -29.19883297 -051.18578379
112 -29.19883297 -051.18578379 -29.19895515 -051.18557631 1
115 -29.19883920 -051.18540431
120 Linear Feature 6
111 -29.19957932 -051.18495639 1
111 -29.19917109 -051.18540758
112 -29.19917109 -051.18540758 -29.19899500 -051.18555715 1
111 -29.19883920 -051.18540431 1
111 -29.19797896 -051.18437027
112 -29.19797896 -051.18437027 -29.19789611 -051.18426392 1
111 -29.19777053 -051.18430440 1
115 -29.19751610 -051.18438509
21 -29.19336001 -051.19138725 1 135.9300 3.00 15  VASI
21 -29.20265145 -051.18205445 1 315.9200 3.00 33  VASI
14 -29.19500276 -051.18674619  29.53 0 Tower
1300 -29.19718728 -051.18413478 -105.95 misc helos Helipad 01
1301 A none 
1300 -29.19525870 -051.18817952  45.62 tie_down turboprops|props Ramp GA 06
1301 A general_aviation 
1300 -29.19516038 -051.18829215  45.62 tie_down turboprops|props Ramp GA 05
1301 A general_aviation 
1300 -29.19506206 -051.18840478  45.62 tie_down turboprops|props Ramp GA 04
1301 A general_aviation 
1300 -29.19496719 -051.18851543  45.62 tie_down turboprops|props Ramp GA 03
1301 A general_aviation 
1300 -29.19471759 -051.18842928 135.28 tie_down jets|turboprops|props Ramp GA 02
1301 B general_aviation 
1300 -29.19457169 -051.18826462 134.24 tie_down jets|turboprops|props Ramp GA 01
1301 B general_aviation 
1300 -29.19698374 -051.18439758 -105.95 tie_down turboprops|props Tie-Down 03
1301 A general_aviation 
1300 -29.19684747 -051.18444303 -105.95 tie_down turboprops|props Tie-Down 02
1301 A general_aviation 
1300 -29.19671570 -051.18448557 -105.95 tie_down turboprops|props Tie-Down 01
1301 A general_aviation 
1300 -29.19739275 -051.18487333  74.98 hangar turboprops|props Hangar 09
1301 A none 
1300 -29.19722026 -051.18492865  74.98 hangar turboprops|props Hangar 08
1301 A none 
1300 -29.19689141 -051.18502601  74.98 hangar jets|turboprops|props Hangar 07
1301 B none 
1300 -29.19463271 -051.18764123 140.71 hangar turboprops|props Hangar 06
1301 A none 
1300 -29.19415860 -051.18935428 -165.51 hangar turboprops|props Hangar 05
1301 A none 
1300 -29.19411547 -051.18952059 -165.51 hangar turboprops|props Hangar 04
1301 A none 
1300 -29.19407091 -051.18965396 -165.51 hangar turboprops|props Hangar 03
1301 A none 
1300 -29.19362100 -051.19026156 -135.51 hangar turboprops|props Hangar 02
1301 A none 
1300 -29.19245816 -051.19137197 133.99 hangar turboprops|props Hangar 01
1301 A none 
1300 -29.19536530 -051.18712575  46.85 gate jets|turboprops Gate 02
1301 C airline 
1300 -29.19515190 -051.18736484  47.70 gate jets|turboprops Gate 01
1301 B airline 
1300 -29.19512208 -051.18739483  48.04 gate jets|turboprops Gate 01A
1301 C airline 
18 -29.19445696 -051.18935311 1 BCN
19 -29.19460752 -051.18913480 1 WS
51 13160 Caxias do Sul AFIS
55 11900 Porto Alegre Approach
55 12010 Porto Alegre Approach
55 12055 Porto Alegre Approach
55 12890 Porto Alegre Approach
99
