A
1000 Generated by Infinite Flight Airport Editing (World Parser)/AB

1      278 0 0 KHES Healdsburg Municipal
100   18.29   1   0 0.25 0 2 0 13   38.65585677 -122.90124343    0.00    0.00 2  0 0 0 31   38.64970323 -122.89592857    0.00    0.00 2  0 0 0
10   38.65551200 -122.90052000 xxx 178.00   325 0.0 0.0    37 161161  1 0 0 0.35 0
10   38.65615900 -122.90149300 xxx 146.00   268 0.0 0.0    60 161161  1 0 0 0.35 0
10   38.65625900 -122.90052900 xxx 145.00   376 0.0 0.0   191 101101  1 0 0 0.35 0
10   38.65241600 -122.89876500 xxx 146.00  2543 0.0 0.0    39 161161  1 0 0 0.25 0
10   38.65365600 -122.90144400 xxx 359.80   321 0.0 0.0   243 101101  2 0 0 0.25 0
10   38.65443100 -122.90132500 xxx 200.50   338 0.0 0.0   207 101101  1 0 0 0.35 0
10   38.65264200 -122.89987800 xxx   3.60   381 0.0 0.0   177 101101  1 0 0 0.25 0
10   38.65197600 -122.89989200 xxx 354.50   137 0.0 0.0   181 101101  1 0 0 0.25 0
10   38.65284200 -122.90022900 xxx   3.00   249 0.0 0.0    52 101101  1 0 0 0.25 0
10   38.65339700 -122.89987400 xxx   6.00   184 0.0 0.0   112 101101  1 0 0 0.25 0
10   38.65377500 -122.89967800 xxx  15.00   125 0.0 0.0    26 161161  1 0 0 0.25 0
10   38.65169800 -122.89792000 xxx  57.00   112 0.0 0.0    52 161161  1 0 0 0.25 0
10   38.64976300 -122.89626900 xxx 146.00   144 0.0 0.0    79 161161  1 0 0 0.25 0
10   38.65671500 -122.90140300 xxx 270.30   183 0.0 0.0    39 161161  1 0 0 0.25 0
10   38.65674600 -122.90094200 xxx 262.80   184 0.0 0.0    39 101101  1 0 0 0.25 0
10   38.65662200 -122.90102700 xxx 145.00    79 0.0 0.0   110 101101  1 0 0 0.25 0
10   38.65670400 -122.90174500 xxx  66.30    31 0.0 0.0    39 101101  1 0 0 0.25 0
10   38.65666700 -122.90182100 xxx  51.00    31 0.0 0.0    39 101101  1 0 0 0.25 0
10   38.65663800 -122.90185100 xxx  15.50    23 0.0 0.0    39 161161  1 0 0 0.25 0
10   38.65659900 -122.90184500 xxx 356.10    20 0.0 0.0    46 101101  1 0 0 0.25 0
10   38.65665100 -122.90120200 xxx 269.90    35 0.0 0.0    20 101101  1 0 0 0.25 0
10   38.65654700 -122.90182100 xxx 333.90    39 0.0 0.0    46 161161  1 0 0 0.25 0
10   38.65647400 -122.90184600 xxx 338.70    39 0.0 0.0    13 101101  1 0 0 0.25 0
10   38.65653700 -122.90173000 xxx 319.00    39 0.0 0.0    13 101101  1 0 0 0.25 0
10   38.65647800 -122.90177500 xxx  63.00    46 0.0 0.0    20 101101  1 0 0 0.25 0
10   38.65584800 -122.90059100 xxx 348.00    85 0.0 0.0    20 101101  1 0 0 0.25 0
10   38.65569300 -122.90046700 xxx  40.00    26 0.0 0.0    26 101101  1 0 0 0.25 0
10   38.65486600 -122.90064600 xxx  57.00    85 0.0 0.0    26 161161  1 0 0 0.25 0
10   38.65494900 -122.90059700 xxx   0.00    33 0.0 0.0    13 101101  1 0 0 0.25 0
10   38.65486700 -122.90051900 xxx 110.90    33 0.0 0.0    13 101101  1 0 0 0.25 0
10   38.65477200 -122.90071300 xxx   0.00    33 0.0 0.0    13 101101  1 0 0 0.25 0
10   38.65485200 -122.90078400 xxx 108.00    33 0.0 0.0    13 101101  1 0 0 0.25 0
10   38.65180900 -122.89788700 xxx   0.00    33 0.0 0.0    13 101101  1 0 0 0.25 0
10   38.65168000 -122.89777900 xxx 110.90    33 0.0 0.0    13 101101  1 0 0 0.25 0
10   38.65158300 -122.89796400 xxx   0.00    33 0.0 0.0    13 101101  1 0 0 0.25 0
10   38.65171000 -122.89807800 xxx 108.00    33 0.0 0.0    13 101101  1 0 0 0.25 0
10   38.65500600 -122.90125500 xxx 200.50   118 0.0 0.0    98 101101  1 0 0 0.25 0
10   38.65521200 -122.90126700 xxx 198.00    39 0.0 0.0    39 101101  1 0 0 0.25 0
10   38.65487000 -122.90102600 xxx  45.00    59 0.0 0.0    98 101101  1 0 0 0.25 0
10   38.65415800 -122.90107600 xxx 359.30    85 0.0 0.0    33 101101  1 0 0 0.25 0
10   38.65369700 -122.89995100 xxx   6.00    59 0.0 0.0    46 101101  1 0 0 0.25 0
10   38.65374100 -122.89973400 xxx  39.00    59 0.0 0.0    26 161161  1 0 0 0.25 0
10   38.65343700 -122.89969700 xxx 351.50   223 0.0 0.0    66 101101  1 0 0 0.25 0
10   38.65318700 -122.90014300 xxx  63.00    79 0.0 0.0    39 101101  1 0 0 0.25 0
10   38.64998800 -122.89631600 xxx   0.00    26 0.0 0.0     7 101101  1 0 0 0.25 0
10   38.64988700 -122.89650600 xxx 285.00    26 0.0 0.0     7 101101  1 0 0 0.25 0
15   38.65643100 -122.90068600   0.00 Custom Startup Location
18   38.65310211 -122.89797439 1 BCN
19   38.65292500 -122.89815900 1 WS
19   38.65103400 -122.89678100 1 WS


130 Airport Boundary
111  038.64970398 -122.89592743
111  038.64976120 -122.89627075
111  038.64988708 -122.89650726
111  038.65197754 -122.89989471
111  038.65365601 -122.90144348
111  038.65647507 -122.90184784
111  038.65663910 -122.90184784
111  038.65666580 -122.90181732
111  038.65670395 -122.90174866
111  038.65674591 -122.90093994
113  038.65625763 -122.90052795
99
