I
1050 Generated by WorldEditor 2.0.0r4

1     10 1 0 SBSC Santa Cruz Air Base
100 45.11 1 0 0.25 1 3 0 05 -22.94380471 -043.72457000    0  349 3 0 0 0 23 -22.92120564 -043.71359341    0  349 3 0 0 0
110 1 0.00 0.0000 New Taxiway 34
111 -22.92244286 -043.71062446 20
111 -22.92589119 -043.71232230
111 -22.92590444 -043.71229353 20
111 -22.92240340 -043.71056533 20
113 -22.92238776 -043.71059930 20
110 1 0.00 0.0000 New Taxiway 15
111 -22.93045164 -043.71349834
111 -22.93046753 -043.71350412
111 -22.93052125 -043.71336610
112 -22.93052125 -043.71336610 -22.93055746 -043.71325852
111 -22.93047590 -043.71322557
111 -22.93045794 -043.71327407
112 -22.93050508 -043.71336403 -22.93048748 -043.71342865
113 -22.93050508 -043.71336403
110 1 0.00 24.1000 New Taxiway 14
111 -22.93096195 -043.71410017
111 -22.93069242 -043.71397026
111 -22.93060651 -043.71416801
111 -22.93088032 -043.71430051
113 -22.93093274 -043.71417023
110 2 0.00 0.0000 New Taxiway 8
111 -22.94371472 -043.72268922 3
111 -22.94361972 -043.72190421
111 -22.94184774 -043.72105015 3
111 -22.94165789 -043.72150072 3 102
112 -22.94147651 -043.72159928 -22.94134267 -043.72158324
113 -22.94147651 -043.72159928
110 2 0.00 0.0000 New Taxiway 6
111 -22.92811434 -043.71533621 3 102
112 -22.92825401 -043.71546044 -22.92828539 -043.71551745
111 -22.92825401 -043.71546044
111 -22.92861536 -043.71461140
111 -22.92919467 -043.71489140 3 102
111 -22.93071060 -043.71564196
112 -22.93071060 -043.71564196 -22.93092985 -043.71584415 3 102
112 -22.93042381 -043.71621695 -22.93012045 -043.71609792
111 -22.93042381 -043.71621695
111 -22.93101652 -043.71652968
112 -22.93101652 -043.71652968 -22.93068938 -043.71630275 3 102
112 -22.93123359 -043.71590090 -22.93149519 -043.71597786
111 -22.93123359 -043.71590090 3 102
111 -22.93171780 -043.71614064
111 -22.93209883 -043.71523341
111 -22.93211515 -043.71524061
112 -22.93211515 -043.71524061 -22.93224189 -043.71509907
111 -22.93236885 -043.71517276
111 -22.93260414 -043.71529753
112 -22.93260414 -043.71529753 -22.93291700 -043.71544285
111 -22.93303989 -043.71516432
111 -22.93349430 -043.71409084
111 -22.93244968 -043.71358072
111 -22.93245867 -043.71355714
111 -22.93237747 -043.71352133
111 -22.93237052 -043.71353640
111 -22.93109390 -043.71292550
111 -22.93104992 -043.71303681
112 -22.93104992 -043.71303681 -22.93101130 -043.71311152
112 -22.93086478 -043.71297881 -22.93084788 -043.71289362
111 -22.93086478 -043.71297881
111 -22.93056711 -043.71283403
111 -22.93055961 -043.71285489
111 -22.93029836 -043.71272955
111 -22.93032669 -043.71265453
111 -22.93003844 -043.71251199
111 -22.92999498 -043.71262275
111 -22.93012443 -043.71268190
111 -22.92994976 -043.71311711
111 -22.92980814 -043.71305733
111 -22.92976241 -043.71316487
111 -22.93006198 -043.71329959
111 -22.93016932 -043.71303507
111 -22.93048722 -043.71319478
111 -22.93047590 -043.71322557
112 -22.93052125 -043.71336610 -22.93048503 -043.71347368
111 -22.93052125 -043.71336610
111 -22.93046753 -043.71350412
111 -22.93045164 -043.71349834
111 -22.93029531 -043.71388208
112 -22.93013649 -043.71393735 -22.93003293 -043.71388623
111 -22.93013649 -043.71393735
111 -22.93020063 -043.71378375
111 -22.93024168 -043.71379885
111 -22.93037767 -043.71346683
111 -22.93010210 -043.71333549
111 -22.93006034 -043.71344115
111 -22.92986243 -043.71334368
111 -22.92976990 -043.71357077
111 -22.92979706 -043.71358371
111 -22.92973019 -043.71374140 20
111 -22.92925871 -043.71351402
112 -22.92922417 -043.71344228 -22.92923443 -043.71338965
111 -22.92922417 -043.71344228
112 -22.92917604 -043.71330805 -22.92909869 -043.71327503
111 -22.92917604 -043.71330805
111 -22.92895770 -043.71381201
111 -22.92890724 -043.71378853
111 -22.92890364 -043.71389028
111 -22.92883695 -043.71398808
111 -22.92882433 -043.71408592
111 -22.92876847 -043.71414853
111 -22.92868557 -043.71419550
111 -22.92856843 -043.71417006
111 -22.92662672 -043.71321437
111 -22.92656076 -043.71308498
111 -22.92657403 -043.71286904
111 -22.92670439 -043.71270938
111 -22.92671482 -043.71266409
111 -22.92591075 -043.71227984
111 -22.92590444 -043.71229353
111 -22.92589119 -043.71232230
111 -22.92244286 -043.71062446
111 -22.92204196 -043.71158450 3 102
111 -22.92176501 -043.71225500 3 102
111 -22.92147983 -043.71294261 3 102
111 -22.92129214 -043.71339517
111 -22.92197096 -043.71372452
112 -22.92197096 -043.71372452 -22.92150917 -043.71343646
111 -22.92170730 -043.71295396
111 -22.92169675 -043.71294819 3 102
111 -22.92183703 -043.71260946
111 -22.92184297 -043.71261280
112 -22.92184297 -043.71261280 -22.92197159 -043.71237124
111 -22.92219083 -043.71247045
113 -22.92219402 -043.71246319 3 102
111 -22.93041004 -043.71407293
111 -22.93041757 -043.71405155
112 -22.93041757 -043.71405155 -22.93037356 -043.71400567
111 -22.93040483 -043.71392119
111 -22.93050917 -043.71367326
112 -22.93050917 -043.71367326 -22.93055262 -043.71361756
111 -22.93061085 -043.71362891
111 -22.93152213 -043.71407298
112 -22.93155776 -043.71420415 -22.93152879 -043.71430009
111 -22.93155776 -043.71420415
111 -22.93147868 -043.71440043
112 -22.93144739 -043.71441741 -22.93142678 -043.71441286
111 -22.93144739 -043.71441741
111 -22.93136830 -043.71439948
111 -22.93135614 -043.71442779
111 -22.93130903 -043.71441892
111 -22.93129386 -043.71446277
111 -22.93109353 -043.71436935
111 -22.93113468 -043.71426849
111 -22.93093274 -043.71417023
111 -22.93088032 -043.71430051
113 -22.93060651 -043.71416801
111 -22.93057028 -043.71353394
111 -22.93062218 -043.71340550
112 -22.93062218 -043.71340550 -22.93066845 -043.71329792
111 -22.93076159 -043.71333145
111 -22.93084066 -043.71336159
112 -22.93087988 -043.71343892 -22.93086060 -043.71349535
111 -22.93087988 -043.71343892
113 -22.93079418 -043.71364403
111 -22.93084263 -043.71356686
111 -22.93091102 -043.71359856
111 -22.93087671 -043.71368203
113 -22.93080756 -043.71364954
111 -22.93093831 -043.71361725
111 -22.93123400 -043.71376301
111 -22.93120241 -043.71384099
113 -22.93090456 -043.71369650
111 -22.93126243 -043.71377829
111 -22.93162218 -043.71395736
112 -22.93162218 -043.71395736 -22.93165781 -043.71397595
112 -22.93159026 -043.71403188 -22.93154066 -043.71402050
111 -22.93159026 -043.71403188
111 -22.93154182 -043.71401941
111 -22.93123838 -043.71386216
112 -22.93123838 -043.71386216 -22.93123283 -043.71385448
113 -22.93123687 -043.71384250
111 -22.93161248 -043.71460012
112 -22.93161248 -043.71460012 -22.93156973 -043.71453131
111 -22.93159872 -043.71443978
111 -22.93168131 -043.71422780
112 -22.93168131 -043.71422780 -22.93171350 -043.71417974
111 -22.93176641 -043.71418975
111 -22.93296758 -043.71477764
112 -22.93301465 -043.71488144 -22.93299365 -043.71494828
111 -22.93301465 -043.71488144
111 -22.93295164 -043.71504186
112 -22.93264099 -043.71516578 -22.93240374 -043.71506009
111 -22.93264099 -043.71516578
111 -22.93249840 -043.71509230
112 -22.93249840 -043.71509230 -22.93244636 -043.71506006
111 -22.93248015 -043.71499038
111 -22.93255750 -043.71502341
111 -22.93262876 -043.71484412
111 -22.93243322 -043.71474598
111 -22.93237808 -043.71488582
111 -22.93237305 -043.71488582
111 -22.93235444 -043.71492623
111 -22.93243139 -043.71496554
112 -22.93234810 -043.71501918 -22.93228942 -043.71500174
111 -22.93234810 -043.71501918
111 -22.93184172 -043.71477254
111 -22.93189038 -043.71465614
111 -22.93190283 -043.71466179
111 -22.93199550 -043.71442876
113 -22.93173306 -043.71430253
111 -22.93307072 -043.71466693
111 -22.93305563 -043.71470579
112 -22.93299950 -043.71472414 -22.93295843 -043.71470503
111 -22.93299950 -043.71472414
111 -22.93178962 -043.71413595
112 -22.93178962 -043.71413595 -22.93171040 -043.71409408
112 -22.93179625 -043.71404683 -22.93183733 -043.71406230
113 -22.93179625 -043.71404683
111 -22.92994338 -043.71365500
111 -22.93005453 -043.71370743
111 -22.92999066 -043.71386634
113 -22.92987900 -043.71381501
110 2 0.00 0.0000 New Taxiway 5
111 -22.92943035 -043.71554201
111 -22.92950573 -043.71543613 3 102
111 -22.92932544 -043.71528347
113 -22.92925131 -043.71539132 3 102
110 1 0.00 24.1000 New Taxiway 1
111 -22.94369264 -043.72483517
111 -22.94372068 -043.72476547
111 -22.94396967 -043.72441201
112 -22.94396967 -043.72441201 -22.94394570 -043.72436947
111 -22.94393667 -043.72431536
111 -22.94388479 -043.72389408
111 -22.94384690 -043.72387634 3 102
111 -22.94381851 -043.72362138 3 102
111 -22.94371472 -043.72268922
111 -22.94147651 -043.72159928 3 102
111 -22.93101652 -043.71652968
111 -22.93042381 -043.71621695 3 102
111 -22.92950573 -043.71543613
111 -22.92943035 -043.71554201 3 102
111 -22.92962394 -043.71571267
112 -22.92962394 -043.71571267 -22.92966081 -043.71575317 3 102
112 -22.92955290 -043.71579911 -22.92947686 -043.71576451
111 -22.92955290 -043.71579911 3 102
111 -22.92873154 -043.71539949
112 -22.92873154 -043.71539949 -22.92858727 -043.71531834 3 102
111 -22.92868286 -043.71520773
112 -22.92868286 -043.71520773 -22.92881235 -043.71505486 3 102
111 -22.92897602 -043.71516638 3 102
111 -22.92925131 -043.71539132
111 -22.92932544 -043.71528347 3 102
111 -22.92905962 -043.71506027
112 -22.92905962 -043.71506027 -22.92896749 -043.71494987 3 102
112 -22.92919467 -043.71489140 -22.92933343 -043.71495242
111 -22.92919467 -043.71489140
111 -22.92861536 -043.71461140
111 -22.92825401 -043.71546044
112 -22.92825401 -043.71546044 -22.92822263 -043.71540342
111 -22.92811434 -043.71533621
111 -22.92219402 -043.71246319
111 -22.92219083 -043.71247045
111 -22.92176501 -043.71225500
111 -22.92204196 -043.71158450
111 -22.92197727 -043.71155542
111 -22.92126312 -043.71329781
111 -22.92123285 -043.71336968
111 -22.92112729 -043.71379053
113 -22.92109809 -043.71385734
111 -22.93725548 -043.72107820
112 -22.93725548 -043.72107820 -22.93713960 -043.72101057
111 -22.93718539 -043.72085942
111 -22.93722499 -043.72075696
111 -22.93719239 -043.72074057 3 102
111 -22.93725844 -043.72057945 3 102
111 -22.93747810 -043.72004361
111 -22.93749779 -043.72005117
112 -22.93749779 -043.72005117 -22.93756237 -043.71991552
111 -22.93769379 -043.71997568 3 102
111 -22.94310818 -043.72259599 3 102
112 -22.94361577 -043.72330115 -22.94372090 -043.72380941
111 -22.94361577 -043.72330115 3 102
111 -22.94365470 -043.72364071 3 102
111 -22.94368534 -043.72390793
111 -22.94365230 -043.72391282
112 -22.94341352 -043.72405796 -22.94320060 -043.72396737
113 -22.94341352 -043.72405796
111 -22.93044400 -043.71776630
112 -22.93044400 -043.71776630 -22.93029433 -043.71768766
111 -22.93036796 -043.71751269
111 -22.93033295 -043.71749762 3 102
111 -22.93042754 -043.71725875 3 102
111 -22.93064844 -043.71670086
111 -22.93067660 -043.71671106
112 -22.93067660 -043.71671106 -22.93075264 -043.71660476
111 -22.93087892 -043.71666576 3 102
111 -22.93723092 -043.71975161 3 102
112 -22.93732391 -043.71999037 -22.93726908 -043.72014889
111 -22.93732391 -043.71999037 3 102
111 -22.93710875 -043.72050791 3 102
111 -22.93703515 -043.72068496
111 -22.93700473 -043.72066986
111 -22.93695780 -043.72076989
112 -22.93677443 -043.72083312 -22.93665272 -043.72078233
113 -22.93677443 -043.72083312
111 -22.92825980 -043.71669065
112 -22.92825980 -043.71669065 -22.92813608 -043.71662577
111 -22.92818383 -043.71648936
111 -22.92821896 -043.71639707
111 -22.92818263 -043.71638039 3 102
111 -22.92825626 -043.71620440 3 102
111 -22.92842328 -043.71580523
111 -22.92847459 -043.71583052
112 -22.92847459 -043.71583052 -22.92858410 -043.71563990
111 -22.92874867 -043.71571691
111 -22.93029867 -043.71645992
112 -22.93040713 -043.71676792 -22.93038454 -043.71700651
111 -22.93040713 -043.71676792
111 -22.93044885 -043.71679057 3 102
111 -22.93028097 -043.71719099 3 102
111 -22.93017825 -043.71743599
111 -22.93014624 -043.71742136
112 -22.92993491 -043.71751824 -22.92978716 -043.71745612
113 -22.92993491 -043.71751824
111 -22.92202583 -043.71368658
112 -22.92202583 -043.71368658 -22.92181558 -043.71358060
112 -22.92173002 -043.71301665 -22.92183815 -043.71268239
111 -22.92173002 -043.71301665
111 -22.92187610 -043.71266081
112 -22.92187610 -043.71266081 -22.92198873 -043.71242710
111 -22.92220349 -043.71253852
111 -22.92814060 -043.71543127
112 -22.92822170 -043.71570683 -22.92816038 -043.71590250
111 -22.92822170 -043.71570683
111 -22.92796467 -043.71632776
112 -22.92767183 -043.71642886 -22.92746220 -043.71634054
113 -22.92767183 -043.71642886
130 Airport Boundary
111 -22.94938162 -043.73114539
111 -22.95237450 -043.72639668
111 -22.94606593 -043.72310236
111 -22.94596886 -043.72215256
111 -22.94762503 -043.72003087
111 -22.93700099 -043.71126836
111 -22.92107509 -043.70691459
111 -22.91963855 -043.70931855
111 -22.91189500 -043.70896791
111 -22.91185624 -043.70966939
111 -22.91305804 -043.71171769
111 -22.92761581 -043.71867645
113 -22.92973427 -043.72192872
120 Runway Hold 05
111 -22.92167126 -043.71303120 4
115 -22.92147983 -043.71294261
120 Runway Hold 04
111 -22.92825626 -043.71620440 4
115 -22.92810148 -043.71613055
120 Runway Hold 03
111 -22.93042754 -043.71725875 4
115 -22.93028097 -043.71719099
120 Runway Hold 02
111 -22.93725844 -043.72057945 4
115 -22.93710875 -043.72050791
120 Runway Hold 01
111 -22.94381851 -043.72362138 4
115 -22.94365470 -043.72364071
120 Linear Feature 12
112 -22.94187951 -043.72189902 -22.94194949 -043.72189515 1
115 -22.94196714 -043.72184944
120 Linear Feature 11
112 -22.94215151 -043.72140925 -22.94218166 -043.72135666 1
115 -22.94222459 -043.72136101
120 Linear Feature 10
111 -22.94213084 -043.72131550 1
112 -22.94215151 -043.72140925 -22.94213224 -043.72147525
111 -22.94215151 -043.72140925 1
111 -22.94206774 -043.72160925
111 -22.94204683 -043.72165919 1
111 -22.94196714 -043.72184944 1
116 -22.94198721 -043.72195128 -22.94202160 -043.72199571
120 Linear Feature 9
112 -22.94228258 -043.72145583 -22.94230769 -043.72141916 1
115 -22.94235049 -043.72142211
120 Linear Feature 8
112 -22.94202327 -043.72196878 -22.94207367 -043.72195912 1
115 -22.94209135 -043.72192026
120 Linear Feature 7
111 -22.94226872 -043.72138242 1
112 -22.94228258 -043.72145583 -22.94227310 -043.72150502
111 -22.94228258 -043.72145583 1
111 -22.94219053 -043.72167939
111 -22.94216887 -043.72173197 1
111 -22.94209135 -043.72192026 1
116 -22.94210470 -043.72200830 -22.94213106 -043.72204631
120 Linear Feature 6
112 -22.94240197 -043.72152354 -22.94242964 -043.72147686 1
115 -22.94247267 -043.72148140
120 Linear Feature 5
112 -22.94213568 -043.72202333 -22.94219320 -043.72202076 1
115 -22.94221185 -043.72197680
120 Linear Feature 4
111 -22.94238593 -043.72143931 1
112 -22.94240197 -043.72152354 -22.94238764 -043.72157237
111 -22.94240197 -043.72152354 1
111 -22.94231238 -043.72173713
111 -22.94228940 -043.72179191 1
111 -22.94221185 -043.72197680 1
116 -22.94223097 -043.72206957 -22.94225943 -043.72211143
120 Linear Feature 3
112 -22.94252360 -043.72159201 -22.94255473 -043.72153728 1
115 -22.94260056 -043.72154347
120 Linear Feature 2
111 -22.94234637 -043.72204457 1
116 -22.94226036 -043.72208384 -22.94219958 -043.72207686
120 Linear Feature 1
111 -22.94251131 -043.72150016 1
112 -22.94252360 -043.72159201 -22.94250680 -043.72165050
111 -22.94252360 -043.72159201 1
111 -22.94244130 -043.72180216
111 -22.94241969 -043.72185735 1
111 -22.94234637 -043.72204457 1
116 -22.94235977 -043.72213208 -22.94238764 -043.72216943
120 Linear Feature 129
112 -22.94288914 -043.72238898 -22.94293370 -043.72238692 1
115 -22.94295735 -043.72235053
120 Linear Feature 128
111 -22.94312099 -043.72179605 1
112 -22.94313867 -043.72188890 -22.94312122 -043.72194762
111 -22.94313867 -043.72188890 1
111 -22.94305890 -043.72209199
111 -22.94304169 -043.72213582 1
111 -22.94295735 -043.72235053 1
116 -22.94297171 -043.72242904 -22.94299484 -043.72246487
120 Linear Feature 127
111 -22.94245678 -043.72210959 1
116 -22.94238197 -043.72214285 -22.94233446 -043.72213752
120 Linear Feature 126
112 -22.94264761 -043.72165054 -22.94267491 -043.72159223 1
115 -22.94272240 -043.72160261
120 Linear Feature 125
111 -22.94263045 -043.72155798 1
112 -22.94264761 -043.72165054 -22.94263260 -043.72171280
111 -22.94264761 -043.72165054 1
111 -22.94256099 -043.72185890
111 -22.94253759 -043.72191521 1
111 -22.94245678 -043.72210959 1
116 -22.94248197 -043.72219138 -22.94251255 -043.72222518
120 Linear Feature 124
112 -22.94277041 -043.72170772 -22.94279634 -043.72165781 1
115 -22.94284769 -043.72166341
120 Linear Feature 123
112 -22.94251759 -043.72220867 -22.94257274 -043.72220333 1
115 -22.94258980 -043.72216677
120 Linear Feature 122
111 -22.94274689 -043.72161449 1
112 -22.94277041 -043.72170772 -22.94276540 -043.72176504
111 -22.94277041 -043.72170772 1
111 -22.94269006 -043.72191195
111 -22.94266684 -043.72197096 1
111 -22.94258980 -043.72216677 1
116 -22.94260695 -043.72225203 -22.94263471 -043.72229206
120 Linear Feature 121
112 -22.94289233 -043.72176650 -22.94290872 -043.72170622 1
115 -22.94286028 -043.72166952
120 Linear Feature 120
112 -22.94264245 -043.72226926 -22.94269250 -043.72226284 1
115 -22.94270818 -043.72222398
120 Linear Feature 119
111 -22.94297163 -043.72172356 1
112 -22.94289233 -043.72176650 -22.94287231 -043.72181592
111 -22.94289233 -043.72176650 1
111 -22.94280722 -043.72197794
111 -22.94278966 -043.72202158 1
111 -22.94270818 -043.72222398 1
116 -22.94272055 -043.72230716 -22.94274330 -043.72235657
120 Linear Feature 118
112 -22.94301891 -043.72182404 -22.94304356 -043.72177504 1
115 -22.94309197 -043.72178197
120 Linear Feature 117
111 -22.94282853 -043.72229103 1
116 -22.94276593 -043.72232919 -22.94271815 -043.72233017
120 Linear Feature 116
111 -22.94300458 -043.72173956 1
112 -22.94301891 -043.72182404 -22.94301170 -043.72188910
111 -22.94301891 -043.72182404 1
111 -22.94293134 -043.72203885
111 -22.94291886 -043.72206946 1
111 -22.94282853 -043.72229103 1
116 -22.94285007 -043.72237002 -22.94287956 -043.72240856
120 Linear Feature 115
112 -22.94300979 -043.72244752 -22.94305529 -043.72244802 1
115 -22.94307005 -043.72242096
120 Linear Feature 114
112 -22.94151934 -043.72172423 -22.94161380 -043.72175091 1
111 -22.94166075 -043.72170935 1
111 -22.94204799 -043.72132204
112 -22.94204799 -043.72132204 -22.94208181 -043.72129047 1
111 -22.94213084 -043.72131550 1
111 -22.94222459 -043.72136101 1
111 -22.94226872 -043.72138242 1
111 -22.94235049 -043.72142211 1
111 -22.94238593 -043.72143931 1
111 -22.94247267 -043.72148140 1
111 -22.94251131 -043.72150016 1
111 -22.94260056 -043.72154347 1
111 -22.94263045 -043.72155798 1
111 -22.94272240 -043.72160261 1
111 -22.94274689 -043.72161449 1
111 -22.94284769 -043.72166341 1
111 -22.94286028 -043.72166952 1
111 -22.94297163 -043.72172356 1
111 -22.94300458 -043.72173956 1
111 -22.94309197 -043.72178197 1
111 -22.94312099 -043.72179605 1
111 -22.94321504 -043.72184170 1
112 -22.94325514 -043.72197063 -22.94322192 -043.72205858
111 -22.94325514 -043.72197063 1
111 -22.94307005 -043.72242096 1
116 -22.94308002 -043.72248161 -22.94309936 -043.72251002
120 Linear Feature 113
111 -22.94341448 -043.72202736 20
111 -22.94341120 -043.72203447 20
111 -22.94351058 -043.72214891
112 -22.94351058 -043.72214891 -22.94356304 -043.72209744 20
111 -22.94355863 -043.72202854 20
115 -22.94341448 -043.72202736
120 Linear Feature 112
112 -22.92253042 -043.71250916 -22.92249376 -043.71247588 1
115 -22.92250541 -043.71242943
120 Linear Feature 111
112 -22.92267368 -043.71202818 -22.92269947 -043.71198783 1
115 -22.92274309 -043.71199503
120 Linear Feature 110
112 -22.92243305 -043.71246191 -22.92248456 -043.71246568 1
111 -22.92250541 -043.71242943 1
111 -22.92255065 -043.71232157
111 -22.92256488 -043.71228762 1
111 -22.92267368 -043.71202818
112 -22.92267368 -043.71202818 -22.92268544 -043.71197754 1
115 -22.92265707 -043.71195299
120 Linear Feature 109
112 -22.92240097 -043.71244634 -22.92237275 -043.71241225 1
115 -22.92238463 -043.71236720
120 Linear Feature 108
112 -22.92254925 -043.71196997 -22.92257792 -043.71192798 1
115 -22.92261251 -043.71193120
120 Linear Feature 107
112 -22.92231313 -043.71240371 -22.92236455 -043.71240470 1
111 -22.92238347 -043.71236553 1
111 -22.92242820 -043.71225881
111 -22.92244227 -043.71222523 1
111 -22.92254925 -043.71196997
112 -22.92254925 -043.71196997 -22.92255836 -043.71192452 1
115 -22.92254098 -043.71189624
120 Linear Feature 106
112 -22.92242606 -043.71191099 -22.92245147 -043.71186941 1
115 -22.92249485 -043.71187369
120 Linear Feature 105
112 -22.92228049 -043.71238787 -22.92224910 -043.71235823 1
115 -22.92225634 -043.71231107
120 Linear Feature 104
111 -22.92240813 -043.71183130 1
112 -22.92242606 -043.71191099 -22.92241810 -043.71196452
111 -22.92242606 -043.71191099 1
111 -22.92231590 -043.71217066
111 -22.92230403 -043.71219865 1
111 -22.92225634 -043.71231107 1
116 -22.92218343 -043.71234077 -22.92213592 -043.71233366
120 Linear Feature 103
112 -22.92215509 -043.71232702 -22.92212437 -043.71229161 1
115 -22.92213445 -043.71225166
120 Linear Feature 102
112 -22.92230272 -043.71184870 -22.92232911 -043.71180967 1
115 -22.92237336 -043.71181431
120 Linear Feature 101
111 -22.92228724 -043.71177221 1
112 -22.92230272 -043.71184870 -22.92229271 -043.71189860
111 -22.92230272 -043.71184870 1
111 -22.92219282 -043.71211186
111 -22.92218262 -043.71213630 1
111 -22.92213445 -043.71225166 1
116 -22.92206273 -043.71228220 -22.92201304 -043.71227627
120 Linear Feature 100
112 -22.92204245 -043.71227236 -22.92200423 -043.71223738 1
115 -22.92201831 -043.71217547
120 Linear Feature 99
112 -22.92217821 -043.71178518 -22.92221163 -043.71174677 1
115 -22.92224896 -043.71175350
120 Linear Feature 98
111 -22.92216332 -043.71171165 1
112 -22.92217821 -043.71178518 -22.92216401 -043.71183439
111 -22.92217821 -043.71178518 1
111 -22.92207003 -043.71204923
111 -22.92205445 -043.71208727 1
111 -22.92201831 -043.71217547
112 -22.92201831 -043.71217547 -22.92199472 -043.71222670 1
116 -22.92188625 -043.71229762 -22.92186188 -043.71232153
120 Linear Feature 97
112 -22.92183127 -043.71235822 -22.92186239 -043.71227759 1
116 -22.92189014 -043.71212579 -22.92191197 -043.71206740
120 Linear Feature 96
111 -22.92204245 -043.71227236 1
111 -22.92192474 -043.71221628
112 -22.92192474 -043.71221628 -22.92186832 -043.71218417 1
111 -22.92189014 -043.71212579 1
111 -22.92205267 -043.71173410
112 -22.92205267 -043.71173410 -22.92207846 -043.71167770 1
111 -22.92212627 -043.71169353 1
111 -22.92216332 -043.71171165 1
111 -22.92224896 -043.71175350 1
111 -22.92228724 -043.71177221 1
111 -22.92237336 -043.71181431 1
111 -22.92240813 -043.71183130 1
111 -22.92249485 -043.71187369 1
111 -22.92254098 -043.71189624 1
111 -22.92261251 -043.71193120 1
111 -22.92265707 -043.71195299 1
111 -22.92274309 -043.71199503 1
111 -22.92277814 -043.71201216
112 -22.92277814 -043.71201216 -22.92283450 -043.71203991 1
111 -22.92288549 -043.71211986 1
111 -22.92341683 -043.71290995 1
116 -22.92348645 -043.71297311 -22.92353104 -043.71299584
120 Linear Feature 95
112 -22.92835241 -043.71444044 -22.92838701 -043.71438324 1
115 -22.92844384 -043.71439279
120 Linear Feature 94
112 -22.92821096 -043.71480232 -22.92825355 -043.71474113 1
111 -22.92830998 -043.71475670 1
116 -22.92826261 -043.71465178 -22.92825868 -043.71457992
120 Linear Feature 93
112 -22.92810906 -043.71521640 -22.92806219 -043.71516353 1
115 -22.92807929 -043.71511082
120 Linear Feature 92
112 -22.92799204 -043.71515961 -22.92805074 -043.71516060 1
111 -22.92807929 -043.71511082 1
111 -22.92817262 -043.71489214 1
111 -22.92821096 -043.71480232 1
112 -22.92818551 -043.71469630 -22.92813955 -043.71465331
111 -22.92818551 -043.71469630
112 -22.92818551 -043.71469630 -22.92824284 -043.71469284 1
111 -22.92826261 -043.71465178 1
111 -22.92831819 -043.71452097 1
111 -22.92835241 -043.71444044
112 -22.92835241 -043.71444044 -22.92836748 -043.71438779 1
115 -22.92832615 -043.71433659
120 Linear Feature 91
112 -22.92803383 -043.71472196 -22.92806987 -043.71466646 1
111 -22.92812765 -043.71466822 1
116 -22.92810461 -043.71456241 -22.92811640 -043.71450407
120 Linear Feature 90
112 -22.92793690 -043.71513285 -22.92789994 -043.71508675 1
115 -22.92790815 -043.71503177
120 Linear Feature 89
112 -22.92781886 -043.71507557 -22.92788412 -043.71507813 1
111 -22.92790815 -043.71503177 1
111 -22.92800291 -043.71479819 1
111 -22.92803383 -043.71472196 1
112 -22.92801457 -043.71461335 -22.92797589 -043.71457339
111 -22.92801457 -043.71461335
112 -22.92801457 -043.71461335 -22.92807308 -043.71461437 1
111 -22.92810461 -043.71456241 1
111 -22.92815393 -043.71443953 1
111 -22.92818821 -043.71435414
112 -22.92818821 -043.71435414 -22.92820472 -043.71430035 1
115 -22.92817009 -043.71426206
120 Linear Feature 88
112 -22.92801102 -043.71426822 -22.92804182 -043.71421842 1
115 -22.92809199 -043.71422477
120 Linear Feature 87
112 -22.92785373 -043.71464114 -22.92789147 -043.71457710 1
111 -22.92795754 -043.71458567 1
116 -22.92792186 -043.71449256 -22.92792973 -043.71443963
120 Linear Feature 86
112 -22.92776901 -043.71505138 -22.92772655 -043.71500357 1
115 -22.92773893 -043.71494849
120 Linear Feature 85
112 -22.92764495 -043.71499117 -22.92770707 -043.71500142 1
111 -22.92773893 -043.71494849 1
111 -22.92783110 -043.71470172 1
111 -22.92785373 -043.71464114 1
112 -22.92783963 -043.71452845 -22.92779704 -043.71447936
111 -22.92783963 -043.71452845
112 -22.92783963 -043.71452845 -22.92789795 -043.71452916 1
111 -22.92792186 -043.71449256 1
111 -22.92797473 -043.71435954 1
111 -22.92801102 -043.71426822
112 -22.92801102 -043.71426822 -22.92803002 -043.71421913 1
115 -22.92799164 -043.71417685
120 Linear Feature 84
112 -22.92783667 -043.71420118 -22.92787441 -043.71414056 1
115 -22.92793147 -043.71414811
120 Linear Feature 83
112 -22.92758953 -043.71496428 -22.92755742 -043.71492159 1
115 -22.92757242 -043.71486052
120 Linear Feature 82
112 -22.92770339 -043.71454429 -22.92773878 -043.71449221 1
111 -22.92778915 -043.71450395 1
116 -22.92775623 -043.71440393 -22.92775859 -043.71434076
120 Linear Feature 81
112 -22.92747597 -043.71490917 -22.92755067 -043.71491486 1
111 -22.92757242 -043.71486052 1
111 -22.92766795 -043.71462986 1
111 -22.92770339 -043.71454429 1
112 -22.92767196 -043.71444708 -22.92762871 -043.71441378
111 -22.92767196 -043.71444708
112 -22.92767196 -043.71444708 -22.92772621 -043.71445391 1
111 -22.92775623 -043.71440393 1
111 -22.92780655 -043.71427709 1
111 -22.92783667 -043.71420118
112 -22.92783667 -043.71420118 -22.92785931 -043.71413459 1
115 -22.92781772 -043.71409379
120 Linear Feature 80
112 -22.92753164 -043.71446670 -22.92756691 -043.71441482 1
111 -22.92762434 -043.71442397 1
116 -22.92759520 -043.71433437 -22.92760354 -043.71428002
120 Linear Feature 79
112 -22.92742821 -043.71488599 -22.92739226 -043.71484153 1
115 -22.92740108 -043.71478726
120 Linear Feature 78
112 -22.92767975 -043.71411487 -22.92771469 -043.71406566 1
115 -22.92776655 -043.71406935
120 Linear Feature 77
112 -22.92731038 -043.71482881 -22.92736817 -043.71483622 1
111 -22.92740108 -043.71478726 1
111 -22.92749823 -043.71454873 1
111 -22.92753164 -043.71446670 1
112 -22.92750065 -043.71436395 -22.92745401 -043.71432565
111 -22.92750065 -043.71436395
112 -22.92750065 -043.71436395 -22.92756739 -043.71437506 1
111 -22.92759520 -043.71433437 1
111 -22.92764736 -043.71419894 1
111 -22.92767975 -043.71411487
112 -22.92767975 -043.71411487 -22.92769613 -043.71405677 1
115 -22.92765620 -043.71401666
120 Linear Feature 76
112 -22.92750879 -043.71402449 -22.92754246 -043.71397212 1
115 -22.92759389 -043.71398690
120 Linear Feature 75
112 -22.92736376 -043.71438496 -22.92740504 -043.71433516 1
111 -22.92745941 -043.71434393 1
116 -22.92742824 -043.71423043 -22.92744200 -043.71416782
120 Linear Feature 74
112 -22.92726159 -043.71480514 -22.92722610 -043.71477075 1
115 -22.92723380 -043.71470329
120 Linear Feature 73
112 -22.92713784 -043.71474508 -22.92720337 -043.71475575 1
111 -22.92723380 -043.71470329 1
111 -22.92733183 -043.71446315 1
111 -22.92736376 -043.71438496 1
112 -22.92733110 -043.71428166 -22.92728523 -043.71424223
111 -22.92733110 -043.71428166
112 -22.92733110 -043.71428166 -22.92739935 -043.71428166 1
111 -22.92742824 -043.71423043 1
111 -22.92747571 -043.71410906 1
111 -22.92750879 -043.71402449
112 -22.92750879 -043.71402449 -22.92752680 -043.71397113 1
115 -22.92748403 -043.71393443
120 Linear Feature 72
112 -22.92702594 -043.71422339 -22.92706007 -043.71416608 1
111 -22.92710618 -043.71417251 1
116 -22.92708109 -043.71406783 -22.92709565 -043.71400607
120 Linear Feature 71
112 -22.92733889 -043.71395131 -22.92736574 -043.71389400 1
115 -22.92742031 -043.71390401
120 Linear Feature 70
112 -22.92719508 -043.71429947 -22.92723494 -043.71424849 1
111 -22.92728686 -043.71426019 1
116 -22.92725509 -043.71416301 -22.92726765 -043.71411024
120 Linear Feature 69
112 -22.92709276 -043.71472320 -22.92705410 -043.71468549 1
115 -22.92706915 -043.71461806
120 Linear Feature 68
112 -22.92696968 -043.71466348 -22.92703259 -043.71467201 1
111 -22.92706915 -043.71461806 1
111 -22.92715967 -043.71438705 1
111 -22.92719508 -043.71429947 1
112 -22.92716872 -043.71420286 -22.92712941 -043.71417440
111 -22.92716872 -043.71420286
112 -22.92716872 -043.71420286 -22.92723032 -043.71420500 1
111 -22.92725509 -043.71416301 1
111 -22.92730766 -043.71403021 1
111 -22.92733889 -043.71395131
112 -22.92733889 -043.71395131 -22.92735305 -043.71389069 1
115 -22.92732033 -043.71385626
120 Linear Feature 67
112 -22.92716601 -043.71385247 -22.92719768 -043.71380563 1
115 -22.92723842 -043.71381715
120 Linear Feature 66
112 -22.92692154 -043.71464011 -22.92688812 -043.71459529 1
115 -22.92690139 -043.71453382
120 Linear Feature 65
112 -22.92681414 -043.71458799 -22.92687901 -043.71459084 1
111 -22.92690139 -043.71453382 1
111 -22.92699171 -043.71430872 1
111 -22.92702594 -043.71422339 1
112 -22.92699188 -043.71411704 -22.92694208 -043.71407649
111 -22.92699188 -043.71411704
112 -22.92699188 -043.71411704 -22.92705282 -043.71412487 1
111 -22.92708109 -043.71406783 1
111 -22.92713216 -043.71393831 1
111 -22.92716601 -043.71385247
112 -22.92716601 -043.71385247 -22.92718130 -043.71381274 1
115 -22.92715128 -043.71377553
120 Linear Feature 64
112 -22.92701351 -043.71377974 -22.92704169 -043.71373278 1
115 -22.92709059 -043.71374655
120 Linear Feature 63
112 -22.92675400 -043.71455881 -22.92671626 -043.71452124 1
115 -22.92673011 -043.71445630
120 Linear Feature 62
112 -22.92626555 -043.71335407 -22.92622960 -043.71332740 1
115 -22.92623533 -043.71328799
120 Linear Feature 61
111 -22.92659138 -043.71350816 1
111 -22.92626555 -043.71335407 1
116 -22.92620069 -043.71337184 -22.92617065 -043.71340000
120 Linear Feature 60
112 -22.92685528 -043.71414438 -22.92689787 -043.71408106 1
111 -22.92695729 -043.71410026 1
116 -22.92692448 -043.71398900 -22.92694217 -043.71391501
120 Linear Feature 59
112 -22.92664633 -043.71450656 -22.92670639 -043.71450754 1
111 -22.92673011 -043.71445630 1
111 -22.92682414 -043.71422199 1
111 -22.92685528 -043.71414438 1
112 -22.92682228 -043.71403473 -22.92677450 -043.71400015
111 -22.92682228 -043.71403473
112 -22.92682228 -043.71403473 -22.92689736 -043.71404017 1
111 -22.92692448 -043.71398900 1
111 -22.92697969 -043.71385924 1
111 -22.92701351 -043.71377974
112 -22.92701351 -043.71377974 -22.92702671 -043.71373231 1
115 -22.92698943 -043.71369824
120 Linear Feature 58
112 -22.92683623 -043.71369412 -22.92686189 -043.71365143 1
115 -22.92690506 -043.71365795
120 Linear Feature 57
112 -22.92668693 -043.71406020 -22.92672756 -043.71400613 1
111 -22.92678844 -043.71401831 1
116 -22.92675062 -043.71390738 -22.92675849 -043.71383837
120 Linear Feature 56
112 -22.92658380 -043.71447621 -22.92654612 -043.71443471 1
115 -22.92655954 -043.71437472
120 Linear Feature 55
112 -22.92646128 -043.71441676 -22.92652908 -043.71442664 1
111 -22.92655954 -043.71437472 1
111 -22.92665427 -043.71414083 1
111 -22.92668693 -043.71406020 1
112 -22.92665514 -043.71395363 -22.92660993 -043.71392090
111 -22.92665514 -043.71395363
112 -22.92665514 -043.71395363 -22.92672395 -043.71395932 1
111 -22.92675062 -043.71390738 1
111 -22.92680499 -043.71377193 1
111 -22.92683623 -043.71369412
112 -22.92683623 -043.71369412 -22.92685064 -043.71364930 1
115 -22.92681133 -043.71361319
120 Linear Feature 54
112 -22.92666519 -043.71361972 -22.92670069 -043.71357031 1
115 -22.92675234 -043.71358502
120 Linear Feature 53
112 -22.92651772 -043.71398084 -22.92655704 -043.71391539 1
111 -22.92662457 -043.71393879 1
116 -22.92658660 -043.71381692 -22.92660823 -043.71373297
120 Linear Feature 52
112 -22.92641273 -043.71439320 -22.92637342 -043.71435051 1
115 -22.92639128 -043.71428922
120 Linear Feature 51
112 -22.92628895 -043.71433313 -22.92635065 -043.71435328 1
111 -22.92639128 -043.71428922 1
111 -22.92648577 -043.71405878 1
111 -22.92651772 -043.71398084 1
112 -22.92648322 -043.71387019 -22.92643276 -043.71383604
111 -22.92648322 -043.71387019
112 -22.92648322 -043.71387019 -22.92654874 -043.71387944 1
111 -22.92658660 -043.71381692 1
111 -22.92663537 -043.71369456 1
111 -22.92666519 -043.71361972
112 -22.92666519 -043.71361972 -22.92668171 -043.71357361 1
115 -22.92665043 -043.71353635
120 Linear Feature 50
112 -22.92644843 -043.71385331 -22.92640060 -043.71381774 1
115 -22.92641297 -043.71374556
120 Linear Feature 49
112 -22.92880433 -043.71465226 -22.92882006 -043.71458822 1
115 -22.92876787 -043.71454753
120 Linear Feature 48
111 -22.92634543 -043.71390624 1
111 -22.92641297 -043.71374556 1
111 -22.92650143 -043.71353514
112 -22.92650143 -043.71353514 -22.92653291 -043.71347603 1
111 -22.92659138 -043.71350816 1
111 -22.92665043 -043.71353635 1
111 -22.92675234 -043.71358502 1
111 -22.92681133 -043.71361319 1
111 -22.92690506 -043.71365795 1
111 -22.92698943 -043.71369824 1
111 -22.92709059 -043.71374655 1
111 -22.92715128 -043.71377553 1
111 -22.92723842 -043.71381715 1
111 -22.92732033 -043.71385626 1
111 -22.92742031 -043.71390401 1
111 -22.92748403 -043.71393443 1
111 -22.92759389 -043.71398690 1
111 -22.92765620 -043.71401666 1
111 -22.92776655 -043.71406935 1
111 -22.92781772 -043.71409379 1
111 -22.92793147 -043.71414811 1
111 -22.92799164 -043.71417685 1
111 -22.92809199 -043.71422477 1
111 -22.92817009 -043.71426206 1
111 -22.92832615 -043.71433659 1
111 -22.92844384 -043.71439279 1
111 -22.92876787 -043.71454753
112 -22.92876787 -043.71454753 -22.92882160 -043.71456532 1
115 -22.92885973 -043.71451429
120 Linear Feature 47
111 -22.92861619 -043.71490531 1
116 -22.92871535 -043.71487389 -22.92875990 -043.71482480
120 Linear Feature 46
112 -22.92623818 -043.71430849 -22.92620830 -043.71426751 1
115 -22.92622040 -043.71421359
120 Linear Feature 45
112 -22.92865422 -043.71502259 -22.92866896 -043.71494018 1
111 -22.92861619 -043.71490531 1
111 -22.92830998 -043.71475670 1
111 -22.92818551 -043.71469630 1
111 -22.92812765 -043.71466822 1
111 -22.92801457 -043.71461335 1
111 -22.92795754 -043.71458567 1
111 -22.92783963 -043.71452845 1
111 -22.92778915 -043.71450395 1
111 -22.92767196 -043.71444708 1
111 -22.92762434 -043.71442397 1
111 -22.92750065 -043.71436395 1
111 -22.92745941 -043.71434393 1
111 -22.92733110 -043.71428166 1
111 -22.92728686 -043.71426019 1
111 -22.92716872 -043.71420286 1
111 -22.92710618 -043.71417251 1
111 -22.92699188 -043.71411704 1
111 -22.92695729 -043.71410026 1
111 -22.92682228 -043.71403473 1
111 -22.92678844 -043.71401831 1
111 -22.92665514 -043.71395363 1
111 -22.92662457 -043.71393879 1
111 -22.92648322 -043.71387019 1
111 -22.92644843 -043.71385331 1
112 -22.92634543 -043.71390624 -22.92631266 -043.71397739
111 -22.92634543 -043.71390624 1
111 -22.92622040 -043.71421359 1
116 -22.92613566 -043.71425874 -22.92607433 -043.71425105
120 Linear Feature 44
112 -22.93084908 -043.71560332 -22.93080945 -043.71553058 1
111 -22.93083411 -043.71545507 1
111 -22.93087159 -043.71536613 1
111 -22.93096671 -043.71514037
112 -22.93096671 -043.71514037 -22.93099423 -043.71507206 1
115 -22.93093531 -043.71502967
120 Linear Feature 43
112 -22.93072846 -043.71554423 -22.93068695 -043.71546329 1
111 -22.93071686 -043.71540661 1
111 -22.93076004 -043.71530394 1
111 -22.93085190 -043.71508551
112 -22.93085190 -043.71508551 -22.93087549 -043.71502302 1
115 -22.93083479 -043.71498093
120 Linear Feature 42
112 -22.93061054 -043.71548645 -22.93056808 -043.71540244 1
111 -22.93059324 -043.71533108 1
111 -22.93063276 -043.71523696 1
111 -22.93072532 -043.71501648
112 -22.93072532 -043.71501648 -22.93074301 -043.71495459 1
115 -22.93070677 -043.71491885
120 Linear Feature 41
112 -22.93046085 -043.71541311 -22.93043443 -043.71531988 1
111 -22.93046330 -043.71524243 1
111 -22.93049242 -043.71517031 1
111 -22.93058278 -043.71494651
112 -22.93058278 -043.71494651 -22.93059615 -043.71488162 1
115 -22.93056393 -043.71484959
120 Linear Feature 40
112 -22.93035635 -043.71536191 -22.93032254 -043.71526544 1
111 -22.93036156 -043.71517901 1
111 -22.93038335 -043.71512536 1
111 -22.93047456 -043.71490087
112 -22.93047456 -043.71490087 -22.93049531 -043.71483862 1
115 -22.93045415 -043.71479635
120 Linear Feature 39
112 -22.93021978 -043.71529501 -22.93018750 -043.71519616 1
111 -22.93021924 -043.71510907 1
111 -22.93024334 -043.71505072 1
111 -22.93033135 -043.71483765
112 -22.93033135 -043.71483765 -22.93035337 -043.71477447 1
115 -22.93031405 -043.71472842
120 Linear Feature 38
112 -22.93010854 -043.71524050 -22.93007866 -043.71515341 1
111 -22.93011580 -043.71506259 1
111 -22.93014035 -043.71500319 1
111 -22.93022924 -043.71478814
112 -22.93022924 -043.71478814 -22.93025245 -043.71472984 1
115 -22.93022206 -043.71468381
120 Linear Feature 37
111 -22.92998352 -043.71517925 1
112 -22.92999287 -043.71502143 -22.93002629 -043.71493250
111 -22.92999287 -043.71502143 1
111 -22.93002423 -043.71494440 1
111 -22.93011307 -043.71472613
112 -22.93011307 -043.71472613 -22.93013339 -043.71466921 1
115 -22.93010763 -043.71462832
120 Linear Feature 36
111 -22.92986820 -043.71512275 1
112 -22.92986855 -043.71496322 -22.92990001 -043.71488040
111 -22.92986855 -043.71496322 1
111 -22.92989849 -043.71489058 1
111 -22.92998813 -043.71467307
112 -22.92998813 -043.71467307 -22.93001094 -043.71460904 1
115 -22.92997585 -043.71456442
120 Linear Feature 35
112 -22.92973992 -043.71505990 -22.92971699 -043.71497808 1
111 -22.92974416 -043.71490015 1
111 -22.92977545 -043.71482480 1
111 -22.92986116 -043.71461840
112 -22.92986116 -043.71461840 -22.92988082 -043.71457038 1
111 -22.92985923 -043.71450787 1
112 -22.92986806 -043.71436936 -22.92990301 -043.71428576
111 -22.92986806 -043.71436936 1
111 -22.92990971 -043.71426952 1
111 -22.92998111 -043.71409838
112 -22.92998111 -043.71409838 -22.93000295 -043.71403909 1
115 -22.92995623 -043.71399330
120 Linear Feature 34
112 -22.92962663 -043.71500439 -22.92958977 -043.71492287 1
111 -22.92961798 -043.71484912 1
111 -22.92965371 -043.71476393 1
111 -22.92973409 -043.71457234 1
112 -22.92972607 -043.71444330 -22.92968990 -043.71438012
111 -22.92972607 -043.71444330
112 -22.92972607 -043.71444330 -22.92970799 -043.71438695 1
111 -22.92973185 -043.71432254 1
111 -22.92977964 -043.71420532 1
111 -22.92985179 -043.71402840
112 -22.92985179 -043.71402840 -22.92987079 -043.71397148 1
115 -22.92982512 -043.71393021
120 Linear Feature 33
112 -22.92947665 -043.71493091 -22.92944934 -043.71486865 1
111 -22.92947564 -043.71479797 1
111 -22.92951628 -043.71470320 1
111 -22.92960574 -043.71449458 1
112 -22.92958211 -043.71437350 -22.92953493 -043.71431800
111 -22.92958211 -043.71437350
112 -22.92958211 -043.71437350 -22.92955787 -043.71431444 1
111 -22.92958609 -043.71426027 1
111 -22.92963898 -043.71413628 1
111 -22.92971362 -043.71396128
112 -22.92971362 -043.71396128 -22.92973590 -043.71390863 1
115 -22.92969913 -043.71386957
120 Linear Feature 32
112 -22.92936141 -043.71487445 -22.92933310 -043.71480956 1
111 -22.92936043 -043.71475092 1
111 -22.92940236 -043.71464963 1
111 -22.92949045 -043.71443684
112 -22.92949045 -043.71443684 -22.92951404 -043.71437352 1
111 -22.92947688 -043.71432247 1
112 -22.92945861 -043.71420998 -22.92947695 -043.71414951
111 -22.92945861 -043.71420998 1
111 -22.92951420 -043.71407917 1
111 -22.92958915 -043.71390280
112 -22.92958915 -043.71390280 -22.92960881 -043.71384588 1
115 -22.92957001 -043.71380744
120 Linear Feature 31
111 -22.92919637 -043.71418644 1
112 -22.92918757 -043.71409787 -22.92920644 -043.71405006
111 -22.92918757 -043.71409787 1
111 -22.92924289 -043.71396255 1
111 -22.92931810 -043.71377856
112 -22.92931810 -043.71377856 -22.92934326 -043.71371368 1
115 -22.92930302 -043.71367896
120 Linear Feature 30
111 -22.92934895 -043.71426043 1
112 -22.92932220 -043.71415596 -22.92934022 -043.71409727
111 -22.92932220 -043.71415596 1
111 -22.92937775 -043.71401949 1
111 -22.92945147 -043.71383836
112 -22.92945147 -043.71383836 -22.92947375 -043.71378642 1
115 -22.92943602 -043.71374296
120 Linear Feature 29
112 -22.93117820 -043.71458134 -22.93120569 -043.71461016 1
111 -22.93118840 -043.71465112 1
111 -22.93111573 -043.71483222 1
111 -22.93105458 -043.71498461
112 -22.93105458 -043.71498461 -22.93103492 -043.71504082 1
115 -22.93106410 -043.71509212
120 Linear Feature 28
112 -22.93105443 -043.71452178 -22.93108406 -043.71454679 1
111 -22.93106937 -043.71458469 1
111 -22.93099218 -043.71477206 1
111 -22.93092834 -043.71492702
112 -22.93092834 -043.71492702 -22.93090632 -043.71498593 1
115 -22.93093531 -043.71502967
120 Linear Feature 27
111 -22.93092492 -043.71445945 1
112 -22.93094160 -043.71452736 -22.93092849 -043.71456531
111 -22.93094160 -043.71452736 1
111 -22.93086574 -043.71470820 1
111 -22.93079667 -043.71487285
112 -22.93079667 -043.71487285 -22.93077780 -043.71492493 1
115 -22.93080249 -043.71496527
120 Linear Feature 26
111 -22.93080770 -043.71440304 1
112 -22.93082008 -043.71447184 -22.93080435 -043.71451282
111 -22.93082008 -043.71447184 1
111 -22.93074626 -043.71465101 1
111 -22.93069085 -043.71478551
112 -22.93069085 -043.71478551 -22.93066202 -043.71486875 1
115 -22.93070677 -043.71491885
120 Linear Feature 25
111 -22.93067622 -043.71433977 1
112 -22.93069397 -043.71441350 -22.93068032 -043.71446331
111 -22.93069397 -043.71441350 1
111 -22.93061980 -043.71459623 1
111 -22.93056439 -043.71473274
112 -22.93056439 -043.71473274 -22.93053884 -043.71480033 1
115 -22.93056393 -043.71484959
120 Linear Feature 24
111 -22.93054953 -043.71427881 1
112 -22.93056834 -043.71435514 -22.93055262 -043.71439996
111 -22.93056834 -043.71435514 1
111 -22.93049564 -043.71453490 1
111 -22.93043902 -043.71467491 1
116 -22.93045415 -043.71479635 -22.93049150 -043.71485256
120 Linear Feature 23
111 -22.93043359 -043.71422301 1
112 -22.93044460 -043.71429658 -22.93042713 -043.71434223
111 -22.93044460 -043.71429658 1
111 -22.93037084 -043.71447213 1
111 -22.93030610 -043.71462621 1
116 -22.93031405 -043.71472842 -22.93034463 -043.71477288
120 Linear Feature 22
111 -22.93029595 -043.71415678 1
112 -22.93032205 -043.71423835 -22.93030512 -043.71429171
111 -22.93032205 -043.71423835 1
111 -22.93024963 -043.71441437 1
111 -22.93018791 -043.71456440 1
116 -22.93019159 -043.71466904 -22.93021813 -043.71472428
120 Linear Feature 21
111 -22.93189861 -043.71492802 1
112 -22.93192676 -043.71503124 -22.93190874 -043.71509527
111 -22.93192676 -043.71503124 1
111 -22.93185849 -043.71519270 1
111 -22.93178797 -043.71535949
112 -22.93178797 -043.71535949 -22.93176516 -043.71540644 1
111 -22.93170811 -043.71540441 1
112 -22.93172907 -043.71550163 -22.93170627 -043.71555712
111 -22.93172907 -043.71550163 1
111 -22.93162075 -043.71575938 1
111 -22.93157002 -043.71588009
112 -22.93157002 -043.71588009 -22.93154381 -043.71593048 1
115 -22.93147509 -043.71591003
120 Linear Feature 20
111 -22.93177832 -043.71487013 1
112 -22.93180530 -043.71495876 -22.93178695 -043.71501355
111 -22.93180530 -043.71495876 1
111 -22.93173094 -043.71513337 1
111 -22.93165996 -043.71530005
112 -22.93165996 -043.71530005 -22.93163932 -043.71534321 1
111 -22.93156031 -043.71533274 1
112 -22.93159753 -043.71544512 -22.93157514 -043.71550548
111 -22.93159753 -043.71544512 1
111 -22.93149497 -043.71570527 1
111 -22.93145371 -043.71580993
112 -22.93145371 -043.71580993 -22.93142805 -043.71586447 1
115 -22.93136908 -043.71585810
120 Linear Feature 19
111 -22.93165678 -043.71481164 1
112 -22.93168334 -043.71489611 -22.93166805 -043.71494650
111 -22.93168334 -043.71489611 1
111 -22.93160682 -043.71507775 1
111 -22.93153125 -043.71525711
112 -22.93153125 -043.71525711 -22.93151433 -043.71529388 1
111 -22.93146708 -043.71528753 1
112 -22.93148366 -043.71536981 -22.93146673 -043.71540953
111 -22.93148366 -043.71536981 1
111 -22.93136890 -043.71564520 1
111 -22.93132070 -043.71576089
112 -22.93132070 -043.71576089 -22.93129999 -043.71580344 1
115 -22.93122601 -043.71578800
120 Linear Feature 18
112 -22.93153460 -043.71475285 -22.93157537 -043.71478716 1
111 -22.93156046 -043.71484433 1
111 -22.93148604 -043.71502140 1
111 -22.93141394 -043.71519298
112 -22.93141394 -043.71519298 -22.93139319 -043.71523270 1
111 -22.93134558 -043.71522862 1
112 -22.93136344 -043.71531536 -22.93134542 -043.71536398
111 -22.93136344 -043.71531536 1
111 -22.93124639 -043.71558458 1
111 -22.93119271 -043.71570806
112 -22.93119271 -043.71570806 -22.93116996 -043.71574635 1
115 -22.93111875 -043.71573545
120 Linear Feature 17
112 -22.93119851 -043.71520783 -22.93122145 -043.71518151 1
111 -22.93125835 -043.71518632
112 -22.93125835 -043.71518632 -22.93123345 -043.71515715 1
111 -22.93123269 -043.71512517
112 -22.93123269 -043.71512517 -22.93120451 -043.71515079 1
111 -22.93117293 -043.71514490
112 -22.93117293 -043.71514490 -22.93119652 -043.71516838 1
115 -22.93119851 -043.71520783
120 Linear Feature 16
112 -22.93098198 -043.71573154 -22.93101422 -043.71569824 1
111 -22.93105815 -043.71570576
112 -22.93105815 -043.71570576 -22.93102592 -043.71567417 1
111 -22.93102466 -043.71562832
112 -22.93102466 -043.71562832 -22.93098849 -043.71566333 1
111 -22.93095713 -043.71565626
112 -22.93095713 -043.71565626 -22.93098779 -043.71568444 1
115 -22.93098198 -043.71573154
120 Linear Feature 15
111 -22.93148119 -043.71472714 1
112 -22.93137276 -043.71478640 -22.93133879 -043.71485914
111 -22.93137276 -043.71478640 1
111 -22.93123269 -043.71512517 1
111 -22.93119851 -043.71520783 1
111 -22.93102466 -043.71562832 1
111 -22.93098198 -043.71573154 1
115 -22.93079947 -043.71617299
120 Linear Feature 14
111 -22.92878418 -043.71491638 1
116 -22.92873952 -043.71481368 -22.92873559 -043.71474965
120 Linear Feature 13
111 -22.93182191 -043.71545959 1
112 -22.93185611 -043.71555687 -22.93183488 -043.71561492
111 -22.93185611 -043.71555687 1
111 -22.93175002 -043.71582141 1
111 -22.93169382 -043.71596156 1
112 -22.93161346 -043.71597783 -22.93155527 -043.71595051
111 -22.93161346 -043.71597783 1
111 -22.93147509 -043.71591003 1
111 -22.93136908 -043.71585810 1
111 -22.93122601 -043.71578800 1
111 -22.93111875 -043.71573545 1
111 -22.93105815 -043.71570576 1
111 -22.93095713 -043.71565626 1
111 -22.93084908 -043.71560332 1
111 -22.93072846 -043.71554423 1
111 -22.93061054 -043.71548645 1
111 -22.93046085 -043.71541311 1
111 -22.93035635 -043.71536191 1
111 -22.93021978 -043.71529501 1
111 -22.93010854 -043.71524050 1
111 -22.92998352 -043.71517925 1
111 -22.92986820 -043.71512275 1
111 -22.92973992 -043.71505990 1
111 -22.92962663 -043.71500439 1
111 -22.92947665 -043.71493091 1
111 -22.92936141 -043.71487445 1
111 -22.92926574 -043.71482757
112 -22.92926574 -043.71482757 -22.92919969 -043.71479069 1
111 -22.92923373 -043.71469537 1
111 -22.92927792 -043.71459087 1
111 -22.92937096 -043.71437080
112 -22.92937096 -043.71437080 -22.92938983 -043.71430506 1
115 -22.92934895 -043.71426043
120 Linear Feature 12
111 -22.92613598 -043.71336526 1
116 -22.92620729 -043.71335587 -22.92623459 -043.71333199
120 Linear Feature 11
112 -22.92584162 -043.71328477 -22.92588028 -043.71324920 1
111 -22.92593128 -043.71327064 1
111 -22.92606762 -043.71333366 1
111 -22.92613598 -043.71336526 1
116 -22.92617374 -043.71343709 -22.92617767 -043.71349116
120 Linear Feature 10
111 -22.92621069 -043.71320255 1
116 -22.92627765 -043.71318553 -22.92630004 -043.71315292
120 Linear Feature 9
112 -22.92624256 -043.71327048 -22.92624201 -043.71321594 1
111 -22.92621069 -043.71320255 1
111 -22.92613324 -043.71316555 1
111 -22.92600078 -043.71310229 1
116 -22.92591329 -043.71311060 -22.92586926 -043.71314048
120 Linear Feature 8
111 -22.92628593 -043.71302318 1
116 -22.92635255 -043.71300420 -22.92637257 -043.71297407
120 Linear Feature 7
112 -22.92631576 -043.71309327 -22.92631969 -043.71304916 1
111 -22.92628593 -043.71302318 1
111 -22.92620932 -043.71298589 1
111 -22.92606379 -043.71291504 1
116 -22.92598655 -043.71293259 -22.92595117 -043.71296958
120 Linear Feature 6
111 -22.92635906 -043.71284511 1
116 -22.92642259 -043.71283464 -22.92644670 -043.71280945
120 Linear Feature 5
112 -22.92550774 -043.71395401 -22.92555400 -043.71396472 1
115 -22.92557821 -043.71392482
120 Linear Feature 4
112 -22.92638977 -043.71291409 -22.92638923 -043.71286250 1
111 -22.92635906 -043.71284511 1
111 -22.92628927 -043.71281047 1
111 -22.92613239 -043.71273262 1
112 -22.92605245 -043.71277246 -22.92602733 -043.71283294
111 -22.92605245 -043.71277246 1
111 -22.92598655 -043.71293259 1
111 -22.92591329 -043.71311060 1
111 -22.92584162 -043.71328477 1
111 -22.92557821 -043.71392482 1
116 -22.92559709 -043.71399737 -22.92562485 -043.71402603
120 Linear Feature 3
112 -22.92584812 -043.71411920 -22.92589268 -043.71411279 1
115 -22.92590837 -043.71407952
120 Linear Feature 2
112 -22.92592949 -043.71415869 -22.92589935 -043.71412596 1
111 -22.92590837 -043.71407952 1
111 -22.92617374 -043.71343709 1
111 -22.92620069 -043.71337184 1
111 -22.92620729 -043.71335587 1
111 -22.92623533 -043.71328799 1
111 -22.92624256 -043.71327048 1
111 -22.92627765 -043.71318553 1
111 -22.92631576 -043.71309327 1
111 -22.92635255 -043.71300420 1
111 -22.92638977 -043.71291409 1
111 -22.92642259 -043.71283464 1
115 -22.92643961 -043.71279342
120 Linear Feature 1
111 -22.92869076 -043.71493512 1
111 -22.92871535 -043.71487389 1
111 -22.92873952 -043.71481368 1
111 -22.92880433 -043.71465226 1
111 -22.92885973 -043.71451429 1
111 -22.92897248 -043.71416858 1
111 -22.92916441 -043.71370486
112 -22.92916441 -043.71370486 -22.92920215 -043.71362495 1
111 -22.92928158 -043.71366864 1
111 -22.92930302 -043.71367896 1
111 -22.92943602 -043.71374296 1
111 -22.92957001 -043.71380744 1
111 -22.92969913 -043.71386957 1
111 -22.92982512 -043.71393021 1
111 -22.92995623 -043.71399330 1
111 -22.93029595 -043.71415678 1
111 -22.93043359 -043.71422301 1
111 -22.93054953 -043.71427881 1
111 -22.93067622 -043.71433977 1
111 -22.93080770 -043.71440304 1
111 -22.93092492 -043.71445945 1
111 -22.93105443 -043.71452178 1
111 -22.93117820 -043.71458134 1
111 -22.93148119 -043.71472714 1
111 -22.93153460 -043.71475285 1
111 -22.93165678 -043.71481164 1
111 -22.93177832 -043.71487013 1
111 -22.93189861 -043.71492802 1
111 -22.93205109 -043.71500139 1
112 -22.93207034 -043.71505672 -22.93205562 -043.71509703
111 -22.93207034 -043.71505672 1
111 -22.93198980 -043.71525348 1
111 -22.93192087 -043.71542187
112 -22.93192087 -043.71542187 -22.93189596 -043.71548088 1
111 -22.93182191 -043.71545959 1
111 -22.93170811 -043.71540441 1
111 -22.93156031 -043.71533274 1
111 -22.93146708 -043.71528753 1
111 -22.93134558 -043.71522862 1
111 -22.93125835 -043.71518632 1
111 -22.93117293 -043.71514490 1
111 -22.93106410 -043.71509212 1
111 -22.93093531 -043.71502967 1
111 -22.93083479 -043.71498093 1
111 -22.93080249 -043.71496527 1
111 -22.93070677 -043.71491885 1
111 -22.93056393 -043.71484959 1
111 -22.93045415 -043.71479635 1
111 -22.93031405 -043.71472842 1
111 -22.93022206 -043.71468381 1
111 -22.93019159 -043.71466904 1
111 -22.93010763 -043.71462832 1
111 -22.92997585 -043.71456442 1
111 -22.92985923 -043.71450787 1
111 -22.92972607 -043.71444330 1
111 -22.92958211 -043.71437350 1
111 -22.92947688 -043.71432247 1
111 -22.92934895 -043.71426043 1
111 -22.92919637 -043.71418644 1
111 -22.92909249 -043.71413607
112 -22.92909249 -043.71413607 -22.92903814 -043.71410903 1
115 -22.92897248 -043.71416858
120 Linear Feature 50
111 -22.93790298 -043.72169062 1
111 -22.93729328 -043.72139445
112 -22.93729328 -043.72139445 -22.93695288 -043.72119062 1
115 -22.93708075 -043.72079094
120 Linear Feature 49
112 -22.93743976 -043.71991718 -22.93751218 -043.71980158 1
115 -22.93762257 -043.71983318
120 Linear Feature 48
111 -22.93598243 -043.72075630 1
111 -22.93650053 -043.72100906
112 -22.93650053 -043.72100906 -22.93690851 -043.72116261 1
111 -22.93708075 -043.72079094 1
111 -22.93743976 -043.71991718
112 -22.93743976 -043.71991718 -22.93747235 -043.71980708 1
115 -22.93740788 -043.71972899
120 Linear Feature 47
112 -22.92842406 -043.71536927 -22.92850151 -043.71538183 1
115 -22.92852720 -043.71532662
120 Linear Feature 46
111 -22.93043872 -043.71634695 1
111 -22.92976579 -043.71574258 1
111 -22.92878418 -043.71491638 1
112 -22.92869076 -043.71493512 -22.92864875 -043.71497602
111 -22.92869076 -043.71493512 1
111 -22.92865422 -043.71502259 1
111 -22.92852720 -043.71532662 1
116 -22.92855869 -043.71543460 -22.92861201 -043.71549085
120 Linear Feature 45
112 -22.93063941 -043.71655415 -22.93069614 -043.71648141 1
115 -22.93077525 -043.71651026
120 Linear Feature 44
112 -22.93041722 -043.71804331 -22.93012287 -043.71779872 1
115 -22.93025753 -043.71747030
120 Linear Feature 43
112 -22.92971815 -043.71770946 -22.93010110 -043.71781409 1
111 -22.93025753 -043.71747030 1
111 -22.93063941 -043.71655415
112 -22.93063941 -043.71655415 -22.93066475 -043.71648259 1
115 -22.93060194 -043.71642616
120 Linear Feature 42
112 -22.92846183 -043.71547486 -22.92850039 -043.71542162 1
115 -22.92855869 -043.71543460
120 Linear Feature 41
111 -22.92880939 -043.71727651 1
111 -22.92829255 -043.71702195
112 -22.92829255 -043.71702195 -22.92796577 -043.71681247 1
115 -22.92806507 -043.71643134
120 Linear Feature 40
111 -22.92702837 -043.71640858 1
111 -22.92750729 -043.71664048
112 -22.92750729 -043.71664048 -22.92789107 -043.71677523 1
111 -22.92806507 -043.71643134 1
111 -22.92846183 -043.71547486
112 -22.92846183 -043.71547486 -22.92846979 -043.71539780 1
115 -22.92842406 -043.71536927
120 Linear Feature 39
111 -22.94314688 -043.72424246 1
111 -22.94339342 -043.72436205
112 -22.94339342 -043.72436205 -22.94361618 -043.72445718 1
112 -22.94378360 -043.72402443 -22.94374731 -043.72373905
111 -22.94378360 -043.72402443 1
111 -22.94369801 -043.72325195
112 -22.94369801 -043.72325195 -22.94362142 -043.72274152 1
111 -22.94315124 -043.72251617 1
111 -22.94308002 -043.72248161 1
111 -22.94300979 -043.72244752 1
111 -22.94297171 -043.72242904 1
111 -22.94288914 -043.72238898 1
111 -22.94285007 -043.72237002 1
111 -22.94276593 -043.72232919 1
111 -22.94272055 -043.72230716 1
111 -22.94264245 -043.72226926 1
111 -22.94260695 -043.72225203 1
111 -22.94251759 -043.72220867 1
111 -22.94248197 -043.72219138 1
111 -22.94238197 -043.72214285 1
111 -22.94235977 -043.72213208 1
111 -22.94226036 -043.72208384 1
111 -22.94223097 -043.72206957 1
111 -22.94213568 -043.72202333 1
111 -22.94210470 -043.72200830 1
111 -22.94202327 -043.72196878 1
111 -22.94198721 -043.72195128 1
111 -22.94187951 -043.72189902 1
111 -22.94151934 -043.72172423 1
111 -22.93762257 -043.71983318 1
111 -22.93740788 -043.71972899 1
111 -22.93077525 -043.71651026 1
111 -22.93060194 -043.71642616 1
111 -22.93043872 -043.71634695 1
111 -22.92855869 -043.71543460 1
111 -22.92842406 -043.71536927 1
111 -22.92810906 -043.71521640 1
111 -22.92799204 -043.71515961 1
111 -22.92793690 -043.71513285 1
111 -22.92781886 -043.71507557 1
111 -22.92776901 -043.71505138 1
111 -22.92764495 -043.71499117 1
111 -22.92758953 -043.71496428 1
111 -22.92747597 -043.71490917 1
111 -22.92742821 -043.71488599 1
111 -22.92731038 -043.71482881 1
111 -22.92726159 -043.71480514 1
111 -22.92713784 -043.71474508 1
111 -22.92709276 -043.71472320 1
111 -22.92696968 -043.71466348 1
111 -22.92692154 -043.71464011 1
111 -22.92681414 -043.71458799 1
111 -22.92675400 -043.71455881 1
111 -22.92664633 -043.71450656 1
111 -22.92658380 -043.71447621 1
111 -22.92646128 -043.71441676 1
111 -22.92641273 -043.71439320 1
111 -22.92628895 -043.71433313 1
111 -22.92623818 -043.71430849 1
111 -22.92613566 -043.71425874 1
111 -22.92592949 -043.71415869 1
111 -22.92584812 -043.71411920 1
111 -22.92559709 -043.71399737 1
111 -22.92550774 -043.71395401 1
111 -22.92348645 -043.71297311 1
111 -22.92253042 -043.71250916 1
111 -22.92243305 -043.71246191 1
111 -22.92240097 -043.71244634 1
111 -22.92231313 -043.71240371 1
111 -22.92228049 -043.71238787 1
111 -22.92218343 -043.71234077 1
111 -22.92215509 -043.71232702 1
111 -22.92206273 -043.71228220 1
111 -22.92204245 -043.71227236 1
112 -22.92188625 -043.71229762 -22.92181482 -043.71234644
111 -22.92188625 -043.71229762
112 -22.92188625 -043.71229762 -22.92186614 -043.71231137 1
112 -22.92183127 -043.71235822 -22.92181546 -043.71238559
111 -22.92183127 -043.71235822 1
111 -22.92154696 -043.71304198
112 -22.92154696 -043.71304198 -22.92146217 -043.71327276 1
112 -22.92186658 -043.71390561 -22.92225453 -043.71415970
111 -22.92186658 -043.71390561 1
115 -22.92221839 -043.71407720
120 Linear Feature 38
111 -22.92925871 -043.71351402 20
112 -22.92906471 -043.71362128 -22.92900005 -043.71376395
111 -22.92906471 -043.71362128 20
111 -22.92881569 -043.71420692 20
112 -22.92856220 -043.71426869 -22.92837949 -043.71418036
111 -22.92856220 -043.71426869 20
111 -22.92653773 -043.71329702
112 -22.92653773 -043.71329702 -22.92642619 -043.71324198 20
111 -22.92646373 -043.71312963 20
111 -22.92659159 -043.71279853
112 -22.92659159 -043.71279853 -22.92664199 -043.71266360 20
111 -22.92653571 -043.71260942 20
115 -22.92590444 -043.71229353
120 Linear Feature 37
111 -22.92589119 -043.71232230 20
111 -22.92653217 -043.71264920 20
112 -22.92656606 -043.71278791 -22.92653130 -043.71288699
111 -22.92656606 -043.71278791 20
111 -22.92642600 -043.71313021
112 -22.92642600 -043.71313021 -22.92637699 -043.71327968 20
111 -22.92650795 -043.71333544 20
111 -22.92856259 -043.71432282
112 -22.92856259 -043.71432282 -22.92876383 -043.71440761 20
111 -22.92884417 -043.71421548 20
111 -22.92908338 -043.71364764
112 -22.92908338 -043.71364764 -22.92914345 -043.71351311 20
111 -22.92927070 -043.71356872 20
115 -22.93195435 -043.71488080
120 Linear Feature 36
111 -22.92593941 -043.71265588 1
111 -22.92600564 -043.71249849 1
111 -22.92586919 -043.71243343 1
111 -22.92580407 -043.71259038 1
115 -22.92593941 -043.71265588
120 Linear Feature 36
111 -22.92584434 -043.71289480 1
111 -22.92590865 -043.71273628 1
111 -22.92577221 -043.71267122 1
111 -22.92570899 -043.71282930 1
115 -22.92584434 -043.71289480
120 Linear Feature 36
111 -22.92574179 -043.71313448 1
111 -22.92580697 -043.71297690 1
111 -22.92567052 -043.71291184 1
111 -22.92560644 -043.71306897 1
115 -22.92574179 -043.71313448
120 Linear Feature 36
111 -22.92564184 -043.71337510 1
111 -22.92570789 -043.71321374 1
111 -22.92557145 -043.71314869 1
111 -22.92550650 -043.71330959 1
115 -22.92564184 -043.71337510
120 Linear Feature 35
111 -22.92589119 -043.71232230 3
111 -22.92536774 -043.71358823 3
112 -22.92513196 -043.71365508 -22.92496802 -043.71357355
111 -22.92513196 -043.71365508 3
111 -22.92350780 -043.71286577
112 -22.92350780 -043.71286577 -22.92340786 -043.71280821 3
111 -22.92334561 -043.71270598 3
111 -22.92286557 -043.71198654 3
115 -22.92228976 -043.71170668
120 Linear Feature 33
111 -22.94390301 -043.72437374 3 102
115 -22.94384690 -043.72387634
120 Linear Feature 32
112 -22.92187352 -043.71367238 -22.92163878 -043.71347047 3 102
112 -22.92167126 -043.71303120 -22.92172286 -043.71282871
111 -22.92167126 -043.71303120
112 -22.92167126 -043.71303120 -22.92167850 -043.71300279 3 102
116 -22.92169675 -043.71294819 -22.92170637 -043.71292132
120 Linear Feature 31
112 -22.92183703 -043.71260946 -22.92191090 -043.71245660 3 102
116 -22.92219402 -043.71246319 -22.92232612 -043.71251792
120 Linear Feature 30
111 -22.92825401 -043.71546044 3 102
112 -22.92826704 -043.71573697 -22.92821228 -043.71587569
111 -22.92826704 -043.71573697 3 102
111 -22.92810148 -043.71613055 3 102
111 -22.92800963 -043.71634890 3 102
116 -22.92768738 -043.71649724 -22.92744084 -043.71644832
120 Linear Feature 29
111 -22.93017825 -043.71743599 3 102
111 -22.93014013 -043.71751983 3 102
116 -22.92993338 -043.71758926 -22.92976319 -043.71757590
120 Linear Feature 28
112 -22.92842328 -043.71580523 -22.92853279 -043.71556630 3 102
111 -22.92878271 -043.71568359 3 102
111 -22.93033241 -043.71641844 3 102
116 -22.93044885 -043.71679057 -22.93036020 -043.71704762
120 Linear Feature 27
111 -22.92822879 -043.71675992 3 102
112 -22.92814125 -043.71648050 -22.92819701 -043.71630043
111 -22.92814125 -043.71648050 3 102
115 -22.92818263 -043.71638039
120 Linear Feature 26
111 -22.93703515 -043.72068496 3 102
111 -22.93700399 -043.72076162 3 102
116 -22.93672186 -043.72088333 -22.93650911 -043.72082761
120 Linear Feature 25
112 -22.93064844 -043.71670086 -22.93071217 -043.71658212 3 102
115 -22.93087892 -043.71666576
120 Linear Feature 24
112 -22.93041248 -043.71781992 -22.93030457 -043.71774050 3 102
116 -22.93033295 -043.71749762 -22.93037930 -043.71737416
120 Linear Feature 23
112 -22.93747810 -043.72004361 -22.93754415 -043.71989828 3 102
115 -22.93769379 -043.71997568
120 Linear Feature 22
111 -22.93725540 -043.72114687 3 102
112 -22.93714603 -043.72086375 -22.93719359 -043.72067226
111 -22.93714603 -043.72086375 3 102
115 -22.93719239 -043.72074057
120 Linear Feature 21
112 -22.94368534 -043.72390793 -22.94370307 -043.72404836 3 102
116 -22.94340375 -043.72413219 -22.94324315 -043.72410275
21 -22.94085074 -043.72259686 3 24.1300 3.00 05  PAPI-R
21 -22.94048743 -043.72349859 2 24.1300 3.00 05  PAPI-L
21 -22.92415945 -043.71555656 3 204.1200 3.00 23  PAPI-R
21 -22.92454510 -043.71466629 2 204.1200 3.00 23  PAPI-L
14 -22.93818899 -043.71813865  82.02 0 Tower Viewpoint
1300 -22.92207003 -043.71204923 -65.94 tie_down fighters Military 82
1301 A military 
1300 -22.92219282 -043.71211186 -65.52 tie_down fighters Military 81
1301 A military 
1300 -22.92231590 -043.71217066 -65.12 tie_down fighters Military 80
1301 A military 
1300 -22.92244227 -043.71222523 -65.54 tie_down fighters Military 79
1301 A military 
1300 -22.92256488 -043.71228762 -65.38 tie_down fighters Military 78
1301 A military 
1300 -22.92593265 -043.71255621 -155.96 misc helos Military Helipad 77
1301 A none 
1300 -22.92583121 -043.71279270 -155.96 misc helos Military Helipad 76
1301 A none 
1300 -22.92572817 -043.71303489 -155.96 misc helos Military Helipad 75
1301 A none 
1300 -22.92562831 -043.71327052 -155.96 misc helos Military Helipad 74
1301 A none 
1300 -22.92628927 -043.71281047 -155.56 tie_down jets|turboprops Military 73
1301 A military 
1300 -22.92620932 -043.71298589 -155.87 tie_down jets|turboprops Military 72
1301 A military 
1300 -22.92613324 -043.71316555 -156.09 tie_down jets|turboprops Military 71
1301 A military 
1300 -22.92606762 -043.71333366 -156.89 tie_down jets|turboprops Military 70
1301 A military 
1300 -22.92663537 -043.71369456 113.33 tie_down helos|fighters Military 69
1301 A military 
1300 -22.92680499 -043.71377193 113.46 tie_down helos|fighters Military 68
1301 A military 
1300 -22.92697969 -043.71385924 114.75 tie_down helos|fighters Military 67
1301 A military 
1300 -22.92713216 -043.71393831 113.09 tie_down helos|fighters Military 66
1301 A military 
1300 -22.92730766 -043.71403021 113.17 tie_down helos|fighters Military 65
1301 A military 
1300 -22.92747571 -043.71410906 112.90 tie_down helos|fighters Military 64
1301 A military 
1300 -22.92764736 -043.71419894 112.75 tie_down helos|fighters Military 63
1301 A military 
1300 -22.92780655 -043.71427709 113.23 tie_down helos|fighters Military 62
1301 A military 
1300 -22.92797473 -043.71435954 113.01 tie_down helos|fighters Military 61
1301 A military 
1300 -22.92815393 -043.71443953 113.40 tie_down helos|fighters Military 60
1301 A military 
1300 -22.92831819 -043.71452097 114.68 tie_down helos|fighters Military 59
1301 A military 
1300 -22.92648577 -043.71405878 113.88 tie_down fighters Military 58
1301 B military 
1300 -22.92665427 -043.71414083 113.60 tie_down fighters Military 57
1301 B military 
1300 -22.92682414 -043.71422199 113.54 tie_down fighters Military 56
1301 B military 
1300 -22.92699171 -043.71430872 113.29 tie_down fighters Military 55
1301 B military 
1300 -22.92715967 -043.71438705 113.15 tie_down fighters Military 54
1301 B military 
1300 -22.92733183 -043.71446315 113.70 tie_down fighters Military 53
1301 B military 
1300 -22.92749823 -043.71454873 113.76 tie_down fighters Military 52
1301 B military 
1300 -22.92766795 -043.71462986 114.02 tie_down fighters Military 51
1301 B military 
1300 -22.92783110 -043.71470172 111.78 tie_down fighters Military 50
1301 B military 
1300 -22.92800291 -043.71479819 113.79 tie_down fighters Military 49
1301 B military 
1300 -22.92817262 -043.71489214 114.89 tie_down fighters Military 48
1301 B military 
1300 -22.92924289 -043.71396255 -65.97 tie_down fighters Military 47
1301 A military 
1300 -22.92937775 -043.71401949 -65.96 tie_down fighters Military 46
1301 A military 
1300 -22.92951420 -043.71407917 -64.97 tie_down fighters Military 45
1301 A military 
1300 -22.92963898 -043.71413628 -65.05 tie_down fighters Military 44
1301 A military 
1300 -22.92977964 -043.71420532 -66.13 tie_down fighters Military 43
1301 A military 
1300 -22.92990971 -043.71426952 -65.67 tie_down fighters Military 42
1301 A military 
1300 -22.93024963 -043.71441437 -65.86 tie_down fighters Military Shelter 41
1301 A military 
1300 -22.93037084 -043.71447213 -66.12 tie_down fighters Military Shelter 40
1301 A military 
1300 -22.93049564 -043.71453490 -66.12 tie_down fighters Military Shelter 39
1301 A military 
1300 -22.93061980 -043.71459623 -66.23 tie_down fighters Military Shelter 38
1301 A military 
1300 -22.93074626 -043.71465101 -65.91 tie_down fighters Military Shelter 37
1301 A military 
1300 -22.93086574 -043.71470820 -65.62 tie_down fighters Military Shelter 36
1301 A military 
1300 -22.93099218 -043.71477206 -66.00 tie_down fighters Military Shelter 35
1301 A military 
1300 -22.93111573 -043.71483222 -66.44 tie_down fighters Military Shelter 34
1301 A military 
1300 -22.93148604 -043.71502140 -65.37 tie_down fighters Military Shelter 33
1301 A military 
1300 -22.93160682 -043.71507775 -65.25 tie_down fighters Military Shelter 32
1301 A military 
1300 -22.93173094 -043.71513337 -65.27 tie_down fighters Military Shelter 31
1301 A military 
1300 -22.93185849 -043.71519270 -65.19 tie_down fighters Military Shelter 30
1301 A military 
1300 -22.93198980 -043.71525348 -65.95 tie_down fighters Military Shelter 29
1301 A military 
1300 -22.92927792 -043.71459087 -65.37 tie_down fighters Military 28
1301 A military 
1300 -22.92940236 -043.71464963 -65.79 tie_down fighters Military 27
1301 A military 
1300 -22.92951628 -043.71470320 -64.99 tie_down fighters Military 26
1301 A military 
1300 -22.92965371 -043.71476393 -65.32 tie_down fighters Military 25
1301 A military 
1300 -22.92977545 -043.71482480 -65.48 tie_down fighters Military 24
1301 A military 
1300 -22.92989849 -043.71489058 -65.89 tie_down fighters Military 23
1301 A military 
1300 -22.93002423 -043.71494440 -66.17 tie_down fighters Military 22
1301 A military 
1300 -22.93014035 -043.71500319 -65.89 tie_down fighters Military 21
1301 A military 
1300 -22.93024334 -043.71505072 -65.92 tie_down fighters Military 20
1301 A military 
1300 -22.93038335 -043.71512536 -66.06 tie_down fighters Military 19
1301 A military 
1300 -22.93049242 -043.71517031 -65.83 tie_down fighters Military 18
1301 A military 
1300 -22.93063276 -043.71523696 -65.52 tie_down fighters Military 17
1301 A military 
1300 -22.93076004 -043.71530394 -65.46 tie_down fighters Military 16
1301 A military 
1300 -22.93087159 -043.71536613 -65.43 tie_down fighters Military 15
1301 A military 
1300 -22.93124639 -043.71558458 -64.63 tie_down fighters Military Shelter 14
1301 A military 
1300 -22.93136890 -043.71564520 -65.61 tie_down fighters Military Shelter 13
1301 A military 
1300 -22.93149497 -043.71570527 -66.78 tie_down fighters Military Shelter 12
1301 A military 
1300 -22.93162075 -043.71575938 -65.43 tie_down fighters Military Shelter 11
1301 A military 
1300 -22.93175002 -043.71582141 -66.38 tie_down fighters Military Shelter 10
1301 A military 
1300 -22.94206774 -043.72160925 -65.52 tie_down fighters Military 09
1301 A military 
1300 -22.94219053 -043.72167939 -65.71 tie_down fighters Military 08
1301 A military 
1300 -22.94231238 -043.72173713 -65.40 tie_down fighters Military 07
1301 A military 
1300 -22.94244130 -043.72180216 -67.00 tie_down fighters Military 06
1301 A military 
1300 -22.94256099 -043.72185890 -66.72 tie_down fighters Military 05
1301 A military 
1300 -22.94269006 -043.72191195 -66.72 tie_down fighters Military 04
1301 A military 
1300 -22.94280722 -043.72197794 -66.34 tie_down fighters Military 03
1301 A military 
1300 -22.94293134 -043.72203885 -66.04 tie_down fighters Military 02
1301 A military 
1300 -22.94305890 -043.72209199 -66.88 tie_down fighters Military 01
1301 A military 
1300 -22.92990736 -043.71354136 -66.93 hangar fighters Military Hangar 06
1301 A none 
1300 -22.93016325 -043.71364646 -66.93 hangar jets|turboprops|fighters Military Hangar 05
1301 B none 
1300 -22.93180081 -043.71452849 -63.98 hangar fighters Military Hangar 04
1301 A none 
1300 -22.93249382 -043.71489977 -63.98 hangar fighters Military Hangar 03
1301 A none 
1300 -22.93136880 -043.71342199 -155.62 hangar jets|turboprops|fighters Military Hangar 02
1301 D none 
1300 -22.93274434 -043.71409427 -155.62 hangar jets|turboprops|fighters Military Hangar 01
1301 D none 
18 -22.94315509 -043.72129129 4 BCN
53 12180 Santa Cruz Ground
54 12290 Santa Cruz Tower
54 11880 Santa Cruz Tower
55 13250 Santa Cruz Approach
55 13370 Santa Cruz Approach
99
