A
1000 Generated by Infinite Flight Airport Editing (World Parser)

1      962 1 0 KAVP Wilkes Barre Scranton Intl
100   46.02   1   0 0.00 0 2 0 04   41.32870001 -075.73153005    0.00   60.96 3  7 0 0 22   41.34602199 -075.71677595    0.00   60.96 3  0 0 1
100   46.02   1   0 0.00 0 2 0 10   41.34060341 -075.72988579    0.00   60.96 2  0 0 1 28   41.34025259 -075.71423421    0.00    0.00 2  0 0 1
21   41.33017753 -075.72946924  3  32.60   3.00 API PAPI-4R
21   41.34410354 -075.71772667  1 212.60   3.00 ASI VASI
110   2 0.00  35.00 AC Ramp
111  41.33763565 -075.72922928 
111  41.33664019 -075.72824446 
111  41.33773386 -075.72726601 
111  41.33814972 -075.72731150 
111  41.33849687 -075.72803032 
113  41.33846254 -075.72859496 
110   1 0.00  33.60 Taxiway 1
111  41.34062873 -075.72275526 
111  41.34065352 -075.72280146   3 102 
112  41.34073648 -075.72282465  41.34078618 -075.72278328 
111  41.34073648 -075.72282465   3 102 
111  41.34301814 -075.72089315   3 102 
112  41.34353457 -075.72006238  41.34346597 -075.71972913 
111  41.34353457 -075.72006238   3 102 
111  41.34334658 -075.71969037 
112  41.34334658 -075.71969037  41.34322833 -075.71957730   3 102 
111  41.34304743 -075.71964156 
111  41.34297059 -075.71965460 
111  41.34376553 -075.71893205 
111  41.34371719 -075.71906797   3 102 
112  41.34362051 -075.71951867  41.34367508 -075.71979328 
111  41.34362051 -075.71951867   3 102 
111  41.34380316 -075.71994123 
112  41.34380316 -075.71994123  41.34386369 -075.72055936   3 102 
111  41.34359365 -075.72072635   3 102 
111  41.34074234 -075.72322567 
112  41.34074234 -075.72322567  41.34069057 -075.72327256   3 102 
111  41.34066783 -075.72342874 
113  41.34064635 -075.72352890 
110   2 0.00  60.00 Taxiway 2
111  41.33992988 -075.73021572 
112  41.33968692 -075.73039712  41.33959490 -075.73067658 
111  41.33968692 -075.73039712 102 
111  41.33945133 -075.73098545 102 
111  41.33849790 -075.73025984 
111  41.33890283 -075.72932342 
111  41.33991516 -075.73006864 
113  41.33997774 -075.73010786 
110   1 0.00 332.00 Taxiway 3
111  41.33452201 -075.72629298 
111  41.33232008 -075.72460782 
112  41.33223429 -075.72406514  41.33234172 -075.72372179 
111  41.33223429 -075.72406514 
111  41.33259175 -075.72314163 
113  41.33558723 -075.72535995 
111  41.33263061 -075.72382177 
112  41.33247484 -075.72385754  41.33242113 -075.72396484 
111  41.33247484 -075.72385754 
111  41.33236742 -075.72412221 
112  41.33236742 -075.72412221  41.33228685 -075.72433680 
111  41.33242113 -075.72450132 
111  41.33449443 -075.72602494 
111  41.33452666 -075.72596771 
111  41.33469854 -075.72596771 
113  41.33506378 -075.72563151 
110   1 0.00  91.70 Taxiway 4
111  41.33938623 -075.72214398 
111  41.33941065 -075.72207894 102 
112  41.33950342 -075.72180580  41.33949791 -075.72166997 
111  41.33950342 -075.72180580 102 
111  41.33935205 -075.71475613 102 
112  41.33960738 -075.71429062  41.33981410 -075.71422821 
111  41.33960738 -075.71429062 102 
111  41.34004479 -075.71425913 
111  41.34008449 -075.71426187 
111  41.34009914 -075.71479515 
111  41.34005031 -075.71462606 102 
112  41.33994037 -075.71446180  41.33985768 -075.71443977 
111  41.33994037 -075.71446180 102 
111  41.33966944 -075.71446998 
112  41.33966944 -075.71446998  41.33950958 -075.71450302 102 
111  41.33949307 -075.71475395 102 
111  41.33964014 -075.72166693 
112  41.33964014 -075.72166693  41.33964014 -075.72177339 102 
111  41.33975371 -075.72177833 
113  41.33980128 -075.72178399 
110   1 0.00   0.00 Taxiway 5
111  41.32916916 -075.73113393 
112  41.32907803 -075.73168045  41.32886158 -075.73183682 
111  41.32907803 -075.73168045 
112  41.32907803 -075.73168045  41.32885424 -075.73186125 
111  41.32870001 -075.73153005 
112  41.32877720 -075.73101586  41.32902667 -075.73081551 
111  41.32877720 -075.73101586 
114  41.32877720 -075.73101586  41.32904501 -075.73086438 
110   1 0.00   0.00 Taxiway 6
111  41.34602675 -075.71679769 
112  41.34597124 -075.71728860  41.34575729 -075.71746500 
111  41.34597124 -075.71728860 
112  41.34597124 -075.71728860  41.34575747 -075.71747274 
111  41.34555301 -075.71718598 
112  41.34567041 -075.71662402  41.34591988 -075.71642367 
111  41.34567041 -075.71662402 
114  41.34567041 -075.71662402  41.34593822 -075.71647253 
110   1 0.00   0.00 Taxiway 7
111  41.33890283 -075.72932342 
111  41.33849790 -075.73025984 102 
111  41.33767023 -075.72964858 
111  41.33775055 -075.72943910 
111  41.33613496 -075.72847196 
111  41.33555935 -075.72902907 
111  41.33530167 -075.72920734 
111  41.33521466 -075.72905135 
111  41.33488079 -075.72936560 
111  41.33491793 -075.72943223  53 102 
111  41.33452940 -075.72981128 102 
111  41.33452413 -075.72994944 
111  41.33489559 -075.73066926 
111  41.33266025 -075.73263464 102 
111  41.33216162 -075.73162299 102 
111  41.33229548 -075.73150266  53 102 
112  41.33229883 -075.73126646  41.33224194 -075.73113276 
111  41.33229883 -075.73126646  53 102 
111  41.33159271 -075.72983078 
112  41.33159271 -075.72983078  41.33147245 -075.72963503  53 102 
111  41.33125471 -075.72969262 
111  41.33117440 -075.72972382 
111  41.33194268 -075.72906423 
111  41.33188244 -075.72914445  53 102 
112  41.33184228 -075.72959457  41.33189128 -075.72981404 
111  41.33184228 -075.72959457  53 102 
111  41.33200961 -075.72992436  53 102 
112  41.33222044 -075.72997784  41.33235852 -075.72991259 
111  41.33222044 -075.72997784  53 102 
111  41.33282616 -075.72957229  53 102 
111  41.33495093 -075.72777108 
112  41.33495093 -075.72777108  41.33512910 -075.72756939  53 102 
111  41.33504798 -075.72725854  53 102 
111  41.33487396 -075.72693319 
112  41.33487396 -075.72693319  41.33476260 -075.72678489  53 102 
111  41.33462966 -075.72682623 
111  41.33453931 -075.72683960 
111  41.33523084 -075.72624545 
111  41.33515507 -075.72638500  53 102 
112  41.33515507 -075.72687525  41.33525306 -075.72716592 
111  41.33515507 -075.72687525  53 102 
111  41.33532368 -075.72712484 
112  41.33532368 -075.72712484  41.33543058 -075.72726721  53 102 
111  41.33567172 -075.72713376  53 102 
111  41.33589928 -075.72695102  53 102 
112  41.33596621 -075.72635825  41.33583258 -075.72594894 
111  41.33596621 -075.72635825  53 102 
111  41.33575872 -075.72612593 
112  41.33575872 -075.72612593  41.33562510 -075.72601322  53 102 
111  41.33551443 -075.72605908 
111  41.33541415 -075.72607094 
111  41.33603314 -075.72550196 
111  41.33602310 -075.72563121  53 102 
112  41.33604987 -075.72574709  41.33609787 -075.72581102 
111  41.33604987 -075.72574709  53 102 
111  41.33661736 -075.72617051  53 102 
111  41.33687170 -075.72613040  53 102 
111  41.33927964 -075.72408135  53 102 
112  41.33941350 -075.72335929  41.33931193 -075.72274057 
111  41.33941350 -075.72335929 
112  41.33941350 -075.72335929  41.33935611 -075.72302003  53 102 
111  41.33902865 -075.72306957 
111  41.33893829 -075.72309186 
111  41.33978496 -075.72237871 
111  41.33971803 -075.72248569  53 102 
112  41.33965445 -075.72272192  41.33965813 -075.72290332 
111  41.33965445 -075.72272192  53 102 
111  41.33966784 -075.72357323 
112  41.33966784 -075.72357323  41.33968992 -075.72373502  53 102 
111  41.33982512 -075.72362226  53 102 
111  41.34014973 -075.72331917 
112  41.34014973 -075.72331917  41.34023808 -075.72322602  53 102 
111  41.34024109 -075.72303481 
111  41.34026686 -075.72285117 
111  41.34029027 -075.72394824 
111  41.34025013 -075.72378658  53 102 
112  41.34003595 -075.72373309  41.33993035 -075.72379672 
111  41.34003595 -075.72373309  53 102 
111  41.33984185 -075.72392029 
112  41.33984185 -075.72392029  41.33970860 -075.72403415  53 102 
111  41.33972138 -075.72435649  53 102 
111  41.33983851 -075.72858948  53 102 
111  41.34024678 -075.72891485 
112  41.34024678 -075.72891485  41.34030914 -075.72896824  53 102 
111  41.34037730 -075.72885691 
111  41.34040407 -075.72880342 
111  41.34041076 -075.72971268 
111  41.34039157 -075.72963364  53 102 
112  41.34023005 -075.72942742  41.34011921 -075.72936920 
111  41.34023005 -075.72942742  53 102 
111  41.33984855 -075.72916891  53 102 
111  41.33986193 -075.72991325 102 
113  41.33991516 -075.73006864 
111  41.33846254 -075.72859496 
111  41.33849687 -075.72803032 
111  41.33814972 -075.72731150 
111  41.33773386 -075.72726601 
111  41.33664019 -075.72824446 
113  41.33763565 -075.72922928 
111  41.33845068 -075.72508510  53 102 
111  41.33822796 -075.72537577 
112  41.33822796 -075.72537577  41.33812997 -075.72553001  53 102 
111  41.33824133 -075.72572578  53 102 
111  41.33920302 -075.72803025  53 102 
112  41.33959500 -075.72782262  41.33965290 -075.72721752 
111  41.33959500 -075.72782262  53 102 
111  41.33955936 -075.72578234  53 102 
111  41.33948142 -075.72493995 
112  41.33948142 -075.72493995  41.33940125 -075.72451282  53 102 
113  41.33912730 -075.72462849  53 102 
111  41.33631193 -075.72714008 
112  41.33631193 -075.72714008  41.33627185 -075.72730618  53 102 
111  41.33637875 -075.72735957  53 102 
111  41.33675290 -075.72715788  53 102 
112  41.33685089 -075.72693839  41.33681971 -075.72683161  53 102 
111  41.33668163 -075.72681975 
112  41.33668163 -075.72681975  41.33661037 -075.72679009  53 102 
113  41.33645892 -075.72687314  53 102 
111  41.33714702 -075.72657653 
112  41.33714702 -075.72657653  41.33719504 -075.72664658  53 102 
111  41.33732073 -075.72658246  53 102 
111  41.33785078 -075.72612568  53 102 
112  41.33796659 -075.72586467  41.33795323 -075.72576382  53 102 
111  41.33784633 -075.72575196  53 102 
111  41.33746772 -075.72592399  53 102 
111  41.33711584 -075.72623839 
114  41.33711584 -075.72623839  41.33700448 -075.72649941  53 102 
111  41.33444328 -075.72934547  53 102 
111  41.33476789 -075.72858337  53 102 
112  41.33452694 -075.72844521  41.33428934 -075.72860565 
111  41.33452694 -075.72844521  53 102 
111  41.33222788 -075.73041124 
112  41.33222788 -075.73041124  41.33211410 -075.73049592  53 102 
111  41.33216095 -075.73068756  53 102 
111  41.33229481 -075.73094159  53 102 
112  41.33253576 -075.73099062  41.33266628 -075.73091485 
113  41.33253576 -075.73099062  53 102 
110   1 0.00   0.00 Shoulder
111  41.33584746 -075.72688872 
112  41.33590908 -075.72642143  41.33580296 -075.72615928 
111  41.33590908 -075.72642143 
111  41.33567973 -075.72619120 
112  41.33567973 -075.72619120  41.33561298 -075.72613193 
111  41.33547776 -075.72615244 
111  41.33548803 -075.72604303 
112  41.33571934 -075.72610104  41.33579636 -075.72616942 
111  41.33571934 -075.72610104 
111  41.33597340 -075.72636069 
112  41.33597340 -075.72636069  41.33612231 -075.72669350 
111  41.33590250 -075.72695083 
111  41.33556573 -075.72720262 
112  41.33521713 -075.72699804  41.33502030 -075.72668119 
111  41.33521713 -075.72699804 
112  41.33521713 -075.72699804  41.33495526 -075.72657177 
111  41.33519122 -075.72633095 
111  41.33522787 -075.72637812 
112  41.33518679 -075.72670408  41.33522273 -075.72692292 
111  41.33518679 -075.72670408 
112  41.33518679 -075.72670408  41.33519877 -075.72686137 
111  41.33534083 -075.72700270 
112  41.33534083 -075.72700270  41.33544010 -075.72713263 
113  41.33558046 -075.72708476 
110   1 0.00   0.00 Shoulder
111  41.33493270 -075.72779722 
111  41.33488307 -075.72771516 
112  41.33498919 -075.72728206  41.33494640 -075.72701992 
111  41.33498919 -075.72728206 
111  41.33485568 -075.72703815 
112  41.33485568 -075.72703815  41.33471704 -075.72686035 
111  41.33458012 -075.72693786 
111  41.33456985 -075.72690822 
111  41.33468966 -075.72682160 
112  41.33500973 -075.72711338  41.33514323 -075.72741199 
111  41.33500973 -075.72711338 
114  41.33500973 -075.72711338  41.33517233 -075.72766045 
110   1 0.00   0.00 Shoulder
111  41.33903234 -075.72307684 
112  41.33947030 -075.72339639  41.33958241 -075.72378073 
111  41.33947030 -075.72339639 
112  41.33947030 -075.72339639  41.33953258 -075.72386368 
111  41.33930313 -075.72412508 
111  41.33926057 -075.72401982 
112  41.33935287 -075.72343935  41.33923661 -075.72299694 
111  41.33935287 -075.72343935 
112  41.33935287 -075.72343935  41.33927190 -075.72304394 
111  41.33895454 -075.72321678 
113  41.33891418 -075.72309258 
110   1 0.00   0.00 Shoulder
111  41.34023332 -075.72214621 
111  41.34025672 -075.72298505 
112  41.34025672 -075.72298505  41.34027125 -075.72323114 
111  41.34009092 -075.72343405 
111  41.33980355 -075.72365995 
112  41.33965709 -075.72357162  41.33964879 -075.72342784 
111  41.33965709 -075.72357162 
111  41.33963775 -075.72266258 
111  41.33964328 -075.72253009 
111  41.33977107 -075.72250982 
112  41.33977107 -075.72250982  41.33973163 -075.72254577 
111  41.33972616 -075.72268743 
111  41.33974895 -075.72354218 
111  41.34005224 -075.72329560 
112  41.34015172 -075.72299749  41.34014134 -075.72279841 
111  41.34015172 -075.72299749 
113  41.34012994 -075.72221505 
110   1 0.00  32.60 Shoulder
111  41.32837363 -075.73225182 
111  41.32807635 -075.73165716 
111  41.32858662 -075.73120860 
112  41.32870668 -075.73095545  41.32877502 -075.73088927 
111  41.32894348 -075.73086218 
111  41.33506698 -075.72563601 
111  41.33539382 -075.72523182 
111  41.33543050 -075.72515632 
111  41.33550388 -075.72520517 
111  41.33563395 -075.72517853 
111  41.33932615 -075.72202702 
111  41.33942954 -075.72187599 
111  41.33943287 -075.72176050 
111  41.33952292 -075.72176050 
111  41.33962964 -075.72169387 
111  41.33972636 -075.72168943 
111  41.34002652 -075.72141403 
112  41.34002652 -075.72141403  41.34011172 -075.72133393 
111  41.34010656 -075.72119637 
111  41.34020995 -075.72116528 
111  41.34059933 -075.72092507 
111  41.34545465 -075.71685398 
112  41.34560803 -075.71657306  41.34569823 -075.71649963 
111  41.34586817 -075.71650643 
111  41.34636013 -075.71606663 
111  41.34665696 -075.71669300 
111  41.34614335 -075.71712390 
112  41.34600074 -075.71738936  41.34591805 -075.71746279 
111  41.34572736 -075.71746368 
111  41.34376867 -075.71912787 
112  41.34376867 -075.71912787  41.34360330 -075.71934815 
111  41.34373532 -075.71960763 
111  41.34367529 -075.71966538 
111  41.34344183 -075.71985640 
111  41.34338178 -075.71988639 
112  41.34309498 -075.71974090  41.34294714 -075.71981099 
111  41.34309498 -075.71974090 
111  41.34083703 -075.72159538 
112  41.34083703 -075.72159538  41.34069922 -075.72169216 
111  41.34067860 -075.72188520 
111  41.34062025 -075.72189744 
111  41.34023332 -075.72214621 
111  41.34012994 -075.72221505 
111  41.33457503 -075.72692719 
111  41.33194854 -075.72918664 
112  41.33194854 -075.72918664  41.33180735 -075.72932703 
111  41.33186387 -075.72962555 
111  41.33163128 -075.72989168 
111  41.33156834 -075.72992835 
112  41.33118814 -075.72983064  41.33094340 -075.72998859 
111  41.33118814 -075.72983064 
111  41.32924366 -075.73150171 
112  41.32912026 -075.73174154  41.32904364 -075.73182703 
113  41.32884011 -075.73183925 
111  41.32834825 -075.73214888 
111  41.32881004 -075.73176281 
111  41.34613097 -075.71700061 
111  41.34659111 -075.71661223 
111  41.34637471 -075.71616013 
111  41.34591513 -075.71654623 
111  41.32859082 -075.73130752 
113  41.32813203 -075.73169154 
130 Airport Boundary
111  41.32315900 -075.73666009 
111  41.32295815 -075.73623981 
111  41.32733467 -075.73253192 
111  41.32642732 -075.73074785 
111  41.32819702 -075.72907445 
111  41.33079716 -075.72163946 
111  41.33496157 -075.71635183 
111  41.33640323 -075.71317668 
111  41.34110399 -075.71281661 
111  41.34118600 -075.71945162 
111  41.34629109 -075.71502828 
111  41.34733671 -075.71715804 
111  41.34419985 -075.71977927 
111  41.34465090 -075.72059841 
111  41.34233413 -075.72283280 
111  41.34311322 -075.72441647 
111  41.34186258 -075.72597283 
111  41.34247765 -075.72829372 
111  41.34135002 -075.73118800 
111  41.33882823 -075.73124261 
111  41.33683950 -075.73126969 
111  41.33183299 -075.73581191 
111  41.32824115 -075.73365528 
113  41.32756457 -075.73305472 
120 ILS RH
111  41.33444967 -075.72851312   6 
115  41.33433598 -075.72826940 
120 RH
111  41.33970324 -075.72333414  54 
115  41.33935657 -075.72334570 
120 RH
111  41.34098721 -075.72262323  54 
115  41.34111814 -075.72288979 
120 RH
111  41.33994148 -075.72382562  54 
115  41.33981039 -075.72356685 
120 RH
111  41.34373742 -075.71978927  54 
115  41.34350118 -075.71999319 
120 RH
111  41.33970244 -075.71446216  54 
115  41.33970244 -075.71429328 
120 RH
111  41.33198281 -075.72987695  54 
115  41.33173148 -075.73010848 
120 RH
111  41.33528857 -075.72701524  54 
115  41.33501296 -075.72724830 
120 RH
111  41.33403131 -075.72591033   4 
115  41.33409656 -075.72574483 
120 RH
111  41.33478363 -075.72541669   4 
115  41.33498709 -075.72492556 
120 RH
111  41.33634144 -075.72596604  54 
111  41.33614422 -075.72642337  54 
115  41.33596337 -075.72647609 
120 RH
111  41.34001441 -075.72927487  54 
115  41.34000279 -075.72872972 
120 RH
111  41.33949141 -075.72107736  54 
115  41.33962465 -075.72107148 
120 RH
111  41.33976017 -075.72242924  54 
115  41.33948011 -075.72202188 
120 TL
111  41.33697150 -075.72729035  51 
115  41.33740067 -075.72685747 
120 TL
112  41.33508276 -075.72781186  41.33538993 -075.72766444  51 
111  41.33562063 -075.72796766  51 
112  41.33573124 -075.72725956  41.33599136 -075.72694998 
111  41.33573124 -075.72725956 
111  41.33562063 -075.72796766 
112  41.33562063 -075.72796766  41.33589459 -075.72812613  51 
111  41.33628340 -075.72778806  51 
111  41.33697150 -075.72729035  51 
112  41.33698837 -075.72670375  41.33686487 -075.72651795  51 
111  41.33648728 -075.72661716 
111  41.33699327 -075.72618539  51 
112  41.33698837 -075.72670375  41.33709357 -075.72687128  51 
111  41.33740067 -075.72685747  51 
111  41.33807526 -075.72629379  51 
112  41.33832796 -075.72633753  41.33843608 -075.72645937 
111  41.33832796 -075.72633753 
111  41.33817729 -075.72598619 
112  41.33817729 -075.72598619  41.33818769 -075.72618557  51 
115  41.33807526 -075.72629379 
120 TL
111  41.33981745 -075.72883210  51 
116  41.33922850 -075.72846642  41.33914326 -075.72832796 
120 TL
111  41.33969867 -075.72819506  51 
112  41.33922850 -075.72846642  41.33884760 -075.72809133 
111  41.33922850 -075.72846642  51 
111  41.33832796 -075.72633753  51 
111  41.33817729 -075.72598619  51 
111  41.33803042 -075.72564139  51 
112  41.33771618 -075.72556998  41.33757872 -075.72569585 
111  41.33771618 -075.72556998 
111  41.33815230 -075.72519911 
112  41.33815230 -075.72519911  41.33797360 -075.72535702  51 
115  41.33803042 -075.72564139 
120 TL
111  41.33185443 -075.73009325  51 
111  41.33165522 -075.72968902  51 
112  41.33113604 -075.72947008  41.33083574 -075.72961074 
111  41.33113604 -075.72947008 
111  41.33167696 -075.72900884 
112  41.33167696 -075.72900884  41.33143051 -075.72929015  51 
115  41.33165522 -075.72968902 
120 TL
112  41.33492262 -075.72794800  41.33478413 -075.72812414  51 
111  41.33484380 -075.72842398  51 
112  41.33450000 -075.72830657  41.33424637 -075.72842884 
111  41.33450000 -075.72830657 
111  41.33484380 -075.72842398  51 
112  41.33485001 -075.72861705  41.33483445 -075.72870823 
111  41.33485001 -075.72861705  51 
111  41.33426671 -075.72991262  51 
111  41.33260012 -075.73135914  51 
112  41.33237231 -075.73125985  41.33227224 -075.73106602 
111  41.33237231 -075.73125985  51 
111  41.33206786 -075.73062138  51 
112  41.33224994 -075.73022207  41.33245856 -075.73004549 
111  41.33224994 -075.73022207  51 
112  41.33185443 -075.73009325  41.33172466 -075.72987217 
111  41.33185443 -075.73009325  51 
115  41.33206786 -075.73062138 
120 TL
112  41.33507719 -075.72611418  41.33483757 -075.72637176  51 
111  41.33497264 -075.72682969  51 
112  41.33438994 -075.72669872  41.33401853 -075.72694491 
111  41.33438994 -075.72669872 
111  41.33497264 -075.72682969  51 
111  41.33517514 -075.72719490  51 
112  41.33565024 -075.72733115  41.33591383 -075.72719438 
111  41.33565024 -075.72733115 
111  41.33508276 -075.72781186 
112  41.33508276 -075.72781186  41.33526932 -075.72754060  51 
115  41.33517514 -075.72719490 
120 TL
112  41.33698837 -075.72670375  41.33688527 -075.72651839  51 
115  41.33652068 -075.72638343 
120 TL
111  41.33539010 -075.72584671  51 
112  41.33569333 -075.72578143  41.33582695 -075.72587918 
111  41.33569333 -075.72578143  51 
111  41.33587142 -075.72591182  51 
112  41.33591140 -075.72540270  41.33606176 -075.72522066 
111  41.33591140 -075.72540270 
111  41.33587142 -075.72591182  51 
111  41.33614534 -075.72612543  51 
112  41.33615323 -075.72690192  41.33586391 -075.72729331 
111  41.33615323 -075.72690192 
111  41.33687892 -075.72628285 
112  41.33687892 -075.72628285  41.33669439 -075.72643759  51 
111  41.33652068 -075.72638343  51 
115  41.33614534 -075.72612543 
120 TL
112  41.33891823 -075.72454809  41.33951883 -075.72413158  51 
111  41.33960699 -075.72482311  51 
111  41.33959365 -075.72452103  51 
112  41.33979226 -075.72380441  41.33997866 -075.72358650 
111  41.33979226 -075.72380441 
111  41.33955513 -075.72366739  51 
111  41.33959365 -075.72452103 
111  41.33960699 -075.72482311  51 
111  41.33969867 -075.72819506 
112  41.33969867 -075.72819506  41.33969036 -075.72846892  51 
111  41.33981745 -075.72883210  51 
111  41.34021066 -075.72913565  51 
111  41.34058359 -075.72943555 
111  41.34056479 -075.72858265 
112  41.34056479 -075.72858265  41.34056479 -075.72905158  51 
115  41.34021066 -075.72913565 
120 TL
111  41.33953596 -075.72269331  51 
111  41.33957132 -075.72194324  51 
111  41.33942456 -075.71479109  51 
112  41.33969473 -075.71437352  41.33998053 -075.71431283 
111  41.33969473 -075.71437352  51 
111  41.33994822 -075.71436463  51 
112  41.34025287 -075.71472211  41.34026736 -075.71507242 
111  41.34025287 -075.71472211  51 
115  41.34026507 -075.71526988 
120 TL
111  41.33939749 -075.72414014  51 
112  41.33955513 -075.72366739  41.33955796 -075.72342058 
111  41.33955513 -075.72366739  51 
111  41.33954806 -075.72324302  51 
112  41.33893240 -075.72283040  41.33842600 -075.72314502 
111  41.33893240 -075.72283040 
111  41.33968172 -075.72219192 
112  41.33968172 -075.72219192  41.33953602 -075.72234264  51 
111  41.33953596 -075.72269331  51 
115  41.33954806 -075.72324302 
120 TL
111  41.34046781 -075.72423162  51 
111  41.34045561 -075.72368385 
112  41.34045561 -075.72368385  41.34044570 -075.72343704  51 
111  41.34014854 -075.72349564  51 
112  41.34043802 -075.72293627  41.34041963 -075.72260280 
111  41.34043802 -075.72293627  51 
115  41.34042581 -075.72238849 
120 TL
111  41.33224994 -075.73022207  51 
111  41.33450000 -075.72830657  51 
111  41.33492262 -075.72794800  51 
111  41.33508276 -075.72781186  51 
111  41.33565024 -075.72733115  51 
111  41.33573124 -075.72725956  51 
111  41.33615323 -075.72690192  51 
111  41.33648728 -075.72661716  51 
111  41.33687892 -075.72628285  51 
111  41.33891823 -075.72454809  51 
111  41.33939749 -075.72414014  51 
111  41.33979226 -075.72380441  51 
111  41.34014854 -075.72349564  51 
111  41.34356473 -075.72059498  51 
112  41.34368935 -075.71996024  41.34357826 -075.71958157 
111  41.34368935 -075.71996024  51 
111  41.34346283 -075.71945741  51 
112  41.34305951 -075.71931452  41.34286006 -075.71942946 
111  41.34305951 -075.71931452  51 
111  41.34271290 -075.71960978 
111  41.34353425 -075.71891008 
112  41.34353425 -075.71891008  41.34340411 -075.71903820  51 
115  41.34346283 -075.71945741 
120 Linear Feature 1
111  41.32920236 -075.73143058  53 102 
112  41.32907803 -075.73168045  41.32896206 -075.73175603 
111  41.32907803 -075.73168045 
112  41.32907803 -075.73168045  41.32896192 -075.73177259  53 102 
111  41.32886772 -075.73171578 
111  41.32864383 -075.73125410  53 102 
112  41.32877720 -075.73101586  41.32889533 -075.73092687 
111  41.32877720 -075.73101586 
112  41.32877720 -075.73101586  41.32890100 -075.73094686  53 102 
115  41.32897181 -075.73097487 
120 Linear Feature 12
111  41.34608279 -075.71704146  53 102 
112  41.34597124 -075.71728860  41.34585667 -075.71738092 
111  41.34597124 -075.71728860 
112  41.34597124 -075.71728860  41.34589062 -075.71737338  53 102 
115  41.34574157 -075.71734113 
120 Linear Feature 11
111  41.34552616 -075.71687245  53 102 
112  41.34567041 -075.71662402  41.34579337 -075.71653129 
111  41.34567041 -075.71662402 
112  41.34567041 -075.71662402  41.34575050 -075.71656569  53 102 
115  41.34585542 -075.71659132 
120 X
111  41.33236101 -075.72397769  21 
111  41.33234432 -075.72388930 
111  41.33238732 -075.72392988  21 
115  41.33231651 -075.72394486 
120 X
111  41.33425414 -075.72601953  21 
111  41.33423290 -075.72588563 
111  41.33429640 -075.72594139  21 
115  41.33420052 -075.72596850 
120 X
111  41.33503782 -075.72540060  21 
111  41.33499607 -075.72514838 
111  41.33511880 -075.72524661  21 
115  41.33492041 -075.72529800 
120 X
111  41.33264122 -075.72362273  21 
111  41.33259947 -075.72337050 
111  41.33272220 -075.72346873  21 
115  41.33252382 -075.72352012 
14   41.33616479 -075.72866131   54 0 ATC Tower
15   41.33385426 -075.73136654  29.46 First Flight FBO
15   41.33362625 -075.73012108 303.64 GA Ramp Parking
15   41.33988370 -075.72888906 331.92 Hold Short Rwy10
15   41.34370439 -075.72005053 107.29 Hold Short Rwy22
15   41.33960002 -075.71440752  15.03 Hold Short Rwy28
15   41.33191015 -075.73022726 120.28 Hold Short Rwy4
15   41.33707298 -075.72814628   8.24 Terminal RAMP
18   41.33626463 -075.72917093 1 BCN
19   41.32993246 -075.73133858 0 WS
19   41.34549273 -075.71797951 0 WS
19   41.33905696 -075.72611267 1 WS
19   41.34010815 -075.72820831 0 WS
19   41.33978920 -075.71527517 0 WS
20   41.33531734 -075.72699002 127.21  0 2 {@L}A{@R}22-4{@@,@Y,safety}{@L}A
20   41.33999617 -075.72392122  35.44  0 2 {@L}B{@R}10-28{@@,@Y,safety}{@L}B
20   41.34095613 -075.72254347 213.41  0 2 {@L}B{@R}10-28{@@,@Y,safety}{@L}B
20   41.34377781 -075.71974641 122.44  0 2 {@L}B{@R}22-4{@@,@Y,safety}{@L}B
20   41.33202190 -075.72984489 122.09  0 2 {@L}B{@R}22-4{@@,@Y,safety}{@L}B
20   41.33429760 -075.72818139 209.93  0 2 {@L}B{@R}ILS
20   41.33231393 -075.72981008 213.73  0 2 {@L}B{@Y,^l}B|F{^r}
20   41.33908167 -075.72477493  31.88  0 2 {@L}B{@Y,^l}D{^r}
20   41.33706591 -075.72574634 212.01  0 2 {@L}B{@Y,^lu}C{^rd}
20   41.33573827 -075.72689040  28.40  0 2 {@L}B{@Y,^lu}C{^rd}{@@}{@L}B{@Y,^l}C
20   41.33166155 -075.73016093 306.13  0 2 {@L}B{@Y,^u}F|B{^r}
20   41.33483823 -075.72771233  29.75  0 2 {@L}B{@Y}A{^r}
20   41.33592695 -075.72648216 101.90  0 2 {@L}C{@R}22-4{@@,@Y,safety}{@L}C
20   41.33636782 -075.72590764 148.89  0 2 {@L}C{@R}22-4{@@,@Y,safety}{@L}C
20   41.33741708 -075.72655737 151.74  0 2 {@L}C{@Y,^ld}B{^r}
20   41.33977274 -075.72333706  90.76  0 2 {@L}D{@R}22-4{@@,@Y,safety}{@L}D
20   41.33970377 -075.71456362 358.76  0 2 {@L}D{@R}28{@@,@Y,safety}{@L}D
20   41.33942241 -075.72107390 272.70  0 2 {@L}D{@R}4-22{@@,@Y,safety}{@L}D
20   41.33932746 -075.72351404 267.51  0 2 {@L}D{@Y,^l}B{^r}
20   41.33982812 -075.72483555  86.59  0 2 {@L}D{@Y,^l}B{^r}
20   41.33951725 -075.72794811 271.95  0 2 {@L}D{@Y,^ld}E{^ru}
20   41.34002017 -075.72862987 337.82  0 2 {@L}E{@R}10-28{@@,@Y,safety}{@L}E
20   41.33999792 -075.72934956 337.82  0 2 {@L}E{@R}10-28{@@,@Y,safety}{@L}E
20   41.33229637 -075.73075571 126.65  0 2 {@L}F{@Y,^l}B{^u}
20   41.33939666 -075.72191172  35.59  0 2 {@R}10-28
20   41.33981871 -075.72252527  35.59  0 2 {@R}10-28
20   41.33449658 -075.72707631  35.85  0 2 {@Y,^l}A
20   41.34015621 -075.72280663 269.56  0 2 {@Y,^l}B
20   41.34296312 -075.71977256  32.43  0 2 {@Y,^l}B
20   41.33118482 -075.72994373  29.54  0 2 {@Y,^l}B
20   41.33490711 -075.72728278 306.76  0 2 {@Y,^l}B{^r}
20   41.33634809 -075.72581895 332.24  0 2 {@Y,^l}B{^r}
20   41.33891782 -075.72334513  32.63  0 2 {@Y,^l}D
20   41.34029229 -075.72849385 269.56  0 2 {@Y,^l}E
20   41.33538560 -075.72631309  35.85  0 2 {@Y,^lu}C{@@}{@Y}A{^r}
20   41.33208123 -075.72916669 215.66  0 2 {@Y}B{^r}
20   41.34020645 -075.72404457  91.15  0 2 {@Y}B{^r}
20   41.33631870 -075.72555964 211.98  0 2 {@Y}C{^rd}
51 12295 UNICOM
53 12190 GND
54 12010 TWR
55 12450 APP/DEP
55 12630 APP/DEP

99
