A
1000 Generated by Infinite Flight Airport Editing (World Parser)/AB

1      986 0 1 MM12 BACUBIRITO
100    9.14   1   0 0.25 0 0 0 01   25.80966900 -107.90982800    0.00    0.00 2  0 0 0 19   25.82166400 -107.90570800    0.00    0.00 2  0 0 0
110   1 0.30  17.18 Default taxiway for RWY 01
111  25.80965751 -107.90978672   3 
111  25.80959608 -107.90956601   3 
111  25.82159114 -107.90544641   3 
111  25.82165257 -107.90566714 
112  25.82157395 -107.90569414  25.82161260 -107.90567825   3 
111  25.82159801 -107.90562585   3 
112  25.82157857 -107.90555598  25.82156398 -107.90550358   3 
111  25.82152467 -107.90551708   3 
111  25.81562541 -107.90754313   3 
111  25.81567469 -107.90772018 
111  25.81563538 -107.90773368   3 
111  25.81558610 -107.90755663   3 
112  25.80968685 -107.90958268  25.80964754 -107.90959618   3 
111  25.80966213 -107.90964857   3 
112  25.80968157 -107.90971844  25.80969616 -107.90977084   3 
113  25.80973613 -107.90975972 
120 Default hold RWY 01 (near)
111  25.80963254 -107.90969701   4 
115  25.80967185 -107.90968351 
120 Default hold RWY 01 (centre)
111  25.81561041 -107.90764396   4 
115  25.81564972 -107.90763046 
120 Default hold RWY 01 (far)
111  25.82158829 -107.90559091   4 
115  25.82162760 -107.90557741 
19   25.80962684 -107.90998599 1 WS
19   25.82170616 -107.90554998 1 WS


130 Airport Boundary
111  025.80959511 -107.90956879
111  025.80965805 -107.90979004
111  025.80966949 -107.90982819
111  025.82166481 -107.90570831
113  025.82159042 -107.90544891
99
