A
1000 Generated by Infinite Flight Airport Editing (World Parser)/AB

1       91 1 1 BGMA Maniitsoq
100   29.87   1   0 0.25 0 2 0 16   65.43128633 -052.94062106   30.48    0.00 2  0 0 0 34   65.42695967 -052.92681294   30.48    0.00 2  6 0 0
21   65.43030374 -052.93615572  2 126.99   3.00 16  PAPI-4L
21   65.42794267 -052.93127711  2 307.01   3.00 34  PAPI-4L
10   65.42832900 -052.92806300 xxx 360.00   230 0.0 0.0   140 161161  2 0 0 0.25 0
10   65.42821300 -052.92743700 xxx 126.00   210 0.0 0.0    90 161161  2 0 0 0.25 0
10   65.42805200 -052.92766100 xxx  87.00   180 0.0 0.0    90 161161  2 0 0 0.25 0
10   65.42791000 -052.92848600 xxx  36.00   160 0.0 0.0    60 161161  2 0 0 0.25 0
10   65.42770000 -052.92848600 xxx 351.00   100 0.0 0.0    50 161161  2 0 0 0.25 0
10   65.42784300 -052.92899000 xxx  81.00   100 0.0 0.0    50 161161  2 0 0 0.25 0
10   65.42720100 -052.92693900 xxx 126.00   125 0.0 0.0    90 161161  2 0 0 0.25 0
10   65.42728400 -052.92741300 xxx  81.00   112 0.0 0.0    70 161161  2 0 0 0.25 0
10   65.43103600 -052.94051500 xxx 307.50   125 0.0 0.0    90 161161  2 0 0 0.25 0
10   65.43094800 -052.94003500 xxx 262.50   112 0.0 0.0    70 161161  2 0 0 0.25 0
14   65.42823000 -052.92789400 0030 0 Tower
15   65.42803500 -052.92828700   0.00 Custom Startup Location
18   65.42979300 -052.93305400 1 Rotating Beacon
19   65.42764700 -052.92750100 1 Windsock
19   65.43051500 -052.93967400 1 Windsock


130 Airport Boundary
111  065.42695618 -052.92681122
111  065.43103790 -052.94051361
111  065.43128967 -052.94062042
113  065.42821503 -052.92743683
99
