A
1000 Generated by Infinite Flight Airport Editing (World Parser)/AB

1       82 0 0 KVUO Pearson Airfield
100   17.98   1   0 0.00 0 1 0 08   45.62109799 -122.66282573    0.00    0.00 2  0 0 0 26   45.61980507 -122.65015413  224.94    0.00 2  0 0 0
21   45.62073460 -122.66208823  1  98.30   3.00 New VASI
21   45.62044446 -122.65385022  3 278.30   3.00 New PAPI-4R
110   2 0.00   0.00 New Taxiway 63
112  45.62122125 -122.65461180  45.62122125 -122.65481520  22 
112  45.62107372 -122.65481520  45.62102103 -122.65481520  22 
112  45.62092092 -122.65460427  45.62092223 -122.65438576  22 
114  45.62108426 -122.65440087  45.62114749 -122.65440087  22 
110   2 0.00   0.00 New Taxiway 27
111  45.62368120 -122.65682288 
111  45.62365345 -122.65677527 
111  45.62365068 -122.65662053 
111  45.62377832 -122.65662251 
111  45.62377694 -122.65678122 
113  45.62373809 -122.65682090 
110   2 0.00   0.00 New Taxiway 26
111  45.62392540 -122.65692406 
111  45.62388377 -122.65684074 
111  45.62388239 -122.65656299 
111  45.62410716 -122.65656101 
111  45.62410854 -122.65685661 
111  45.62407802 -122.65692010 
113  45.62403778 -122.65692406 
110   4 0.00   0.00 New Taxiway 9
111  45.62327684 -122.65283052 
111  45.62325721 -122.65320474 
111  45.62330628 -122.65323749 
111  45.62374795 -122.65327491 
111  45.62375449 -122.65383624 
111  45.62351566 -122.65387367 
111  45.62350912 -122.65364913 
112  45.62324085 -122.65366317  45.62319177 -122.65365849 
111  45.62318523 -122.65313458 
113  45.62314924 -122.65287262 
110   1 0.00   0.00 New Taxiway 1
111  45.61984951 -122.65015238 102 
112  45.62016918 -122.65011338  45.62023252 -122.65012470   1 102 
111  45.62033624 -122.65036071   1 102 
111  45.62048062 -122.65051919   1 102 
111  45.62050833 -122.65087576   1 102 
111  45.62038561 -122.65104556 102 
112  45.62039353 -122.65126064  45.62039353 -122.65127196 102 
112  45.62042124 -122.65140780  45.62044104 -122.65144176 102 
111  45.62055584 -122.65148704 102 
112  45.62113380 -122.65149836  45.62118130 -122.65150402 
111  45.62116942 -122.65145308 
112  45.62117496 -122.65129839  45.62117681 -122.65126406 
111  45.62114911 -122.65125086 
111  45.62103092 -122.65124558 
111  45.62102723 -122.65113468 
112  45.62114122 -122.65113468  45.62115784 -122.65113204 
111  45.62115784 -122.65112676 
112  45.62114306 -122.65060131  45.62114491 -122.65059339 
111  45.62113383 -122.65059075 
111  45.62110982 -122.65059339 
111  45.62110982 -122.65054322 
112  45.62112460 -122.65054322  45.62112829 -122.65054322 
112  45.62114306 -122.65052210  45.62114491 -122.65050890 
112  45.62113568 -122.65047457  45.62113383 -122.65047193 
111  45.62111167 -122.65047457 
111  45.62110798 -122.65039536 
112  45.62113198 -122.65039536  45.62114491 -122.65039536 
112  45.62114122 -122.65033133  45.62114122 -122.65031888 
111  45.62111509 -122.65030643 
111  45.62106719 -122.65028152 
111  45.62106284 -122.65021926 
112  45.62111509 -122.65021304  45.62113686 -122.65020681 
111  45.62111945 -122.65010097 
111  45.62306267 -122.65000132 
111  45.62306702 -122.65007603 
111  45.62315411 -122.65008226 
111  45.62315847 -122.65015697 
111  45.62307138 -122.65016943 
112  45.62310186 -122.65148936  45.62309751 -122.65155162 
111  45.62313670 -122.65158898 
111  45.62329781 -122.65162200 
111  45.62329346 -122.65149125 
111  45.62335442 -122.65149125 
111  45.62336313 -122.65160332 
112  45.62418178 -122.65155973  45.62423403 -122.65155351 
111  45.62444305 -122.65144144 
111  45.62444305 -122.65159086 
112  45.62425580 -122.65167180  45.62421661 -122.65169048 
111  45.62406856 -122.65170293 
112  45.62336852 -122.65174655  45.62321176 -122.65175277 
112  45.62305500 -122.65167806  45.62303323 -122.65167183 
111  45.62291566 -122.65159682 
111  45.62259153 -122.65162494 
111  45.62252621 -122.65168288 
112  45.62252375 -122.65192087  45.62252375 -122.65193955 
111  45.62254552 -122.65195823 
111  45.62263261 -122.65195823 
111  45.62265003 -122.65270535 
111  45.62257165 -122.65276889 
111  45.62257165 -122.65315490 
111  45.62270664 -122.65336036 
111  45.62273712 -122.65451217 
111  45.62249763 -122.65453707 
111  45.62231038 -122.65467404 102 
111  45.62231038 -122.65492931   1 102 
112  45.62231474 -122.65562040  45.62231038 -122.65578850   1 102 
111  45.62243666 -122.65573869   1 
111  45.62279053 -122.65552080 
111  45.62276441 -122.65505384 
111  45.62305616 -122.65504139 
111  45.62309099 -122.65532156 
111  45.62331743 -122.65513478 
111  45.62327388 -122.65415728 
111  45.62342193 -122.65414483 
111  45.62344806 -122.65507874 
111  45.62380805 -122.65488574 
111  45.62379498 -122.65426312 
111  45.62392126 -122.65426312 
112  45.62392997 -122.65476371  45.62392562 -122.65481974 
111  45.62401706 -122.65479484 
111  45.62448735 -122.65450843 
111  45.62450041 -122.65468277 
112  45.62425800 -122.65488202  45.62422752 -122.65488825 
112  45.62431896 -122.65493183  45.62437121 -122.65496296 
111  45.62442347 -122.65517465 
112  45.62445830 -122.65661911  45.62448879 -122.65667514 
111  45.62453233 -122.65675608 
111  45.62450185 -122.65711720 
112  45.62435380 -122.65703003  45.62432767 -122.65698645 
111  45.62429719 -122.65686815 
112  45.62426235 -122.65648213  45.62424929 -122.65639497 
112  45.62427977 -122.65539879  45.62426671 -122.65528672 
112  45.62414913 -122.65508126  45.62413607 -122.65501900 
111  45.62414913 -122.65493806 
112  45.62150879 -122.65647160  45.62142606 -122.65652763 102 
111  45.62140864 -122.65661480 102 
112  45.62141299 -122.65680158  45.62142170 -122.65687629 102 
111  45.62153928 -122.65687629 102 
112  45.62195191 -122.65681401  45.62203900 -122.65680156 
111  45.62216528 -122.65686382 
112  45.62273137 -122.65733700  45.62275314 -122.65736190 
111  45.62285765 -122.65738681 
111  45.62394919 -122.65738057   1 
112  45.62394919 -122.65733699  45.62394919 -122.65729341   1 
111  45.62389694 -122.65728095   1 
112  45.62377936 -122.65726228  45.62371405 -122.65723737   1 
111  45.62368677 -122.65713138   1 
111  45.62368083 -122.65681741 
111  45.62373836 -122.65681796   1 
112  45.62374391 -122.65706646  45.62374391 -122.65712249   1 
111  45.62380549 -122.65713775   1 
112  45.62392306 -122.65713153  45.62394919 -122.65713153   1 
111  45.62395354 -122.65706927   1 
111  45.62395354 -122.65691361 
111  45.62402757 -122.65690739 
111  45.62401451 -122.65740548 
111  45.62404499 -122.65739925 
111  45.62404063 -122.65772924 
111  45.62410595 -122.65772301 
111  45.62411466 -122.65757358 
111  45.62426271 -122.65759226 
111  45.62426271 -122.65780395 
111  45.62446302 -122.65772301 
111  45.62446737 -122.65801564 
111  45.62411901 -122.65800941 
111  45.62411901 -122.65790980 
111  45.62387516 -122.65791602 
111  45.62390564 -122.65782263 
112  45.62391435 -122.65758604  45.62391000 -122.65753000 
111  45.62383162 -122.65751132 
112  45.62277519 -122.65750512  45.62275342 -122.65750512 
111  45.62271423 -122.65744908 
112  45.62214815 -122.65696346  45.62207847 -122.65691366 
111  45.62190429 -122.65691988 102 
112  45.62109436 -122.65710043  45.62100291 -122.65711911 102 
111  45.62100727 -122.65724986 102 
111  45.62106388 -122.65762341   1 102 
111  45.62121628 -122.65780396   1 102 
111  45.62125547 -122.65840787   1 102 
111  45.62114226 -122.65855729 102 
112  45.62153416 -122.66250281  45.62154723 -122.66272694 102 
111  45.62142095 -122.66278920 102 
113  45.62113790 -122.66281042 
112  45.62021352 -122.65036637  45.62020164 -122.65025883 102 
112  45.62002746 -122.65025883  45.61999579 -122.65027015 102 
111  45.61990475 -122.65046259 
112  45.62000191 -122.65137486  45.62000587 -122.65143712 102 
111  45.62008684 -122.65147005 102 
112  45.62027789 -122.65147390  45.62032935 -122.65146258 102 
113  45.62029269 -122.65115876 102 
112  45.62036599 -122.65189202  45.62035016 -122.65172222 102 
111  45.62028082 -122.65168689 102 
112  45.62019373 -122.65169821  45.62010664 -122.65170953 102 
111  45.62005517 -122.65191329 
112  45.62056044 -122.65682581  45.62058023 -122.65700692 102 
111  45.62068856 -122.65696730 102 
112  45.62079544 -122.65693334  45.62087065 -122.65691070 102 
111  45.62083898 -122.65663903 102 
113  45.62044089 -122.65264153 102 
112  45.62082711 -122.65182839  45.62082711 -122.65163030 102 
111  45.62073210 -122.65165293 102 
112  45.62060938 -122.65165293  45.62053021 -122.65165859 102 
111  45.62049062 -122.65185103 102 
112  45.62096170 -122.65674117  45.62098149 -122.65696191 102 
111  45.62104483 -122.65690531 102 
112  45.62122693 -122.65689965  45.62129818 -122.65688267 102 
111  45.62130214 -122.65673551 102 
112  45.62121505 -122.65335656  45.62122297 -122.65315846 102 
111  45.62109629 -122.65308489 102 
113  45.62086274 -122.65309055 102 
112  45.62089836 -122.65738391  45.62088253 -122.65723110 102 
111  45.62077565 -122.65723110 102 
112  45.62069647 -122.65723676  45.62062918 -122.65725374 102 
111  45.62061334 -122.65742919 
112  45.62112401 -122.66241412  45.62113588 -122.66247638 102 
111  45.62125068 -122.66264051 102 
112  45.62137736 -122.66261787  45.62145257 -122.66259523 102 
111  45.62142882 -122.66232356 102 
113  45.62094585 -122.65777607 102 
111  45.62162397 -122.65399238 102 
111  45.62174633 -122.65398208 102 
111  45.62176072 -122.65368365 102 
112  45.62186509 -122.65367336  45.62191547 -122.65366822 
111  45.62190107 -122.65361162 
112  45.62190467 -122.65352415  45.62190107 -122.65346240 
111  45.62181470 -122.65344696 
111  45.62166355 -122.65344696 102 
111  45.62165276 -122.65380714 102 
111  45.62153760 -122.65392549 102 
111  45.62154604 -122.65462526 102 
113  45.62160957 -122.65462526 102 
112  45.62235812 -122.65356016  45.62235812 -122.65345726 
111  45.62230413 -122.65343153 
112  45.62204862 -122.65344182  45.62198384 -122.65344182 
111  45.62198384 -122.65353444 
112  45.62198384 -122.65362191  45.62198384 -122.65368365 
111  45.62203783 -122.65367851 
111  45.62228974 -122.65364763 
111  45.62231133 -122.65421877 
111  45.62235452 -122.65416217 
113  45.62235452 -122.65405927 
110   4 0.00   0.00 New Taxiway 10
111  45.62418961 -122.65426192 
111  45.62418634 -122.65469228 
111  45.62393115 -122.65484197 
113  45.62392134 -122.65427596 
110   4 0.00   0.00 New Taxiway 8
111  45.62329115 -122.65523490 
111  45.62310140 -122.65532846 
111  45.62303924 -122.65530039 
111  45.62300979 -122.65503844 
111  45.62276769 -122.65503376 
111  45.62273825 -122.65429467 
111  45.62299016 -122.65424322 
111  45.62300325 -122.65385964 
111  45.62276115 -122.65385496 
111  45.62275788 -122.65236429 
112  45.62296399 -122.65208362  45.62305560 -122.65208830 
112  45.62365757 -122.65213508  45.62379825 -122.65211637 
111  45.62395856 -122.65206491 
112  45.62438426 -122.65185125  45.62445296 -122.65179979 
111  45.62447914 -122.65179979 
111  45.62449877 -122.65204772 
112  45.62443661 -122.65196352  45.62437772 -122.65195416 
112  45.62386735 -122.65221612  45.62380192 -122.65227226 
112  45.62381173 -122.65236581  45.62381173 -122.65245002 
112  45.62375611 -122.65250615  45.62369723 -122.65250615 
111  45.62318523 -122.65256230 
112  45.62310344 -122.65259972  45.62309035 -122.65267456 
111  45.62308708 -122.65306750 
111  45.62310671 -122.65347914 
111  45.62310017 -122.65380191 
111  45.62318196 -122.65394692 
113  45.62320813 -122.65512732 
120 Linear Feature 128
111  45.62309760 -122.65134879   2 
111  45.62297777 -122.65135781 
111  45.62281002 -122.65136502   2 
111  45.62268640 -122.65137404 
111  45.62249342 -122.65138306   2 
111  45.62237611 -122.65138847 
111  45.62220573 -122.65139749   2 
111  45.62206698 -122.65140651 
111  45.62190300 -122.65141372   2 
111  45.62174281 -122.65142274 
111  45.62160017 -122.65142995   2 
111  45.62143494 -122.65143897 
111  45.62126592 -122.65144799   2 
115  45.62116880 -122.65145340 
120 Linear Feature 126
111  45.62309482 -122.65135124 
115  45.62115904 -122.65145312 
120 Linear Feature 125
111  45.62120698 -122.65187081   1 
112  45.62128787 -122.65158931  45.62139470 -122.65158712 
115  45.62139470 -122.65158712 
120 Linear Feature 124
111  45.62252519 -122.65171407   2 
111  45.62240229 -122.65174921 
111  45.62221235 -122.65174921   2 
111  45.62204923 -122.65175241 
111  45.62189728 -122.65176199   2 
111  45.62176544 -122.65175880 
111  45.62159338 -122.65176838   2 
111  45.62145037 -122.65178755   2 
111  45.62145707 -122.65178755   2 
115  45.62144814 -122.65178436 
120 Linear Feature 123
111  45.62256988 -122.65315611   2 
111  45.62245368 -122.65316570 
111  45.62224363 -122.65318167   2 
111  45.62209615 -122.65319125 
111  45.62193080 -122.65320084   2 
111  45.62177661 -122.65321042 
111  45.62163137 -122.65322320   2 
115  45.62150847 -122.65322959 
120 Linear Feature 122
111  45.62258328 -122.65315611 
115  45.62153975 -122.65322959 
120 Linear Feature 121
111  45.62139877 -122.65340213   1 
112  45.62124754 -122.65325533  45.62124476 -122.65313432 
115  45.62124476 -122.65317201 
120 Linear Feature 118
111  45.62155735 -122.65367809 
112  45.62159758 -122.65357000  45.62159626 -122.65346760 
115  45.62159626 -122.65346760 
120 Linear Feature 117
111  45.62151123 -122.65339313   1 
112  45.62159608 -122.65346199  45.62159838 -122.65352757   1 
111  45.62159856 -122.65375576   1 
116  45.62151750 -122.65386392  45.62143117 -122.65386505 
120 Linear Feature 116
111  45.62112566 -122.65296481   1 
112  45.62123344 -122.65279431  45.62122886 -122.65262380 
115  45.62122886 -122.65262380 
120 Linear Feature 115
111  45.62112993 -122.65159720   1 
112  45.62119783 -122.65140494  45.62119391 -122.65122130 
115  45.62119391 -122.65122130 
120 Linear Feature 114
111  45.62128249 -122.65158824   1 
115  45.62108294 -122.65160056 
120 Linear Feature 113
111  45.62165789 -122.65338203   1 
112  45.62157032 -122.65320083  45.62156605 -122.65303693 
115  45.62156605 -122.65303693 
120 Linear Feature 112
111  45.62151149 -122.65141391   1 
112  45.62139950 -122.65158524  45.62130708 -122.65158860 
115  45.62130708 -122.65158860 
120 Linear Feature 111
111  45.62151149 -122.65141391   1 
112  45.62164307 -122.65158188  45.62174489 -122.65157964 
115  45.62174489 -122.65157964 
120 Linear Feature 110
111  45.62152324 -122.65175993   1 
112  45.62164151 -122.65158300  45.62174410 -122.65157964 
115  45.62174410 -122.65157964 
120 Linear Feature 109
111  45.62152246 -122.65175993   1 
112  45.62140263 -122.65158524  45.62130865 -122.65158860 
115  45.62130865 -122.65158860 
120 Linear Feature 108
111  45.62151295 -122.65339436   1 
112  45.62157169 -122.65320175  45.62156543 -122.65301362   1 
111  45.62152392 -122.65176172 
111  45.62151217 -122.65141457   1 
115  45.62146988 -122.65011530 
120 Linear Feature 107
111  45.62194736 -122.65335608   1 
112  45.62186207 -122.65322329  45.62185828 -122.65308915 
115  45.62185828 -122.65308915 
120 Linear Feature 106
111  45.62181919 -122.65140980   1 
112  45.62172948 -122.65157981  45.62163692 -122.65158083 
115  45.62163906 -122.65158083 
120 Linear Feature 105
111  45.62182665 -122.65175084   1 
112  45.62173053 -122.65158083  45.62167357 -122.65158185 
115  45.62164618 -122.65158287 
120 Linear Feature 104
111  45.62182024 -122.65140980   1 
112  45.62195623 -122.65157778  45.62206018 -122.65157574 
115  45.62206018 -122.65157574 
120 Linear Feature 103
111  45.62182724 -122.65174982   1 
112  45.62195682 -122.65157879  45.62206148 -122.65157574 
115  45.62206018 -122.65157676 
120 Linear Feature 102
111  45.62177973 -122.65337108   1 
112  45.62186218 -122.65322475  45.62185839 -122.65307028   1 
111  45.62182801 -122.65175066 
111  45.62182044 -122.65140980   1 
115  45.62179017 -122.65009965 
120 Linear Feature 101
111  45.62227082 -122.65332606   1 
112  45.62217909 -122.65320235  45.62217492 -122.65304883 
115  45.62217492 -122.65304883 
120 Linear Feature 100
111  45.62213018 -122.65140116   1 
112  45.62223245 -122.65157329  45.62231206 -122.65157237 
115  45.62231206 -122.65157237 
120 Linear Feature 99
111  45.62212953 -122.65140208   1 
112  45.62204798 -122.65157700  45.62195542 -122.65157792 
115  45.62195542 -122.65157792 
120 Linear Feature 98
111  45.62213795 -122.65173895   1 
112  45.62204862 -122.65157700  45.62195542 -122.65157885 
115  45.62195542 -122.65157885 
120 Linear Feature 97
111  45.62213795 -122.65173895   1 
112  45.62223310 -122.65157422  45.62231271 -122.65157329 
115  45.62231271 -122.65157329 
120 Linear Feature 96
111  45.62209881 -122.65334496   1 
112  45.62217925 -122.65320118  45.62217478 -122.65306061   1 
111  45.62213903 -122.65173789 
111  45.62213009 -122.65140242   1 
115  45.62209434 -122.65008031 
120 Linear Feature 95
111  45.62235818 -122.65157221   1 
112  45.62243310 -122.65141152  45.62243032 -122.65124884 
115  45.62243032 -122.65124884 
120 Linear Feature 94
111  45.62255242 -122.65154856   1 
112  45.62243449 -122.65141167  45.62243310 -122.65126487   1 
115  45.62240535 -122.65006277 
120 Linear Feature 93
111  45.62281188 -122.65151880   1 
112  45.62274806 -122.65142953  45.62274528 -122.65135612 
115  45.62274528 -122.65135612 
120 Linear Feature 92
111  45.62267824 -122.65153329   1 
112  45.62274900 -122.65143410  45.62274623 -122.65135673   1 
111  45.62274623 -122.65135673   1 
115  45.62271570 -122.65004916 
120 Linear Feature 91
111  45.62245456 -122.65170948   1 
112  45.62256517 -122.65154781  45.62266104 -122.65153727 
115  45.62266104 -122.65153727 
120 Linear Feature 90
111  45.62235624 -122.65157378   1 
111  45.62299532 -122.65149646   1 
112  45.62304940 -122.65133479  45.62304694 -122.65115907   1 
115  45.62301990 -122.65001902 
120 Linear Feature 89
111  45.62146804 -122.65005144 
115  45.62157342 -122.65323807 
120 Linear Feature 88
111  45.62178945 -122.65004390 
115  45.62186321 -122.65324560 
120 Linear Feature 87
111  45.62209504 -122.65002130 
115  45.62217935 -122.65320793 
120 Linear Feature 86
111  45.62240591 -122.65001377 
115  45.62243752 -122.65147525 
120 Linear Feature 85
111  45.62274839 -122.65143758 
115  45.62271678 -122.64997610 
120 Linear Feature 84
111  45.62302238 -122.64999117 
115  45.62305399 -122.65143005 
120 Linear Feature 80
111  45.62126782 -122.65368226   1 
112  45.62139954 -122.65340352  45.62151546 -122.65339599   1 
111  45.62242699 -122.65331312   1 
112  45.62252710 -122.65299672  45.62251656 -122.65267278   1 
111  45.62250075 -122.65205518   1 
111  45.62245860 -122.65170865   1 
112  45.62235849 -122.65157305  45.62228473 -122.65157305   1 
111  45.62128363 -122.65158811   1 
112  45.62119932 -122.65140731  45.62119405 -122.65126418   1 
115  45.62117298 -122.65011170 
120 Linear Feature 79
111  45.62153025 -122.65562111   1 
111  45.62152712 -122.65553317 
111  45.62152295 -122.65538114   1 
111  45.62151982 -122.65526787 
111  45.62151357 -122.65514416   1 
115  45.62151252 -122.65505026 
120 Linear Feature 78
111  45.62149957 -122.65481525   1 
112  45.62130078 -122.65508633  45.62130837 -122.65529906 
115  45.62130552 -122.65521234 
120 Linear Feature 77
111  45.62150856 -122.65498325   1 
111  45.62150440 -122.65486819 
111  45.62150024 -122.65473131   1 
111  45.62149746 -122.65461228 
111  45.62149191 -122.65446548   1 
111  45.62148775 -122.65435042 
111  45.62148497 -122.65426313   1 
111  45.62148359 -122.65415997 
111  45.62148081 -122.65410442   1 
111  45.62147665 -122.65399333 
111  45.62147387 -122.65393183   1 
111  45.62147249 -122.65380884 
111  45.62146832 -122.65373544   1 
115  45.62146555 -122.65363625 
120 Linear Feature 76
111  45.62155805 -122.65367805   1 
115  45.62146682 -122.65368149 
120 Linear Feature 75
111  45.62151695 -122.65386361   1 
115  45.62147352 -122.65386508 
120 Linear Feature 74
111  45.62152606 -122.65405211   1 
115  45.62147925 -122.65405375 
120 Linear Feature 73
111  45.62153174 -122.65421392   1 
115  45.62148481 -122.65421728 
120 Linear Feature 72
111  45.62153729 -122.65440414   1 
115  45.62149151 -122.65440906 
120 Linear Feature 71
111  45.62150037 -122.65467216   1 
115  45.62154535 -122.65466795 
120 Linear Feature 70
111  45.62150577 -122.65492442   1 
115  45.62155270 -122.65492180 
120 Linear Feature 69
111  45.62151453 -122.65365611 
115  45.62157391 -122.65557484 
120 Linear Feature 68
111  45.62146703 -122.65366177 
115  45.62153036 -122.65562012 
120 Linear Feature 67
111  45.62155545 -122.65509055   1 
115  45.62136806 -122.65510129 
120 Linear Feature 66
111  45.62156267 -122.65531302   1 
115  45.62136806 -122.65532504 
120 Linear Feature 65
111  45.62157493 -122.65557311   1 
115  45.62139083 -122.65558760 
120 Linear Feature 64
112  45.62193415 -122.65599368  45.62193415 -122.65611820   1 
112  45.62181934 -122.65616914  45.62175997 -122.65617480   1 
112  45.62170059 -122.65598236  45.62170059 -122.65585218   1 
114  45.62181934 -122.65581822  45.62189852 -122.65581822   1 
120 Linear Feature 62
111  45.62215479 -122.65477901   1 
111  45.62149981 -122.65481503   1 
116  45.62128525 -122.65453005  45.62127805 -122.65424079 
120 Linear Feature 61
111  45.62111987 -122.65264887   1 
115  45.62107533 -122.65265158 
120 Linear Feature 60
111  45.62111811 -122.65245791   1 
115  45.62106969 -122.65246029 
120 Linear Feature 59
111  45.62111027 -122.65227365   1 
115  45.62106637 -122.65227569 
120 Linear Feature 58
111  45.62110671 -122.65209041   1 
115  45.62105830 -122.65209278 
120 Linear Feature 57
111  45.62110173 -122.65191328   1 
115  45.62105396 -122.65191603 
120 Linear Feature 56
111  45.62096503 -122.65182268   1 
115  45.62100988 -122.65182033 
120 Linear Feature 55
111  45.62096930 -122.65199922   1 
115  45.62101410 -122.65199811 
120 Linear Feature 54
111  45.62097447 -122.65218029   1 
115  45.62102099 -122.65217758 
120 Linear Feature 53
111  45.62097877 -122.65235397   1 
115  45.62102702 -122.65235299 
120 Linear Feature 52
111  45.62108132 -122.65284036 
115  45.62105385 -122.65190421 
120 Linear Feature 51
111  45.62100959 -122.65180601 
115  45.62104106 -122.65275519 
120 Linear Feature 50
111  45.62098465 -122.65255093   1 
115  45.62103321 -122.65254916 
120 Linear Feature 49
111  45.62099013 -122.65274914   1 
115  45.62104104 -122.65274648 
120 Linear Feature 48
111  45.62112710 -122.65283840   1 
115  45.62108422 -122.65284020 
120 Linear Feature 47
111  45.62099214 -122.65279856   1 
111  45.62098870 -122.65270511 
111  45.62098755 -122.65259690   1 
111  45.62098296 -122.65251329 
111  45.62098067 -122.65239853   1 
111  45.62097838 -122.65231819 
111  45.62097723 -122.65223294   1 
111  45.62097264 -122.65213620 
111  45.62097035 -122.65204931   1 
111  45.62096920 -122.65195586 
111  45.62096576 -122.65187880   1 
115  45.62096118 -122.65176568 
120 Linear Feature 46
111  45.62113063 -122.65289022   1 
111  45.62112605 -122.65278984 
111  45.62112300 -122.65270692   1 
111  45.62111994 -122.65259345 
111  45.62111994 -122.65251052   1 
111  45.62111537 -122.65239923 
111  45.62111231 -122.65232504   1 
111  45.62111079 -122.65222902 
111  45.62110773 -122.65212864   1 
111  45.62110468 -122.65205445 
111  45.62110316 -122.65195625   1 
111  45.62110163 -122.65187115 
115  45.62109858 -122.65177513 
120 Linear Feature 45
111  45.62099479 -122.65289677 
115  45.62096122 -122.65170312 
120 Linear Feature 44
111  45.62113063 -122.65289022 
115  45.62110010 -122.65177950 
120 Linear Feature 43
111  45.62124659 -122.65325168   1 
112  45.62112674 -122.65296414  45.62102111 -122.65296994   1 
111  45.62096626 -122.65296994   1 
112  45.62091141 -122.65285667  45.62090735 -122.65273468   1 
111  45.62088094 -122.65172974   1 
112  45.62096829 -122.65159613  45.62106173 -122.65159904 
115  45.62106173 -122.65159904 
120 Linear Feature 42
111  45.62135215 -122.65678151   1 
112  45.62127624 -122.65698680  45.62118916 -122.65700362 
115  45.62118916 -122.65700362 
120 Linear Feature 41
111  45.62091474 -122.65679787   1 
112  45.62107642 -122.65702576  45.62120829 -122.65699953 
115  45.62120829 -122.65699953 
120 Linear Feature 40
111  45.62091474 -122.65679787   1 
112  45.62080924 -122.65707823  45.62071636 -122.65709790 
115  45.62071636 -122.65709790 
120 Linear Feature 39
111  45.62096290 -122.65728152   1 
112  45.62081268 -122.65707823  45.62071636 -122.65709626 
115  45.62071636 -122.65709626 
120 Linear Feature 38
111  45.62096352 -122.65728032   1 
112  45.62107494 -122.65702719  45.62121077 -122.65700101 
115  45.62121077 -122.65700101 
120 Linear Feature 37
111  45.62078953 -122.65693991   4 
115  45.62082769 -122.65724759 
120 Linear Feature 36
111  45.62042139 -122.65188222   1 
112  45.62023896 -122.65157370  45.62014306 -122.65156923 
115  45.62014306 -122.65156923 
120 Linear Feature 35
111  45.62042347 -122.65190010   1 
112  45.62055169 -122.65158264  45.62065489 -122.65158413 
115  45.62065489 -122.65158413 
120 Linear Feature 34
111  45.62036614 -122.65133299   1 
112  45.62052563 -122.65158040  45.62065489 -122.65158488 
115  45.62065489 -122.65158488 
120 Linear Feature 33
111  45.62043776 -122.65061308   1 
112  45.62038650 -122.65055506  45.62038223 -122.65050009   1 
112  45.62042708 -122.65048176  45.62044346 -122.65048075   1 
112  45.62048262 -122.65054997  45.62048832 -122.65060087   1 
112  45.62043776 -122.65061410  45.62041640 -122.65061410 
115  45.62040288 -122.65061716 
120 Linear Feature 32
111  45.62044916 -122.65075967   1 
112  45.62039647 -122.65069147  45.62039362 -122.65064057   1 
112  45.62043776 -122.65061410  45.62046696 -122.65061207   1 
112  45.62049188 -122.65068027  45.62049615 -122.65072201   1 
112  45.62044773 -122.65075967  45.62041569 -122.65076476 
115  45.62041569 -122.65076476 
120 Linear Feature 31
112  45.62050469 -122.65081974  45.62050825 -122.65086555   1 
112  45.62047194 -122.65090627  45.62044204 -122.65091237   1 
112  45.62041071 -122.65084315  45.62040572 -122.65078818   1 
112  45.62044916 -122.65076069  45.62047408 -122.65075764   1 
112  45.62050327 -122.65081974  45.62050754 -122.65086758 
115  45.62050612 -122.65087776 
120 Linear Feature 30
111  45.62018236 -122.65012045   4 
115  45.62014727 -122.65027359 
120 Linear Feature 29
111  45.62026177 -122.65147458   4 
115  45.62028024 -122.65168582 
120 Linear Feature 28
111  45.62149312 -122.65694556   1 
112  45.62135280 -122.65678169  45.62134447 -122.65659124   1 
111  45.62120732 -122.65187197   1 
112  45.62108442 -122.65160136  45.62095906 -122.65159082   1 
111  45.62016943 -122.65157228   1 
112  45.61998106 -122.65188649  45.62001800 -122.65225086   1 
115  45.62001800 -122.65225086 
120 Linear Feature 25
111  45.62392157 -122.65766685   1 
111  45.62397048 -122.65762724 
111  45.62398820 -122.65761368   1 
115  45.62403312 -122.65757871 
120 Linear Feature 24
111  45.62394777 -122.65771145   1 
111  45.62397398 -122.65763331 
111  45.62398446 -122.65760833   1 
115  45.62401141 -122.65753625 
120 Linear Feature 23
111  45.62401290 -122.65771069   1 
111  45.62398446 -122.65763397 
111  45.62397447 -122.65760792   1 
115  45.62394727 -122.65753370 
120 Linear Feature 22
111  45.62403362 -122.65766608   1 
111  45.62398799 -122.65762837 
111  45.62397098 -122.65761185   1 
115  45.62392207 -122.65757973 
120 Linear Feature 21
111  45.62397847 -122.65772552   1 
111  45.62397897 -122.65763524   1 
111  45.62397996 -122.65760670   1 
115  45.62397847 -122.65752014 
120 Linear Feature 20
111  45.62403837 -122.65762247   1 
111  45.62398916 -122.65762102 
111  45.62396941 -122.65762085   1 
115  45.62391565 -122.65762174 
120 Linear Feature 19
112  45.62398914 -122.65761955  45.62398937 -122.65762928   1 
112  45.62398030 -122.65763545  45.62397462 -122.65763545   1 
112  45.62396963 -122.65762117  45.62396941 -122.65761015   1 
112  45.62397939 -122.65760690  45.62398506 -122.65760690   1 
112  45.62398914 -122.65761955  45.62398914 -122.65762928 
115  45.62398914 -122.65763739 
120 Linear Feature 18
112  45.62403852 -122.65762211  45.62403852 -122.65768595   1 
112  45.62397994 -122.65772576  45.62394469 -122.65772464   1 
112  45.62391558 -122.65762632  45.62391479 -122.65757257   1 
112  45.62397713 -122.65751990  45.62401051 -122.65752060   1 
112  45.62403852 -122.65762254  45.62403852 -122.65768637 
115  45.62403122 -122.65768568 
120 Linear Feature 17
111  45.62055857 -122.65756006   1 
112  45.62063748 -122.65711359  45.62075500 -122.65708479   1 
111  45.62186971 -122.65687355   1 
112  45.62215220 -122.65690475  45.62223279 -122.65696236   1 
111  45.62268943 -122.65737043   1 
112  45.62288440 -122.65744965  45.62297674 -122.65744725   1 
115  45.62391349 -122.65745205 
120 Linear Feature 16
112  45.62115646 -122.65791833  45.62111124 -122.65792250   1 
112  45.62109662 -122.65784210  45.62109417 -122.65779911   1 
112  45.62114482 -122.65776359  45.62118569 -122.65776015   1 
112  45.62121047 -122.65782453  45.62121431 -122.65786320   1 
112  45.62115646 -122.65791885  45.62111923 -122.65792100 
115  45.62111544 -122.65792371 
120 Linear Feature 15
112  45.62116911 -122.65807547  45.62113312 -122.65808034   1 
112  45.62110735 -122.65799551  45.62110248 -122.65794197   1 
112  45.62115646 -122.65791833  45.62118856 -122.65791416   1 
112  45.62122211 -122.65798021  45.62122552 -122.65802332   1 
112  45.62116862 -122.65807547  45.62112437 -122.65808173 
115  45.62112437 -122.65808173 
120 Linear Feature 14
111  45.62118594 -122.65824450   1 
112  45.62123471 -122.65815306  45.62122985 -122.65808283   1 
112  45.62117052 -122.65807588  45.62114280 -122.65808074   1 
112  45.62112091 -122.65817113  45.62112578 -122.65822815   1 
112  45.62118511 -122.65824484  45.62121769 -122.65824136 
115  45.62121769 -122.65824136 
120 Linear Feature 13
112  45.62124699 -122.65830996  45.62125115 -122.65838336   1 
112  45.62120217 -122.65840746  45.62118691 -122.65841142   1 
112  45.62113460 -122.65834369  45.62112905 -122.65828417   1 
112  45.62118733 -122.65824648  45.62121924 -122.65824251   1 
112  45.62124713 -122.65831007  45.62125268 -122.65835966 
115  45.62124838 -122.65840122 
120 Linear Feature 12
111  45.62138342 -122.66261867   4 
115  45.62144114 -122.66277264 
120 Linear Feature 11
111  45.61984496 -122.65054706   1 
112  45.61993578 -122.65022425  45.62001272 -122.65018818   1 
111  45.62014264 -122.65019359   1 
112  45.62026878 -122.65035770  45.62028265 -122.65049657   1 
111  45.62148249 -122.66244446   1 
112  45.62140927 -122.66268272  45.62131967 -122.66271351   1 
112  45.62123093 -122.66270120  45.62117752 -122.66267533   1 
116  45.62107414 -122.66260019  45.62106466 -122.66256816 
14   45.62171318 -122.65555104    6 0 New Tower Viewpoint 15
15   45.62148367 -122.65406230 183.07 New Ramp Start 10
15   45.62112225 -122.65283838   0.00 New Ramp Start 11
15   45.62111354 -122.65245238   0.00 New Ramp Start 12
15   45.62097855 -122.65218467 181.91 New Ramp Start 13
15   45.62096113 -122.65182357 183.13 New Ramp Start 14
15   45.62153157 -122.65557421 188.64 New Ramp Start 5
15   45.62152722 -122.65531273 188.24 New Ramp Start 6
15   45.62150980 -122.65509482 179.22 New Ramp Start 7
15   45.62149238 -122.65441095 187.38 New Ramp Start 8
15   45.62148367 -122.65421795 185.88 New Ramp Start 9
18   45.62101126 -122.65637559 1 BCN
19   45.62107372 -122.65461180 1 New Windsock 4
50 13512 ASOS
51 12300 CTAF/UNICOM
52 12165 CLNC DEL
55 11810 PORTLAND APP
55 12435 PORTLAND APP
56 12435 PORTLAND DEP


130 Airport Boundary
111  045.61980438 -122.65015411
111  045.61997986 -122.65188599
111  045.62055969 -122.65756226
111  045.62109756 -122.66282654
111  045.62142181 -122.66278839
111  045.62144089 -122.66277313
111  045.62446594 -122.65801239
111  045.62453079 -122.65675354
111  045.62450027 -122.65204620
111  045.62447739 -122.65180206
111  045.62444305 -122.65144348
111  045.62315369 -122.65008545
111  045.62306213 -122.65000153
111  045.62302399 -122.64999390
111  045.62271500 -122.64997864
113  045.62017059 -122.65011597
99
