A
1000 Generated by Infinite Flight Airport Editing (World Parser)/AB

1     2854 0 1 SWUQ SURUCUCU
100   29.87   1   0 0.25 0 0 0 12   02.83663900 -063.65175300    0.00    0.00 2  0 0 0 30   02.83393100 -063.64217800    0.00    0.00 2  0 0 0
110   1 0.30 105.81 Default taxiway for RWY 12
111  02.83651184 -063.65178905   3 
111  02.83586307 -063.65197298   3 
111  02.83315511 -063.64239796   3 
111  02.83380388 -063.64221403 
112  02.83387712 -063.64247299  02.83383834 -063.64234412   3 
111  02.83368315 -063.64238812   3 
112  02.83347624 -063.64244678  02.83332105 -063.64249078   3 
111  02.83335767 -063.64262026   3 
111  02.83462010 -063.64708407   3 
111  02.83513955 -063.64693680 
111  02.83517617 -063.64706628   3 
111  02.83465672 -063.64721355   3 
112  02.83591915 -063.65167736  02.83595577 -063.65180684   3 
111  02.83611096 -063.65176284   3 
112  02.83631787 -063.65170418  02.83647306 -063.65166018   3 
113  02.83643860 -063.65153009 
120 Default hold RWY 12 (near)
111  02.83625104 -063.65186299   4 
115  02.83621442 -063.65173351 
120 Default hold RWY 12 (centre)
111  02.83491537 -063.64714022   4 
115  02.83487875 -063.64701074 
120 Default hold RWY 12 (far)
111  02.83357970 -063.64241745   4 
115  02.83354308 -063.64228797 
19   02.83710020 -063.65190197 1 WS
19   02.83346980 -063.64202903 1 WS


130 Airport Boundary
111  002.83315516 -063.64239883
111  002.83586311 -063.65197372
111  002.83651185 -063.65179062
111  002.83663893 -063.65175247
113  002.83393097 -063.64217758
99
