A
1000 Generated by Infinite Flight Airport Editing (World Parser)/AB

1      110 0 1 SE22 CELIA MARIA
100   12.19   1   0 0.25 0 0 0 02  -03.28355000 -079.80252800    0.00    0.00 2  0 0 0 20  -03.27510300 -079.79933100    0.00   19.81 2  0 0 0
110   1 0.30  20.70 Default taxiway for RWY 02
111 -03.28356860 -079.80247871   3 
111 -03.28366635 -079.80221958   3 
111 -03.27521936 -079.79902256   3 
111 -03.27512161 -079.79928168 
112 -03.27522424 -079.79932053 -03.27517371 -079.79929900   3 
111 -03.27519698 -079.79923732   3 
112 -03.27522801 -079.79915507 -03.27525128 -079.79909339   3 
111 -03.27530260 -079.79911281   3 
111 -03.27939780 -079.80066277   3 
111 -03.27931944 -079.80087049 
111 -03.27937076 -079.80088991   3 
111 -03.27944912 -079.80068219   3 
112 -03.28354432 -079.80223214 -03.28359564 -079.80225157   3 
111 -03.28357237 -079.80231325   3 
112 -03.28354134 -079.80239549 -03.28351807 -079.80245718   3 
113 -03.28346596 -079.80243986 
120 Default hold RWY 02 (near)
111 -03.28360817 -079.80237379   4 
115 -03.28355685 -079.80235437 
120 Default hold RWY 02 (centre)
111 -03.27941033 -079.80078499   4 
115 -03.27935901 -079.80076557 
120 Default hold RWY 02 (far)
111 -03.27521249 -079.79919619   4 
115 -03.27516118 -079.79917676 
19  -03.28359447 -079.80272106 1 WS
19  -03.27505853 -079.79913794 1 WS


130 Airport Boundary
111 -003.28366637 -079.80222321
111 -003.28355002 -079.80252838
111 -003.27510309 -079.79933167
111 -003.27512169 -079.79927826
113 -003.27521920 -079.79901886
99
