I
1050 Generated by WorldEditor 2.1.0r1

1     45 1 0 WABB Biak Frans Kaisiepo
100 45.00 2 0 0.00 0 2 0 11 -01.18474440  136.09266940    0   59 3 1 0 0 29 -01.19533890  136.12300000    0   61 2 0 0 1
110 2 0.00 109.3000 ramp1a
111 -01.19041896  136.10606024
111 -01.19064387  136.10618347
111 -01.19078199  136.10614983
111 -01.19082972  136.10606960
111 -01.19085237  136.10612440
111 -01.19091536  136.10610602
111 -01.19096148  136.10622890
111 -01.19103741  136.10620301
111 -01.19106481  136.10628520
111 -01.19111289  136.10627110
111 -01.19119818  136.10647814
111 -01.19127053  136.10645733
111 -01.19142160  136.10689293
111 -01.19153394  136.10685836
111 -01.19156480  136.10693397
111 -01.19164998  136.10690610
111 -01.19174429  136.10716008
111 -01.19182288  136.10717569
111 -01.19193048  136.10748054
111 -01.19187929  136.10752273
111 -01.19194967  136.10775717
112 -01.19194967  136.10775717 -01.19197325  136.10782597
112 -01.19193673  136.10798919 -01.19191707  136.10805995
112 -01.19176463  136.10821496 -01.19169978  136.10826017
111 -01.19176463  136.10821496
111 -01.19116732  136.10862304
111 -01.19097134  136.10878205
112 -01.19097134  136.10878205 -01.19084363  136.10887721
112 -01.19074360  136.10928991 -01.19077470  136.10943730
111 -01.19074360  136.10928991
111 -01.19045062  136.10845398
112 -01.19045062  136.10845398 -01.19056853  136.10864267
112 -01.19082579  136.10857178 -01.19091422  136.10852657
111 -01.19082579  136.10857178
111 -01.19104412  136.10842739
111 -01.19127203  136.10827411
112 -01.19127203  136.10827411 -01.19133295  136.10820924
112 -01.19128857  136.10796961 -01.19123551  136.10783595
111 -01.19128857  136.10796961
111 -01.19112387  136.10755367
112 -01.19112387  136.10755367 -01.19106491  136.10744163
112 -01.19085746  136.10746916 -01.19077689  136.10749471
111 -01.19085746  136.10746916
111 -01.19068455  136.10752511
111 -01.19050148  136.10759436
112 -01.19050148  136.10759436 -01.19036981  136.10764350
112 -01.19028361  136.10797712 -01.19030720  136.10811471
111 -01.19028361  136.10797712
111 -01.19000230  136.10717299
112 -01.19000230  136.10717299 -01.19010448  136.10739509
112 -01.19043028  136.10735529 -01.19054987  136.10730518
111 -01.19043028  136.10735529
111 -01.19060238  136.10729506
111 -01.19077806  136.10723322
112 -01.19077806  136.10723322 -01.19088221  136.10719587
112 -01.19093062  136.10698039 -01.19090507  136.10689784
111 -01.19093062  136.10698039
111 -01.19088566  136.10685681
111 -01.19083007  136.10686733
111 -01.19075691  136.10664873
111 -01.19080152  136.10659231
111 -01.19078823  136.10653521
111 -01.19069912  136.10644561
111 -01.19031366  136.10625776
111 -01.19009973  136.10615996
112 -01.19009973  136.10615996 -01.18992483  136.10608723
112 -01.18976409  136.10649567 -01.18981518  136.10670598
111 -01.18976409  136.10649567
111 -01.18939794  136.10544787
112 -01.18939794  136.10544787 -01.18946541  136.10559607
112 -01.18958298  136.10566069 -01.18966159  136.10570393
113 -01.18958298  136.10566069
110 2 0.00 0.0000 New Taxiway 9
111 -01.19208577  136.10738233
111 -01.19214685  136.10736065
111 -01.19220202  136.10750057
113 -01.19213897  136.10753013
110 1 0.00 109.3000 ramp1b
111 -01.18944324  136.10525185
112 -01.18963337  136.10554109 -01.18973752  136.10559023
112 -01.19039584  136.10588223 -01.19045047  136.10590586
112 -01.19044849  136.10585484 -01.19043520  136.10580906
111 -01.19026017  136.10530697
111 -01.19090979  136.10508464
111 -01.19085090  136.10489709
111 -01.19097891  136.10485435
111 -01.19100001  136.10484590
111 -01.19101511  136.10488413
111 -01.19109713  136.10488561
111 -01.19180679  136.10690397
111 -01.19180417  136.10698733
112 -01.19208895  136.10779937 -01.19215096  136.10797067
112 -01.19183944  136.10832574 -01.19172132  136.10840844
111 -01.19104431  136.10886681
112 -01.19104431  136.10886681 -01.19094243  136.10892145
112 -01.19085069  136.10926986 -01.19088975  136.10938356
111 -01.19085069  136.10926986
111 -01.19074360  136.10928991
112 -01.19074360  136.10928991 -01.19071251  136.10914252
112 -01.19097134  136.10878205 -01.19109904  136.10868690
111 -01.19097134  136.10878205
111 -01.19116732  136.10862304
111 -01.19176463  136.10821496
112 -01.19176463  136.10821496 -01.19182948  136.10816975
112 -01.19193673  136.10798919 -01.19195638  136.10791843
112 -01.19194967  136.10775717 -01.19192609  136.10768838
111 -01.19194967  136.10775717
111 -01.19187929  136.10752273
111 -01.19193048  136.10748054
111 -01.19182288  136.10717569
111 -01.19174429  136.10716008
111 -01.19164998  136.10690610
111 -01.19156480  136.10693397
111 -01.19153394  136.10685836
111 -01.19142160  136.10689293
111 -01.19127053  136.10645733
111 -01.19119818  136.10647814
111 -01.19111289  136.10627110
111 -01.19106481  136.10628520
111 -01.19103741  136.10620301
111 -01.19096148  136.10622890
111 -01.19091536  136.10610602
111 -01.19085237  136.10612440
111 -01.19082972  136.10606960
111 -01.19078199  136.10614983
111 -01.19064387  136.10618347
111 -01.19041896  136.10606024
111 -01.18958298  136.10566069
112 -01.18958298  136.10566069 -01.18950438  136.10561745
112 -01.18939794  136.10544787 -01.18933047  136.10529966
111 -01.18939794  136.10544787
113 -01.18933784  136.10527093
110 1 1.00 109.3000 ramp1_shoulder1
111 -01.19085746  136.10746916
112 -01.19085746  136.10746916 -01.19093803  136.10744361
112 -01.19112387  136.10755367 -01.19118282  136.10766570
111 -01.19112387  136.10755367
111 -01.19128857  136.10796961
112 -01.19128857  136.10796961 -01.19134162  136.10810326
112 -01.19127203  136.10827411 -01.19121112  136.10833897
111 -01.19127203  136.10827411
111 -01.19104412  136.10842739
111 -01.19082579  136.10857178
112 -01.19082579  136.10857178 -01.19073736  136.10861699
112 -01.19045062  136.10845398 -01.19033272  136.10826529
111 -01.19045062  136.10845398
111 -01.19028361  136.10797712
112 -01.19028361  136.10797712 -01.19026003  136.10783953
112 -01.19050148  136.10759436 -01.19063314  136.10754522
111 -01.19050148  136.10759436
113 -01.19068455  136.10752511
112 -01.19041233  136.10795053 -01.19044573  136.10805273
112 -01.19057150  136.10841046 -01.19059508  136.10846747
112 -01.19076212  136.10846157 -01.19083286  136.10841440
112 -01.19111781  136.10822963 -01.19115121  136.10820998
112 -01.19115907  136.10814511 -01.19114335  136.10809909
112 -01.19096256  136.10760852 -01.19095077  136.10758100
112 -01.19086823  136.10758690 -01.19083090  136.10759869
114 -01.19051058  136.10771073 -01.19043787  136.10773825
110 1 1.00 109.3000 ramp1_shoulder2
111 -01.19078818  136.10653521
111 -01.19080147  136.10659231
111 -01.19075686  136.10664873
111 -01.19083002  136.10686733
111 -01.19088561  136.10685681
111 -01.19093057  136.10698039
112 -01.19093057  136.10698039 -01.19095612  136.10706294
112 -01.19077801  136.10723322 -01.19067386  136.10727056
111 -01.19077801  136.10723322
111 -01.19060233  136.10729506
111 -01.19043023  136.10735529
112 -01.19043023  136.10735529 -01.19030839  136.10740443
112 -01.19000225  136.10717299 -01.18990006  136.10695088
111 -01.19000225  136.10717299
111 -01.18976404  136.10649567
112 -01.18976404  136.10649567 -01.18971295  136.10628536
112 -01.19009968  136.10615996 -01.19027458  136.10623268
111 -01.19009968  136.10615996
111 -01.19031361  136.10625776
113 -01.19069907  136.10644561
112 -01.18987857  136.10646468 -01.18991001  136.10656296
112 -01.19011045  136.10713493 -01.19014189  136.10721552
112 -01.19034823  136.10725876 -01.19040915  136.10724304
112 -01.19073536  136.10713493 -01.19077859  136.10711921
112 -01.19080218  136.10702486 -01.19078646  136.10697376
112 -01.19067051  136.10661406 -01.19066658  136.10659834
112 -01.19060173  136.10655116 -01.19057422  136.10653740
114 -01.19008687  136.10629957 -01.18997682  136.10625043
110 2 0.00 19.2000 ramp2a
111 -01.18920926  136.10612445
111 -01.18927170  136.10630106
111 -01.18913218  136.10632917
111 -01.18902033  136.10635171
111 -01.18898106  136.10632607
111 -01.18894914  136.10617856
113 -01.18908404  136.10615050
110 1 0.00 150.0000 ramp2b
111 -01.18894914  136.10617856
111 -01.18898106  136.10632607
112 -01.18880064  136.10635971 -01.18874705  136.10637270
112 -01.18858213  136.10643331 -01.18853016  136.10645118
112 -01.18834773  136.10655142 -01.18830225  136.10659365
112 -01.18747274  136.10734218 -01.18745487  136.10736004
111 -01.18746257  136.10739078
111 -01.18710983  136.10772649
111 -01.18681672  136.10756534
111 -01.18683466  136.10752867
111 -01.18701624  136.10718471
111 -01.18705206  136.10711491
111 -01.18731996  136.10729435
112 -01.18741594  136.10728114 -01.18744030  136.10725840
112 -01.18819401  136.10656372 -01.18836941  136.10639966
114 -01.18873038  136.10624383 -01.18889279  136.10620322
110 2 0.00 150.0000 ramp2c
111 -01.18668223  136.10700969
111 -01.18701624  136.10718471
111 -01.18683466  136.10752867
111 -01.18650358  136.10735731
111 -01.18651820  136.10732767
113 -01.18666274  136.10704908
110 1 0.00 150.0000 ramp2d
111 -01.18633631  136.10665069
111 -01.18650846  136.10673516
112 -01.18650846  136.10673516 -01.18644187  136.10687648
112 -01.18666274  136.10704908 -01.18687875  136.10715791
111 -01.18666274  136.10704908
111 -01.18651820  136.10732767
113 -01.18610894  136.10711527
110 1 0.00 150.0000 ramp2e
111 -01.18724642  136.10591382
112 -01.18724642  136.10591382 -01.18736038  136.10593987
112 -01.18773608  136.10607206 -01.18781950  136.10609524
112 -01.18821762  136.10619834 -01.18835587  136.10621576
112 -01.18873038  136.10624383 -01.18880808  136.10628125
111 -01.18873038  136.10624383
112 -01.18873038  136.10624383 -01.18856797  136.10628444
112 -01.18819401  136.10656372 -01.18801861  136.10672779
111 -01.18819401  136.10656372
112 -01.18819401  136.10656372 -01.18821991  136.10651191
112 -01.18820211  136.10639879 -01.18812860  136.10637786
111 -01.18820211  136.10639879
112 -01.18820211  136.10639879 -01.18816535  136.10638833
112 -01.18772269  136.10621913 -01.18750189  136.10613469
112 -01.18707985  136.10600971 -01.18697625  136.10601259
112 -01.18678599  136.10617550 -01.18669936  136.10628709
111 -01.18650846  136.10673516
111 -01.18633631  136.10665069
112 -01.18660046  136.10616302 -01.18664681  136.10606533
112 -01.18693176  136.10592181 -01.18702957  136.10591366
113 -01.18693176  136.10592181
110 1 0.00 138.0000 ramp3a
111 -01.18535675  136.09743227
111 -01.18641755  136.09838469
112 -01.18641755  136.09838469 -01.18652474  136.09847761
111 -01.18648242  136.09832420
111 -01.18665890  136.09884426
112 -01.18633673  136.09847625 -01.18606156  136.09821532
111 -01.18633673  136.09847625
113 -01.18527030  136.09752026
110 2 0.00 85.0000 ramp3b
111 -01.18535675  136.09743227
111 -01.18527030  136.09752026
111 -01.18467888  136.09699759
112 -01.18467888  136.09699759 -01.18457884  136.09692790
112 -01.18430504  136.09706508 -01.18424251  136.09718480
111 -01.18430504  136.09706508
111 -01.18415753  136.09734101
111 -01.18420840  136.09754363
111 -01.18440660  136.09758638
111 -01.18438447  136.09790051
111 -01.18375648  136.09785418
111 -01.18415469  136.09703581
112 -01.18428207  136.09683866 -01.18434638  136.09678685
112 -01.18431553  136.09664771 -01.18430302  136.09657445
111 -01.18425431  136.09636919
111 -01.18438020  136.09634046
112 -01.18442803  136.09654763 -01.18444947  136.09663518
114 -01.18473083  136.09686616 -01.18479157  136.09691976
110 1 0.00 138.0000 ramp3c
111 -01.18527030  136.09752026
112 -01.18466552  136.09713093 -01.18458156  136.09709341
112 -01.18439202  136.09719142 -01.18432413  136.09727898
111 -01.18420840  136.09754363
111 -01.18415753  136.09734101
111 -01.18430504  136.09706508
112 -01.18430504  136.09706508 -01.18436757  136.09694536
112 -01.18467888  136.09699759 -01.18477892  136.09706728
113 -01.18467888  136.09699759
110 1 0.00 85.0000 ramp3d
111 -01.18438447  136.09790051
111 -01.18426297  136.09914323
111 -01.18353854  136.09913598
112 -01.18353854  136.09913598 -01.18346288  136.09896950
112 -01.18313320  136.09910082 -01.18299486  136.09923919
111 -01.18313320  136.09910082
111 -01.18331802  136.09874226
113 -01.18375648  136.09785418
110 1 0.00 0.0000 ramp3e
111 -01.18415469  136.09703581
111 -01.18375648  136.09785418
111 -01.18331802  136.09874226
111 -01.18325707  136.09866865
111 -01.18306479  136.09866830
111 -01.18305691  136.09866824
111 -01.18305535  136.09840138
111 -01.18333425  136.09840325
112 -01.18333425  136.09840325 -01.18341821  136.09840325
112 -01.18354082  136.09826714 -01.18357298  136.09820103
112 -01.18353299  136.09802094 -01.18344724  136.09802094
111 -01.18353299  136.09802094
111 -01.18337069  136.09802140
111 -01.18337063  136.09777424
111 -01.18365284  136.09777788
112 -01.18365284  136.09777788 -01.18370822  136.09777610
112 -01.18385199  136.09764288 -01.18388415  136.09757677
112 -01.18385117  136.09739969 -01.18374756  136.09739612
111 -01.18385117  136.09739969
111 -01.18369041  136.09739979
111 -01.18368884  136.09713368
111 -01.18396635  136.09713574
114 -01.18396635  136.09713574 -01.18406461  136.09713038
110 1 0.00 0.0000 ramp3f
111 -01.18349639  136.09715444
111 -01.18349558  136.09736907
112 -01.18328479  136.09737685 -01.18317012  136.09738720
112 -01.18306671  136.09760745 -01.18301389  136.09769436
112 -01.18306702  136.09779908 -01.18312543  136.09779982
111 -01.18317818  136.09780485
111 -01.18317813  136.09799826
112 -01.18299552  136.09800673 -01.18293003  136.09801135
112 -01.18283125  136.09809339 -01.18279611  136.09813930
112 -01.18271009  136.09828214 -01.18267536  136.09835445
112 -01.18275521  136.09842908 -01.18282129  136.09842809
111 -01.18286289  136.09842668
111 -01.18286208  136.09863676
112 -01.18262744  136.09864124 -01.18249761  136.09864370
112 -01.18241415  136.09876235 -01.18238572  136.09880894
112 -01.18242158  136.09897097 -01.18246515  136.09902510
112 -01.18259619  136.09906519 -01.18266548  136.09908720
111 -01.18259619  136.09906519
111 -01.18211031  136.09906071
112 -01.18211031  136.09906071 -01.18218447  136.09905401
112 -01.18223111  136.09898456 -01.18223778  136.09894613
112 -01.18222279  136.09880121 -01.18221579  136.09872888
112 -01.18241082  136.09838819 -01.18245121  136.09831750
112 -01.18297721  136.09732434 -01.18301650  136.09725386
114 -01.18319833  136.09716190 -01.18331500  136.09715924
110 1 0.00 90.0000 ramp3g
112 -01.18306479  136.09866830 -01.18304101  136.09859262
111 -01.18306479  136.09866830
111 -01.18325707  136.09866865
111 -01.18331802  136.09874226
111 -01.18313320  136.09910082
112 -01.18313320  136.09910082 -01.18298767  136.09920129
112 -01.18284858  136.09931358 -01.18270949  136.09942586
112 -01.18274482  136.09951033 -01.18274482  136.09955141
111 -01.18274482  136.09951033
111 -01.18262593  136.09950817
112 -01.18262593  136.09950817 -01.18262160  136.09945412
112 -01.18250704  136.09943682 -01.18246164  136.09943682
111 -01.18250704  136.09943682
111 -01.18239896  136.09943682
111 -01.18239679  136.09948655
111 -01.18210930  136.09948439
111 -01.18211031  136.09906071
111 -01.18259619  136.09906519
112 -01.18279416  136.09906901 -01.18283594  136.09906856
111 -01.18279416  136.09906901
112 -01.18279416  136.09906901 -01.18287771  136.09906812
114 -01.18305291  136.09891576 -01.18310479  136.09883792
110 1 0.00 0.0000 ramp3h
111 -01.18353854  136.09913598
111 -01.18426297  136.09914323
111 -01.18427631  136.09914205
111 -01.18426985  136.09940631
112 -01.18412073  136.09940739 -01.18403928  136.09940853
112 -01.18403988  136.09953208 -01.18406913  136.09959260
112 -01.18416906  136.09969275 -01.18423058  136.09974318
112 -01.18438188  136.09978110 -01.18445602  136.09978331
111 -01.18464386  136.09978353
111 -01.18463740  136.10002258
112 -01.18445632  136.10002132 -01.18440434  136.10002228
112 -01.18440568  136.10011235 -01.18442783  136.10015351
112 -01.18457484  136.10030822 -01.18463325  136.10035666
112 -01.18486321  136.10036059 -01.18493178  136.10036160
111 -01.18502907  136.10036168
111 -01.18502361  136.10061989
112 -01.18485711  136.10061327 -01.18481414  136.10061413
112 -01.18480031  136.10071878 -01.18482477  136.10077528
112 -01.18489832  136.10089278 -01.18494762  136.10095744
112 -01.18509905  136.10098180 -01.18516455  136.10098142
111 -01.18539049  136.10098227
111 -01.18538504  136.10122233
112 -01.18520538  136.10121972 -01.18515475  136.10121934
112 -01.18514765  136.10131844 -01.18517518  136.10136141
112 -01.18551314  136.10185474 -01.18554076  136.10189359
112 -01.18561912  136.10188976 -01.18565834  136.10188735
112 -01.18568318  136.10180437 -01.18568817  136.10174577
112 -01.18567483  136.10128428 -01.18567166  136.10124629
112 -01.18557943  136.10122580 -01.18555523  136.10122378
111 -01.18557943  136.10122580
111 -01.18558858  136.10098128
112 -01.18567080  136.10097950 -01.18571718  136.10097647
112 -01.18572272  136.10088483 -01.18571257  136.10084147
112 -01.18564112  136.10072570 -01.18559675  136.10067931
112 -01.18539654  136.10064234 -01.18533555  136.10063725
111 -01.18521801  136.10063042
111 -01.18522716  136.10036472
112 -01.18539269  136.10030570 -01.18538260  136.10025224
112 -01.18525489  136.10007974 -01.18518833  136.10002628
112 -01.18483280  136.10002705 -01.18471198  136.10002705
111 -01.18483280  136.10002705
111 -01.18484094  136.09978253
112 -01.18484094  136.09978253 -01.18489943  136.09978455
112 -01.18507056  136.09968902 -01.18504737  136.09960833
112 -01.18495270  136.09951051 -01.18490206  136.09946619
112 -01.18446323  136.09941078 -01.18410625  136.09939969
111 -01.18446323  136.09941078
111 -01.18447339  136.09914307
112 -01.18447339  136.09914307 -01.18462893  136.09914771
112 -01.18503236  136.09942398 -01.18511908  136.09956418
112 -01.18601030  136.10097770 -01.18608089  136.10108865
112 -01.18627931  136.10138289 -01.18631360  136.10150998
112 -01.18614797  136.10190441 -01.18597351  136.10202747
112 -01.18566955  136.10207638 -01.18567331  136.10218335
111 -01.18566955  136.10207638
111 -01.18552607  136.10214895
111 -01.18373049  136.09924987
114 -01.18373049  136.09924987 -01.18371133  136.09920549
112 -01.18573756  136.10178491 -01.18574561  136.10184716
112 -01.18582904  136.10186856 -01.18587602  136.10186990
112 -01.18603506  136.10181234 -01.18610162  136.10177646
112 -01.18616520  136.10163670 -01.18618667  136.10153024
112 -01.18612502  136.10137810 -01.18610248  136.10130818
112 -01.18583642  136.10117945 -01.18574783  136.10120496
114 -01.18572414  136.10128774 -01.18572472  136.10132659
110 2 0.00 0.0000 hangar1
111 -01.18368919  136.09709498
111 -01.18368884  136.09713368
111 -01.18369041  136.09739979
111 -01.18369082  136.09743773
111 -01.18349593  136.09743773
111 -01.18349558  136.09736907
111 -01.18349639  136.09715444
113 -01.18349755  136.09709336
110 2 0.00 0.0000 hangar2
111 -01.18337023  136.09772038
111 -01.18337063  136.09777424
111 -01.18337069  136.09802140
111 -01.18337185  136.09806313
111 -01.18317696  136.09806313
111 -01.18317813  136.09799826
111 -01.18317818  136.09780485
113 -01.18317859  136.09771876
110 2 0.00 0.0000 hangar3
111 -01.18305494  136.09836040
111 -01.18305535  136.09840138
111 -01.18305691  136.09866824
111 -01.18305656  136.09870315
111 -01.18286167  136.09870315
111 -01.18286208  136.09863676
111 -01.18286289  136.09842668
113 -01.18286330  136.09835878
110 2 0.00 0.0000 hangar7
111 -01.18539171  136.10093789
111 -01.18558945  136.10094140
111 -01.18558858  136.10098128
111 -01.18557943  136.10122580
111 -01.18557720  136.10128246
111 -01.18538281  136.10127679
111 -01.18538504  136.10122233
113 -01.18539049  136.10098227
110 2 0.00 0.0000 New Taxiway 11
111 -01.18482478  136.09974080
111 -01.18484094  136.09978253
111 -01.18483280  136.10002705
111 -01.18482641  136.10006816
111 -01.18463753  136.10005839
111 -01.18463740  136.10002258
111 -01.18464386  136.09978353
113 -01.18463915  136.09973754
110 2 0.00 0.0000 hangar6
111 -01.18503029  136.10033143
111 -01.18522802  136.10033493
111 -01.18522716  136.10036472
111 -01.18521801  136.10063042
111 -01.18521577  136.10067599
111 -01.18502138  136.10067033
111 -01.18502361  136.10061989
113 -01.18502907  136.10036168
110 2 0.00 0.0000 hangar4
111 -01.18427652  136.09912087
111 -01.18447426  136.09912437
111 -01.18447339  136.09914307
111 -01.18446323  136.09941078
111 -01.18446201  136.09946543
111 -01.18426762  136.09945977
111 -01.18426985  136.09940631
113 -01.18427631  136.09914205
110 2 0.00 109.3000 turnE
111 -01.19468233  136.12175664
111 -01.19513346  136.12304566
111 -01.19482813  136.12315142
113 -01.19452694  136.12229993
110 2 0.00 109.3000 turnW
111 -01.18492596  136.09267164
111 -01.18523152  136.09256370
111 -01.18553651  136.09340879
113 -01.18537866  136.09396515
110 5 0.00 109.3000 accessroad0
111 -01.18566955  136.10207638
112 -01.18581955  136.10240434 -01.18587980  136.10252486
112 -01.18625520  136.10304868 -01.18634326  136.10314603
112 -01.18669549  136.10383209 -01.18675110  136.10402678
112 -01.18700600  136.10467113 -01.18702917  136.10493536
112 -01.18709869  136.10561292 -01.18715304  136.10575711
111 -01.18724642  136.10591382
111 -01.18693176  136.10592181
112 -01.18695326  136.10562253 -01.18693185  136.10549240
112 -01.18686696  136.10469044 -01.18685770  136.10449112
112 -01.18658426  136.10392094 -01.18653791  136.10375406
112 -01.18612543  136.10310508 -01.18600030  136.10296602
112 -01.18568978  136.10247001 -01.18563417  136.10234021
113 -01.18552607  136.10214895
130 Airport Boundary
111 -01.18607781  136.11486340
112 -01.18675704  136.11339267 -01.18679436  136.11329562
112 -01.18671972  136.11288501 -01.18667493  136.11278796
111 -01.18325107  136.10300676
111 -01.18274492  136.10103200
111 -01.18192388  136.10100960
111 -01.18190895  136.09919546
111 -01.18315545  136.09700368
111 -01.18249115  136.09573453
111 -01.18284196  136.09387715
111 -01.18252100  136.09213766
111 -01.18280464  136.09212532
111 -01.18275985  136.09134143
111 -01.18302109  136.09125184
111 -01.18300616  136.09104280
111 -01.18332712  136.09092335
111 -01.18298377  136.08969153
111 -01.18444672  136.08923613
111 -01.18484978  136.09034104
111 -01.18531255  136.09021412
111 -01.18545436  136.09073671
111 -01.18730262  136.09451276
111 -01.18769075  136.09443064
111 -01.18798790  136.09520447
111 -01.18876415  136.09795928
111 -01.18816703  136.09812352
111 -01.18833870  136.09873570
111 -01.18854023  136.09867598
111 -01.18864473  136.09904179
111 -01.18908511  136.09892981
111 -01.18922692  136.09948019
111 -01.18898061  136.09956978
111 -01.18915228  136.10009237
111 -01.18943592  136.10001025
111 -01.19021612  136.10227871
112 -01.18992098  136.10240303 -01.18978712  136.10246077
112 -01.18985374  136.10271408 -01.18993734  136.10288829
112 -01.19040406  136.10358557 -01.19055728  136.10374273
112 -01.19087916  136.10444677 -01.19089847  136.10448318
111 -01.19196600  136.10390003
111 -01.19330636  136.10792350
112 -01.19209704  136.10845458 -01.19199255  136.10855164
112 -01.19197762  136.10908916 -01.19202987  136.10924594
111 -01.19384897  136.11440105
111 -01.19414753  136.11534172
111 -01.19353548  136.11558809
111 -01.19519249  136.12025793
112 -01.19611859  136.12297297 -01.19618907  136.12319838
112 -01.19615591  136.12342502 -01.19610730  136.12358557
112 -01.19618096  136.12382286 -01.19624996  136.12397930
112 -01.19613500  136.12423547 -01.19609700  136.12436370
112 -01.19611443  136.12472292 -01.19607495  136.12484967
112 -01.19622622  136.12539169 -01.19621842  136.12552938
111 -01.19644433  136.12648549
111 -01.19599649  136.12666467
111 -01.19588453  136.12615700
111 -01.19578003  136.12617194
111 -01.19541430  136.12505209
112 -01.19499631  136.12488785 -01.19490674  136.12484305
111 -01.19474253  136.12453158
111 -01.19347365  136.12096300
111 -01.19191367  136.11632685
111 -01.19172313  136.11628673
111 -01.19025272  136.11204938
111 -01.18979742  136.11220616
112 -01.18963321  136.11201205 -01.18952125  136.11198219
112 -01.18929733  136.11218376 -01.18926001  136.11234800
112 -01.18899130  136.11255704 -01.18890173  136.11271382
111 -01.18900623  136.11410242
113 -01.18798648  136.11536411
120 taxiline1b
112 -01.18996465  136.10597868 -01.18940006  136.10573007 51
115 -01.18963306  136.10651623
120 Linear Feature 2
111 -01.19144501  136.10811212 51
112 -01.19162114  136.10793321 -01.19165366  136.10776824
111 -01.19162114  136.10793321 51
115 -01.19194170  136.10783330
120 Linear Feature 1
111 -01.19138813  136.10791808 51
116 -01.19162114  136.10793321 -01.19173961  136.10802847
120 Linear Feature 4
111 -01.19133677  136.10772411 51
112 -01.19148543  136.10756379 -01.19149452  136.10740886
111 -01.19148543  136.10756379 51
111 -01.19179759  136.10746436 51
115 -01.19185013  136.10744762
120 Linear Feature 4
111 -01.19099066  136.10672040 51
112 -01.19113932  136.10656009 -01.19114841  136.10640516
111 -01.19113932  136.10656009 51
111 -01.19142214  136.10647000 51
115 -01.19150402  136.10644392
120 Linear Feature 4
111 -01.19109054  136.10702941 51
112 -01.19123921  136.10686910 -01.19124829  136.10671417
111 -01.19123921  136.10686910 51
111 -01.19152203  136.10677901 51
115 -01.19160390  136.10675293
120 Linear Feature 4
111 -01.19121133  136.10736863 51
112 -01.19136000  136.10720831 -01.19136908  136.10705338
111 -01.19136000  136.10720831 51
111 -01.19168625  136.10710439 51
115 -01.19172469  136.10709214
120 Linear Feature 3
111 -01.19126708  136.10754753 51
116 -01.19148543  136.10756379 -01.19162481  136.10766602
120 Linear Feature 5
111 -01.19089835  136.10648961 51
116 -01.19093340  136.10631780 -01.19099612  136.10628992
120 Linear Feature 3
111 -01.19092097  136.10654382 51
116 -01.19113932  136.10656009 -01.19127870  136.10666232
120 Linear Feature 3
111 -01.19102086  136.10685284 51
116 -01.19123921  136.10686910 -01.19137858  136.10697133
120 Linear Feature 3
111 -01.19114165  136.10719205 51
116 -01.19136000  136.10720831 -01.19149937  136.10731054
120 taxiline2a
112 -01.18909448  136.10506382 -01.18909705  136.10506500 51
111 -01.18925924  136.10549445
112 -01.18925924  136.10549445 -01.18931991  136.10566159 51
111 -01.18945287  136.10573620 51
111 -01.18996465  136.10597868 51
111 -01.19060058  136.10626781
112 -01.19060058  136.10626781 -01.19073026  136.10632984 51
112 -01.19089835  136.10648961 -01.19093107  136.10655998
111 -01.19089835  136.10648961 51
111 -01.19107814  136.10701092 51
111 -01.19123295  136.10745980 51
111 -01.19138813  136.10791808 51
112 -01.19144501  136.10811212 -01.19145049  136.10817541
111 -01.19144501  136.10811212
112 -01.19144501  136.10811212 -01.19145257  136.10819935 51
112 -01.19137853  136.10834403 -01.19131972  136.10838662
111 -01.19137853  136.10834403
112 -01.19137853  136.10834403 -01.19127706  136.10841752 51
115 -01.19072394  136.10880590
120 taxiline2b
111 -01.19033589  136.10859625 51
112 -01.19072394  136.10880590 -01.19099998  136.10864906
111 -01.19072394  136.10880590
112 -01.19072394  136.10880590 -01.19046561  136.10900064 51
115 -01.19054481  136.10925318
120 taxiline3a
111 -01.19091722  136.10732473 51
115 -01.19028502  136.10754349
120 taxiline3b
111 -01.18989075  136.10729569 51
112 -01.19028502  136.10754349 -01.19057952  136.10746437
111 -01.19028502  136.10754349
112 -01.19028502  136.10754349 -01.19000626  136.10764502 51
115 -01.19012582  136.10799243
120 taxiline3c
111 -01.19107814  136.10701092 51
112 -01.19091722  136.10732473 -01.19067342  136.10741901
111 -01.19091722  136.10732473
112 -01.19091722  136.10732473 -01.19116353  136.10723926 51
115 -01.19123174  136.10745627
120 taxilineN1a
111 -01.18646818  136.09851015 51
111 -01.18476179  136.09698168
112 -01.18476179  136.09698168 -01.18458128  136.09683078 51
112 -01.18412500  136.09726733 -01.18399568  136.09754220
111 -01.18412500  136.09726733 51
111 -01.18381949  136.09787785 51
111 -01.18349408  136.09852812 51
115 -01.18339815  136.09871982
120 taxilineN1b
111 -01.18668562  136.09830730 51
112 -01.18646818  136.09851015 -01.18608866  136.09823265
111 -01.18646818  136.09851015
112 -01.18646818  136.09851015 -01.18687733  136.09887026 51
115 -01.18698501  136.09916244
120 taxilineN1c
112 -01.18412500  136.09726733 -01.18409285  136.09732919 51
112 -01.18409780  136.09745782 -01.18410789  136.09751360
111 -01.18409780  136.09745782 51
111 -01.18420275  136.09789564 51
112 -01.18425318  136.09815069 -01.18426197  136.09824444 51
111 -01.18425112  136.09831575 51
111 -01.18420269  136.09882622
112 -01.18420269  136.09882622 -01.18419219  136.09891484 51
112 -01.18408248  136.09893577 -01.18398755  136.09893487 51
115 -01.18390075  136.09893544
120 taxilineN1d
111 -01.18420275  136.09789564 51
112 -01.18415406  136.09806113 -01.18407686  136.09806108 51
115 -01.18393420  136.09806113
120 taxilineN1e
111 -01.18425112  136.09831575 51
112 -01.18415252  136.09847998 -01.18407172  136.09848000 51
115 -01.18390895  136.09848472
120 lineturnE
111 -01.19481014  136.12151287 51
112 -01.19486940  136.12168213 -01.19492866  136.12185140 51
112 -01.19477507  136.12246825 -01.19474750  136.12258039 51
112 -01.19495413  136.12287029 -01.19510484  136.12292544 51
112 -01.19528532  136.12274319 -01.19533679  136.12261635 51
112 -01.19519530  136.12239762 -01.19513649  136.12235167 51
112 -01.19505841  136.12222201 -01.19503484  136.12215469 51
115 -01.19503484  136.12215469
120 lineturnW
111 -01.18520390  136.09407516 51
112 -01.18516360  136.09396005 -01.18512330  136.09384494 51
112 -01.18532533  136.09321906 -01.18534113  136.09310589 51
112 -01.18511494  136.09286228 -01.18496578  136.09283168 51
112 -01.18479305  136.09301084 -01.18474451  136.09312369 51
112 -01.18485296  136.09329821 -01.18491022  136.09335686 51
112 -01.18496727  136.09339929 -01.18498131  136.09343938 51
115 -01.18498131  136.09343938
120 edgeline0
112 -01.18939794  136.10544787 -01.18943168  136.10552197 53 102
112 -01.18946252  136.10556502 -01.18949337  136.10560807
111 -01.18946252  136.10556502
112 -01.18946252  136.10556502 -01.18949169  136.10560872 53 102
112 -01.18958298  136.10566069 -01.18962229  136.10568231
111 -01.18958298  136.10566069 53 102
112 -01.18983033  136.10577890 -01.18986963  136.10580052
111 -01.18983033  136.10577890 53 102
112 -01.19008363  136.10589997 -01.19012294  136.10592159
111 -01.19008363  136.10589997 53 102
112 -01.19033007  136.10601775 -01.19036937  136.10603937
111 -01.19033007  136.10601775 53 102
111 -01.19041896  136.10606024
112 -01.19041896  136.10606024 -01.19045862  136.10607818 53
111 -01.19045531  136.10606663 53
111 -01.19039357  136.10593640 53
111 -01.19050144  136.10597770 53
111 -01.19049728  136.10590697 53
111 -01.19029539  136.10532699 53
111 -01.19092716  136.10510274 53
111 -01.19108435  136.10506136 53
111 -01.19113748  136.10519210 53
111 -01.19116240  136.10518740 53
111 -01.19174120  136.10684408 53
111 -01.19175625  136.10698044 53
111 -01.19182288  136.10717569 53
111 -01.19193048  136.10748054 53
111 -01.19201231  136.10772155 53
111 -01.19194967  136.10775717
112 -01.19194967  136.10775717 -01.19195889  136.10778405 53 102
112 -01.19196104  136.10784596 -01.19196015  136.10787736
111 -01.19196104  136.10784596
112 -01.19196104  136.10784596 -01.19195965  136.10789492 53 102
112 -01.19193673  136.10798919 -01.19192475  136.10803230
111 -01.19193673  136.10798919
112 -01.19193673  136.10798919 -01.19192683  136.10802484 53 102
112 -01.19186688  136.10811261 -01.19183409  136.10815483
111 -01.19186688  136.10811261
112 -01.19186688  136.10811261 -01.19183459  136.10815419 53 102
112 -01.19176463  136.10821496 -01.19173245  136.10823739
111 -01.19176463  136.10821496 53 102
112 -01.19153571  136.10837099 -01.19142040  136.10844967
111 -01.19153571  136.10837099
112 -01.19153571  136.10837099 -01.19143611  136.10843895 53 102
112 -01.19130519  136.10852885 -01.19127513  136.10854980
111 -01.19130519  136.10852885 53 102
111 -01.19116732  136.10862304 53 102
111 -01.19107926  136.10869448 53 102
111 -01.19097134  136.10878205
112 -01.19097134  136.10878205 -01.19093643  136.10880806 53 102
112 -01.19086922  136.10889235 -01.19083718  136.10893791
111 -01.19086922  136.10889235
112 -01.19086922  136.10889235 -01.19084264  136.10893015 53 102
112 -01.19079787  136.10901649 -01.19077753  136.10906032
111 -01.19079787  136.10901649
112 -01.19079787  136.10901649 -01.19077822  136.10905885 53 102
112 -01.19075209  136.10914430 -01.19074181  136.10918613
111 -01.19075209  136.10914430
112 -01.19075209  136.10914430 -01.19073892  136.10919788 53 102
116 -01.19074360  136.10928991 -01.19075815  136.10933799
120 edgeline1
112 -01.19045062  136.10845398 -01.19048253  136.10850504 53 102
112 -01.19055492  136.10856392 -01.19059169  136.10858745
111 -01.19055492  136.10856392
112 -01.19055492  136.10856392 -01.19060034  136.10859299 53 102
112 -01.19069142  136.10860420 -01.19073536  136.10860442
111 -01.19069142  136.10860420
112 -01.19069142  136.10860420 -01.19074336  136.10860445 53 102
112 -01.19082579  136.10857178 -01.19086073  136.10855391
111 -01.19082579  136.10857178 53 102
112 -01.19094645  136.10849198 -01.19106711  136.10841218
111 -01.19094645  136.10849198 53 102
111 -01.19104412  136.10842739 53 102
111 -01.19117810  136.10833728 53 102
111 -01.19127203  136.10827411
112 -01.19127203  136.10827411 -01.19130953  136.10823418 53 102
112 -01.19132293  136.10811074 -01.19131863  136.10804279
111 -01.19132293  136.10811074
112 -01.19132293  136.10811074 -01.19132025  136.10806829 53 102
112 -01.19128857  136.10796961 -01.19126817  136.10791822
111 -01.19128857  136.10796961 53 102
111 -01.19112387  136.10755367
112 -01.19112387  136.10755367 -01.19109575  136.10750022 53 102
112 -01.19100553  136.10746135 -01.19095889  136.10744997
111 -01.19100553  136.10746135
112 -01.19100553  136.10746135 -01.19095440  136.10744888 53 102
112 -01.19085746  136.10746916 -01.19081533  136.10748252
111 -01.19085746  136.10746916 53 102
111 -01.19068455  136.10752511 53 102
111 -01.19059460  136.10755913 53 102
111 -01.19050148  136.10759436
112 -01.19050148  136.10759436 -01.19044700  136.10761469 53 102
112 -01.19035717  136.10771627 -01.19031808  136.10777236
111 -01.19035717  136.10771627
112 -01.19035717  136.10771627 -01.19033020  136.10775495 53 102
112 -01.19029549  136.10784269 -01.19028220  136.10788669
111 -01.19029549  136.10784269
112 -01.19029549  136.10784269 -01.19028149  136.10788906 53 102
116 -01.19028361  136.10797712 -01.19029132  136.10803871
120 edgeline2
112 -01.19000230  136.10717299 -01.19002496  136.10722225 53 102
112 -01.19008330  136.10729105 -01.19011397  136.10732106
111 -01.19008330  136.10729105
112 -01.19008330  136.10729105 -01.19012131  136.10732824 53 102
112 -01.19020732  136.10736536 -01.19025072  136.10737878
111 -01.19020732  136.10736536
112 -01.19020732  136.10736536 -01.19026441  136.10738302 53 102
112 -01.19037401  136.10737223 -01.19042515  136.10736158
111 -01.19037401  136.10737223
112 -01.19037401  136.10737223 -01.19039407  136.10736805 53 102
112 -01.19043028  136.10735529 -01.19044756  136.10734832
111 -01.19043028  136.10735529 53 102
111 -01.19050785  136.10732814 53 102
111 -01.19060238  136.10729506 53 102
111 -01.19077806  136.10723322
112 -01.19077806  136.10723322 -01.19082166  136.10721758 53 102
112 -01.19088791  136.10714676 -01.19091584  136.10710834
111 -01.19088791  136.10714676
112 -01.19088791  136.10714676 -01.19092670  136.10709340 53 102
112 -01.19093062  136.10698039 -01.19091577  136.10693240
111 -01.19093062  136.10698039
112 -01.19093062  136.10698039 -01.19091070  136.10691601 53 102
111 -01.19078692  136.10653333
112 -01.19078692  136.10653333 -01.19076209  136.10649380 53 102
112 -01.19069912  136.10644561 -01.19066515  136.10642876
111 -01.19069912  136.10644561 53 102
111 -01.19068763  136.10644000 53 102
111 -01.19046965  136.10633378 53 102
111 -01.19031366  136.10625776 53 102
111 -01.19022501  136.10621723 53 102
111 -01.19009973  136.10615996
112 -01.19009973  136.10615996 -01.19005201  136.10614011 53 102
112 -01.18995440  136.10615567 -01.18990727  136.10617090
111 -01.18995440  136.10615567
112 -01.18995440  136.10615567 -01.18993128  136.10616006 53 102
112 -01.18983392  136.10623528 -01.18978891  136.10628333
111 -01.18983392  136.10623528
112 -01.18983392  136.10623528 -01.18981381  136.10625714 53 102
112 -01.18976514  136.10636224 -01.18974977  136.10642405
111 -01.18976514  136.10636224
112 -01.18976514  136.10636224 -01.18975568  136.10640026 53 102
116 -01.18976404  136.10649567 -01.18977729  136.10655270
120 edge_turnE
111 -01.19468768  136.12177405 20
111 -01.19453824  136.12229993 20
111 -01.19483435  136.12313689 20
115 -01.19512931  136.12303632
120 edge_turnW
111 -01.18492765  136.09267840 20
111 -01.18522879  136.09257460 20
111 -01.18552637  136.09340879 20
115 -01.18537475  136.09395278
120 holdA
111 -01.19041896  136.10606024 54
115 -01.19031366  136.10625776
120 holdC
111 -01.19104412  136.10842739 54
115 -01.19116732  136.10862304
120 holdB
111 -01.19060238  136.10729506 54
115 -01.19068455  136.10752511
120 holdN1
111 -01.18633673  136.09847625 54
115 -01.18641755  136.09838469
120 holdN2
111 -01.18913218  136.10632917 54
115 -01.18908404  136.10615050
120 plineA1w
111 -01.18950127  136.10541369 20
115 -01.18939794  136.10544787
120 plineA2w
111 -01.18955363  136.10549804 20
115 -01.18946252  136.10556502
120 plineA3w
111 -01.18963650  136.10555293 20
115 -01.18958298  136.10566069
120 plineA4w
111 -01.18988327  136.10567438 20
115 -01.18983033  136.10577890
120 plineA5w
111 -01.19013443  136.10578840 20
115 -01.19008363  136.10589997
120 plineA6w
111 -01.19038289  136.10591222 20
115 -01.19033007  136.10601775
120 plineA1e
111 -01.18976409  136.10649567 20
115 -01.18987862  136.10646468
120 plineA2e
111 -01.18976514  136.10636224 20
115 -01.18987162  136.10638217
120 plineA3e
111 -01.18983392  136.10623528 20
115 -01.18992337  136.10631270
120 plineA4e
111 -01.18995440  136.10615567 20
115 -01.19000213  136.10627289
120 plineA5e
111 -01.19009973  136.10615996 20
115 -01.19009629  136.10628699
120 plineA6e
111 -01.19022501  136.10621723 20
115 -01.19017794  136.10632082
120 plineA7e
111 -01.19046965  136.10633378 20
115 -01.19041863  136.10644245
120 plineA8e
111 -01.19068763  136.10644000 20
115 -01.19063321  136.10654699
120 plineA9e
111 -01.19078692  136.10653333 20
115 -01.19066979  136.10657939
120 plineB1w
111 -01.19011050  136.10713493 20
115 -01.19000230  136.10717299
120 plineB2w
111 -01.19016324  136.10721329 20
115 -01.19008330  136.10729105
120 plineB3w
111 -01.19025431  136.10726834 20
115 -01.19020732  136.10736536
120 plineB4w
111 -01.19035488  136.10726880 20
115 -01.19037401  136.10737223
120 plineB5w
111 -01.19047701  136.10722962 20
115 -01.19050785  136.10732814
120 plineB6w
111 -01.19074235  136.10714480 20
115 -01.19077806  136.10723322
120 plineB7w
111 -01.19079969  136.10709760 20
115 -01.19088791  136.10714676
120 plineB8w
111 -01.19081254  136.10701603 20
115 -01.19093062  136.10698039
120 plineB1e
111 -01.19028361  136.10797712 20
115 -01.19041233  136.10795053
120 plineB2e
111 -01.19029549  136.10784269 20
115 -01.19038826  136.10785582
120 plineB3e
111 -01.19035717  136.10771627 20
115 -01.19042706  136.10775752
120 plineB4e
111 -01.19050148  136.10759436 20
115 -01.19050736  136.10770040
120 plineB5e
111 -01.19059460  136.10755913 20
115 -01.19062632  136.10765555
120 plineB6e
111 -01.19085746  136.10746916 20
115 -01.19089262  136.10756791
120 plineB7e
111 -01.19100553  136.10746135 20
115 -01.19095135  136.10756069
120 plineB8e
111 -01.19112387  136.10755367 20
115 -01.19097485  136.10760197
120 plineC1w
111 -01.19057150  136.10841046 20
115 -01.19045062  136.10845398
120 plineC2w
111 -01.19061428  136.10847266 20
115 -01.19055492  136.10856392
120 plineC3w
111 -01.19069332  136.10849358 20
115 -01.19069142  136.10860420
120 plineC4w
111 -01.19076907  136.10846815 20
115 -01.19082579  136.10857178
120 plineC5w
111 -01.19088573  136.10839340 20
115 -01.19094645  136.10849198
120 plineC6w
111 -01.19097532  136.10833055 20
115 -01.19104412  136.10842739
120 plineC7w
111 -01.19111955  136.10824258 20
115 -01.19117810  136.10833728
120 plineC8w
111 -01.19116424  136.10820403 20
115 -01.19127203  136.10827411
120 plineC8w
111 -01.19116824  136.10815389 20
115 -01.19132293  136.10811074
120 plineC9w
111 -01.19112662  136.10802634 20
115 -01.19128857  136.10796961
120 plineC1e
111 -01.19085069  136.10926986 20
115 -01.19074360  136.10928991
120 plineC2e
111 -01.19084019  136.10916477 20
115 -01.19075209  136.10914430
120 plineC3e
111 -01.19088365  136.10904927 20
115 -01.19079787  136.10901649
120 plineC4e
111 -01.19094601  136.10894633 20
115 -01.19086922  136.10889235
120 plineC5e
111 -01.19103403  136.10886041 20
115 -01.19097134  136.10878205
120 plineC6e
111 -01.19114432  136.10877513 20
115 -01.19107926  136.10869448
120 plineC7e
111 -01.19123515  136.10873078 20
115 -01.19116732  136.10862304
120 plineC8e
111 -01.19136665  136.10862266 20
115 -01.19130519  136.10852885
120 plineC9e
111 -01.19160100  136.10846915 20
115 -01.19153571  136.10837099
120 plineC10e
111 -01.19183286  136.10831689 20
115 -01.19176463  136.10821496
120 plineC11e
111 -01.19195905  136.10818066 20
115 -01.19186688  136.10811261
120 plineC12e
111 -01.19204843  136.10801963 20
115 -01.19193673  136.10798919
120 plineC13e
111 -01.19208621  136.10784581 20
115 -01.19196104  136.10784596
120 Linear Feature 14
111 -01.18491594  136.10105265 1
112 -01.18511565  136.10110130 -01.18525153  136.10109774
111 -01.18511565  136.10110130
112 -01.18511565  136.10110130 -01.18550581  136.10111524 1
111 -01.18550581  136.10111524 1
111 -01.18589132  136.10109201 1
116 -01.18606968  136.10114506 -01.18620825  136.10121076
120 Linear Feature 13
111 -01.18448642  136.10036973 1
112 -01.18474271  136.10049730 -01.18492312  136.10050498 1
111 -01.18511889  136.10049730 1
111 -01.18546437  136.10050882 1
116 -01.18573827  136.10062635 -01.18588692  136.10075265
120 Linear Feature 12
111 -01.18410532  136.09976422 1
112 -01.18443487  136.09990035 -01.18467217  136.09990035 1
111 -01.18473847  136.09990035 1
111 -01.18512582  136.09988987 1
116 -01.18533735  136.09999459 -01.18550486  136.10010867
120 Linear Feature 11
111 -01.18349408  136.09852812 1
112 -01.18373803  136.09918344 -01.18402867  136.09961665
111 -01.18373803  136.09918344
112 -01.18373803  136.09918344 -01.18382027  136.09931288 1
112 -01.18410532  136.09976422 -01.18425530  136.10000198
111 -01.18410532  136.09976422
112 -01.18410532  136.09976422 -01.18422933  136.09996082 1
112 -01.18448642  136.10036973 -01.18460933  136.10056552
111 -01.18448642  136.10036973
112 -01.18448642  136.10036973 -01.18463295  136.10060258 1
112 -01.18491594  136.10105265 -01.18505057  136.10126683
111 -01.18491594  136.10105265
112 -01.18491594  136.10105265 -01.18521100  136.10152203 1
111 -01.18544023  136.10188707 1
112 -01.18611464  136.10182524 -01.18669216  136.10151702
111 -01.18611464  136.10182524
112 -01.18611464  136.10182524 -01.18640601  136.10156589 1
112 -01.18606968  136.10114506 -01.18603273  136.10109300
111 -01.18606968  136.10114506
112 -01.18606968  136.10114506 -01.18605647  136.10112645 1
112 -01.18573827  136.10062635 -01.18556170  136.10034846
111 -01.18573827  136.10062635
112 -01.18573827  136.10062635 -01.18561110  136.10042622 1
112 -01.18533735  136.09999459 -01.18520889  136.09979197
111 -01.18533735  136.09999459
112 -01.18533735  136.09999459 -01.18514517  136.09969148 1
111 -01.18499062  136.09944742 1
112 -01.18438063  136.09929397 -01.18389165  136.09926542
111 -01.18438063  136.09929397
112 -01.18438063  136.09929397 -01.18428096  136.09928815 1
112 -01.18396776  136.09928440 -01.18384309  136.09928916
111 -01.18396776  136.09928440
112 -01.18396776  136.09928440 -01.18379102  136.09928943 1
115 -01.18373803  136.09918344
120 Linear Feature 10
111 -01.18251579  136.09839136 1
112 -01.18269119  136.09854132 -01.18279675  136.09854132 1
111 -01.18297908  136.09853903 1
111 -01.18333733  136.09854127 1
116 -01.18349408  136.09852812 -01.18351585  136.09850344
120 Linear Feature 9
111 -01.18285388  136.09775603 1
112 -01.18297271  136.09789995 -01.18314385  136.09789995 1
111 -01.18328517  136.09789572 1
111 -01.18359124  136.09790565 1
116 -01.18381949  136.09787785 -01.18393806  136.09783458
120 Linear Feature 8
112 -01.18412500  136.09726733 -01.18411220  136.09729176 1
112 -01.18391577  136.09726448 -01.18381731  136.09726006
111 -01.18391577  136.09726448 1
111 -01.18359677  136.09726087 1
111 -01.18326050  136.09726404 1
112 -01.18311577  136.09731832 -01.18305667  136.09736954 1
111 -01.18298887  136.09750236 1
111 -01.18285388  136.09775603 1
111 -01.18251579  136.09839136 1
111 -01.18241663  136.09857770 1
112 -01.18229957  136.09896482 -01.18231353  136.09911491 1
112 -01.18254353  136.09927261 -01.18282270  136.09925674 1
112 -01.18306381  136.09903780 -01.18310822  136.09900290 1
115 -01.18339815  136.09871982
21 -01.18556469  136.09630943 2 109.3000 3.00 11  PAPI-4L
21 -01.19465014  136.11945415 2 289.3000 3.00 29  PAPI-4L
14 -01.19218109  136.10753040  88.58 0 ATC Tower
1300 -01.18559222  136.10111803   0.00 hangar jets|turboprops|props|fighters Mil 10
1301 B none 
1300 -01.18520530  136.10050009   0.00 hangar jets|turboprops|props|fighters Mil 09
1301 B none 
1300 -01.18482488  136.09990314   0.00 hangar jets|turboprops|props|fighters Mil 08
1301 B none 
1300 -01.18446704  136.09929676   0.00 hangar jets|turboprops|props|fighters Mil 07
1301 B none 
1300 -01.18398716  136.09893823  -0.99 tie_down jets|turboprops|props|fighters Mil 06
1301 B military 
1300 -01.18399536  136.09848751   2.01 tie_down jets|turboprops|props|fighters Mil 05
1301 B military 
1300 -01.18402061  136.09806392   1.17 tie_down jets|turboprops|props|fighters Mil 04
1301 B military 
1300 -01.18306549  136.09854182 180.91 hangar jets|turboprops|props|fighters Mil 03
1301 B none 
1300 -01.18337158  136.09789851 179.17 hangar jets|turboprops|props|fighters Mil 02
1301 B none 
1300 -01.18368318  136.09726366 181.55 hangar jets|turboprops|props|fighters Mil 01
1301 B none 
1300 -01.18680468  136.10736059 -32.01 tie_down props GA 01
1301 A general_aviation 
1300 -01.18688623  136.10717598 -31.43 tie_down props GA 02
1301 A general_aviation 
1300 -01.19194170  136.10783330 197.11 gate jets 1
1301 D airline 
1300 -01.19180000  136.10746110 198.03 gate jets|turboprops 2
1301 C airline 
1300 -01.19168060  136.10710560 198.10 gate jets|turboprops 3
1301 C airline 
1300 -01.19152220  136.10678060 197.60 gate jets|turboprops 4
1301 C airline 
1300 -01.19141670  136.10647500 -162.03 tie_down turboprops|props 5
1301 C general_aviation 
1300 -01.19117220  136.10593890 288.55 tie_down turboprops|props 6
1301 B general_aviation 
1300 -01.19094440  136.10601670 289.41 tie_down turboprops|props 7
1301 B general_aviation 
1300 -01.19085280  136.10575280 289.41 tie_down turboprops|props 8
1301 B general_aviation 
1300 -01.19107500  136.10567500 289.41 tie_down turboprops|props 9
1301 B general_aviation 
18 -01.19038789  136.10681662 1 BCN
19 -01.19550212  136.12204973 0 WS_E
19 -01.18445254  136.09344121 0 WS_W
50 12650 ATIS
54 11810 TWR
55 11930 BIAK APP
99
