I
1050 Generated by WorldEditor

1    896 0 0 KZZV Zanesville Municipal
1302 city Zanesville
1302 country United States
1302 faa_code ZZV
1302 iata_code ZZV
1302 icao_code KZZV
1302 state Ohio
1302 flatten 1
100 45.72 1 0 0.25 0 3 0 04  39.93905000 -081.89585300    0    0 2 0 0 1 22  39.95045300 -081.88592200    0    0 3 0 0 1
100 45.72 1 0 0.25 0 0 0 16  39.95022800 -081.89741900    0    0 1 0 0 0 34  39.93805800 -081.88918300    0    0 1 0 0 0
110 1 0.00 101.0000 New Taxiway 2
111  39.94308192 -081.89286987
112  39.94308192 -081.89286987  39.94295038 -081.89282723
111  39.94283519 -081.89287088
111  39.94244913 -081.89259577
112  39.94244913 -081.89259577  39.94247404 -081.89250643
111  39.94242189 -081.89243435
111  39.94281339 -081.89211152
112  39.94281339 -081.89211152  39.94290524 -081.89212777
111  39.94299397 -081.89210645
111  39.94347965 -081.89230441
112  39.94347965 -081.89230441  39.94342439 -081.89249019
113  39.94350144 -081.89257445
110 1 0.00 101.0000 New Taxiway 1
111  39.95001632 -081.89698945 102
112  39.95019067 -081.89681405  39.95019067 -081.89665053 102
111  39.95007899 -081.89648107 102
111  39.94605092 -081.89248153
112  39.94605092 -081.89248153  39.94598461 -081.89242208 102
111  39.94587169 -081.89253288 102
111  39.94534597 -081.89327704 102
111  39.94517863 -081.89351391
112  39.94517863 -081.89351391  39.94511544 -081.89360849 102
111  39.94521286 -081.89372830
111  39.94481035 -081.89404621
112  39.94481035 -081.89404621  39.94470247 -081.89402276 102
111  39.94458860 -081.89408306 102
111  39.94411977 -081.89431053 102
111  39.94042606 -081.89610263
112  39.94042606 -081.89610263  39.94012796 -081.89624574 102
112  39.93983116 -081.89638439  39.93975041 -081.89642042
111  39.93983116 -081.89638439
112  39.93983116 -081.89638439  39.93939812 -081.89657760 102
111  39.93916522 -081.89607181
111  39.93946876 -081.89580293 102
112  39.93946074 -081.89607904  39.93955916 -081.89621145 102
111  39.93975666 -081.89614787 102
111  39.94035289 -081.89585805 102
111  39.94407654 -081.89405029 102
111  39.94432052 -081.89393184
112  39.94432052 -081.89393184  39.94445237 -081.89387042 102
111  39.94437608 -081.89375986
111  39.94482249 -081.89346504 102
112  39.94497694 -081.89346750  39.94503157 -081.89345030 102
111  39.94510314 -081.89336677 102
111  39.94525325 -081.89315251 102
111  39.94580195 -081.89236929
112  39.94580195 -081.89236929  39.94586881 -081.89225382 102
111  39.94574287 -081.89212461 102
111  39.94516984 -081.89159432 102
111  39.94484669 -081.89129527
112  39.94484669 -081.89129527  39.94474931 -081.89119968 102
111  39.94464177 -081.89130252
111  39.94418310 -081.89107231
112  39.94418310 -081.89107231  39.94419440 -081.89098510 102
111  39.94415296 -081.89093719 102
111  39.94376697 -081.89078515 102
111  39.93878290 -081.88882197 102
112  39.93845799 -081.88888830  39.93837417 -081.88901605 102
111  39.93845234 -081.88913519
111  39.93844951 -081.88914870
111  39.93815343 -081.88894734 102
112  39.93822017 -081.88880491  39.93825202 -081.88874952 102
112  39.93848863 -081.88856951  39.93865548 -081.88850818 102
111  39.93882722 -081.88855787 102
111  39.94381999 -081.89053413 102
111  39.94439283 -081.89075847
112  39.94439283 -081.89075847  39.94446930 -081.89078300 102
111  39.94453448 -081.89075193
111  39.94502962 -081.89097102
112  39.94502962 -081.89097102  39.94491304 -081.89113289 102
111  39.94504090 -081.89126369 102
111  39.94525621 -081.89146120 102
111  39.94588577 -081.89203870
112  39.94588577 -081.89203870  39.94598354 -081.89213353 102
111  39.94607500 -081.89202883 102
112  39.94956553 -081.88788352  39.94965029 -081.88778971 102
111  39.94976502 -081.88769366 102
112  39.95041999 -081.88713860  39.95056982 -081.88700123
111  39.95041999 -081.88713860
112  39.95041999 -081.88713860  39.95047429 -081.88708882 102
112  39.95054982 -081.88693669  39.95058094 -081.88685590
111  39.95054982 -081.88693669
112  39.95054982 -081.88693669  39.95060458 -081.88679455 102
112  39.95057239 -081.88648860  39.95052653 -081.88635401
111  39.95057239 -081.88648860
112  39.95057239 -081.88648860  39.95050047 -081.88627752 102
111  39.95033352 -081.88634565
111  39.95056383 -081.88614127 102
112  39.95063831 -081.88628534  39.95068968 -081.88639255 102
112  39.95072907 -081.88683594  39.95069910 -081.88713637
111  39.95072907 -081.88683594
112  39.95072907 -081.88683594  39.95072278 -081.88689893 102
112  39.95068726 -081.88700864  39.95066703 -081.88706058
111  39.95068726 -081.88700864
112  39.95068726 -081.88700864  39.95061100 -081.88720442 102
111  39.95046441 -081.88731765 102
112  39.94987025 -081.88783272  39.94980757 -081.88788504 102
111  39.94970102 -081.88799950 102
111  39.94854650 -081.88937931
112  39.94854650 -081.88937931  39.94849955 -081.88943889 102
111  39.94853878 -081.88955216 102
111  39.94892325 -081.89013882
111  39.94933109 -081.88965363
111  39.94940727 -081.88975724
111  39.94937345 -081.88979718
112  39.94935150 -081.88976671  39.94933609 -081.88974660
111  39.94932280 -081.88975353
111  39.94924731 -081.88983328
112  39.94925209 -081.88985857  39.94926032 -081.88987276
111  39.94925209 -081.88985857
111  39.94928273 -081.88990431
111  39.94925342 -081.88993892
111  39.94922285 -081.88989569
112  39.94922285 -081.88989569  39.94921522 -081.88988755
111  39.94920212 -081.88989431
111  39.94912291 -081.88999416
111  39.94916091 -081.89004816
111  39.94912982 -081.89008486
111  39.94909314 -081.89003300
111  39.94895917 -081.89019527
112  39.94907134 -081.89035337  39.94909845 -081.89038805
111  39.94915906 -081.89029512
111  39.94913602 -081.89026164
111  39.94917625 -081.89021414
111  39.94920265 -081.89025143
111  39.94928558 -081.89015158
111  39.94926059 -081.89011455
111  39.94929883 -081.89006939
111  39.94932386 -081.89010650
111  39.94940466 -081.89000803
111  39.94938330 -081.88996965
111  39.94941805 -081.88992861
111  39.94951333 -081.89007834
111  39.94948159 -081.89011569
111  39.94945348 -081.89007414
112  39.94945348 -081.89007414  39.94944496 -081.89006426
111  39.94943547 -081.89006726
111  39.94936034 -081.89015151
112  39.94936429 -081.89018131  39.94937045 -081.89019243
111  39.94936429 -081.89018131
111  39.94939078 -081.89022255
111  39.94936077 -081.89025786
111  39.94933573 -081.89021971
112  39.94933573 -081.89021971  39.94932816 -081.89021106
111  39.94931509 -081.89021054
111  39.94923249 -081.89030224
111  39.94926876 -081.89036613
111  39.94923808 -081.89040224
111  39.94921403 -081.89036642
112  39.94921403 -081.89036642  39.94920504 -081.89035222
111  39.94918943 -081.89035726
111  39.94913583 -081.89042889
111  39.94913012 -081.89045124
112  39.94925226 -081.89063120  39.94926720 -081.89065355
111  39.94929575 -081.89063349
111  39.94940295 -081.89050798
112  39.94940867 -081.89048735  39.94940350 -081.89047836
111  39.94940867 -081.89048735
111  39.94937199 -081.89043564
111  39.94940128 -081.89040133
111  39.94943063 -081.89044379
112  39.94943063 -081.89044379  39.94943623 -081.89045166
111  39.94944689 -081.89044551
111  39.94952334 -081.89035725
112  39.94952723 -081.89033470  39.94952349 -081.89032668
111  39.94952723 -081.89033470
111  39.94949875 -081.89028712
111  39.94952534 -081.89025597
111  39.94955629 -081.89030338
112  39.94955629 -081.89030338  39.94956163 -081.89031105
111  39.94957386 -081.89030396
111  39.94964855 -081.89021742
112  39.94964767 -081.89019679  39.94964179 -081.89018702
111  39.94964767 -081.89019679
111  39.94961664 -081.89014899
111  39.94964376 -081.89011722
111  39.94967403 -081.89016011
112  39.94967403 -081.89016011  39.94968045 -081.89016813
111  39.94969205 -081.89016183
111  39.94974165 -081.89009624
111  39.94978476 -081.89009339
111  39.94978203 -081.89007382
111  39.94982268 -081.89003645
111  39.94985459 -081.89008236
111  39.94983277 -081.89011510
111  39.94988372 -081.89018265
111  39.94984309 -081.89023022
111  39.94979819 -081.89017485
112  39.94979819 -081.89017485  39.94978730 -081.89016806
111  39.94977199 -081.89017547
111  39.94970128 -081.89026491
111  39.94974929 -081.89034005
111  39.94970944 -081.89038672
111  39.94965893 -081.89031605
111  39.94956870 -081.89043216
111  39.94961331 -081.89049928
111  39.94957413 -081.89054516
111  39.94952788 -081.89048253
111  39.94943694 -081.89058696
111  39.94948021 -081.89065513
111  39.94944036 -081.89070179
111  39.94939683 -081.89063464
111  39.94933109 -081.89070582
111  39.94937964 -081.89077290
111  39.94934722 -081.89081085
111  39.94928526 -081.89072788
112  39.94927298 -081.89074033  39.94926262 -081.89075136
111  39.94926309 -081.89077387
112  39.94931981 -081.89095517  39.94937972 -081.89111825
111  39.94948756 -081.89098487
112  39.94948556 -081.89095778  39.94948035 -081.89094790
111  39.94948556 -081.89095778
111  39.94945830 -081.89091629
111  39.94949903 -081.89086788
111  39.94952470 -081.89090724
112  39.94952470 -081.89090724  39.94953133 -081.89091774
111  39.94955346 -081.89090672
111  39.94962376 -081.89082336
112  39.94962536 -081.89079418  39.94961967 -081.89077750
111  39.94962536 -081.89079418
111  39.94960292 -081.89074439
111  39.94963484 -081.89070645
111  39.94966010 -081.89074677
112  39.94966010 -081.89074677  39.94967005 -081.89076036
111  39.94968966 -081.89075042
111  39.94975876 -081.89067071
112  39.94976036 -081.89063059  39.94975325 -081.89062009
111  39.94976036 -081.89063059
111  39.94973509 -081.89058728
111  39.94977261 -081.89054269
111  39.94980229 -081.89059047
112  39.94980229 -081.89059047  39.94980798 -081.89059788
111  39.94982666 -081.89059464
111  39.94988417 -081.89052899
112  39.94988617 -081.89047012  39.94987764 -081.89045591
111  39.94988617 -081.89047012
111  39.94986230 -081.89043607
111  39.94990104 -081.89039002
112  39.94993410 -081.89043104  39.94995407 -081.89045501
111  39.94998083 -081.89042427
111  39.95001478 -081.89047637
112  39.94895104 -081.89170223  39.94884316 -081.89182843
111  39.94874727 -081.89169664
111  39.94861713 -081.89150567
111  39.94872636 -081.89138264
111  39.94887569 -081.89159501
111  39.94918194 -081.89122358
111  39.94910881 -081.89111611
111  39.94904442 -081.89102149
111  39.94912826 -081.89093945
111  39.94903323 -081.89073842
111  39.94878237 -081.89036988
111  39.94871474 -081.89045252
111  39.94857518 -081.89026267
111  39.94847988 -081.89037209
111  39.94844786 -081.89040886
111  39.94841416 -081.89044756
111  39.94833203 -081.89054187
111  39.94826867 -081.89045699
111  39.94782966 -081.89096994
111  39.94757981 -081.89126186
111  39.94754288 -081.89121195
111  39.94698992 -081.89187646
111  39.94699665 -081.89215295
111  39.94712285 -081.89214926
111  39.94712379 -081.89221683
111  39.94699940 -081.89222543
111  39.94700418 -081.89245023 102
111  39.94677721 -081.89246989
112  39.94677721 -081.89246989  39.94665149 -081.89247831 102
111  39.94665384 -081.89268118
112  39.94665384 -081.89268118  39.94666231 -081.89275857 102
111  39.94675947 -081.89284783 102
111  39.94728403 -081.89336828
112  39.94732554 -081.89334270  39.94734273 -081.89331280
111  39.94732554 -081.89334270
111  39.94743479 -081.89308042
111  39.94749472 -081.89312272
111  39.94739181 -081.89338314
112  39.94739181 -081.89338314  39.94737671 -081.89342391
111  39.94738373 -081.89346726 102
112  39.95016774 -081.89623707  39.95043012 -081.89650298
111  39.95016774 -081.89623707
112  39.95016774 -081.89623707  39.95057176 -081.89664653 102
113  39.95031924 -081.89718495
110 2 0.00 101.0000 New Taxiway 39
111  39.94836060 -081.89159461
111  39.94829553 -081.89149232
111  39.94840899 -081.89137480
113  39.94847072 -081.89147926
110 2 0.00 101.0000 New Taxiway 38
111  39.94756508 -081.89317220
111  39.94749472 -081.89312272
111  39.94743460 -081.89308043
111  39.94739490 -081.89305251
111  39.94747832 -081.89283052
113  39.94764850 -081.89295457
110 2 0.00 101.0000 New Taxiway 37
111  39.94903301 -081.89019918
111  39.94912982 -081.89008486
111  39.94916091 -081.89004816
111  39.94925342 -081.88993892
111  39.94928273 -081.88990431
111  39.94937345 -081.88979718
111  39.94940727 -081.88975724
111  39.94942599 -081.88973513
111  39.94949355 -081.88983945
111  39.94941805 -081.88992861
111  39.94938330 -081.88996965
111  39.94929883 -081.89006939
111  39.94926059 -081.89011455
111  39.94917625 -081.89021414
111  39.94913602 -081.89026164
113  39.94910058 -081.89030350
110 2 0.00 101.0000 New Taxiway 36
111  39.94920123 -081.89044559
111  39.94923808 -081.89040224
111  39.94926876 -081.89036613
111  39.94936077 -081.89025786
111  39.94939078 -081.89022255
111  39.94948159 -081.89011569
111  39.94951333 -081.89007834
111  39.94959559 -081.88998154
111  39.94966591 -081.89009126
111  39.94964376 -081.89011722
111  39.94961664 -081.89014899
111  39.94952534 -081.89025597
111  39.94949875 -081.89028712
111  39.94940128 -081.89040133
111  39.94937199 -081.89043564
113  39.94927294 -081.89055171
110 2 0.00 101.0000 New Taxiway 35
111  39.94942570 -081.89095504
111  39.94933561 -081.89082446
111  39.94934722 -081.89081085
111  39.94937964 -081.89077290
111  39.94944036 -081.89070179
111  39.94948021 -081.89065513
111  39.94957413 -081.89054516
111  39.94961331 -081.89049928
111  39.94970944 -081.89038672
111  39.94974929 -081.89034005
111  39.94984309 -081.89023022
111  39.94988372 -081.89018265
111  39.94990621 -081.89015632
111  39.94998963 -081.89028472
111  39.94990104 -081.89039002
111  39.94986230 -081.89043607
111  39.94977261 -081.89054269
111  39.94973509 -081.89058728
111  39.94963484 -081.89070645
111  39.94960292 -081.89074439
111  39.94949903 -081.89086788
113  39.94945830 -081.89091629
110 2 0.00 101.0000 New Taxiway 34
111  39.94887569 -081.89159501
111  39.94872636 -081.89138264
111  39.94904442 -081.89102149
111  39.94910881 -081.89111611
113  39.94918194 -081.89122358
110 2 0.00 101.0000 New Taxiway 33
111  39.94826867 -081.89045699
111  39.94833203 -081.89054187
111  39.94841416 -081.89044756
111  39.94844786 -081.89040886
111  39.94847988 -081.89037209
111  39.94857518 -081.89026267
111  39.94871474 -081.89045252
111  39.94881843 -081.89060011
111  39.94855122 -081.89091440
111  39.94836936 -081.89065760
111  39.94834768 -081.89068371
111  39.94838438 -081.89073812
111  39.94826592 -081.89087740
111  39.94817583 -081.89075988
111  39.94811243 -081.89084041
111  39.94821253 -081.89099057
111  39.94801566 -081.89123867
113  39.94782966 -081.89096994
110 2 0.00 101.0000 New Taxiway 32
111  39.94745827 -081.89169449
111  39.94734463 -081.89152177
111  39.94754292 -081.89128245
111  39.94764488 -081.89143904
111  39.94754901 -081.89155306
111  39.94755942 -081.89156862
111  39.94752154 -081.89161733
111  39.94753265 -081.89163334
111  39.94751053 -081.89166067
113  39.94749868 -081.89164337
130 Airport Boundary 1
111  39.93973629 -081.89406831
111  39.94068466 -081.89301747
111  39.94024132 -081.89241411
111  39.93970545 -081.89139846
111  39.93766608 -081.89006101
112  39.93795522 -081.88865320  39.93827519 -081.88806996
111  39.93908092 -081.88826605
111  39.94027216 -081.88859790
112  39.94293992 -081.88977451  39.94337555 -081.88995552
111  39.94379576 -081.88956332
111  39.94570406 -081.88792912
111  39.94596621 -081.88764248
112  39.94618210 -081.88778328  39.94637486 -081.88788888
111  39.94655605 -081.88774305
111  39.94762007 -081.88679266
111  39.94805185 -081.88653117
111  39.94866096 -081.88622442
112  39.94979052 -081.88517844  39.95001797 -081.88497226
112  39.95039192 -081.88506780  39.95068491 -081.88518346
111  39.95078900 -081.88502757
111  39.95160629 -081.88431849
111  39.95230022 -081.88599310
111  39.95143667 -081.88674240
112  39.95037650 -081.88802477  39.95009893 -081.88830638
111  39.95003725 -081.88880927
111  39.95003339 -081.89040841
111  39.94999484 -081.89215841
111  39.94901178 -081.89220870
111  39.94848748 -081.89326472
111  39.94826002 -081.89391342
111  39.95043433 -081.89611598
112  39.95066949 -081.89673451  39.95070033 -081.89715692
111  39.95055769 -081.89741339
111  39.95011435 -081.89845433
111  39.94665243 -081.89611098
111  39.94666399 -081.89576904
111  39.94458992 -081.89436108
112  39.94015650 -081.89657852  39.93992905 -081.89668913
111  39.93965148 -081.89671427
111  39.93956537 -081.89771264
111  39.93821529 -081.89832455
112  39.93675511 -081.89958889  39.93675032 -081.89959202
111  39.93637451 -081.89980743
111  39.93619258 -081.89955143
111  39.93650616 -081.89903320
111  39.93636493 -081.89869916
112  39.93601784 -081.89802171  39.93596278 -081.89789684
112  39.93613513 -081.89756592  39.93613274 -081.89721627
111  39.93637930 -081.89717880
111  39.93707827 -081.89673550
111  39.93735666 -081.89668585
111  39.93857278 -081.89559342
113  39.93844661 -081.89522775
120 Linear Feature 22
111  39.94411977 -081.89431053 4
115  39.94407654 -081.89405029
120 Linear Feature 21
111  39.94525325 -081.89315251 4
115  39.94534597 -081.89327704
120 Linear Feature 20
111  39.94035289 -081.89585805 4
115  39.94042606 -081.89610263
120 Linear Feature 18
111  39.94376697 -081.89078515 4
115  39.94381999 -081.89053413
120 Linear Feature 17
111  39.94525621 -081.89146120 4
115  39.94516984 -081.89159432
120 Linear Feature 16
111  39.95068726 -081.88700864 4
115  39.95054982 -081.88693669
120 Linear Feature 28
111  39.94928142 -081.89107431 1
112  39.94923812 -081.89129579  39.94916633 -081.89138200 1
111  39.94894639 -081.89163768 1
116  39.94886890 -081.89168822  39.94882788 -081.89169268
120 Linear Feature 27
111  39.94863415 -081.88991041 1
111  39.94880202 -081.89015729 1
111  39.94895106 -081.89037648 1
111  39.94915265 -081.89067296 1
116  39.94910881 -081.89111611  39.94892594 -081.89127203
120 Linear Feature 31
111  39.94880202 -081.89015729 1
112  39.94896282 -081.89014234  39.94903803 -081.89005241 1
115  39.94933511 -081.88968941
120 Linear Feature 30
111  39.94895106 -081.89037648 1
112  39.94914834 -081.89036471  39.94923358 -081.89026497 1
115  39.94944542 -081.89001480
120 Linear Feature 29
111  39.94915265 -081.89067296 1
112  39.94931560 -081.89065812  39.94940569 -081.89056018
111  39.94931560 -081.89065812 1
115  39.94974939 -081.89015321
120 Linear Feature 5
111  39.95051487 -081.88621336 1
111  39.95059996 -081.88637658 1
112  39.95066336 -081.88679663  39.95062999 -081.88702079 1
112  39.95047983 -081.88719491  39.95043311 -081.88723626 1
111  39.94980912 -081.88778035 1
112  39.94962893 -081.88795228  39.94956386 -081.88802845 1
111  39.94636091 -081.89182942 1
111  39.94612535 -081.89210622 1
111  39.94586250 -081.89241773 1
111  39.94582708 -081.89245971 1
111  39.94508777 -081.89350674 1
111  39.94501405 -081.89361114 1
112  39.94461029 -081.89393192  39.94433683 -081.89406118
111  39.94461029 -081.89393192 1
111  39.94452365 -081.89397396 1
111  39.93983491 -081.89624904 1
116  39.93924395 -081.89600728  39.93900353 -081.89556925
120 Linear Feature 4
111  39.95023863 -081.89711358 1
112  39.95011455 -081.89635347  39.94982282 -081.89606360 1
111  39.94641534 -081.89267430 1
111  39.94612629 -081.89238613 1
111  39.94587540 -081.89213600 1
111  39.94584011 -081.89210082 1
111  39.94578861 -081.89205344 1
111  39.94497920 -081.89130867 1
111  39.94488029 -081.89121911 1
111  39.94463550 -081.89099748 1
111  39.93878098 -081.88868648 1
116  39.93824041 -081.88901070  39.93802685 -081.88947854
120 Linear Feature 6
111  39.94641534 -081.89267430 1
116  39.94636091 -081.89182942  39.94662953 -081.89132671
120 Linear Feature 9
111  39.94612629 -081.89238613 1
116  39.94586250 -081.89241773  39.94571082 -081.89254853
120 Linear Feature 8
111  39.94582708 -081.89245971 1
116  39.94578861 -081.89205344  39.94560676 -081.89184828
120 Linear Feature 11
111  39.94488029 -081.89121911 1
112  39.94439918 -081.89122120  39.94416286 -081.89144492
111  39.94439918 -081.89122120 1
115  39.94395730 -081.89161222
120 Linear Feature 10
111  39.94488029 -081.89121911 1
112  39.94493363 -081.89075894  39.94513533 -081.89058354
111  39.94493363 -081.89075894 1
115  39.94539743 -081.89035612
120 Linear Feature 7
111  39.94612535 -081.89210622 1
116  39.94587540 -081.89213600  39.94573585 -081.89206082
120 Linear Feature 3
111  39.94854650 -081.88937931 9
111  39.94640271 -081.89191252 9
112  39.94640647 -081.89250114  39.94663837 -081.89274967
111  39.94640647 -081.89250114 9
115  39.94675947 -081.89284783
120 Linear Feature 15
111  39.94452365 -081.89397396 1
116  39.94522066 -081.89405416  39.94557365 -081.89429876
120 Linear Feature 14
111  39.94452365 -081.89397396 1
116  39.94435198 -081.89346604  39.94400037 -081.89323763
120 Linear Feature 13
111  39.94508777 -081.89350674 1
116  39.94531143 -081.89405831  39.94564418 -081.89429019
120 Linear Feature 12
111  39.94508777 -081.89350674 1
116  39.94453738 -081.89352952  39.94420519 -081.89331168
120 Linear Feature 24
111  39.94844786 -081.89040886 1
115  39.94834128 -081.89024486
120 Linear Feature 26
111  39.94841416 -081.89044756 1
115  39.94839256 -081.89041729
120 Linear Feature 25
111  39.94847988 -081.89037209 1
115  39.94845631 -081.89033535
120 Linear Feature 23
111  39.94804528 -081.89052838 1
111  39.94810871 -081.89053198 1
112  39.94800805 -081.89031075  39.94787982 -081.89027478
111  39.94800805 -081.89031075
112  39.94800805 -081.89031075  39.94786496 -081.89026463 1
112  39.94783845 -081.89059133  39.94790298 -081.89071745
111  39.94783845 -081.89059133
112  39.94783845 -081.89059133  39.94788246 -081.89066853 1
112  39.94798439 -081.89067587  39.94802576 -081.89065968
111  39.94798439 -081.89067587 1
115  39.94799123 -081.89058506
21  39.94834061 -081.88711085 2 213.7300 3.00 22  PAPI-4L
14  39.94749708 -081.89147130  82.02 0 New Tower Viewpoint 2
1300  39.94728819 -081.89130910 217.78 gate jets|turboprops|props FBO: Zanesville Aviation
1301 B general_aviation 
1300  39.94846616 -081.89043751 130.03 hangar jets|turboprops|props FBO Hangar
1301 B none 
1300  39.94947000 -081.89088265 -47.07 hangar props Hangar 01
1301 A none 
1300  39.94960926 -081.89071397 314.79 hangar props Hangar 02
1301 A none 
1300  39.94974038 -081.89054529 315.00 hangar props Hangar 03
1301 A none 
1300  39.94987421 -081.89039313 312.27 hangar props Hangar 04
1301 A none 
1300  39.94987463 -081.89021991 132.76 hangar props Hangar 05
1301 A none 
1300  39.94973961 -081.89038243 132.66 hangar props Hangar 06
1301 A none 
1300  39.94960507 -081.89053725 132.68 hangar props Hangar 07
1301 A none 
1300  39.94947444 -081.89069285 131.47 hangar props Hangar 08
1301 A none 
1300  39.94937652 -081.89080934 134.60 hangar props Hangar 09
1301 A none 
1300  39.94962192 -081.89011240 311.79 hangar props Hangar 10
1301 A none 
1300  39.94950075 -081.89025512 311.75 hangar props Hangar 11
1301 A none 
1300  39.94937284 -081.89039881 -48.03 hangar props Hangar 12
1301 A none 
1300  39.94950437 -081.89010886 131.47 hangar props Hangar 13
1301 A none 
1300  39.94938410 -081.89025159 133.90 hangar props Hangar 14
1301 A none 
1300  39.94926202 -081.89040611 132.12 hangar props Hangar 15
1301 A none 
1300  39.94914570 -081.89022145 312.41 hangar props Hangar 16
1301 A none 
1300  39.94926704 -081.89007658 312.77 hangar props Hangar 17
1301 A none 
1300  39.94939043 -081.88993310 311.41 hangar props Hangar 18
1301 A none 
1300  39.94940038 -081.88979038 131.67 hangar props Hangar 19
1301 A none 
1300  39.94928011 -081.88993546 131.26 hangar props Hangar 20
1301 A none 
1300  39.94915606 -081.89008109 132.07 hangar props Hangar 21
1301 A none 
18  39.94859475 -081.89170848 1 BCN
51 12300 Zanesville Unicom
55 12445 Zanesville Approach
99
