A
1000 Generated by Infinite Flight Airport Editing (World Parser)/AB

1      407 0 0 YWHG Wahring
100   29.87   3   0 0.00 0 0 0 06  -36.68342295  145.23196581    0.00    0.00 0  0 0 0 24  -36.67853788  145.23864248    0.00    0.00 0  0 0 0
14  -36.68056136  145.23365818   16 0 New Tower Viewpoint 3
15  -36.68027501  145.23428520 131.80 New Ramp Start 1
19  -36.68035183  145.23378881 0 New Windsock 2
51 12670 CTAF


130 Airport Boundary
111 -036.68342209  145.23196411
113 -036.67853928  145.23864746
99
