I
1050 Generated by WorldEditor 2.2.0r2

1     20 0 0 NGBR Beru
100 22.86 3 0 1.00 0 0 0 11 -01.35295644  176.00297772    0    0 0 0 0 0 29 -01.35609308  176.01096302    0    0 0 0 0 0
110 3 1.00 0.0000 New Taxiway 4
111 -01.35425783  176.00651868
112 -01.35425783  176.00651868 -01.35419238  176.00645715
111 -01.35408870  176.00645879
111 -01.35396545  176.00647225
111 -01.35382399  176.00614600
111 -01.35392860  176.00610746
112 -01.35392860  176.00610746 -01.35400168  176.00606601
113 -01.35405589  176.00601898
110 3 1.00 0.0000 New Taxiway 4
111 -01.35321557  176.00337752
111 -01.35300089  176.00296499
113 -01.35311441  176.00291962
130 Airport Boundary
111 -01.35581447  176.01139942
111 -01.35422926  176.00729623
111 -01.35367777  176.00729731
111 -01.35298590  176.00560673
111 -01.35344632  176.00526965
111 -01.35235130  176.00249332
111 -01.35315104  176.00218653
113 -01.35663033  176.01111202
14 -01.35367499  176.00636725  25.00 0 Tower
1300 -01.35394831  176.00621787 293.46 gate turboprops Commercial Ramp
1301 B airline 
99
