A
1050 Generated by WorldEditor 2.3.0r2

1    103 0 0 UWSG Sarartov Gagarin Intl
100 45.11 2 0 0.00 0 3 1 08  51.71316007  046.14949285    0    0 3 1 1 0 26  51.71215477  046.19291249    0    0 3 1 1 0
110 1 0.00 92.1300 New Taxiway 7
111  51.71743701  046.17082010
111  51.71751764  046.17082415
111  51.71754839  046.17082570
111  51.71757793  046.17082718
111  51.71764132  046.17083037
111  51.71764809  046.17021138
111  51.71759215  046.17020921
111  51.71756075  046.17020799
111  51.71752885  046.17020670
113  51.71745111  046.17020364
110 1 0.00 92.1300 New Taxiway 6
111  51.71747674  046.16908326
111  51.71745419  046.17010474
111  51.71753008  046.17010804
111  51.71756279  046.17010946
111  51.71759654  046.17011093
111  51.71765460  046.17011346
111  51.71767577  046.16908295
111  51.71761984  046.16908304
111  51.71758745  046.16908309
113  51.71755505  046.16908314
110 2 0.00 92.1400 New Taxiway 3
111  51.71274196  046.17500496
111  51.71277416  046.17500742
111  51.71280886  046.17501007
111  51.71281625  046.17468851
112  51.71281625  046.17468851  51.71293218  046.17427939
111  51.71321763  046.17427066
111  51.71367668  046.17429875
111  51.71495913  046.17437723
111  51.71565954  046.17442009
112  51.71565954  046.17442009  51.71598360  046.17451518
111  51.71603618  046.17496416
111  51.71604353  046.17498818
111  51.71662292  046.17502299
111  51.71728430  046.17506272
111  51.71733991  046.17506606
111  51.71743413  046.17096812
111  51.71730065  046.17096323
111  51.71730195  046.17081440
111  51.71743701  046.17082010
111  51.71745111  046.17020364
111  51.71732074  046.17019306
111  51.71732343  046.17010021
111  51.71745419  046.17010474
111  51.71747674  046.16908326
111  51.71734373  046.16907705
111  51.71734614  046.16893152
111  51.71748049  046.16893436
111  51.71756759  046.16509573
111  51.71756772  046.16509027
111  51.71627940  046.16501426
112  51.71627940  046.16501426  51.71621094  046.16557808
111  51.71587292  046.16561223
111  51.71529966  046.16558032
111  51.71485932  046.16556262
111  51.71388020  046.16550131
111  51.71342653  046.16547606
112  51.71342653  046.16547606  51.71325007  046.16545409
112  51.71303855  046.16501532  51.71297597  046.16475871
111  51.71303855  046.16501532
111  51.71304403  046.16475549
111  51.71303087  046.16474753
111  51.71304086  046.16472951
111  51.71304086  046.16470389
111  51.71304792  046.16470009
111  51.71304677  046.16468864
111  51.71299075  046.16468686
111  51.71295013  046.16653185
111  51.71296921  046.16653214
111  51.71300190  046.16653264
111  51.71301047  046.16622107
112  51.71301047  046.16622107  51.71306952  046.16603540
112  51.71339885  046.16580308  51.71360192  046.16578887
111  51.71339885  046.16580308
111  51.71387488  046.16583012
111  51.71482634  046.16588416
112  51.71482634  046.16588416  51.71504517  046.16590939
112  51.71523761  046.16635600  51.71529440  046.16660526
111  51.71523761  046.16635600
111  51.71523099  046.16661379
111  51.71526824  046.16661652
111  51.71511174  046.17335125
111  51.71507793  046.17335125
111  51.71507157  046.17360428
112  51.71507157  046.17360428  51.71502720  046.17376500
112  51.71489284  046.17392915  51.71482496  046.17399239
111  51.71489284  046.17392915
112  51.71489284  046.17392915  51.71477221  046.17403502
111  51.71463271  046.17403385
111  51.71368307  046.17397573
111  51.71324941  046.17394919
112  51.71324941  046.17394919  51.71304562  046.17392940
112  51.71284353  046.17348509  51.71278407  046.17323939
111  51.71284353  046.17348509
111  51.71284814  046.17316549
111  51.71281540  046.17316273
113  51.71278990  046.17316057
110 2 0.00 92.1300 New Taxiway 2
111  51.71234318  046.19292459
111  51.71258617  046.19293633
111  51.71261160  046.19180786
111  51.71241760  046.19121915
113  51.71238494  046.19121783
110 2 0.00 92.1300 New Taxiway 1
111  51.71330687  046.15121164
111  51.71334297  046.15121448
111  51.71355920  046.15065525
111  51.71358622  046.14951767
113  51.71334782  046.14950410
110 1 0.00 92.1400 New Taxiway 1
111  51.71765461  046.16502406
111  51.71757706  046.16501568
112  51.71757706  046.16501568  51.71757141  046.16504187
111  51.71754457  046.16506029
111  51.71626793  046.16497754
112  51.71626793  046.16497754  51.71618045  046.16549562
111  51.71586216  046.16550268
111  51.71559805  046.16549149
112  51.71559805  046.16549149  51.71554048  046.16547373
111  51.71552748  046.16536289
111  51.71548379  046.16536379
112  51.71548379  046.16536379  51.71547688  046.16546073
111  51.71542525  046.16547873
111  51.71342325  046.16536105
112  51.71342325  046.16536105  51.71308497  046.16527579
111  51.71307459  046.16475831
111  51.71338389  046.15139943
112  51.71338389  046.15139943  51.71338982  046.15132018
111  51.71341671  046.15124365
111  51.71361773  046.15072462
112  51.71361773  046.15072462  51.71362719  046.15069578
111  51.71362990  046.15066584
111  51.71365671  046.14940870
111  51.71338512  046.14940221
111  51.71336580  046.14937429
111  51.71337843  046.14878543
111  51.71297340  046.14876468
111  51.71295955  046.14943942
111  51.71292462  046.14944109
111  51.71292591  046.14945025
111  51.71294284  046.14945216
111  51.71294755  046.14947106
111  51.71288707  046.14947243
111  51.71188522  046.19290209
111  51.71195148  046.19290761
111  51.71193940  046.19361760
111  51.71234177  046.19364406
111  51.71235365  046.19304471
111  51.71265428  046.19305250
111  51.71268224  046.19178524
111  51.71248256  046.19119212
112  51.71248256  046.19119212  51.71246669  046.19113234
111  51.71246274  046.19106664
111  51.71280576  046.17653708
112  51.71280576  046.17653708  51.71283370  046.17638132
111  51.71292972  046.17635922
111  51.71292381  046.17621809
112  51.71292381  046.17621809  51.71283340  046.17619841
111  51.71282259  046.17603969
111  51.71284308  046.17490662
112  51.71284308  046.17490662  51.71289472  046.17438334
111  51.71324249  046.17437915
111  51.71512965  046.17450426
112  51.71512965  046.17450426  51.71520619  046.17452876
111  51.71522241  046.17469519
111  51.71531558  046.17469316
112  51.71531558  046.17469316  51.71532659  046.17457155
111  51.71542046  046.17451184
111  51.71567085  046.17452975
112  51.71567085  046.17452975  51.71594716  046.17462321
111  51.71602384  046.17501191
111  51.71734006  046.17508393
111  51.71735638  046.17513984
111  51.71744108  046.17513940
111  51.71745473  046.17403274
111  51.71749959  046.17198931
111  51.71750721  046.17173972
111  51.71750975  046.17160816
111  51.71752715  046.17158805
111  51.71752943  046.17142374
111  51.71781586  046.17109834
111  51.71818536  046.17112168
111  51.71819115  046.17087193
111  51.71821570  046.17087056
111  51.71821756  046.17071438
111  51.71774307  046.17069534
111  51.71774067  046.17098327
111  51.71764280  046.17098156
111  51.71764239  046.17096812
111  51.71743413  046.17096812
111  51.71733991  046.17506606
111  51.71728430  046.17506272
111  51.71662292  046.17502299
111  51.71604353  046.17498818
111  51.71603618  046.17496416
112  51.71565954  046.17442009  51.71533548  046.17432499
111  51.71565954  046.17442009
111  51.71495913  046.17437723
111  51.71367668  046.17429875
111  51.71321763  046.17427066
112  51.71281625  046.17468851  51.71270033  046.17509763
111  51.71281625  046.17468851
111  51.71280886  046.17501007
111  51.71277416  046.17500742
111  51.71274196  046.17500496
111  51.71278990  046.17316057
111  51.71281540  046.17316273
111  51.71284814  046.17316549
111  51.71284353  046.17348509
112  51.71284353  046.17348509  51.71290299  046.17373078
112  51.71324941  046.17394919  51.71345321  046.17396897
111  51.71324941  046.17394919
111  51.71368307  046.17397573
111  51.71463271  046.17403385
112  51.71489284  046.17392915  51.71501347  046.17382328
111  51.71489284  046.17392915
112  51.71489284  046.17392915  51.71496072  046.17386590
112  51.71507157  046.17360428  51.71511594  046.17344356
111  51.71507157  046.17360428
111  51.71507793  046.17335125
111  51.71511174  046.17335125
111  51.71526824  046.16661652
111  51.71523099  046.16661379
111  51.71523761  046.16635600
112  51.71523761  046.16635600  51.71518082  046.16610675
112  51.71482634  046.16588416  51.71460751  046.16585893
111  51.71482634  046.16588416
111  51.71387488  046.16583012
111  51.71339885  046.16580308
112  51.71339885  046.16580308  51.71319577  046.16581729
112  51.71301047  046.16622107  51.71295142  046.16640673
111  51.71301047  046.16622107
111  51.71300190  046.16653264
111  51.71296921  046.16653214
111  51.71295013  046.16653185
111  51.71299075  046.16468686
111  51.71304677  046.16468864
111  51.71304792  046.16470009
111  51.71304086  046.16470389
111  51.71304086  046.16472951
111  51.71303087  046.16474753
111  51.71304403  046.16475549
111  51.71303855  046.16501532
112  51.71303855  046.16501532  51.71310113  046.16527193
112  51.71342653  046.16547606  51.71360298  046.16549804
111  51.71342653  046.16547606
111  51.71388020  046.16550131
111  51.71485932  046.16556262
111  51.71529966  046.16558032
111  51.71587292  046.16561223
112  51.71627940  046.16501426  51.71634786  046.16445043
111  51.71627940  046.16501426
111  51.71756772  046.16509027
111  51.71756759  046.16509573
111  51.71748049  046.16893436
111  51.71755134  046.16893762
111  51.71758962  046.16893928
111  51.71762448  046.16894099
111  51.71767685  046.16894340
111  51.71767725  046.16893422
111  51.71777986  046.16893747
111  51.71777822  046.16927988
111  51.71823040  046.16929584
111  51.71823313  046.16911031
112  51.71823313  046.16911031  51.71819222  046.16910348
111  51.71819227  046.16904677
111  51.71819883  046.16879036
111  51.71814471  046.16878717
112  51.71814471  046.16878717  51.71813907  046.16884297
111  51.71810724  046.16886093
111  51.71797116  046.16885737
111  51.71797661  046.16850919
111  51.71778028  046.16849594
111  51.71778060  046.16836866
111  51.71781116  046.16831779
111  51.71781170  046.16822577
111  51.71763369  046.16821453
112  51.71763369  046.16821453  51.71759207  046.16820769
111  51.71758907  046.16813924
113  51.71765434  046.16529335
111  51.71288055  046.17319033
111  51.71303776  046.16645114
112  51.71303776  046.16645114  51.71309058  046.16591992
111  51.71342311  046.16591217
111  51.71483313  046.16599421
112  51.71483313  046.16599421  51.71520088  046.16607127
111  51.71519597  046.16660807
111  51.71507029  046.17195318
111  51.71504715  046.17195409
111  51.71504574  046.17199121
111  51.71506977  046.17199767
111  51.71506844  046.17207069
111  51.71503588  046.17206981
111  51.71503265  046.17217897
111  51.71506670  046.17218170
111  51.71506623  046.17221146
112  51.71506623  046.17221146  51.71506174  046.17224790
111  51.71502560  046.17225045
111  51.71482063  046.17224311
111  51.71481332  046.17266572
111  51.71502077  046.17268450
112  51.71502077  046.17268450  51.71504515  046.17269762
111  51.71505387  046.17273652
111  51.71503912  046.17333785
112  51.71503912  046.17333785  51.71498731  046.17394941
111  51.71463877  046.17392019
111  51.71328461  046.17384025
114  51.71328461  046.17384025  51.71285979  046.17378925
130 Airport Boundary 4
111  51.71382596  046.13899228
111  51.71321296  046.13931866
111  51.71269898  046.13996799
111  51.71218920  046.14029096
111  51.71159711  046.14306761
111  51.71102203  046.14493738
111  51.71080928  046.15468722
111  51.71095041  046.15546572
111  51.71100729  046.15619322
111  51.71096516  046.15817855
111  51.71058388  046.15816495
111  51.71056703  046.15891964
111  51.71094409  046.15892984
111  51.71072080  046.16921000
111  51.71052700  046.16919640
111  51.71050383  046.16997489
111  51.71069342  046.17000209
111  51.71059652  046.17411210
111  51.70933683  046.17403957
111  51.70929856  046.17589567
111  51.71053929  046.17596140
111  51.71040061  046.18147877
111  51.71017943  046.18335867
111  51.70998563  046.19239449
111  51.71049962  046.19470955
111  51.71050594  046.19531126
111  51.71057756  046.19580759
111  51.71059652  046.19810226
111  51.71147282  046.19989043
111  51.71264404  046.19994478
111  51.71356037  046.19829932
111  51.71403433  046.19415163
111  51.71487272  046.19276451
111  51.71575113  046.18791632
111  51.71584171  046.18361545
111  51.71769333  046.18372083
111  51.71779865  046.17986518
111  51.71741316  046.17985498
111  51.71745108  046.17846776
111  51.71834002  046.17852895
111  51.71870824  046.16791254
111  51.71828357  046.16703532
111  51.71830885  046.16599489
111  51.71787760  046.16597001
111  51.71798741  046.16080633
111  51.71788124  046.16079817
111  51.71790400  046.15984752
111  51.71579581  046.15970476
111  51.71600056  046.15084322
111  51.71525738  046.14670218
113  51.71503494  046.14299772
120 Linear Feature 32
111  51.71367668  046.17429875 4 103
111  51.71367992  046.17413501 4 103
115  51.71368307  046.17397573
120 Linear Feature 31
111  51.71387488  046.16583012 4 103
111  51.71387760  046.16566235 4 103
115  51.71388020  046.16550131
120 Linear Feature 38
111  51.71529966  046.16558032 3 102
111  51.71485932  046.16556262 3 102
111  51.71388020  046.16550131 3 102
111  51.71342653  046.16547606
112  51.71342653  046.16547606  51.71325007  046.16545409 3 102
112  51.71303855  046.16501532  51.71297597  046.16475871
111  51.71303855  046.16501532
112  51.71303855  046.16501532  51.71302142  046.16494508 3 102
112  51.71300778  046.16478963  51.71300480  046.16471000
111  51.71300778  046.16478963 3 102
115  51.71300640  046.16471574
120 Linear Feature 37
111  51.71296921  046.16653214 3 102
111  51.71297094  046.16641972
112  51.71297094  046.16641972  51.71297283  046.16637071 3 102
112  51.71301047  046.16622107  51.71303517  046.16614340
111  51.71301047  046.16622107
112  51.71301047  046.16622107  51.71306952  046.16603540 3 102
112  51.71339885  046.16580308  51.71360192  046.16578887
111  51.71339885  046.16580308 3 102
111  51.71387488  046.16583012 3 102
111  51.71482634  046.16588416
112  51.71482634  046.16588416  51.71504517  046.16590939 3 102
112  51.71523761  046.16635600  51.71529440  046.16660526
111  51.71523761  046.16635600
112  51.71523761  046.16635600  51.71525643  046.16643860 3 102
116  51.71526824  046.16661652  51.71526990  046.16670614
120 Linear Feature 36
112  51.71489284  046.17392915  51.71477221  046.17403502 3 102
111  51.71463271  046.17403385 3 102
111  51.71368307  046.17397573 3 102
111  51.71324941  046.17394919
112  51.71324941  046.17394919  51.71304562  046.17392940 3 102
112  51.71284353  046.17348509  51.71278407  046.17323939
111  51.71284353  046.17348509
112  51.71284353  046.17348509  51.71282547  046.17341044 3 102
112  51.71281298  046.17325181  51.71281089  046.17317217
111  51.71281298  046.17325181 3 102
115  51.71281540  046.17316273
120 Linear Feature 35
111  51.71277416  046.17500742 3 102
111  51.71277576  046.17491434
112  51.71277576  046.17491434  51.71277893  046.17484938 3 102
112  51.71281625  046.17468851  51.71283460  046.17462378
111  51.71281625  046.17468851
112  51.71281625  046.17468851  51.71293218  046.17427939 3 102
111  51.71321763  046.17427066 3 102
111  51.71367668  046.17429875 3 102
115  51.71495913  046.17437723
120 Linear Feature 34
111  51.71258617  046.19293633 3 102
111  51.71261160  046.19180786 3 102
115  51.71241760  046.19121915
120 Linear Feature 33
111  51.71334297  046.15121448 3 102
111  51.71355920  046.15065525 3 102
115  51.71358622  046.14951767
120 Linear Feature 34
112  51.71661299  046.17423339  51.71665165  046.17427333 20
112  51.71660826  046.17439994  51.71656750  046.17443402 20
112  51.71652138  046.17430996  51.71652240  046.17423536
111  51.71652138  046.17430996
114  51.71652138  046.17430996  51.71652384  046.17423594 20
120 Linear Feature 34
112  51.71663817  046.17315240  51.71667684  046.17319235 20
112  51.71663345  046.17331895  51.71659268  046.17335303 20
112  51.71654645  046.17322908  51.71654764  046.17315481
111  51.71654645  046.17322908
114  51.71654645  046.17322908  51.71654885  046.17315481 20
120 Linear Feature 32
111  51.71668445  046.17413772 22
111  51.71647136  046.17412517 22
111  51.71646229  046.17449316 22
115  51.71667344  046.17450466
120 Linear Feature 32
111  51.71671326  046.17305497 22
111  51.71649563  046.17304347 22
111  51.71648656  046.17341146 22
115  51.71670194  046.17342532
120 Linear Feature 30
111  51.71762305  046.16605281 20
115  51.71763782  046.16539419
120 Linear Feature 29
111  51.71755724  046.16751435 22
111  51.71754040  046.16822629
112  51.71754040  046.16822629  51.71754104  046.16836324 22
112  51.71759869  046.16853679  51.71760193  046.16867478
111  51.71759869  046.16853679 22
111  51.71759667  046.16862641 22
115  51.71758962  046.16893928
120 Linear Feature 28
111  51.71762448  046.16894099 22
111  51.71762939  046.16858809 20
111  51.71762934  046.16853756
112  51.71762934  046.16853756  51.71762125  046.16836767 20
112  51.71757213  046.16825093  51.71756943  046.16817078
111  51.71757213  046.16825093 20
115  51.71758940  046.16742939
120 Linear Feature 27
111  51.71555688  046.17291397
112  51.71555688  046.17291397  51.71545195  046.17292338 20
111  51.71544548  046.17307287 20
111  51.71544381  046.17314532 20
111  51.71543387  046.17357559 20
111  51.71543317  046.17360602
112  51.71543317  046.17360602  51.71543375  046.17361371 20
112  51.71543593  046.17362720  51.71543716  046.17363364
111  51.71543593  046.17362720
112  51.71543593  046.17362720  51.71544729  046.17368656 20
111  51.71548304  046.17369488 20
111  51.71548755  046.17369509 20
111  51.71579450  046.17371154 20
111  51.71584341  046.17371416
112  51.71584341  046.17371416  51.71592383  046.17370719 20
111  51.71593978  046.17355584 20
111  51.71594565  046.17326164 20
111  51.71594873  046.17310719
112  51.71594873  046.17310719  51.71594442  046.17294254 20
113  51.71585288  046.17292965 20
120 Linear Feature 26
112  51.71546584  046.17221650  51.71550093  046.17210934 20
111  51.71554739  046.17210127 20
111  51.71566459  046.17210767 20
111  51.71588914  046.17211993 20
111  51.71589822  046.17212043
112  51.71589822  046.17212043  51.71593044  046.17212405 20
112  51.71595820  046.17218327  51.71596802  046.17221189
111  51.71595820  046.17218327
112  51.71595820  046.17218327  51.71596121  046.17219203 20
112  51.71596511  046.17220815  51.71596676  046.17221570
111  51.71596511  046.17220815
112  51.71596511  046.17220815  51.71596846  046.17222346 20
115  51.71596941  046.17223458
120 Linear Feature 25
112  51.71547593  046.17176787  51.71548780  046.17188809 20
111  51.71556481  046.17191351 20
111  51.71558947  046.17191514 20
111  51.71581612  046.17193009 20
111  51.71586621  046.17193339
112  51.71586621  046.17193339  51.71593836  046.17193535 20
116  51.71597940  046.17182969  51.71599095  046.17178786
120 Linear Feature 24
112  51.71549644  046.17083906  51.71551695  046.17072929 20
111  51.71558977  046.17071080 20
111  51.71561597  046.17071221 20
111  51.71584015  046.17072430 20
111  51.71590631  046.17072787
112  51.71590631  046.17072787  51.71599267  046.17074007 20
115  51.71600833  046.17088555
120 Linear Feature 23
112  51.71550734  046.17037399  51.71552408  046.17051686 20
111  51.71560558  046.17052717 20
111  51.71562356  046.17052827 20
111  51.71584691  046.17054202 20
111  51.71590298  046.17054546
112  51.71590298  046.17054546  51.71600283  046.17055069 20
115  51.71601890  046.17041043
120 Linear Feature 22
112  51.71552784  046.16946451  51.71554493  046.16933456 20
111  51.71562866  046.16932230 20
111  51.71565148  046.16932364 20
111  51.71587388  046.16933667 20
111  51.71595071  046.16934117
112  51.71595071  046.16934117  51.71602672  046.16936150 20
115  51.71604067  046.16948927
120 Linear Feature 21
112  51.71553555  046.16910697  51.71554473  046.16924723 20
111  51.71562738  046.16927092 20
111  51.71595835  046.16928846
112  51.71595835  046.16928846  51.71600759  046.16927749 20
112  51.71604139  046.16918241  51.71605192  046.16914257
111  51.71604139  046.16918241
112  51.71604139  046.16918241  51.71604343  046.16917471 20
112  51.71604616  046.16916148  51.71604734  046.16915537
111  51.71604616  046.16916148
112  51.71604616  046.16916148  51.71604863  046.16914865 20
115  51.71604943  046.16914024
120 Linear Feature 20
111  51.71606256  046.16855228
112  51.71606256  046.16855228  51.71605402  046.16843250 20
111  51.71597507  046.16839674 20
111  51.71563775  046.16838043
112  51.71563775  046.16838043  51.71562180  046.16838425 20
112  51.71559787  046.16840414  51.71558707  046.16841546
111  51.71559787  046.16840414
112  51.71559787  046.16840414  51.71557875  046.16842418 20
112  51.71555966  046.16847910  51.71555239  046.16850534
111  51.71555966  046.16847910
112  51.71555966  046.16847910  51.71554996  046.16851410 20
111  51.71554837  046.16854476 20
111  51.71553555  046.16910697 22
111  51.71553160  046.16928999 22
111  51.71552784  046.16946451 20
111  51.71551829  046.16988317 22
111  51.71551747  046.16991929 22
111  51.71551665  046.16995580 20
111  51.71550734  046.17037399 22
111  51.71550169  046.17061523 22
111  51.71549644  046.17083906 20
111  51.71548957  046.17116090 22
111  51.71548627  046.17130789 22
111  51.71548541  046.17134603 20
111  51.71547593  046.17176787 22
111  51.71547066  046.17200222 22
111  51.71546584  046.17221650 20
111  51.71546404  046.17229684 20
111  51.71545711  046.17260529 20
111  51.71545670  046.17262336
112  51.71545670  046.17262336  51.71545718  046.17263405 20
112  51.71545919  046.17265353  51.71546035  046.17266296
111  51.71545919  046.17265353
112  51.71545919  046.17265353  51.71547649  046.17279394 20
111  51.71556396  046.17279898 20
111  51.71587189  046.17281179
112  51.71587189  046.17281179  51.71594685  046.17278910 20
111  51.71595879  046.17266225 20
111  51.71596195  046.17253481 20
111  51.71596707  046.17232876 20
111  51.71596941  046.17223458 22
111  51.71597445  046.17203011 22
111  51.71597940  046.17182969
112  51.71597940  046.17182969  51.71598498  046.17180946 20
111  51.71598638  046.17179438 20
111  51.71598988  046.17164952 20
111  51.71599742  046.17133699 20
111  51.71600496  046.17102509 20
111  51.71600833  046.17088555 22
111  51.71601372  046.17064306 22
111  51.71601890  046.17041043 20
111  51.71602243  046.17026089 20
111  51.71602990  046.16994476 20
111  51.71603722  046.16963532 20
111  51.71604067  046.16948927 22
111  51.71604492  046.16932001 22
111  51.71604943  046.16914024 20
111  51.71605095  046.16907199 20
113  51.71605790  046.16876092 20
120 Linear Feature 19
111  51.71555815  046.17196710
112  51.71555815  046.17196710  51.71552900  046.17196885 20
112  51.71555923  046.17205073  51.71559269  046.17205683
111  51.71555923  046.17205073 20
111  51.71585072  046.17206411
112  51.71585072  046.17206411  51.71588310  046.17206150 20
112  51.71585125  046.17198397  51.71582265  046.17197961
113  51.71585125  046.17198397 20
120 Linear Feature 19
111  51.71559104  046.17057814
112  51.71559104  046.17057814  51.71556190  046.17057988 20
112  51.71559212  046.17066177  51.71562559  046.17066787
111  51.71559212  046.17066177 20
111  51.71588361  046.17067515
112  51.71588361  046.17067515  51.71591600  046.17067254 20
112  51.71588415  046.17059500  51.71585554  046.17059065
113  51.71588415  046.17059500 20
120 Linear Feature 19
111  51.71566546  046.16729994
112  51.71566546  046.16729994  51.71563631  046.16730169 20
112  51.71566384  046.16738183  51.71569730  046.16738793
111  51.71566384  046.16738183 20
111  51.71600766  046.16740100
112  51.71600766  046.16740100  51.71604004  046.16739838 20
112  51.71600820  046.16732085  51.71597959  046.16731649
113  51.71600820  046.16732085 20
120 Linear Feature 18
112  51.71608509  046.16759303  51.71606371  046.16746968 20
111  51.71599476  046.16745150 20
111  51.71566045  046.16743331
112  51.71566045  046.16743331  51.71564358  046.16743748 20
112  51.71561831  046.16745940  51.71560692  046.16747169
111  51.71561831  046.16745940
112  51.71561831  046.16745940  51.71559877  046.16748049 20
112  51.71557948  046.16753213  51.71557235  046.16755483
111  51.71557948  046.16753213
112  51.71557948  046.16753213  51.71557305  046.16755259 20
115  51.71557070  046.16756798
120 Linear Feature 17
112  51.71558160  046.16709123  51.71559714  046.16722609 20
111  51.71566726  046.16724647 20
111  51.71600470  046.16726946
112  51.71600470  046.16726946  51.71607530  046.16724960 20
115  51.71609559  046.16714021
120 Linear Feature 16
111  51.71610988  046.16652473
112  51.71610988  046.16652473  51.71610394  046.16636008 20
111  51.71601542  046.16635050 20
111  51.71592500  046.16634470 20
111  51.71575268  046.16633365 20
111  51.71568942  046.16632959
112  51.71568942  046.16632959  51.71568109  046.16633219 20
112  51.71566657  046.16633991  51.71565964  046.16634414
111  51.71566657  046.16633991
112  51.71566657  046.16633991  51.71564948  046.16635034 20
112  51.71562656  046.16638177  51.71561666  046.16639836
111  51.71562656  046.16638177
112  51.71562656  046.16638177  51.71559470  046.16643512 20
111  51.71559496  046.16650644 20
111  51.71558160  046.16709123 22
111  51.71557600  046.16733608 22
111  51.71557070  046.16756798 20
111  51.71555841  046.16810595
112  51.71555841  046.16810595  51.71556327  046.16827147 20
111  51.71567283  046.16828019 20
111  51.71598427  046.16829029
112  51.71598427  046.16829029  51.71601673  046.16828791 20
112  51.71605124  046.16822191  51.71606469  046.16818776
111  51.71605124  046.16822191
112  51.71605124  046.16822191  51.71605260  046.16821845 20
112  51.71605509  046.16821149  51.71605630  046.16820802
111  51.71605509  046.16821149
112  51.71605509  046.16821149  51.71606814  046.16817398 20
111  51.71607246  046.16813714 20
111  51.71607985  046.16781876 20
111  51.71608509  046.16759303 22
111  51.71609033  046.16736677 22
111  51.71609559  046.16714021 20
111  51.71609657  046.16709827 20
111  51.71609940  046.16697601 20
113  51.71610676  046.16665879 20
120 Linear Feature 15
111  51.71670783  046.16653788
112  51.71670783  046.16653788  51.71669865  046.16639674 20
111  51.71660989  046.16638433 20
111  51.71626063  046.16636326
112  51.71626063  046.16636326  51.71617751  046.16638853 20
111  51.71617212  046.16652791 20
111  51.71615852  046.16711705 20
111  51.71615652  046.16720359 20
111  51.71613230  046.16825281 20
111  51.71612982  046.16835996 20
111  51.71611056  046.16919439 20
111  51.71610814  046.16929920 20
111  51.71610031  046.16963853 20
111  51.71608582  046.17026602 20
111  51.71606824  046.17102769 20
111  51.71605380  046.17165308 20
111  51.71604344  046.17210193 20
111  51.71604063  046.17222357 20
111  51.71603054  046.17266069
112  51.71603054  046.17266069  51.71603485  046.17281925 20
111  51.71612769  046.17283130 20
111  51.71648194  046.17284887
112  51.71648194  046.17284887  51.71656381  046.17282491 20
111  51.71657149  046.17267575 20
111  51.71658147  046.17222654 20
111  51.71659571  046.17158540 20
111  51.71660078  046.17135696 20
111  51.71660967  046.17095668 20
111  51.71662368  046.17032604 20
111  51.71663754  046.16970215 20
111  51.71664275  046.16946741 20
111  51.71665156  046.16907072 20
111  51.71666851  046.16830793 20
111  51.71668619  046.16751197 20
113  51.71670233  046.16678547 20
120 Linear Feature 14
111  51.71761984  046.16908304 20
111  51.71761189  046.16943389 22
111  51.71760234  046.16985522 20
115  51.71759654  046.17011093
120 Linear Feature 13
111  51.71756279  046.17010946 22
115  51.71758745  046.16908309
120 Linear Feature 12
111  51.71739419  046.17465801 22
115  51.71747387  046.17137320
120 Linear Feature 11
112  51.71757465  046.17096812  51.71757854  046.17111448 22
115  51.71752154  046.17120673
120 Linear Feature 10
111  51.71759215  046.17020921 20
111  51.71758915  046.17033926 22
111  51.71758684  046.17043961 20
111  51.71758184  046.17065708 22
115  51.71757793  046.17082718
120 Linear Feature 9
111  51.71754839  046.17082570 22
115  51.71756075  046.17020799
120 Linear Feature 8
111  51.71752885  046.17020670 22
115  51.71751764  046.17082415
120 Linear Feature 7
111  51.71755505  046.16908314 22
115  51.71753008  046.17010804
120 Linear Feature 6
112  51.71755134  046.16893762  51.71753353  046.16884441 20
111  51.71745843  046.16882629 20
111  51.71705525  046.16880407 20
111  51.71682335  046.16879129 20
111  51.71681400  046.16879078
112  51.71681400  046.16879078  51.71673628  046.16880472 20
111  51.71672000  046.16892403 20
111  51.71671295  046.16922364 20
111  51.71669614  046.16993761 22
111  51.71669430  046.17001546 22
111  51.71669244  046.17009442 20
111  51.71668939  046.17022432 20
111  51.71668417  046.17044608 20
111  51.71668098  046.17058126 22
111  51.71667947  046.17064549 22
111  51.71667750  046.17072936 20
111  51.71666865  046.17110502 20
111  51.71665172  046.17182426 22
111  51.71664988  046.17190212 22
111  51.71664785  046.17198841 20
111  51.71664499  046.17211008 20
111  51.71663927  046.17235273 20
111  51.71663616  046.17248496 22
111  51.71663437  046.17256091 22
111  51.71663244  046.17264282 20
111  51.71662967  046.17276065 20
111  51.71662038  046.17315508 20
111  51.71661747  046.17327898 22
111  51.71661565  046.17335620 22
111  51.71661437  046.17341027 20
111  51.71661089  046.17355845 20
111  51.71660152  046.17395632 20
111  51.71659848  046.17408517 22
111  51.71659686  046.17415411 22
111  51.71659530  046.17422020 20
111  51.71659225  046.17435009 20
111  51.71658174  046.17479364
112  51.71658174  046.17479364  51.71658736  046.17493944 20
111  51.71666311  046.17496714 20
111  51.71668343  046.17496845 20
111  51.71700146  046.17498889 20
111  51.71726198  046.17500564
112  51.71726198  046.17500564  51.71734888  046.17499170 20
111  51.71735794  046.17484395 20
111  51.71737033  046.17431570 22
111  51.71737306  046.17419919 22
111  51.71737495  046.17411853 20
111  51.71738996  046.17347870 22
111  51.71739173  046.17340277 22
111  51.71739369  046.17331917 20
111  51.71740859  046.17268386 22
111  51.71741043  046.17260541 22
111  51.71741240  046.17252130 20
111  51.71742441  046.17200941 22
111  51.71742587  046.17194687 22
111  51.71742783  046.17186345 20
115  51.71744158  046.17127715
120 Linear Feature 5
111  51.71757579  046.16535131
112  51.71757579  046.16535131  51.71756067  046.16521802 20
111  51.71747993  046.16519972 20
111  51.71721646  046.16518769 20
111  51.71690861  046.16517363 20
111  51.71688486  046.16517254
112  51.71688486  046.16517254  51.71680840  046.16519229 20
111  51.71680065  046.16533418 20
111  51.71679454  046.16560048 20
111  51.71679172  046.16572371 22
111  51.71679005  046.16579654 22
111  51.71678836  046.16587015 20
111  51.71678545  046.16599718 20
111  51.71677950  046.16625664 20
111  51.71677646  046.16638958 22
111  51.71677492  046.16645675 22
111  51.71677332  046.16652621 20
111  51.71677031  046.16665764 20
111  51.71676441  046.16691520 20
111  51.71676145  046.16704417 22
111  51.71675983  046.16711479 22
111  51.71675779  046.16720389 20
111  51.71675527  046.16731369 20
111  51.71674611  046.16771354 20
111  51.71674320  046.16784047 22
111  51.71674158  046.16791116 22
111  51.71673961  046.16799728 20
111  51.71673703  046.16810979 20
111  51.71672787  046.16850941 20
111  51.71672759  046.16852160
112  51.71672759  046.16852160  51.71673384  046.16867335 20
111  51.71682537  046.16868638 20
111  51.71683229  046.16868681 20
111  51.71714781  046.16870652 20
111  51.71746888  046.16872657
112  51.71746888  046.16872657  51.71756091  046.16869747 20
111  51.71756584  046.16856081
112  51.71756584  046.16856081  51.71757154  046.16842251 20
112  51.71750969  046.16826763  51.71750699  046.16815075
111  51.71750969  046.16826763 20
111  51.71751479  046.16804229 22
111  51.71751668  046.16795911 22
111  51.71751847  046.16788017 20
111  51.71753320  046.16723015 22
111  51.71753477  046.16716082 22
111  51.71753557  046.16712561 20
111  51.71754775  046.16658842 22
111  51.71755142  046.16642651 20
113  51.71756469  046.16584094 20
120 Linear Feature 4
111  51.71541402  046.17445655 20
111  51.71542931  046.17382036
112  51.71542931  046.17382036  51.71543568  046.17375321 20
111  51.71548463  046.17375043 20
111  51.71590811  046.17377523
112  51.71590811  046.17377523  51.71600631  046.17374679 20
111  51.71600953  046.17357522 20
111  51.71601948  046.17312507
112  51.71601948  046.17312507  51.71602548  046.17296172 20
111  51.71611940  046.17294662 20
111  51.71645090  046.17296497
112  51.71645090  046.17296497  51.71655210  046.17298493 20
111  51.71654805  046.17315370 20
111  51.71654645  046.17322908 20
111  51.71653441  046.17374827 20
111  51.71652138  046.17430996 20
111  51.71651530  046.17457233 20
111  51.71651032  046.17478695
112  51.71651032  046.17478695  51.71651219  046.17499930 20
111  51.71662292  046.17502299 20
115  51.71728430  046.17506272
120 Linear Feature 3
111  51.71756759  046.16509573 20
111  51.71688959  046.16505691
112  51.71688959  046.16505691  51.71673826  046.16508969 20
111  51.71673002  046.16531846 20
111  51.71672656  046.16546992 20
111  51.71671223  046.16609689
112  51.71671223  046.16609689  51.71671182  046.16610703 20
112  51.71671001  046.16612553  51.71670896  046.16613449
111  51.71671001  046.16612553
112  51.71671001  046.16612553  51.71669327  046.16626741 20
111  51.71659958  046.16626677 20
111  51.71571561  046.16621889
112  51.71571561  046.16621889  51.71567901  046.16622631 20
112  51.71562923  046.16627446  51.71560760  046.16630173
111  51.71562923  046.16627446
112  51.71562923  046.16627446  51.71560521  046.16630475 20
112  51.71557859  046.16637937  51.71556796  046.16641580
111  51.71557859  046.16637937
112  51.71557859  046.16637937  51.71555979  046.16644383 20
111  51.71555778  046.16650280 20
111  51.71553931  046.16732030 20
111  51.71553441  046.16753733 20
111  51.71551802  046.16826271 20
111  51.71551306  046.16848219 20
111  51.71548780  046.16960050 20
111  51.71548764  046.16960731 20
111  51.71547370  046.17022453 20
111  51.71547355  046.17023106 20
111  51.71545640  046.17099056 20
111  51.71545622  046.17099813 20
111  51.71544232  046.17161373 20
111  51.71544211  046.17162277 20
111  51.71541795  046.17269252 20
111  51.71539585  046.17367056 20
115  51.71537993  046.17437557
120 Linear Feature 2
112  51.71304106  046.17409702  51.71265555  046.17405688 1 105
115  51.71262590  046.17343649
120 Linear Feature 2
112  51.71324120  046.16562485  51.71285570  046.16558471 1 105
115  51.71281261  046.16500225
120 Linear Feature 1
112  51.71258705  046.17483825  51.71259768  046.17426836 1 105
112  51.71304106  046.17409702  51.71320670  046.17409522
111  51.71304106  046.17409702 1 105
111  51.71367992  046.17413501 1 101
111  51.71490431  046.17420676 1 101
111  51.71596392  046.17426886
112  51.71596392  046.17426886  51.71624994  046.17422746 1 101
111  51.71626487  046.17379564 1 101
111  51.71626773  046.17367280 1 101
111  51.71627451  046.17338197 1 101
111  51.71627741  046.17325776 1 101
111  51.71629093  046.17267748 1 101
111  51.71629567  046.17247396 1 101
111  51.71630704  046.17198607 1 101
111  51.71630897  046.17190325 1 101
111  51.71631071  046.17182896 1 101
111  51.71631192  046.17177679 1 101
111  51.71631525  046.17163393 1 101
111  51.71632141  046.17136978 1 101
111  51.71632381  046.17126665 1 101
111  51.71633277  046.17088212 1 101
111  51.71633603  046.17074253 1 101
111  51.71633871  046.17062754 1 101
111  51.71633940  046.17059764 1 101
111  51.71635359  046.16998917 1 101
111  51.71635410  046.16996706 1 101
111  51.71635517  046.16992129 1 101
111  51.71635650  046.16986403 1 101
111  51.71636804  046.16936903 1 101
111  51.71636878  046.16933726 1 101
111  51.71637672  046.16899643 1 101
111  51.71637764  046.16895703 1 101
111  51.71637973  046.16886749 1 101
111  51.71638257  046.16874543 1 101
111  51.71640145  046.16793527 1 101
111  51.71640402  046.16782528 1 101
111  51.71640579  046.16774925 1 101
111  51.71641795  046.16722745 1 101
111  51.71642292  046.16701418 1 101
111  51.71642687  046.16684462 1 101
111  51.71643423  046.16652901 1 101
111  51.71643879  046.16633346
112  51.71643879  046.16633346  51.71642557  046.16582665 1 101
111  51.71614080  046.16579645 1 101
111  51.71524867  046.16574359 1 101
111  51.71509226  046.16573432 1 101
111  51.71387760  046.16566235 1 105
111  51.71324120  046.16562485
112  51.71324120  046.16562485  51.71279538  046.16562937 1 105
115  51.71277953  046.16632932
120 Linear Feature 38
111  51.71658174  046.17479364 20
115  51.71668343  046.17496845
120 Linear Feature 37
111  51.71663927  046.17235273 20
111  51.71674710  046.17253980 20
111  51.71705617  046.17256013 20
111  51.71717123  046.17239271 20
111  51.71717627  046.17212972 20
111  51.71706877  046.17195214 20
111  51.71676054  046.17193316 20
115  51.71664499  046.17211008
120 Linear Feature 36
111  51.71666865  046.17110502 20
111  51.71676725  046.17128578 20
111  51.71676063  046.17172644 20
111  51.71684327  046.17188748 20
111  51.71720458  046.17190782 20
111  51.71729277  046.17175816 20
111  51.71730335  046.17124980 20
111  51.71710481  046.17112698 20
111  51.71710985  046.17087321 20
111  51.71700755  046.17069020 20
111  51.71678431  046.17067638 20
115  51.71667496  046.17081302
120 Linear Feature 35
111  51.71668939  046.17022432 20
111  51.71679842  046.17004804 20
111  51.71702016  046.17005975 20
111  51.71711022  046.17022285 20
111  51.71710567  046.17048530 20
111  51.71701040  046.17063807 20
111  51.71678676  046.17062697 20
115  51.71668417  046.17044608
120 Linear Feature 34
111  51.71671295  046.16922364 20
111  51.71681779  046.16941214 20
111  51.71680255  046.16985757 20
111  51.71689032  046.17000153 20
111  51.71720225  046.17002268 20
111  51.71733545  046.16988712 20
111  51.71734435  046.16936467 20
111  51.71714920  046.16924348 20
111  51.71715069  046.16897945 20
115  51.71705525  046.16880407
120 Linear Feature 33
111  51.71672000  046.16892403 20
115  51.71682335  046.16879129
120 Linear Feature 32
111  51.71672787  046.16850941 20
115  51.71683229  046.16868681
120 Linear Feature 31
111  51.71673703  046.16810979 20
111  51.71685044  046.16794103 20
111  51.71716114  046.16795895 20
111  51.71726344  046.16813139 20
111  51.71725890  046.16853645 20
115  51.71714781  046.16870652
120 Linear Feature 30
111  51.71659225  046.17435009 20
111  51.71670611  046.17418471 20
111  51.71701642  046.17419807 20
111  51.71712345  046.17438402 20
111  51.71711146  046.17483072 20
115  51.71700146  046.17498889
120 Linear Feature 30
111  51.71661089  046.17355845 20
111  51.71670194  046.17342532 20
111  51.71672616  046.17338990 20
111  51.71703479  046.17340735 20
111  51.71714061  046.17358782 20
111  51.71713247  046.17398353 20
111  51.71702130  046.17415284 20
111  51.71670611  046.17413504 20
115  51.71660152  046.17395632
120 Linear Feature 30
111  51.71662967  046.17276065 20
111  51.71674422  046.17259223 20
111  51.71705284  046.17260832 20
111  51.71715867  046.17278745 20
111  51.71714969  046.17318925 20
111  51.71703809  046.17335585 20
111  51.71672501  046.17333873 20
115  51.71662038  046.17315508
120 Linear Feature 30
111  51.71675527  046.16731369 20
111  51.71686786  046.16714572 20
111  51.71717770  046.16716230 20
111  51.71728352  046.16734368 20
111  51.71727385  046.16774549 20
111  51.71716470  046.16790832 20
111  51.71685197  046.16789270 20
115  51.71674611  046.16771354
120 Linear Feature 30
111  51.71677031  046.16665764 20
111  51.71688285  046.16648740 20
111  51.71719199  046.16650567 20
111  51.71729606  046.16668423 20
111  51.71729002  046.16694451 20
111  51.71717931  046.16711181 20
111  51.71686874  046.16709661 20
115  51.71676441  046.16691520
120 Linear Feature 30
111  51.71678545  046.16599718 20
111  51.71689852  046.16582963 20
111  51.71720592  046.16584508 20
111  51.71731174  046.16602646 20
111  51.71730569  046.16628674 20
111  51.71719533  046.16645348 20
111  51.71688441  046.16643884 20
115  51.71677950  046.16625664
120 Linear Feature 29
111  51.71680065  046.16533418 20
115  51.71690861  046.16517363
120 Linear Feature 28
111  51.71721646  046.16518769 20
111  51.71732435  046.16536391 20
111  51.71731889  046.16563232 20
111  51.71721013  046.16579432 20
111  51.71690121  046.16577739 20
115  51.71679454  046.16560048
120 Linear Feature 27
111  51.71579450  046.17371154 20
115  51.71593978  046.17355584
120 Linear Feature 26
111  51.71543387  046.17357559 20
111  51.71545014  046.17361181 20
115  51.71548755  046.17369509
120 Linear Feature 25
111  51.71544381  046.17314532 20
111  51.71557762  046.17299730 20
111  51.71583865  046.17301275 20
111  51.71588928  046.17313053 20
111  51.71590985  046.17317837 20
115  51.71594565  046.17326164
120 Linear Feature 24
111  51.71596195  046.17253481 20
111  51.71572914  046.17275372 20
111  51.71551077  046.17274288 20
111  51.71547144  046.17264204 20
115  51.71545711  046.17260529
120 Linear Feature 23
111  51.71596707  046.17232876 20
111  51.71592471  046.17221526 20
115  51.71588914  046.17211993
120 Linear Feature 22
111  51.71546404  046.17229684 20
115  51.71566459  046.17210767
120 Linear Feature 21
111  51.71558947  046.17191514 20
111  51.71548925  046.17173000 20
111  51.71549428  046.17151469 20
111  51.71560529  046.17133948 20
111  51.71582673  046.17135349 20
111  51.71592892  046.17153977 20
111  51.71592683  046.17164626 20
111  51.71592472  046.17175395 20
115  51.71581612  046.17193009
120 Linear Feature 21
111  51.71562356  046.17052827 20
111  51.71552059  046.17034255 20
111  51.71552563  046.17012498 20
111  51.71563733  046.16995147 20
111  51.71585948  046.16996435 20
111  51.71596026  046.17015006 20
111  51.71595816  046.17025763 20
111  51.71595606  046.17036424 20
115  51.71584691  046.17054202
120 Linear Feature 19
111  51.71584015  046.17072430 20
111  51.71594433  046.17091491 20
111  51.71594196  046.17102155 20
111  51.71593964  046.17112650 20
111  51.71582981  046.17130229 20
111  51.71560610  046.17129114 20
111  51.71550350  046.17110376 20
111  51.71550835  046.17089030 20
115  51.71561597  046.17071221
120 Linear Feature 19
111  51.71587388  046.16933667 20
111  51.71597637  046.16951823 20
111  51.71597456  046.16963210 20
111  51.71597287  046.16973851 20
111  51.71586018  046.16991442 20
111  51.71563577  046.16990079 20
111  51.71553569  046.16971273 20
111  51.71553970  046.16949588 20
115  51.71565148  046.16932364
120 Linear Feature 18
111  51.71605790  046.16876092 20
111  51.71587559  046.16843922 20
111  51.71570779  046.16843271 20
111  51.71565659  046.16850809 20
111  51.71565007  046.16851769 20
111  51.71560448  046.16858481 20
111  51.71559844  046.16885484 20
111  51.71578539  046.16918343 20
111  51.71597638  046.16918831 20
111  51.71601243  046.16913207 20
115  51.71605095  046.16907199
120 Linear Feature 17
111  51.71550903  046.17202778 20
111  51.71550948  046.17200401 20
115  51.71550993  046.17198024
120 Linear Feature 17
111  51.71552883  046.17133446 20
111  51.71552928  046.17131069 20
115  51.71552974  046.17128692
120 Linear Feature 17
111  51.71554480  046.17064103 20
111  51.71554525  046.17061726 20
115  51.71554570  046.17059349
120 Linear Feature 17
111  51.71556404  046.16994574 20
111  51.71556450  046.16992197 20
115  51.71556495  046.16989820
120 Linear Feature 17
111  51.71557664  046.16931596 20
111  51.71557709  046.16929219 20
115  51.71557755  046.16926842
120 Linear Feature 17
111  51.71561962  046.16736204 20
111  51.71562007  046.16733827 20
115  51.71562052  046.16731450
120 Linear Feature 17
111  51.71592776  046.17205171 20
111  51.71592821  046.17202794 20
115  51.71592867  046.17200417
120 Linear Feature 17
111  51.71595248  046.17135859 20
111  51.71595293  046.17133482 20
115  51.71595339  046.17131105
120 Linear Feature 17
111  51.71596824  046.17066426 20
111  51.71596869  046.17064049 20
115  51.71596914  046.17061672
120 Linear Feature 17
111  51.71598336  046.16996611 20
111  51.71598381  046.16994233 20
115  51.71598426  046.16991856
120 Linear Feature 17
111  51.71683537  046.16582284 20
111  51.71683582  046.16579907 20
115  51.71683627  046.16577530
120 Linear Feature 17
111  51.71682060  046.16648263 20
111  51.71682105  046.16645886 20
115  51.71682150  046.16643509
120 Linear Feature 17
111  51.71680443  046.16714069 20
111  51.71680488  046.16711692 20
115  51.71680533  046.16709315
120 Linear Feature 17
111  51.71678559  046.16793676 20
111  51.71678604  046.16791299 20
115  51.71678649  046.16788921
120 Linear Feature 17
111  51.71673821  046.17004150 20
111  51.71673866  046.17001773 20
115  51.71673911  046.16999396
120 Linear Feature 17
111  51.71672189  046.17067117 20
111  51.71672234  046.17064740 20
115  51.71672279  046.17062363
120 Linear Feature 17
111  51.71669482  046.17192821 20
111  51.71669527  046.17190444 20
115  51.71669573  046.17188067
120 Linear Feature 17
111  51.71667951  046.17258700 20
111  51.71667997  046.17256323 20
115  51.71668042  046.17253946
120 Linear Feature 17
111  51.71666204  046.17338266 20
111  51.71666250  046.17335889 20
115  51.71666295  046.17333512
120 Linear Feature 17
111  51.71664122  046.17417986 20
111  51.71664167  046.17415609 20
115  51.71664212  046.17413232
120 Linear Feature 17
111  51.71732781  046.17422028 20
111  51.71732826  046.17419651 20
115  51.71732872  046.17417274
120 Linear Feature 17
111  51.71734685  046.17342376 20
111  51.71734730  046.17339999 20
115  51.71734776  046.17337622
120 Linear Feature 17
111  51.71736541  046.17262677 20
111  51.71736586  046.17260300 20
115  51.71736631  046.17257923
120 Linear Feature 17
111  51.71738101  046.17196814 20
111  51.71738147  046.17194437 20
115  51.71738192  046.17192060
120 Linear Feature 17
111  51.71747171  046.16798068 20
111  51.71747216  046.16795690 20
115  51.71747261  046.16793313
120 Linear Feature 17
111  51.71748905  046.16718115 20
115  51.71748979  046.16715738
120 Linear Feature 17
111  51.71750510  046.16651789 20
115  51.71750601  046.16647035
120 Linear Feature 17
111  51.71751938  046.16586275 20
111  51.71751983  046.16583897 20
115  51.71752029  046.16581520
120 Linear Feature 17
111  51.71600013  046.16934151 20
111  51.71600058  046.16931774 20
115  51.71600103  046.16929397
120 Linear Feature 17
111  51.71604517  046.16738780 20
111  51.71604562  046.16736403 20
115  51.71604607  046.16734026
120 Linear Feature 16
111  51.71547066  046.17200222 22
115  51.71550948  046.17200401
120 Linear Feature 16
111  51.71548627  046.17130789 22
115  51.71552928  046.17131069
120 Linear Feature 16
111  51.71550169  046.17061523 22
115  51.71554525  046.17061726
120 Linear Feature 16
111  51.71551747  046.16991929 22
115  51.71556450  046.16992197
120 Linear Feature 16
111  51.71553160  046.16928999 22
115  51.71557709  046.16929219
120 Linear Feature 16
111  51.71557600  046.16733608 22
115  51.71562007  046.16733827
120 Linear Feature 16
111  51.71597445  046.17203011 22
115  51.71592821  046.17202794
120 Linear Feature 16
111  51.71599742  046.17133699 22
115  51.71595293  046.17133482
120 Linear Feature 16
111  51.71601372  046.17064306 22
115  51.71596869  046.17064049
120 Linear Feature 16
111  51.71602990  046.16994476 22
115  51.71598381  046.16994233
120 Linear Feature 16
111  51.71683582  046.16579907 22
115  51.71679005  046.16579654
120 Linear Feature 16
111  51.71682105  046.16645886 22
115  51.71677492  046.16645675
120 Linear Feature 16
111  51.71680488  046.16711692 22
115  51.71675983  046.16711479
120 Linear Feature 16
111  51.71678604  046.16791299 22
115  51.71674158  046.16791116
120 Linear Feature 16
111  51.71673866  046.17001773 22
115  51.71669430  046.17001546
120 Linear Feature 16
111  51.71672234  046.17064740 22
115  51.71667947  046.17064549
120 Linear Feature 16
111  51.71669527  046.17190444 22
115  51.71664988  046.17190212
120 Linear Feature 16
111  51.71667997  046.17256323 22
115  51.71663437  046.17256091
120 Linear Feature 16
111  51.71666250  046.17335889 22
115  51.71661565  046.17335620
120 Linear Feature 16
111  51.71664167  046.17415609 22
115  51.71659686  046.17415411
120 Linear Feature 16
111  51.71737306  046.17419919 22
115  51.71732826  046.17419651
120 Linear Feature 16
111  51.71739173  046.17340277 22
115  51.71734730  046.17339999
120 Linear Feature 16
111  51.71741043  046.17260541 22
115  51.71736586  046.17260300
120 Linear Feature 16
111  51.71742587  046.17194687 22
115  51.71738147  046.17194437
120 Linear Feature 16
111  51.71751668  046.16795911 22
115  51.71747216  046.16795690
120 Linear Feature 16
111  51.71753477  046.16716082 22
115  51.71748979  046.16715738
120 Linear Feature 16
111  51.71756469  046.16584094 22
115  51.71751983  046.16583897
120 Linear Feature 16
111  51.71604492  046.16932001 22
115  51.71600058  046.16931774
120 Linear Feature 16
111  51.71609033  046.16736677 22
115  51.71604562  046.16736403
120 Linear Feature 15
111  51.71607985  046.16781876 20
111  51.71589728  046.16749841 20
111  51.71572661  046.16749231 20
111  51.71567870  046.16756574 20
111  51.71567371  046.16757339 20
111  51.71562381  046.16764988 20
111  51.71562246  046.16792002 20
111  51.71580535  046.16823752 20
111  51.71599767  046.16824644 20
111  51.71603453  046.16819256 20
115  51.71607246  046.16813714
120 Linear Feature 14
111  51.71592500  046.16634470 20
115  51.71610676  046.16665879
120 Linear Feature 13
111  51.71575268  046.16633365 20
111  51.71570509  046.16640763 20
111  51.71569731  046.16641972 20
111  51.71565443  046.16648637 20
111  51.71564939  046.16676372 20
111  51.71582829  046.16707929 20
111  51.71602582  046.16709068 20
111  51.71606103  046.16703582 20
115  51.71609940  046.16697601
120 Linear Feature 12
112  51.71681272  046.16873880  51.71670109  046.16877043 22
115  51.71668646  046.16893313
120 Linear Feature 11
112  51.71746895  046.16877660  51.71749811  046.16878131 22
115  51.71750983  046.16880198
120 Linear Feature 10
112  51.71669592  046.16852428  51.71671225  046.16871350 22
111  51.71681272  046.16873880 22
111  51.71746895  046.16877660
112  51.71746895  046.16877660  51.71756243  046.16875437 22
115  51.71759667  046.16862641
120 Linear Feature 9
112  51.71662665  046.16632724  51.71673893  046.16628864 22
111  51.71674766  046.16611497 22
111  51.71676614  046.16532165
112  51.71676614  046.16532165  51.71678327  046.16511831 22
111  51.71689424  046.16511356 22
111  51.71747235  046.16514309
112  51.71747235  046.16514309  51.71753919  046.16515311 22
115  51.71758240  046.16523447
120 Linear Feature 8
112  51.71646402  046.17290885  51.71657388  046.17293650 22
115  51.71658877  046.17312806
120 Linear Feature 7
112  51.71614022  046.16650417  51.71615926  046.16632079 22
115  51.71626798  046.16630564
120 Linear Feature 5
111  51.71572992  046.16627323 22
111  51.71603491  046.16629160 22
111  51.71626798  046.16630564 22
111  51.71662665  046.16632724
112  51.71662665  046.16632724  51.71672702  046.16635638 22
111  51.71674195  046.16653311 22
111  51.71669592  046.16852428 22
111  51.71668646  046.16893313 22
111  51.71659842  046.17274120 22
111  51.71659314  046.17295293 22
111  51.71658877  046.17312806 22
115  51.71654843  046.17474453
120 Linear Feature 4
111  51.71599545  046.17282030 22
111  51.71614022  046.16650417
112  51.71614022  046.16650417  51.71613115  046.16632653 22
115  51.71603491  046.16629160
120 Linear Feature 3
111  51.71597368  046.17355035 22
115  51.71598820  046.17294913
120 Linear Feature 2
111  51.71554678  046.17285571 22
111  51.71646402  046.17290885
112  51.71646402  046.17290885  51.71656775  046.17290478 22
115  51.71659842  046.17274120
120 Linear Feature 1
111  51.71555395  046.16832125 22
115  51.71606407  046.16834819
120 Linear Feature 86
111  51.71545014  046.17361181 1
115  51.71543593  046.17362720
120 Linear Feature 85
111  51.71539585  046.17367056 1
111  51.71521305  046.17386830
112  51.71521305  046.17386830  51.71518262  046.17390537 1
115  51.71515300  046.17397363
120 Linear Feature 84
111  51.71545919  046.17265353 1
115  51.71547144  046.17264204
120 Linear Feature 83
111  51.71541795  046.17269252 1
111  51.71534044  046.17276566
112  51.71534044  046.17276566  51.71522950  046.17290630 1
115  51.71522180  046.17308136
120 Linear Feature 82
111  51.71546373  046.17256339 1
115  51.71547908  046.17260043
120 Linear Feature 82
111  51.71549933  046.17265546 1
115  51.71551334  046.17269386
120 Linear Feature 81
111  51.71548904  046.17262604 1
111  51.71551437  046.17260259 1
115  51.71558203  046.17253996
120 Linear Feature 80
111  51.71544464  046.17354017 1
115  51.71545911  046.17357383
120 Linear Feature 80
111  51.71547667  046.17361468 1
115  51.71549114  046.17364834
120 Linear Feature 79
111  51.71546789  046.17359425 1
111  51.71549869  046.17355975 1
115  51.71555133  046.17350077
120 Linear Feature 78
111  51.71592683  046.17164626 1
115  51.71598988  046.17164952
120 Linear Feature 77
112  51.71610369  046.17165509  51.71624826  046.17167235 1
116  51.71630704  046.17198607  51.71631022  046.17207500
120 Linear Feature 77
112  51.71611780  046.17102962  51.71626645  046.17104454 1
116  51.71632141  046.17136978  51.71632225  046.17144976
120 Linear Feature 76
111  51.71605380  046.17165308 1
111  51.71610369  046.17165509
112  51.71610369  046.17165509  51.71626603  046.17163991 1
116  51.71632141  046.17136978  51.71632748  046.17131486
120 Linear Feature 76
111  51.71606824  046.17102769 1
111  51.71611780  046.17102962
112  51.71611780  046.17102962  51.71628014  046.17101444 1
116  51.71633603  046.17074253  51.71634210  046.17068761
120 Linear Feature 75
111  51.71594196  046.17102155 1
115  51.71600496  046.17102509
120 Linear Feature 74
112  51.71614038  046.17026991  51.71632481  046.17031790 1
115  51.71633940  046.17059764
120 Linear Feature 73
111  51.71608582  046.17026602 1
111  51.71614038  046.17026991
112  51.71614038  046.17026991  51.71628651  046.17024307 1
116  51.71635359  046.16998917  51.71635643  046.16993494
120 Linear Feature 72
111  51.71595816  046.17025763 1
115  51.71602243  046.17026089
120 Linear Feature 71
112  51.71524821  046.17190686  51.71529335  046.17164083 1
115  51.71544211  046.17162277
120 Linear Feature 71
112  51.71526219  046.17128499  51.71531013  046.17101049 1
115  51.71545622  046.17099813
120 Linear Feature 71
112  51.71527922  046.17052704  51.71532717  046.17025452 1
115  51.71547355  046.17023106
120 Linear Feature 71
112  51.71529347  046.16989310  51.71534492  046.16961916 1
115  51.71548764  046.16960731
120 Linear Feature 70
112  51.71526151  046.17131493  51.71529607  046.17158222 1
115  51.71544232  046.17161373
120 Linear Feature 70
112  51.71527576  046.17068120  51.71531557  046.17096295 1
115  51.71545640  046.17099056
120 Linear Feature 70
112  51.71529284  046.16992127  51.71532938  046.17020108 1
115  51.71547370  046.17022453
120 Linear Feature 70
112  51.71530704  046.16928971  51.71534475  046.16957282 1
115  51.71548780  046.16960050
120 Linear Feature 69
112  51.71615502  046.16964136  51.71633594  046.16967694 1
115  51.71635410  046.16996706
120 Linear Feature 68
111  51.71597456  046.16963210 1
115  51.71603722  046.16963532
120 Linear Feature 67
111  51.71610031  046.16963853 1
111  51.71615502  046.16964136
112  51.71615502  046.16964136  51.71634735  046.16961967 1
115  51.71636878  046.16933726
120 Linear Feature 66
111  51.71590844  046.17167422 1
115  51.71590784  046.17171630
120 Linear Feature 66
111  51.71595520  046.16965821 1
115  51.71595460  046.16970030
120 Linear Feature 66
111  51.71594058  046.17028418 1
115  51.71593997  046.17032627
120 Linear Feature 66
111  51.71592252  046.17104805 1
115  51.71592192  046.17109014
120 Linear Feature 66
111  51.71590985  046.17157563 1
115  51.71590925  046.17161772
120 Linear Feature 66
111  51.71595661  046.16955962 1
115  51.71595601  046.16960171
120 Linear Feature 66
111  51.71594199  046.17018559 1
115  51.71594139  046.17022768
120 Linear Feature 66
111  51.71592393  046.17094946 1
115  51.71592333  046.17099155
120 Linear Feature 65
111  51.71590885  046.17164597 1
111  51.71587432  046.17164491 1
115  51.71579996  046.17164262
120 Linear Feature 65
111  51.71595560  046.16962996 1
111  51.71591746  046.16962835 1
115  51.71584666  046.16962534
120 Linear Feature 65
111  51.71594098  046.17025593 1
111  51.71590758  046.17025451 1
115  51.71583204  046.17025131
120 Linear Feature 65
111  51.71592292  046.17101980 1
111  51.71588829  046.17101833 1
115  51.71581398  046.17101518
120 Linear Feature 64
112  51.71555966  046.16847910  51.71559449  046.16848199 1
116  51.71565007  046.16851769  51.71567374  046.16853904
120 Linear Feature 63
112  51.71551306  046.16848219  51.71543310  046.16849956 1
116  51.71531860  046.16877553  51.71528737  046.16896952
120 Linear Feature 62
111  51.71559787  046.16840414 1
115  51.71565659  046.16850809
120 Linear Feature 61
111  51.71551802  046.16826271 1
111  51.71538554  046.16802803
112  51.71538554  046.16802803  51.71534271  046.16794195 1
115  51.71533892  046.16787125
120 Linear Feature 60
112  51.71557948  046.16753213  51.71561318  046.16753359 1
116  51.71567371  046.16757339  51.71570169  046.16759910
120 Linear Feature 59
112  51.71553441  046.16753733  51.71544961  046.16756198 1
116  51.71533892  046.16787125  51.71531082  046.16807431
120 Linear Feature 58
111  51.71561831  046.16745940 1
115  51.71567870  046.16756574
120 Linear Feature 57
111  51.71553931  046.16732030 1
111  51.71541509  046.16710162
112  51.71541509  046.16710162  51.71536370  046.16699264 1
115  51.71536008  046.16693004
120 Linear Feature 56
112  51.71601243  046.16913207  51.71602354  046.16914338 1
116  51.71604616  046.16916148  51.71605749  046.16916989
120 Linear Feature 55
112  51.71611056  046.16919439  51.71624362  046.16923246 1
116  51.71637973  046.16886749  51.71638991  046.16864358
120 Linear Feature 54
111  51.71601243  046.16913207 1
115  51.71604139  046.16918241
120 Linear Feature 53
111  51.71610814  046.16929920 1
111  51.71630338  046.16964037
112  51.71630338  046.16964037  51.71635587  046.16975424 1
115  51.71635650  046.16986403
120 Linear Feature 52
112  51.71603453  046.16819256  51.71604132  046.16819945 1
116  51.71605509  046.16821149  51.71606201  046.16821725
120 Linear Feature 51
112  51.71613230  046.16825281  51.71626261  046.16828688 1
116  51.71640145  046.16793527  51.71641281  046.16772028
120 Linear Feature 50
111  51.71603453  046.16819256 1
115  51.71605124  046.16822191
120 Linear Feature 49
111  51.71612982  046.16835996 1
111  51.71633096  046.16871017
112  51.71633096  046.16871017  51.71637956  046.16880764 1
115  51.71637764  046.16895703
120 Linear Feature 48
112  51.71642687  046.16684462  51.71640109  046.16702789 1
116  51.71615852  046.16711705  51.71603489  046.16708874
120 Linear Feature 47
112  51.71562656  046.16638177  51.71565219  046.16638746 1
116  51.71569731  046.16641972  51.71571824  046.16643922
120 Linear Feature 46
112  51.71536502  046.16671056  51.71538311  046.16649541 1
116  51.71557859  046.16637937  51.71567440  046.16636836
120 Linear Feature 45
111  51.71606103  046.16703582 1
115  51.71609657  046.16709827
120 Linear Feature 44
111  51.71615652  046.16720359 1
111  51.71636753  046.16757437
112  51.71636753  046.16757437  51.71640365  046.16766519 1
115  51.71640579  046.16774925
120 Linear Feature 43
111  51.71603435  046.16703148 1
115  51.71601509  046.16705924
120 Linear Feature 43
111  51.71598645  046.16912903 1
115  51.71596719  046.16915679
120 Linear Feature 43
111  51.71600748  046.16818874 1
115  51.71598822  046.16821650
120 Linear Feature 43
111  51.71608095  046.16696431 1
115  51.71606169  046.16699207
120 Linear Feature 43
111  51.71603306  046.16906185 1
115  51.71601380  046.16908962
120 Linear Feature 43
111  51.71605408  046.16812156 1
115  51.71603482  046.16814932
120 Linear Feature 42
111  51.71597779  046.16688802 1
111  51.71601530  046.16695412 1
115  51.71604802  046.16701177
120 Linear Feature 42
111  51.71592989  046.16898557 1
111  51.71597372  046.16906279 1
115  51.71600013  046.16910932
120 Linear Feature 42
111  51.71595092  046.16804527 1
111  51.71598915  046.16811265 1
115  51.71602115  046.16816903
120 Linear Feature 41
111  51.71566657  046.16633991 1
115  51.71570509  046.16640763
120 Linear Feature 40
112  51.71524867  046.16574359  51.71533143  046.16575216 1
111  51.71536482  046.16581023 1
115  51.71562923  046.16627446
120 Linear Feature 39
112  51.71509226  046.16573432  51.71531090  046.16578410 1 101
112  51.71537533  046.16625172  51.71537425  046.16640563
111  51.71537533  046.16625172 1 101
111  51.71536502  046.16671056 1 101
111  51.71536008  046.16693004 1 101
111  51.71533892  046.16787125 1 101
111  51.71531860  046.16877553 1 101
111  51.71530704  046.16928971 1 101
111  51.71529347  046.16989310 1 101
111  51.71529284  046.16992127 1 101
111  51.71527922  046.17052704 1 101
111  51.71527576  046.17068120 1 101
111  51.71526219  046.17128499 1 101
111  51.71526151  046.17131493 1 101
111  51.71524821  046.17190686 1 101
111  51.71522180  046.17308136 1 101
111  51.71520768  046.17370991
112  51.71520768  046.17370991  51.71520457  046.17381306 1 101
112  51.71515300  046.17397363  51.71512229  046.17404592
111  51.71515300  046.17397363
112  51.71515300  046.17397363  51.71508891  046.17412450 1 101
116  51.71490431  046.17420676  51.71482664  046.17420786
120 Linear Feature 8
111  51.71730535  046.16541852 1
115  51.71730469  046.16546682
120 Linear Feature 8
111  51.71729049  046.16607605 1
115  51.71728983  046.16612434
120 Linear Feature 8
111  51.71727374  046.16673564 1
115  51.71727308  046.16678394
120 Linear Feature 8
111  51.71726341  046.16746309 1
115  51.71726275  046.16751138
120 Linear Feature 8
111  51.71724506  046.16825970 1
115  51.71724441  046.16830800
120 Linear Feature 8
111  51.71713446  046.16901760 1
115  51.71713380  046.16906590
120 Linear Feature 8
111  51.71732697  046.16942705 1
115  51.71732631  046.16947534
120 Linear Feature 8
111  51.71732109  046.16965803 1
115  51.71732043  046.16970633
120 Linear Feature 8
111  51.71710284  046.17027699 1
115  51.71710218  046.17032529
120 Linear Feature 8
111  51.71709224  046.17090619 1
115  51.71709158  046.17095449
120 Linear Feature 8
111  51.71728363  046.17131850 1
115  51.71728297  046.17136679
120 Linear Feature 8
111  51.71727775  046.17155054 1
115  51.71727709  046.17159883
120 Linear Feature 8
111  51.71715571  046.17218301 1
115  51.71715505  046.17223130
120 Linear Feature 8
111  51.71713727  046.17291039 1
115  51.71713662  046.17295869
120 Linear Feature 8
111  51.71711848  046.17370713 1
115  51.71711782  046.17375542
120 Linear Feature 8
111  51.71710111  046.17452449 1
115  51.71710045  046.17457278
120 Linear Feature 8
111  51.71730392  046.16552299 1
115  51.71730326  046.16557129
120 Linear Feature 8
111  51.71728906  046.16618052 1
115  51.71728840  046.16622881
120 Linear Feature 8
111  51.71727231  046.16684011 1
115  51.71727165  046.16688841
120 Linear Feature 8
111  51.71726199  046.16756756 1
115  51.71726133  046.16761585
120 Linear Feature 8
111  51.71724364  046.16836417 1
115  51.71724298  046.16841247
120 Linear Feature 8
111  51.71713303  046.16912207 1
115  51.71713237  046.16917037
120 Linear Feature 8
111  51.71732554  046.16953152 1
115  51.71732488  046.16957981
120 Linear Feature 8
111  51.71731966  046.16976251 1
115  51.71731900  046.16981080
120 Linear Feature 8
111  51.71710142  046.17038146 1
115  51.71710076  046.17042976
120 Linear Feature 8
111  51.71709082  046.17101066 1
115  51.71709016  046.17105895
120 Linear Feature 8
111  51.71728220  046.17142297 1
115  51.71728154  046.17147126
120 Linear Feature 8
111  51.71727632  046.17165501 1
115  51.71727566  046.17170330
120 Linear Feature 8
111  51.71715429  046.17228747 1
115  51.71715363  046.17233577
120 Linear Feature 8
111  51.71713585  046.17301486 1
115  51.71713519  046.17306316
120 Linear Feature 8
111  51.71711706  046.17381160 1
115  51.71711640  046.17385989
120 Linear Feature 8
111  51.71709968  046.17462896 1
115  51.71709903  046.17467725
120 Linear Feature 7
111  51.71721360  046.16549200 1
111  51.71726078  046.16549351 1
115  51.71730431  046.16549490
120 Linear Feature 7
111  51.71719874  046.16614953 1
111  51.71724619  046.16615105 1
115  51.71728944  046.16615243
120 Linear Feature 7
111  51.71718199  046.16680912 1
111  51.71722617  046.16681054 1
115  51.71727269  046.16681202
120 Linear Feature 7
111  51.71717167  046.16753657 1
111  51.71719029  046.16753716 1
115  51.71726237  046.16753947
120 Linear Feature 7
111  51.71715332  046.16833318 1
111  51.71717075  046.16833374 1
115  51.71724402  046.16833608
120 Linear Feature 7
111  51.71702670  046.16909057 1
111  51.71708777  046.16909253 1
115  51.71713342  046.16909399
120 Linear Feature 7
111  51.71721921  046.16950002 1
111  51.71724692  046.16950090 1
115  51.71732592  046.16950343
120 Linear Feature 7
111  51.71721333  046.16973100 1
111  51.71727177  046.16973287 1
115  51.71732004  046.16973442
120 Linear Feature 7
111  51.71701069  046.17035046 1
111  51.71706270  046.17035212 1
115  51.71710180  046.17035337
120 Linear Feature 7
111  51.71699676  046.17097955 1
111  51.71705387  046.17098138 1
115  51.71709120  046.17098257
120 Linear Feature 7
111  51.71717587  046.17139147 1
111  51.71720140  046.17139228 1
115  51.71728259  046.17139488
120 Linear Feature 7
111  51.71716999  046.17162351 1
111  51.71724339  046.17162585 1
115  51.71727671  046.17162692
120 Linear Feature 7
111  51.71704795  046.17225597 1
111  51.71711041  046.17225797 1
115  51.71715467  046.17225939
120 Linear Feature 7
111  51.71702951  046.17298336 1
111  51.71706194  046.17298440 1
115  51.71713623  046.17298678
120 Linear Feature 7
111  51.71701072  046.17378009 1
111  51.71704503  046.17378119 1
115  51.71711744  046.17378351
120 Linear Feature 7
111  51.71699335  046.17459745 1
111  51.71702213  046.17459838 1
115  51.71710007  046.17460087
120 Linear Feature 6
112  51.71592471  046.17221526  51.71593736  046.17221080 1
116  51.71596511  046.17220815  51.71597929  046.17220784
120 Linear Feature 5
112  51.71604063  046.17222357  51.71615929  046.17227229 1
116  51.71629093  046.17267748  51.71629566  046.17292092
120 Linear Feature 4
111  51.71595820  046.17218327 1
115  51.71592471  046.17221526
120 Linear Feature 3
112  51.71631525  046.17163393  51.71630227  046.17183714 1
111  51.71619919  046.17195326 1
115  51.71604344  046.17210193
120 Linear Feature 2
112  51.71626773  046.17367280  51.71625362  046.17336373 1
116  51.71590985  046.17317837  51.71571977  046.17318596
120 Linear Feature 1
111  51.71588928  046.17313053 1
111  51.71617841  046.17281387
112  51.71617841  046.17281387  51.71628504  046.17269178 1
115  51.71629567  046.17247396
120 Linear Feature 21
112  51.71651862  046.16562780  51.71639708  046.16581069 1
115  51.71634141  046.16581000
120 Linear Feature 20
111  51.71643879  046.16633346 1
111  51.71644688  046.16587626
112  51.71644688  046.16587626  51.71645657  046.16576666 1
112  51.71651862  046.16562780  51.71655300  046.16556915
111  51.71651862  046.16562780
112  51.71651862  046.16562780  51.71660257  046.16548460 1
115  51.71672656  046.16546992
120 Linear Feature 19
112  51.71671001  046.16612553  51.71645007  046.16615843 1
115  51.71643423  046.16652901
120 Linear Feature 18
111  51.71614080  046.16579645 1
111  51.71634141  046.16581000
112  51.71634141  046.16581000  51.71652377  046.16584189 1
116  51.71671001  046.16612553  51.71686866  046.16614193
120 Linear Feature 17
112  51.71658080  046.16906654  51.71640091  046.16902372 1
115  51.71638257  046.16874543
120 Linear Feature 17
112  51.71656542  046.16969836  51.71637377  046.16964566 1
115  51.71636878  046.16933726
120 Linear Feature 17
112  51.71654754  046.17032182  51.71636107  046.17026381 1
115  51.71635359  046.16998917
120 Linear Feature 17
112  51.71653173  046.17095241  51.71635203  046.17089440 1
115  51.71633871  046.17062754
120 Linear Feature 17
112  51.71651566  046.17158144  51.71634119  046.17152449 1
115  51.71632381  046.17126665
120 Linear Feature 16
112  51.71636804  046.16936903  51.71639976  046.16907291 1
111  51.71658080  046.16906654 1
115  51.71665156  046.16907072
120 Linear Feature 16
112  51.71635359  046.16998917  51.71639217  046.16970149 1
111  51.71656542  046.16969836 1
115  51.71663754  046.16970215
120 Linear Feature 16
112  51.71633871  046.17062754  51.71637635  046.17033075 1
111  51.71654754  046.17032182 1
115  51.71662368  046.17032604
120 Linear Feature 16
112  51.71632381  046.17126665  51.71635831  046.17095846 1
111  51.71653173  046.17095241 1
115  51.71660967  046.17095668
120 Linear Feature 16
112  51.71630897  046.17190325  51.71634348  046.17159506 1
111  51.71651566  046.17158144 1
115  51.71659571  046.17158540
120 Linear Feature 15
112  51.71637672  046.16899643  51.71639898  046.16939010 1
115  51.71664275  046.16946741
120 Linear Feature 15
112  51.71633277  046.17088212  51.71636124  046.17128308 1
115  51.71660078  046.17135696
120 Linear Feature 15
112  51.71643879  046.16633346  51.71645892  046.16674095 1
115  51.71670233  046.16678547
120 Linear Feature 15
112  51.71642292  046.16701418  51.71644136  046.16743443 1
115  51.71668619  046.16751197
120 Linear Feature 15
112  51.71640402  046.16782528  51.71642190  046.16823004 1
115  51.71666851  046.16830793
120 Linear Feature 15
112  51.71631192  046.17177679  51.71632980  046.17218154 1
115  51.71658147  046.17222654
120 Linear Feature 14
112  51.71635517  046.16992129  51.71639986  046.16950590 1
115  51.71664275  046.16946741
120 Linear Feature 14
112  51.71631071  046.17182896  51.71635870  046.17137864 1
115  51.71660078  046.17135696
120 Linear Feature 14
112  51.71641795  046.16722745  51.71645013  046.16678533 1
115  51.71670233  046.16678547
120 Linear Feature 14
112  51.71640145  046.16793527  51.71645001  046.16754783 1
115  51.71668619  046.16751197
120 Linear Feature 14
112  51.71638257  046.16874543  51.71643282  046.16833339 1
115  51.71666851  046.16830793
120 Linear Feature 14
112  51.71629104  046.17267738  51.71633903  046.17222706 1
115  51.71658147  046.17222654
120 Linear Feature 13
112  51.71656000  046.17295261  51.71628968  046.17288700 1
115  51.71629567  046.17247396
120 Linear Feature 12
111  51.71659314  046.17295293 1
111  51.71656000  046.17295261
112  51.71656000  046.17295261  51.71630492  046.17298562 1
115  51.71627451  046.17338197
120 Linear Feature 11
112  51.71653441  046.17374827  51.71633116  046.17366322 1
116  51.71627741  046.17325776  51.71627317  046.17314689
120 Linear Feature 10
112  51.71653441  046.17374827  51.71630270  046.17377561 1
116  51.71601761  046.17427162  51.71574796  046.17427053
120 Linear Feature 9
111  51.71596392  046.17426886 1
111  51.71601761  046.17427162 1
111  51.71617744  046.17427986
112  51.71617744  046.17427986  51.71627963  046.17429808 1
116  51.71651530  046.17457233  51.71662934  046.17459785
21  51.71350026  046.15476419 2 92.1300 3.00 PAPI-L-08
21  51.71181493  046.18761774 2 272.1300 3.00 PAPI-L-26
14  51.71778545  046.16685807  82.02 0 New Tower Viewpoint 1
1300  51.71726078  046.16549351   1.26 gate jets|turboprops Remote 1
1301 C airline 
1300  51.71724619  046.16615105   1.15 gate jets|turboprops Remote 2
1301 C airline 
1300  51.71722617  046.16681054   1.60 gate jets|turboprops Remote 3
1301 C airline 
1300  51.71719029  046.16753716   1.30 gate jets|turboprops Remote 4
1301 D airline 
1300  51.71717075  046.16833374   2.04 gate jets|turboprops Remote 5
1301 D airline 
1300  51.71724692  046.16950090   1.01 gate jets|turboprops Gate 6
1301 D airline 
1300  51.71708777  046.16909253   1.46 gate jets|turboprops Gate 6A
1301 C airline 
1300  51.71727177  046.16973287   1.20 gate jets|turboprops Gate 6B
1301 C airline 
1300  51.71706270  046.17035212   1.50 gate jets|turboprops Gate 7
1301 C airline 
1300  51.71720140  046.17139228   1.16 gate jets|turboprops Gate 8
1301 D airline 
1300  51.71705387  046.17098138   1.22 gate jets|turboprops Gate 8A
1301 C airline 
1300  51.71724339  046.17162585   1.42 gate jets|turboprops Gate 8B
1301 C airline 
1300  51.71711041  046.17225797   1.51 gate jets|turboprops Remote 9
1301 C airline 
1300  51.71706194  046.17298440   1.15 gate jets|turboprops Remote 10
1301 D airline 
1300  51.71704503  046.17378119   1.85 gate jets|turboprops Remote 11
1301 D airline 
1300  51.71702213  046.17459838   1.99 gate jets|turboprops Remote 12
1301 D airline 
1300  51.71601530  046.16695412  47.71 gate jets|turboprops Remote 13
1301 C airline 
1300  51.71598915  046.16811265  47.43 gate jets|turboprops Remote 14
1301 C airline 
1300  51.71597372  046.16906279  47.75 gate jets|turboprops Remote 15
1301 C airline 
1300  51.71591746  046.16962835   2.03 gate jets|turboprops Remote 16
1301 C airline 
1300  51.71590758  046.17025451   1.96 gate jets|turboprops Remote 17
1301 C airline 
1300  51.71588829  046.17101833   1.68 gate jets|turboprops Remote 18
1301 C airline 
1300  51.71587432  046.17164491   1.37 gate jets|turboprops Remote 19
1301 C airline 
1300  51.71551437  046.17260259 150.16 gate jets|turboprops Remote 20
1301 C airline 
1300  51.71549869  046.17355975 145.09 gate jets|turboprops Remote 21
1301 C airline 
18  51.71778545  046.16685807 1 New Airport Beacon 2
54 12285 Gagarin Tower
53 11900 Gagarin Ground
53 12537 Gagarin Apron
55 12162 Gagarin Approach
55 12162 Gagarin Radar
50 12337 ATIS
99
