A
1000 Generated by Infinite Flight Airport Editing (World Parser)

1        6 1 0 VTZ7 Koh Kud
100   11.89   2   0 0.00 0 0 0 5    11.71929987  102.52334067    0.00    0.00 2  0 0 0 23   11.71515117  102.51728836    0.00    0.00 2  0 0 0
110   2 0.00 235.00 runway23end
111  11.71924673  102.52335651 
112  11.71925641  102.52344948  11.71925738  102.52345979 
112  11.71926319  102.52347421  11.71926624  102.52347972 
111  11.71936487  102.52362355 
111  11.71953822  102.52350388 
112  11.71943557  102.52335354  11.71943099  102.52334731 
112  11.71941426  102.52333871  11.71940499  102.52333391 
113  11.71932904  102.52329618 
110   2 0.00 235.00 runway05end
111  11.71508067  102.51698908 
111  11.71490100  102.51711721 
112  11.71501587  102.51728116  11.71501895  102.51728597 
112  11.71502744  102.51728886  11.71503151  102.51729128 
111  11.71511790  102.51732759 
111  11.71519976  102.51727146 
112  11.71519941  102.51717261  11.71519907  102.51716707 
114  11.71519629  102.51715666  11.71519425  102.51715250 
110   2 0.00 235.00 ramp
111  11.71844556  102.52218138 
111  11.71843450  102.52222992 
111  11.71813960  102.52243911 
111  11.71845459  102.52289361 
111  11.71874415  102.52267896 
113  11.71878964  102.52268705 
111  11.71851660  102.52234176 
111  11.71866537  102.52256186 
111  11.71865751  102.52260883 
111  11.71856448  102.52267529 
111  11.71851742  102.52266836 
111  11.71836931  102.52244762 
111  11.71837441  102.52240681 
113  11.71847583  102.52233399 
110   1 0.00 145.00 road
111  11.71854295  102.52281839 
111  11.71857961  102.52287255 
111  11.71848524  102.52292153 
111  11.71849615  102.52294501 
111  11.71860535  102.52289245 
111  11.71882525  102.52275468 
112  11.71905763  102.52260057  11.71908341  102.52258621 
112  11.71914186  102.52260615  11.71916296  102.52263248 
112  11.71925093  102.52273383  11.71926734  102.52275417 
112  11.71933869  102.52284416  11.71935978  102.52287168 
112  11.71976683  102.52346654  11.71978206  102.52349167 
112  11.71981596  102.52358886  11.71982651  102.52362596 
112  11.71987951  102.52382537  11.71988772  102.52386486 
112  11.71986977  102.52394049  11.71985922  102.52397758 
112  11.71976176  102.52404193  11.71972191  102.52406227 
112  11.71959683  102.52411360  11.71954996  102.52412676 
112  11.71946855  102.52419763  11.71947089  102.52424071 
111  11.71947050  102.52429161 
111  11.71949817  102.52429200 
112  11.71949857  102.52420041  11.71950091  102.52417049 
112  11.71960851  102.52413990  11.71964835  102.52412793 
112  11.71977776  102.52406582  11.71982228  102.52404548 
112  11.71990174  102.52394796  11.71991229  102.52390607 
112  11.71991149  102.52381968  11.71990212  102.52378138 
112  11.71984598  102.52357283  11.71983427  102.52353214 
112  11.71978711  102.52343772  11.71976601  102.52339943 
112  11.71936044  102.52282314  11.71933935  102.52279442 
112  11.71927510  102.52271604  11.71925869  102.52269569 
112  11.71916247  102.52258628  11.71913552  102.52255277 
112  11.71905757  102.52256677  11.71903062  102.52258353 
111  11.71880921  102.52272804 
111  11.71859385  102.52286463 
113  11.71855408  102.52280728 
130 Koh Kud Boundary
111  11.71513604  102.51679654 
111  11.71461142  102.51716671 
111  11.71813119  102.52229074 
111  11.71806441  102.52234919 
111  11.71903736  102.52382016 
111  11.71933306  102.52402473 
111  11.71981953  102.52377145 
111  11.71975345  102.52351115 
111  11.71919952  102.52271937 
113  11.71904690  102.52244661 
14   11.71857734  102.52285530    6 0 Koh Kud Viewpoint
15   11.71837346  102.52262031  55.00 Koh Kud Start
19   11.71852735  102.52250467 0 Koh Kud Windsock
54 12300 Pilot Unicom

99
