A
1000 Generated by Infinite Flight Airport Editing (World Parser)/AB

1      125 0 0 YCLE CALLENDALE STN
100   17.07   4   0 0.25 0 0 0 1   -37.23516225  140.44208698    0.00    0.00 0  0 0 0 19  -37.24404093  140.43839378    0.00    0.00 0  0 0 0
100   18.90   4   0 0.00 0 0 0 10  -37.23778888  140.44100951    0.00    0.00 0  0 0 0 28  -37.23903207  140.44846995    0.00    0.00 0  0 0 0
110   4 0.25   0.00 New Taxiway 11
111 -37.24508235  140.43584907 
112 -37.24460204  140.43625846 -37.24458489  140.43628001 
112 -37.24452485  140.43650626 -37.24450769  140.43657090 
112 -37.24429327  140.43688333 -37.24425039  140.43695875 
112 -37.24392446  140.43731428 -37.24392446  140.43734660 
111 -37.24395019  140.43737892 
112 -37.24420750  140.43751897 -37.24421608  140.43752975 
111 -37.24449912  140.43747588 
112 -37.24459346  140.43740047 -37.24463635  140.43736814 
111 -37.24509950  140.43731428 
111 -37.24509950  140.43737892 
112 -37.24461062  140.43750820 -37.24460204  140.43751897 
112 -37.24447339  140.43775599 -37.24438762  140.43790682 
111 -37.24419035  140.43790682 
111 -37.24398450  140.43792837 
111 -37.24399308  140.43808998 
112 -37.24380439  140.43814384 -37.24374435  140.43817616 
112 -37.24337554  140.43814384 -37.24331550  140.43813307 
112 -37.24322973  140.43813307 -37.24320400  140.43813307 
111 -37.24320400  140.43821926 
112 -37.24330692  140.43849937 -37.24331550  140.43854247 
111 -37.24337554  140.43863943 
112 -37.24236346  140.43903805 -37.24238919  140.43900573 
112 -37.24262077  140.43834854 -37.24264650  140.43831622 
112 -37.24268081  140.43815462 -37.24269796  140.43811152 
112 -37.24310965  140.43748665 -37.24312681  140.43745433 
112 -37.24329835  140.43731428 -37.24340127  140.43726041 
112 -37.24402739  140.43710958 -37.24411315  140.43704494 
112 -37.24451627  140.43633388 -37.24455058  140.43619382 
112 -37.24467923  140.43608609 -37.24475642  140.43604299 
113 -37.24503089  140.43573056 
111 -37.24421608  140.43758362 
112 -37.24409600  140.43754052 -37.24405312  140.43752975 
111 -37.24390731  140.43737892 
111 -37.24383869  140.43730350 
112 -37.24340985  140.43736814 -37.24329835  140.43735737 
112 -37.24313539  140.43757284 -37.24309250  140.43764826 
112 -37.24316112  140.43777754 -37.24316969  140.43779909 
111 -37.24334123  140.43796069 
112 -37.24347846  140.43791760 -37.24352992  140.43789605 
111 -37.24377865  140.43779909 
111 -37.24374435  140.43751897 
111 -37.24390731  140.43750820 
111 -37.24392446  140.43783141 
112 -37.24431900  140.43775599 -37.24442192  140.43771290 
113 -37.24450769  140.43755130 
111 -37.24390731  140.43796069 
112 -37.24339226  140.43805766 -37.24337226  140.43810290 
111 -37.24337226  140.43810290 
111 -37.24352830  140.43813808 
114 -37.24354031  140.43807274 -37.24358832  140.43806269 
112 -37.24317220  140.43787672 -37.24314819  140.43784656 
111 -37.24304016  140.43772091 
111 -37.24315219  140.43804258 
113 -37.24328023  140.43798227 
112 -37.24297214  140.43783149 -37.24296413  140.43783149 
112 -37.24287611  140.43796216 -37.24285610  140.43799735 
111 -37.24270406  140.43826876 
112 -37.24286811  140.43815818 -37.24290011  140.43813305 
113 -37.24308417  140.43804258 
111 -37.24315619  140.43824363 
112 -37.24306016  140.43817829 -37.24300815  140.43819839 
112 -37.24273607  140.43836928 -37.24270806  140.43839943 
111 -37.24262403  140.43847985 
111 -37.24261603  140.43870100 
112 -37.24274007  140.43862561 -37.24275207  140.43863566 
111 -37.24279208  140.43884173 
113 -37.24328023  140.43864069 
110   4 0.25   0.00 New Taxiway 10
111 -37.23523938  140.44215510 
112 -37.23500781  140.44287687 -37.23498207  140.44304924 
112 -37.23493061  140.44388950 -37.23494777  140.44412650 
111 -37.23473334  140.44418037 
111 -37.23409865  140.44413728 
111 -37.23409007  140.44404032 
112 -37.23462184  140.44408341 -37.23471619  140.44408341 
112 -37.23482769  140.44373869 -37.23485342  140.44358787 
112 -37.23490488  140.44301692 -37.23490488  140.44293074 
112 -37.23505927  140.44225206 -37.23509357  140.44214433 
113 -37.23517077  140.44200429 
14  -37.24357632  140.43775609    6 0 New Tower Viewpoint 12
15  -37.24386040  140.43780133  28.10 New Ramp Start 11
19  -37.24344028  140.43779630 0 New Windsock 13


130 Airport Boundary
111 -037.24509811  140.43731689
111 -037.24508286  140.43585205
111 -037.24502945  140.43572998
111 -037.23517227  140.44200134
111 -037.23408890  140.44404602
111 -037.23410034  140.44413757
111 -037.23903275  140.44847107
113 -037.24509811  140.43737793
99
