A
1000 Generated by Infinite Flight Airport Editing (World Parser)/AB

1      630 1 1 LFEH Aubigny sur Nere
100   20.12   1   0 0.25 0 0 0 06   47.47849400  002.38890000   89.92    0.00 2  0 0 0 24   47.48305900  002.40056200   79.86    0.00 2  0 0 0
110   1 0.30  59.92 Default taxiway for RWY 06
111  47.47841762  002.38896547   3 
111  47.47802405  002.38930280   3 
111  47.48258964  002.40096383   3 
111  47.48298321  002.40062646 
112  47.48289246  002.40039468  47.48293589  002.40051224   3 
111  47.48284190  002.40059281   3 
112  47.48271658  002.40070023  47.48262259  002.40078080   3 
111  47.48257721  002.40066491   3 
111  47.48040785  002.39512412   3 
111  47.48072310  002.39485391 
111  47.48067773  002.39473802   3 
111  47.48036248  002.39500823   3 
112  47.47819312  002.38946745  47.47814774  002.38935156   3 
111  47.47824173  002.38927100   3 
112  47.47836705  002.38916358  47.47846104  002.38908302   3 
113  47.47850837  002.38919725 
120 Default hold RWY 06 (near)
111  47.47825902  002.38910140   4 
115  47.47830439  002.38921729 
120 Default hold RWY 06 (centre)
111  47.48051913  002.39487396   4 
115  47.48056450  002.39498985 
120 Default hold RWY 06 (far)
111  47.48277924  002.40064652   4 
115  47.48282461  002.40076241 
19   47.47863823  002.38846682 1 WS
19   47.48291472  002.40099519 1 WS


130 Airport Boundary
111  047.47802353  002.38930273
111  047.47841644  002.38896537
111  047.47849274  002.38890004
111  047.48305893  002.40056205
111  047.48282623  002.40076232
113  047.48258972  002.40096378
99
