A
1000 Generated by Infinite Flight Airport Editing (World Parser)/AB

1       33 1 0 KMLB Melbourne Intl
100   45.72   1   0 0.25 1 3 1 09R  28.10128100 -080.66113300    0.00  109.73 3  8 1 0 27L  28.10280600 -080.62960000  213.36  304.80 2  0 0 1
100   45.72   1   0 0.25 0 2 1 09L  28.10540600 -080.65985800    0.00    0.00 2  0 0 0 27R  28.10630300 -080.64127800    0.00    0.00 2  0 0 0
100   22.86   1   0 0.25 0 2 0 05   28.09590300 -080.63739200    0.00    0.00 2  0 0 0 23   28.10202800 -080.63115000    0.00  391.06 2  0 0 0
21   28.09744265 -080.63628164  2  41.95   3.00 05  PAPI-4L
21   28.10590760 -080.65784565  2  86.86   3.00 09L PAPI-4L
21   28.10187176 -080.65728707  2  86.85   3.00 09R PAPI-4L
21   28.10048840 -080.63226052  2 221.96   3.00 23  PAPI-4L
21   28.10219974 -080.63378583  2 266.87   3.00 27L PAPI-4L
21   28.10580167 -080.64329045  2 266.87   3.00 27R PAPI-4L
10   28.10053600 -080.64724000 xxx  86.76  8877 0.0 0.0    80 161161  1 0 0 0.25 0
10   28.10685000 -080.64849100 xxx  86.66  7013 0.0 0.0    80 161161  1 0 0 0.25 0
10   28.09900900 -080.63414800 xxx  41.45  3200 0.0 0.0    50 161161  1 0 0 0.25 0
10   28.10511200 -080.63459800 xxx 130.00  2630 0.0 0.0    80 161161  1 0 0 0.25 0
10   28.09991600 -080.62959300 xxx 159.00  2200 0.0 0.0   170 161161  1 0 0 0.25 0
10   28.10347600 -080.64093000 xxx 160.20  1995 0.0 0.0   150 161161  1 0 0 0.25 0
10   28.10063200 -080.63507100 xxx 132.80  1797 0.0 0.0    80 161161  1 0 0 0.25 0
10   28.09869600 -080.63875600 xxx 155.30  1800 0.0 0.0    70 161161  1 0 0 0.25 0
10   28.10388400 -080.64849100 xxx 170.30  1467 0.0 0.0    80 161161  1 0 0 0.25 0
10   28.10780300 -080.65108500 xxx  86.86   826 0.0 0.0   498 161161  1 0 0 0.25 0
10   28.09573600 -080.63521600 xxx  41.20   909 0.0 0.0   332 161161  1 0 0 0.25 0
10   28.09783200 -080.63406400 xxx  41.30   742 0.0 0.0   422 161161  1 0 0 0.25 0
10   28.09867300 -080.63132500 xxx   8.95   708 0.0 0.0   400 161161  2 0 0 0.25 0
10   28.09855800 -080.63045500 xxx   8.95   712 0.0 0.0   172 161161  1 0 0 0.25 0
10   28.09816700 -080.64894100 xxx  87.00   788 0.0 0.0    85 161161  2 0 0 0.25 0
10   28.09936300 -080.64778100 xxx 355.30   774 0.0 0.0    80 161161  1 0 0 0.25 0
10   28.10785700 -080.64798700 xxx  86.86   604 0.0 0.0   217 161161  1 0 0 0.25 0
10   28.10149200 -080.64228100 xxx 130.00   733 0.0 0.0    80 161161  1 0 0 0.25 0
10   28.10792400 -080.64938400 xxx  86.86   339 0.0 0.0   473 161161  1 0 0 0.25 0
10   28.09735700 -080.64770500 xxx   4.20   702 0.0 0.0    79 161161  1 0 0 0.25 0
10   28.10060900 -080.63273600 xxx 130.00   700 0.0 0.0    80 161161  1 0 0 0.25 0
10   28.09976800 -080.63105800 xxx  98.95   659 0.0 0.0   111 161161  1 0 0 0.25 0
10   28.09923400 -080.63218700 xxx   5.00   655 0.0 0.0    90 161161  1 0 0 0.25 0
10   28.09871700 -080.63262900 xxx  88.95   380 0.0 0.0   317 161161  1 0 0 0.25 0
10   28.09428400 -080.63625300 xxx 342.00   636 0.0 0.0    35 161161  1 0 0 0.25 0
10   28.09675800 -080.63585700 xxx  68.05   610 0.0 0.0    60 161161  1 0 0 0.25 0
10   28.10096700 -080.63135500 xxx  11.00   600 0.0 0.0    67 161161  1 0 0 0.25 0
10   28.09552000 -080.63717700 xxx 133.85   612 0.0 0.0    50 161161  1 0 0 0.25 0
10   28.09838500 -080.63017300 xxx   8.95   581 0.0 0.0    65 161161  1 0 0 0.25 0
10   28.09716400 -080.64663700 xxx   3.00   427 0.0 0.0   217 161161  2 0 0 0.25 0
10   28.09807200 -080.64631700 xxx  75.00   440 0.0 0.0   177 161161  2 0 0 0.25 0
10   28.09902000 -080.63200400 xxx   8.95   526 0.0 0.0    77 161161  1 0 0 0.25 0
10   28.10488900 -080.65830200 xxx  38.00   500 0.0 0.0   100 161161  1 0 0 0.25 0
10   28.09857600 -080.64959700 xxx  87.00   335 0.0 0.0   250 161161  2 0 0 0.25 0
10   28.10212300 -080.63105000 xxx   0.00   328 0.0 0.0   249 161161  1 0 0 0.25 0
10   28.10053600 -080.66089600 xxx 176.86   453 0.0 0.0    90 161161  1 0 0 0.25 0
10   28.10201600 -080.64311200 xxx 280.00   400 0.0 0.0   110 161161  1 0 0 0.25 0
10   28.10118500 -080.64805600 xxx 356.80   430 0.0 0.0    80 161161  1 0 0 0.25 0
10   28.09656700 -080.64699600 xxx  93.00   430 0.0 0.0    70 161161  1 0 0 0.25 0
10   28.10479200 -080.65962200 xxx 176.86   400 0.0 0.0   100 161161  1 0 0 0.25 0
10   28.09987400 -080.63073000 xxx 102.10   462 0.0 0.0    36 161161  1 0 0 0.25 0
10   28.10110900 -080.63570400 xxx 110.00   331 0.0 0.0   150 161161  1 0 0 0.25 0
10   28.09797700 -080.63237800 xxx   0.00   240 0.0 0.0   240 161161  2 0 0 0.25 0
10   28.10058400 -080.65946200 xxx 176.86   400 0.0 0.0    80 161161  1 0 0 0.25 0
10   28.10438300 -080.65921800 xxx  86.86   361 0.0 0.0   100 161161  1 0 0 0.25 0
10   28.09796300 -080.63299600 xxx   2.20   290 0.0 0.0   161 161161  1 0 0 0.25 0
10   28.09826500 -080.64718600 xxx 102.00   378 0.0 0.0    70 161161  1 0 0 0.25 0
10   28.10088300 -080.66055300 xxx  40.00   347 0.0 0.0   100 161161  1 0 0 0.25 0
10   28.09840800 -080.65081800 xxx 309.00   328 0.0 0.0    85 161161  2 0 0 0.25 0
10   28.10166700 -080.64768200 xxx  54.00   328 0.0 0.0    85 161161  1 0 0 0.25 0
10   28.09639900 -080.63717700 xxx  80.00   330 0.0 0.0    75 161161  1 0 0 0.25 0
10   28.09871700 -080.63317100 xxx  94.00   100 0.0 0.0   300 161161  1 0 0 0.25 0
10   28.09690100 -080.63409400 xxx  42.00   328 0.0 0.0    66 161161  1 0 0 0.25 0
10   28.10835600 -080.64862100 xxx  86.86   203 0.0 0.0   184 161161  1 0 0 0.25 0
10   28.10618000 -080.65338900 xxx 355.90   300 0.0 0.0    80 161161  1 0 0 0.25 0
10   28.10117900 -080.65950800 xxx  40.00   183 0.0 0.0   189 161161  1 0 0 0.25 0
10   28.10637300 -080.64889500 xxx 356.00   300 0.0 0.0    63 161161  1 0 0 0.25 0
10   28.10602000 -080.64212000 xxx 130.00   208 0.0 0.0   150 161161  1 0 0 0.25 0
10   28.10242100 -080.63178300 xxx 342.00   203 0.0 0.0   151 161161  1 0 0 0.25 0
10   28.10211400 -080.63145400 xxx 315.00   236 0.0 0.0   118 161161  1 0 0 0.25 0
10   28.09392700 -080.63581100 xxx 342.00   171 0.0 0.0   157 161161  1 0 0 0.25 0
10   28.09710900 -080.62916600 xxx 339.50   289 0.0 0.0    33 161161  1 0 0 0.25 0
10   28.09698500 -080.62882200 xxx  69.50   197 0.0 0.0   125 161161  1 0 0 0.25 0
10   28.10011700 -080.63169900 xxx 242.90   224 0.0 0.0    87 161161  1 0 0 0.25 0
10   28.10734700 -080.64726300 xxx 356.00   260 0.0 0.0    50 161161  1 0 0 0.25 0
10   28.10109500 -080.63365900 xxx 110.00   251 0.0 0.0    50 161161  1 0 0 0.25 0
10   28.10676000 -080.64185300 xxx 343.87   250 0.0 0.0    50 161161  1 0 0 0.25 0
10   28.09717600 -080.63527700 xxx  41.95   152 0.0 0.0   148 161161  1 0 0 0.25 0
10   28.10166400 -080.64829300 xxx 126.00   210 0.0 0.0    86 161161  1 0 0 0.25 0
10   28.10727700 -080.63778700 xxx 110.00   241 0.0 0.0    50 161161  1 0 0 0.25 0
10   28.09838500 -080.64794200 xxx  45.00   210 0.0 0.0    79 161161  2 0 0 0.25 0
10   28.10123300 -080.65529600 xxx  29.40   202 0.0 0.0    80 161161  1 0 0 0.25 0
10   28.10040900 -080.65531900 xxx 154.90   200 0.0 0.0    80 161161  1 0 0 0.25 0
10   28.09973100 -080.62994400 xxx  89.00   200 0.0 0.0    80 161161  1 0 0 0.25 0
10   28.09769200 -080.62998200 xxx  96.00   243 0.0 0.0    35 161161  1 0 0 0.25 0
10   28.10534900 -080.65773800 xxx  60.00   201 0.0 0.0    70 161161  1 0 0 0.25 0
10   28.09828800 -080.65108500 xxx  39.00   184 0.0 0.0    80 161161  2 0 0 0.25 0
10   28.10006300 -080.63137800 xxx 328.40   200 0.0 0.0    64 161161  1 0 0 0.25 0
10   28.10526500 -080.65819500 xxx 150.00   161 0.0 0.0   100 161161  1 0 0 0.25 0
10   28.09695400 -080.62829600 xxx  15.00   194 0.0 0.0    66 161161  1 0 0 0.25 0
10   28.10182800 -080.64241800 xxx   0.00   177 0.0 0.0    79 161161  1 0 0 0.25 0
10   28.10065700 -080.64816300 xxx  45.00   190 0.0 0.0    66 161161  1 0 0 0.25 0
10   28.09937700 -080.63010400 xxx 168.90   182 0.0 0.0    73 161161  1 0 0 0.25 0
10   28.09700200 -080.63483400 xxx 315.00   190 0.0 0.0    62 161161  1 0 0 0.25 0
10   28.10716100 -080.64884200 xxx 357.00   186 0.0 0.0    65 161161  1 0 0 0.25 0
10   28.10455100 -080.65879800 xxx  60.00   201 0.0 0.0    50 161161  1 0 0 0.25 0
10   28.09905200 -080.62873800 xxx  69.00   125 0.0 0.0   125 161161  1 0 0 0.25 0
10   28.10752500 -080.64871200 xxx  42.00   171 0.0 0.0    76 161161  1 0 0 0.25 0
10   28.10613600 -080.65954600 xxx 225.26   164 0.0 0.0    80 161161  1 0 0 0.25 0
10   28.10100200 -080.66072100 xxx   0.00   111 0.0 0.0   130 101101  1 0 0 0.25 0
10   28.10001200 -080.66069000 xxx 126.60   161 0.0 0.0    80 161161  1 0 0 0.25 0
10   28.10036800 -080.64802600 xxx 129.00   171 0.0 0.0    66 161161  1 0 0 0.25 0
10   28.10578700 -080.65969800 xxx 176.86   153 0.0 0.0    80 161161  1 0 0 0.25 0
10   28.10705600 -080.64989500 xxx 177.00   181 0.0 0.0    50 161161  1 0 0 0.25 0
10   28.09784900 -080.64642300 xxx   3.00   125 0.0 0.0   106 161161  2 0 0 0.25 0
10   28.10067900 -080.64784200 xxx 312.00   164 0.0 0.0    66 161161  1 0 0 0.25 0
10   28.10039100 -080.64767500 xxx  39.00   164 0.0 0.0    66 161161  1 0 0 0.25 0
10   28.10004000 -080.65956900 xxx  43.30   153 0.0 0.0    73 161161  1 0 0 0.25 0
10   28.09680000 -080.62843300 xxx 336.00   171 0.0 0.0    52 161161  1 0 0 0.25 0
10   28.10450400 -080.65941600 xxx 110.00   161 0.0 0.0    60 161161  1 0 0 0.25 0
10   28.09868600 -080.63341500 xxx  87.60   120 0.0 0.0    94 161161  1 0 0 0.25 0
10   28.09830500 -080.65088700 xxx  84.00   144 0.0 0.0    70 161161  2 0 0 0.25 0
10   28.10144600 -080.64814800 xxx 150.00   161 0.0 0.0    50 161161  1 0 0 0.25 0
10   28.10093700 -080.64135000 xxx 110.00   161 0.0 0.0    50 161161  1 0 0 0.25 0
10   28.10006700 -080.65927100 xxx 130.00   141 0.0 0.0    70 161161  1 0 0 0.25 0
10   28.09813100 -080.65032200 xxx  98.20   120 0.0 0.0    85 161161  2 0 0 0.25 0
10   28.10171100 -080.64788800 xxx   0.00   101 0.0 0.0   100 101101  1 0 0 0.25 0
10   28.10004600 -080.63153800 xxx   0.00   101 0.0 0.0   100 101101  1 0 0 0.25 0
10   28.10137900 -080.65506700 xxx  60.00   151 0.0 0.0    50 161161  1 0 0 0.25 0
10   28.10095200 -080.64176200 xxx   0.00   131 0.0 0.0    70 161161  1 0 0 0.25 0
10   28.10139300 -080.64795700 xxx  30.00   151 0.0 0.0    50 161161  1 0 0 0.25 0
10   28.10023700 -080.65507500 xxx 110.00   151 0.0 0.0    50 161161  1 0 0 0.25 0
10   28.10081700 -080.65545700 xxx   0.00   114 0.0 0.0    80 161161  1 0 0 0.25 0
10   28.10509700 -080.65827200 xxx  10.00   141 0.0 0.0    50 161161  1 0 0 0.25 0
10   28.09804300 -080.64778100 xxx 327.00   125 0.0 0.0    66 161161  2 0 0 0.25 0
10   28.10081300 -080.63970900 xxx  40.00   121 0.0 0.0    60 161161  1 0 0 0.25 0
10   28.09704400 -080.62840300 xxx   0.00    92 0.0 0.0    86 101101  1 0 0 0.25 0
10   28.10015700 -080.63192700 xxx  87.00   131 0.0 0.0    46 161161  1 0 0 0.25 0
10   28.09452100 -080.63620800 xxx 330.00   118 0.0 0.0    52 101101  1 0 0 0.25 0
10   28.09702500 -080.63376600 xxx  42.00   125 0.0 0.0    33 161161  1 0 0 0.25 0
10   28.09503900 -080.63642900 xxx  62.00    71 0.0 0.0    50 161161  1 0 0 0.25 0
10   28.10598800 -080.65970600 xxx  15.20    31 0.0 0.0    80 161161  1 0 0 0.25 0
10   28.10066400 -080.65544900 xxx 164.00    31 0.0 0.0    80 161161  1 0 0 0.25 0
10   28.10097100 -080.65544900 xxx  18.00    31 0.0 0.0    80 161161  1 0 0 0.25 0
10   28.10628300 -080.65936300 xxx 246.00    31 0.0 0.0    80 161161  1 0 0 0.25 0
10   28.09443700 -080.63623000 xxx 342.00    72 0.0 0.0    39 101101  1 0 0 0.25 0
10   28.09763500 -080.62954700 xxx 290.90    52 0.0 0.0    35 161161  1 0 0 0.25 0
10   28.09751500 -080.62935600 xxx 321.00    45 0.0 0.0    35 161161  1 0 0 0.25 0
10   28.09758800 -080.62944000 xxx 126.00    39 0.0 0.0    35 161161  1 0 0 0.25 0
14   28.09898200 -080.64385200  200 0 ATC Tower
15   28.09871300 -080.63173700  98.00 Gate 5
15   28.09919000 -080.63103500 230.00 Gate 6
15   28.09918200 -080.63156900 160.00 Gate 7
18   28.10811600 -080.64498900 1 BCN
19   28.10060900 -080.65805800 1 WS
19   28.10603500 -080.65783700 1 WS
19   28.10481600 -080.64458500 1 WS
19   28.10020400 -080.63642100 1 WS
50 13255 ATIS
51 11820 CTAF
51 12295 UNICOM
52 13265 CLNC DEL
52 12190 CLNC DEL
53 12190 GND
54 12405 TWR
54 11820 TWR
55 13265 ORLANDO APP/DEP


130 Airport Boundary
111  028.09392738 -080.63581085
111  028.09656715 -080.64699554
111  028.10001183 -080.66069031
111  028.10053635 -080.66089630
111  028.10128021 -080.66113281
111  028.10598755 -080.65970612
111  028.10613632 -080.65954590
111  028.10628319 -080.65936279
111  028.10835648 -080.64862061
111  028.10727692 -080.63778687
111  028.10280609 -080.62960052
111  028.09905243 -080.62873840
111  028.09695435 -080.62829590
113  028.09679985 -080.62843323
99
