A
1000 Generated by Infinite Flight Airport Editing (World Parser)/AB

1      764 0 0 YIMB Kimba
100   24.99   4   0 0.25 0 1 0 03  -33.09855790  136.46076785    0.00    0.00 0  0 0 0 21  -33.08772708  136.47167839    0.00    0.00 0  0 0 0
100   22.86   4   0 0.25 0 0 0 15  -33.08355252  136.46068758    0.00    0.00 0  0 0 0 33  -33.09458752  136.46538858    0.00    0.00 0  0 0 0
110   1 0.25   0.00 New Taxiway 16
111 -33.09409435  136.46710757 
112 -33.09409257  136.46708272 -33.09409911  136.46706852 
111 -33.09415503  136.46698119 
112 -33.09417406  136.46697054 -33.09418536  136.46697551 
111 -33.09432753  136.46709479 
112 -33.09433823  136.46712745 -33.09433169  136.46714662 
111 -33.09429005  136.46720555 
114 -33.09425436  136.46721833 -33.09423890  136.46721052 
110   5 0.25   0.00 New Taxiway 15
111 -33.09384236  136.46827340 
111 -33.09401784  136.46805725 
112 -33.09414292  136.46815752 -33.09416346  136.46815752 
111 -33.09419519  136.46818872 
111 -33.09444550  136.46852390 
112 -33.09456050  136.46856802 -33.09457692  136.46855577 
111 -33.09445782  136.46866852 
112 -33.09441470  136.46859008 -33.09439416  136.46857292 
112 -33.09418060  136.46829350 -33.09415185  136.46828124 
112 -33.09411694  136.46829840 -33.09410051  136.46832046 
111 -33.09402248  136.46840135 
114 -33.09395882  136.46838909 -33.09390954  136.46836213 
110   1 0.25   0.00 New Taxiway 13
111 -33.09328175  136.46773924 
112 -33.09327943  136.46770742 -33.09328639  136.46770050 
111 -33.09335710  136.46762856 
112 -33.09339999  136.46762994 -33.09342085  136.46765761 
111 -33.09359356  136.46791357 
112 -33.09362052  136.46791761 -33.09363443  136.46790378 
111 -33.09367963  136.46785535 
112 -33.09369470  136.46786227 -33.09369818  136.46786780 
111 -33.09375034  136.46795359 
113 -33.09355666  136.46812722 
110   4 0.25   0.00 New Taxiway 19
111 -33.09295401  136.46651255 
112 -33.09301725  136.46677678 -33.09304436  136.46682800 
111 -33.09326799  136.46712728 
112 -33.09338545  136.46712998 -33.09341255  136.46710841 
111 -33.09344418  136.46707336 
111 -33.09392079  136.46775819 
111 -33.09355486  136.46811678 
111 -33.09306921  136.46745352 
112 -33.09315279  136.46733219 -33.09315730  136.46729444 
112 -33.09310987  136.46718390 -33.09307147  136.46713807 
112 -33.09282977  136.46687653 -33.09280492  136.46685227 
112 -33.09269424  136.46682261 -33.09264003  136.46682261 
113 -33.09278685  136.46658265 
110   4 0.25  90.00 New Taxiway 21
111 -33.09390067  136.46775281 
112 -33.09389507  136.46791102 -33.09389880  136.46794444 
111 -33.09393427  136.46801129 
111 -33.09400334  136.46809374 
111 -33.09398281  136.46811602 
111 -33.09389320  136.46802021 
112 -33.09382413  136.46799347 -33.09378866  136.46800015 
112 -33.09375132  136.46802021 -33.09372145  136.46797787 
113 -33.09370092  136.46791993 
120 Linear Feature 18
112 -33.09420737  136.46714023 -33.09420797  136.46716579  22 
112 -33.09425555  136.46720342 -33.09427578  136.46720129  22 
112 -33.09431384  136.46715443 -33.09431801  136.46711751  22 
114 -33.09426804  136.46706852 -33.09423533  136.46707207  22 
120 Linear Feature 17
112 -33.09412826  136.46702734 -33.09412410  136.46703799  22 
112 -33.09413659  136.46709266 -33.09414848  136.46709905  22 
112 -33.09418477  136.46709550 -33.09419547  136.46708201  22 
112 -33.09420261  136.46704225 -33.09419547  136.46702308  22 
112 -33.09417347  136.46700036 -33.09415562  136.46699681  22 
114 -33.09413837  136.46700959 -33.09413123  136.46701527  22 
120 Linear Feature 20
111 -33.09309853  136.46689632   4 
115 -33.09297090  136.46702021 
14  -33.09392862  136.46823858    6 0 New Tower Viewpoint 9
15  -33.09353829  136.46796787 266.05 New Ramp Start 8
19  -33.09426685  136.46714307 1 New Windsock 7
51 12670 CTAF


130 Airport Boundary
111 -033.09855652  136.46076965
111 -033.08355331  136.46069336
111 -033.08772659  136.47167969
111 -033.09445953  136.46867371
113 -033.09455872  136.46856689
99
