A
1000 Generated by Infinite Flight Airport Editing (World Parser)/AB

1      450 0 0 YNGB Nagambie
100   29.87   3   0 0.25 0 0 0 02  -36.73964270  145.12414630    0.00    0.00 0  0 0 0 20  -36.73158046  145.12995452    0.00    0.00 0  0 0 0
110   3 1.00  30.00 New Taxiway 3
111 -36.73983332  145.12363871 
112 -36.74022261  145.12335849 -36.74031060  145.12337417 
112 -36.74033574  145.12357023 -36.74032317  145.12365650 
112 -36.74014091  145.12404862 -36.74011577  145.12411136 
112 -36.74007806  145.12415057 -36.74007177  145.12411136 
112 -36.73995865  145.12409568 -36.73990837  145.12411136 
111 -36.73800451  145.12551786 
112 -36.73791921  145.12570744 -36.73791921  145.12575068 
112 -36.73805781  145.12594026 -36.73806048  145.12596022 
111 -36.73808980  145.12608328 
111 -36.73704762  145.12644581 
112 -36.73703963  145.12633605 -36.73701830  145.12634935 
111 -36.73118128  145.13048754 
112 -36.73106421  145.13036581 -36.73100567  145.13020026 
112 -36.73099396  145.12989350 -36.73107591  145.12978151 
111 -36.73681201  145.12573791 
112 -36.73669254  145.12556292 -36.73659905  145.12553051 
112 -36.73545115  145.12502498 -36.73541998  145.12502498 
112 -36.73452346  145.12559546 -36.73444050  145.12566447 
112 -36.73431605  145.12556095 -36.73424692  145.12544881 
111 -36.73407409  145.12471557 
112 -36.73414322  145.12462931 -36.73419161  145.12461205 
112 -36.73502813  145.12431876 -36.73510418  145.12431876 
112 -36.73521479  145.12443090 -36.73522171  145.12446541 
112 -36.73539454  145.12480183 -36.73542911  145.12485359 
112 -36.73586465  145.12500887 -36.73592687  145.12496573 
111 -36.73694314  145.12425838 
112 -36.73719893  145.12426700 -36.73725424  145.12439640 
111 -36.73747547  145.12493986 
112 -36.73759991  145.12504337 -36.73764139  145.12506925 
114 -36.73773670  145.12511858 -36.73774241  145.12511145 
14  -36.73675822  145.12487759    6 0 New Tower Viewpoint 4
15  -36.73768334  145.12599478 313.15 New Ramp Start 1
19  -36.73614656  145.12544307 0 New Windsock 2
19  -36.73227699  145.12875619 0 New Windsock 3
51 12110 CTAF


130 Airport Boundary
111 -036.74033737  145.12356567
111 -036.74022293  145.12335205
111 -036.73502731  145.12431335
111 -036.73414230  145.12463379
111 -036.73407364  145.12471008
111 -036.73099518  145.12989807
111 -036.73106384  145.13037109
111 -036.73118210  145.13049316
111 -036.73809052  145.12608337
111 -036.74007797  145.12414551
113 -036.74013901  145.12405396
99
