A
1000 Generated by Infinite Flight Airport Editing (World Parser)/AB

1       99 0 0 YMUM MUMEKA
100   49.99   4   0 0.25 0 0 0 7   -12.36048335  134.13692191    0.00    0.00 0  0 0 0 25  -12.35823300  134.14385100    0.00    0.00 0  0 0 0
110   4 0.25   0.00 New Taxiway 16
111 -12.36040532  134.13692943 
112 -12.36087923  134.13578364 -12.36098007  134.13569074 
112 -12.36114140  134.13568042 -12.36120190  134.13572171 
112 -12.36127248  134.13565977 -12.36134307  134.13551526 
112 -12.36158774  134.13518169 -12.36180957  134.13509085 
112 -12.36207577  134.13530659 -12.36218669  134.13535201 
112 -12.36256381  134.13556775 -12.36264145  134.13557910 
111 -12.36285219  134.13559046 
112 -12.36385223  134.13515781 -12.36385223  134.13534067 
112 -12.36336505  134.13582278 -12.36343001  134.13592252 
112 -12.36347873  134.13635475 -12.36328386  134.13640462 
112 -12.36313770  134.13663736 -12.36289411  134.13667061 
112 -12.36256933  134.13663736 -12.36235822  134.13647112 
112 -12.36208215  134.13652099 -12.36182232  134.13668723 
112 -12.36156249  134.13690335 -12.36146505  134.13695322 
112 -12.36102659  134.13721921 -12.36096163  134.13723583 
112 -12.36070181  134.13735220 -12.36060437  134.13746857 
113 -12.36034454  134.13753507 
111 -12.36114323  134.13703222 
112 -12.36154586  134.13680740 -12.36159466  134.13676993 
112 -12.36193629  134.13650764 -12.36196069  134.13647017 
111 -12.36221691  134.13635776 
112 -12.36224131  134.13592060 -12.36229011  134.13573325 
111 -12.36241212  134.13558337 
112 -12.36210710  134.13543349 -12.36193629  134.13533357 
113 -12.36165567  134.13528361 
14  -12.36254633  134.13613293    6 0 New Tower Viewpoint 24
15  -12.36094802  134.13699475   0.00 New Ramp Start 22
19  -12.35997195  134.13678242 0 New Windsock 23


130 Airport Boundary
111 -012.36385250  134.13516235
111 -012.36158752  134.13517761
111 -012.36087894  134.13578796
111 -012.36040497  134.13693237
111 -012.35823345  134.14384460
113 -012.36347866  134.13635254
99
