I
1050 Generated by WorldEditor 2.2.0r2

1     16 0 0 SNVB Valenca
100 29.87 1 0 0.25 0 1 0 04 -13.30430887 -038.99442899    0   61 2 0 0 0 22 -13.28852020 -038.99042781    0   62 2 0 0 0
110 1 0.25 0.0000 New Taxiway 1
111 -13.28927818 -038.99048281 3
112 -13.28911528 -038.99035967 -13.28904615 -038.99026388
111 -13.28911528 -038.99035967 3
111 -13.28905680 -038.99022962
112 -13.28905680 -038.99022962 -13.28898767 -038.99008756 3
111 -13.28883607 -038.99007046 3
112 -13.28855340 -038.99029757 -13.28848636 -038.99054725
113 -13.28855340 -038.99029757
110 2 0.25 0.0000 New Taxiway 3
111 -13.30347072 -038.99184660 20
111 -13.30219144 -038.99151890 3
111 -13.30203457 -038.99229935 3
111 -13.30286917 -038.99250095
113 -13.30329551 -038.99261426 3
110 1 0.25 0.0000 New Taxiway 5
111 -13.30286917 -038.99250095 3
112 -13.30304293 -038.99280017 -13.30300372 -038.99304195
111 -13.30304293 -038.99280017 3
111 -13.30289068 -038.99335105 3
111 -13.30280742 -038.99365231
112 -13.30280742 -038.99365231 -13.30272748 -038.99386774 3
111 -13.30248598 -038.99383166
111 -13.30319581 -038.99401127 3
112 -13.30299169 -038.99375046 -13.30297812 -038.99354613
111 -13.30299169 -038.99375046 3
111 -13.30308509 -038.99340119 3
113 -13.30329551 -038.99261426
110 1 0.25 0.0000 New Taxiway 4
111 -13.30347072 -038.99184660
111 -13.30348873 -038.99177770 20
111 -13.30220692 -038.99145745
113 -13.30219144 -038.99151890
110 1 0.00 0.0000 New Taxiway 2
111 -13.30358598 -038.99438564 3
112 -13.30371409 -038.99448240 -13.30375146 -038.99454538
111 -13.30371409 -038.99448240 3
111 -13.30375287 -038.99456719
112 -13.30375287 -038.99456719 -13.30382579 -038.99474233 3
111 -13.30396751 -038.99475783 3
112 -13.30427097 -038.99455894 -13.30432490 -038.99433725
113 -13.30427097 -038.99455894
130 Airport Boundary 1
111 -13.30079979 -038.99459558
111 -13.30552123 -038.99572524
111 -13.30594414 -038.99397039
111 -13.30458322 -038.99362805
111 -13.30441914 -038.99134058
111 -13.30126142 -038.99071359
111 -13.30073592 -038.99251852
111 -13.28766476 -038.98936374
113 -13.28735136 -038.99105242
120 Runway Hold 01
111 -13.30308509 -038.99340119 4
115 -13.30289068 -038.99335105
120 Linear Feature 2
111 -13.28990744 -038.99077099 1
111 -13.28920920 -038.99058008 1
112 -13.28901061 -038.99043156 -13.28896174 -038.99033671
111 -13.28901061 -038.99043156 1
111 -13.28896092 -038.99030697
112 -13.28896092 -038.99030697 -13.28890768 -038.99020831 1
111 -13.28884436 -038.99019716 1
116 -13.28866688 -038.99032145 -13.28862324 -038.99047093
120 Linear Feature 13
111 -13.30279996 -038.99237868 1
112 -13.30287155 -038.99226249 -13.30288377 -038.99218536 1
115 -13.30283780 -038.99211793
120 Linear Feature 8
111 -13.30243464 -038.99228586 1
112 -13.30242439 -038.99215570 -13.30243696 -038.99209371 1
111 -13.30251476 -038.99203730 1
115 -13.30256672 -038.99174792
120 Linear Feature 1
111 -13.30318038 -038.99265385 1
111 -13.30321549 -038.99252173 1
111 -13.30326687 -038.99240973 1
115 -13.30337528 -038.99193994
120 Linear Feature 3
111 -13.30307241 -038.99412791 1
111 -13.30363343 -038.99427440 1
112 -13.30382742 -038.99442905 -13.30389437 -038.99454754
111 -13.30382742 -038.99442905 1
111 -13.30388675 -038.99455924
112 -13.30388675 -038.99455924 -13.30391832 -038.99461970 1
111 -13.30397722 -038.99463770 1
116 -13.30416256 -038.99453050 -13.30422756 -038.99438898
120 Linear Feature 9
111 -13.30221229 -038.99148956 22
115 -13.30341296 -038.99179304
120 Linear Feature 11
111 -13.30196569 -038.99382829 1
111 -13.30249986 -038.99394948
112 -13.30249986 -038.99394948 -13.30279485 -038.99398443 1
115 -13.30289456 -038.99371830
120 Linear Feature 10
111 -13.30247924 -038.99229671 1
112 -13.30255140 -038.99218816 -13.30256292 -038.99212358 1
115 -13.30251476 -038.99203730
120 Linear Feature 6
111 -13.30224379 -038.99166521 1
111 -13.30218988 -038.99195996 1
112 -13.30223038 -038.99210687 -13.30221729 -038.99218938 1
111 -13.30216055 -038.99221923 1
111 -13.30212314 -038.99221202 1
112 -13.30209945 -038.99207458 -13.30211167 -038.99201538 1
115 -13.30218988 -038.99195996
120 Linear Feature 7
111 -13.30216055 -038.99221923 1
111 -13.30243464 -038.99228586 1
111 -13.30247924 -038.99229671 1
111 -13.30275174 -038.99236433 1
111 -13.30279996 -038.99237868 1
111 -13.30305672 -038.99244080 1
112 -13.30318038 -038.99265385 -13.30315913 -038.99282489
111 -13.30318038 -038.99265385 1
111 -13.30289456 -038.99371830
112 -13.30289456 -038.99371830 -13.30284479 -038.99400192 1
111 -13.30314109 -038.99412676 1
115 -13.30346307 -038.99421400
120 Linear Feature 12
111 -13.30275174 -038.99236433 1
112 -13.30274674 -038.99223809 -13.30276068 -038.99217269 1
111 -13.30283780 -038.99211793 1
115 -13.30289058 -038.99183039
14 -13.30285344 -038.99141362  82.02 0 Tower Viewpoint
1300 -13.30224379 -038.99166521 100.26 gate jets|turboprops|props Gate 01
1301 C airline 
1300 -13.30256672 -038.99174792  99.52 gate jets|turboprops|props Gate 02
1301 C airline 
1300 -13.30289058 -038.99183039 100.33 gate jets|turboprops|props Gate 03
1301 C airline 
1300 -13.30337528 -038.99193994 104.93 gate jets|turboprops|props Gate 04
1301 C airline 
18 -13.30313643 -038.99148745 1 BCN
51 12880 Valenca Unicom 
99
