A
1000 Generated by Infinite Flight Airport Editing (World Parser)/AB

1     2250 0 0 HI13 [X] Puu Waa Waa Ranch
100   10.97   1   0 1.00 0 0 0 02   19.78894911 -155.85036658    0.00    0.00 0  0 0 0 20   19.79508827 -155.84570233    0.00    0.00 0  0 0 0
110   1 1.00  35.56 New Taxiway 127
111  19.78932629 -155.85001924 
112  19.78934646 -155.84991115  19.78934471 -155.84988133 
112  19.78931226 -155.84979839  19.78929736 -155.84977137 
111  19.78918512 -155.84963904 
112  19.78921581 -155.84960084  19.78919828 -155.84959338 
112  19.78918951 -155.84957195  19.78918951 -155.84956170 
112  19.78920529 -155.84952535  19.78921932 -155.84950672 
111  19.78924738 -155.84948156 
111  19.78941688 -155.84936277 
111  19.78944871 -155.84941197 
112  19.78948343 -155.84936482  19.78948343 -155.84936379 
112  19.78950947 -155.84934329  19.78951815 -155.84933919 
112  19.78955867 -155.84933201  19.78961075 -155.84934739 
112  19.78962618 -155.84937712  19.78964547 -155.84937507 
111  19.78966958 -155.84935867 
111  19.78968405 -155.84940787 
112  19.78962329 -155.84945912  19.78961750 -155.84947040 
112  19.78963390 -155.84952678  19.78966862 -155.84953600 
112  19.78982998 -155.84954954  19.78986287 -155.84955856 
112  19.78991380 -155.84957434  19.78992335 -155.84957434 
111  19.78990263 -155.84963274 
111  19.78974392 -155.84960292 
112  19.78962555 -155.84960851  19.78958872 -155.84963461 
111  19.78945632 -155.84974177 
112  19.78941686 -155.84984800  19.78941248 -155.84989460 
112  19.78946596 -155.84991603  19.78948174 -155.84991137 
113  19.78949227 -155.84999338 
112  19.78956855 -155.84958988  19.78958697 -155.84956658 
112  19.78954751 -155.84949949  19.78952646 -155.84947433 
111  19.78950630 -155.84949017 
111  19.78952997 -155.84952185 
111  19.78934584 -155.84965138 
111  19.78933005 -155.84962436 
112  19.78930726 -155.84964486  19.78930199 -155.84965790 
112  19.78933707 -155.84970077  19.78934934 -155.84971195 
113  19.78941335 -155.84969891 
120 Linear Feature 130
111  19.78949183 -155.84936041   1 
116  19.78948384 -155.84942685  19.78945684 -155.84945350 
120 Linear Feature 131
111  19.78929507 -155.84967510   1 
112  19.78926806 -155.84960233  19.78928060 -155.84957568   1 
115  19.78928060 -155.84957568 
120 Linear Feature 129
111  19.78956100 -155.84947195   1 
112  19.78948384 -155.84942685  19.78944912 -155.84945042   1 
115  19.78919511 -155.84964130 
14   19.78925520 -155.84977139    6 0 New Tower Viewpoint 101
15   19.78923474 -155.84964087 297.29 New Ramp Start 100
19   19.78998753 -155.84935083 0 New Windsock 102


130 Airport Boundary
111  019.78894997 -155.85037231
111  019.78949165 -155.84999084
111  019.79508781 -155.84570313
111  019.78941727 -155.84936523
111  019.78924751 -155.84948730
113  019.78920555 -155.84951782
99
