I
1050 Generated by WorldEditor 2.2.0r2

1    352 1 0 VOTP Tirupati
100 45.11 1 0 0.25 0 2 0 08  13.63109298  079.53317222    0   59 3 7 0 0 26  13.63413619  079.55404241    0   59 3 7 0 0
110 1 0.00 0.0000 RWY Shoulder
111  13.63165562  079.53835497
111  13.63157806  079.53834710
111  13.63387188  079.55408575
113  13.63393832  079.55407431
110 1 0.00 0.0000 RWY Shoulder
111  13.63321587  079.54585190
111  13.63290880  079.54374917
112  13.63290880  079.54374917  13.63291327  079.54355995
111  13.63308423  079.54351212
111  13.63379025  079.54342466
112  13.63379025  079.54342466  13.63398211  079.54342219
111  13.63402395  079.54358905
111  13.63402824  079.54369389
111  13.63478366  079.54359062
111  13.63462634  079.54255025
111  13.63388099  079.54264608
111  13.63390542  079.54282940
112  13.63374410  079.54307204  13.63358944  079.54311748
111  13.63374410  079.54307204
111  13.63303895  079.54317199
112  13.63280203  079.54299964  13.63273436  079.54278573
111  13.63280203  079.54299964
111  13.63135462  079.53312863
111  13.63127849  079.53313985
111  13.63316440  079.54605293
111  13.63324340  079.54604041
111  13.63322660  079.54592532
111  13.63458633  079.54572811
111  13.63459811  079.54586083
111  13.63525301  079.54577945
111  13.63518610  079.54524428
111  13.63511633  079.54525560
111  13.63497771  079.54413680
111  13.63493242  079.54414274
111  13.63505814  079.54525538
111  13.63453791  079.54533713
113  13.63457652  079.54564933
111  13.63507572  079.54573376
111  13.63492491  079.54575159
111  13.63486251  079.54532530
113  13.63502371  079.54530033
110 1 0.00 0.0000 RWY Shoulder
111  13.63396120  079.55094861
111  13.63381018  079.54992901
111  13.63373602  079.54994164
111  13.63433299  079.55402872
111  13.63481395  079.55395974
111  13.63472670  079.55337285
111  13.63426491  079.55299913
111  13.63396954  079.55099932
111  13.63443743  079.55091352
111  13.63463309  079.55088330
111  13.63474119  079.55087818
111  13.63476316  079.55102760
111  13.63486251  079.55101089
111  13.63483385  079.55080249
113  13.63443181  079.55086981
110 1 0.00 0.0000 RWY Shoulder
111  13.63362153  079.54917364
111  13.63370054  079.54916112
111  13.63336111  079.54684708
113  13.63328364  079.54686091
110 2 0.00 0.0000 Apron 1 taxiway
111  13.63362153  079.54917364
111  13.63373602  079.54994164
111  13.63381018  079.54992901
112  13.63381018  079.54992901  13.63380784  079.54989292
111  13.63381870  079.54987676
112  13.63381870  079.54987676  13.63402897  079.54975228
111  13.63430197  079.54968569
111  13.63443739  079.54966364
111  13.63592279  079.54941979
111  13.63725709  079.54923495
111  13.63673425  079.54573016
111  13.63552843  079.54591622
111  13.63501596  079.54599136
111  13.63427778  079.54610202
111  13.63367901  079.54615667
112  13.63339550  079.54615429  13.63322275  079.54613619
111  13.63339550  079.54615429
112  13.63325950  079.54609421  13.63323370  079.54605862
111  13.63325950  079.54609421
111  13.63324340  079.54604041
111  13.63316440  079.54605293
111  13.63328364  079.54686091
111  13.63336111  079.54684708
111  13.63335147  079.54677556
111  13.63342457  079.54672341
112  13.63376384  079.54655199  13.63394789  079.54649439
111  13.63376384  079.54655199
111  13.63422000  079.54651103
111  13.63499165  079.54645645
112  13.63516129  079.54650673  13.63521055  079.54657134
111  13.63516129  079.54650673
111  13.63519725  079.54658643
112  13.63530144  079.54693081  13.63534085  079.54711665
111  13.63530144  079.54693081
111  13.63535160  079.54727938
111  13.63547083  079.54812975
111  13.63548854  079.54840298
111  13.63549628  079.54866028
112  13.63549628  079.54866028  13.63547523  079.54880010
112  13.63538343  079.54898815  13.63530931  079.54911479
111  13.63538343  079.54898815
111  13.63530045  079.54901320
111  13.63465322  079.54918625
111  13.63420735  079.54928188
112  13.63371792  079.54923144  13.63362738  079.54916110
111  13.63371792  079.54923144
113  13.63370054  079.54916112
110 2 0.00 0.0000 West Apron 1A
111  13.63402824  079.54369389
111  13.63409220  079.54425289
111  13.63493242  079.54414274
111  13.63495489  079.54413979
111  13.63497771  079.54413680
111  13.63532851  079.54409081
111  13.63509405  079.54247669
111  13.63462634  079.54255025
113  13.63478366  079.54359062
110 2 0.00 0.0000 Isolation bay
111  13.63155766  079.53768066
111  13.63148120  079.53772082
111  13.63136755  079.53778052
111  13.63091770  079.53789273
111  13.63058251  079.53796209
111  13.62939137  079.53813324
111  13.62808605  079.53831959
111  13.62826884  079.53955400
111  13.62952237  079.53933495
111  13.62950551  079.53872477
112  13.62950551  079.53872477  13.62951682  079.53862484
111  13.62967406  079.53857184
111  13.63099657  079.53835304
111  13.63144552  079.53833445
111  13.63157806  079.53834710
113  13.63165562  079.53835497
110 1 0.00 0.0000 New Taxiway 10
111  13.63090937  079.53319604 3 102
111  13.63048046  079.53326062 102
111  13.63042307  079.53326926
111  13.63050975  079.53385133
111  13.63097957  079.53422577
111  13.63120419  079.53580542
111  13.63133163  079.53670166
111  13.63148120  079.53772082
113  13.63155766  079.53768066
110 2 0.00 0.0000 Decommisioned Back track pad
111  13.63120419  079.53580542
111  13.63113239  079.53583172
112  13.63113239  079.53583172  13.63084883  079.53602436
111  13.63093313  079.53629699
112  13.63093313  079.53629699  13.63101306  079.53656849
112  13.63125283  079.53663496  13.63130415  079.53666300
113  13.63133163  079.53670166
130 Airport Boundary
111  13.63241909  079.55608049
111  13.63360541  079.55604561
111  13.63453957  079.56214028
111  13.63329676  079.56234373
111  13.63367808  079.56504673
111  13.63559879  079.56478031
111  13.63635672  079.56466406
111  13.63618254  079.56342396
111  13.63716172  079.56325926
111  13.63542722  079.55160692
111  13.63519294  079.55008011
111  13.63801408  079.54963813
111  13.63739909  079.54580102
111  13.63703791  079.54582111
111  13.63693053  079.54559008
111  13.63585809  079.54569612
111  13.63541204  079.54197481
111  13.63598637  079.54187793
111  13.63531788  079.53730507
111  13.63397903  079.53749109
111  13.63137216  079.51871004
111  13.63126641  079.51810638
111  13.62711994  079.51834845
111  13.62740108  079.52225372
111  13.62837335  079.52793082
111  13.62966190  079.53726006
111  13.62719023  079.53769394
111  13.62771736  079.54090010
111  13.63016561  079.54069520
111  13.63077474  079.54487768
111  13.63086845  079.54636024
113  13.63177044  079.55141056
120 Hold Short Line (IB)
111  13.63092720  079.53795804 54
111  13.63095438  079.53813381 54
115  13.63097861  079.53829053
120 Linear Feature 1
111  13.63432271  079.54960443 54
115  13.63428362  079.54934544
120 Linear Feature 3
111  13.63381159  079.54648787 54
115  13.63378237  079.54620266
120 Linear Feature 4
111  13.63341919  079.54339672 54 103
115  13.63339356  079.54319459
120 Linear Feature 3
111  13.63588338  079.54881548 1
116  13.63579264  079.54897354  13.63578853  079.54909947
120 Linear Feature 2
112  13.63641225  079.54914754  13.63655159  079.54908901 1
111  13.63655627  079.54895711 1
112  13.63633238  079.54875601  13.63610773  079.54874584
111  13.63633238  079.54875601 1
111  13.63630172  079.54876007 1
115  13.63588338  079.54881548
120 Taxi line
111  13.63338745  079.54886070 1
111  13.63347214  079.54942439
112  13.63347214  079.54942439  13.63352717  079.54957317 1
111  13.63365520  079.54957058 1
111  13.63430274  079.54948202 1
111  13.63482863  079.54937179 1
111  13.63539756  079.54927117 1
111  13.63568437  079.54924465 1
111  13.63580650  079.54923335 1
111  13.63615269  079.54918690 1
111  13.63641225  079.54914754 1
111  13.63673752  079.54910098 1
115  13.63677563  079.54909553
120 Linear Feature 4
111  13.63683314  079.54851944 1
111  13.63667527  079.54853958 1
111  13.63618718  079.54860186 1
116  13.63574190  079.54861738  13.63552170  079.54881920
120 Linear Feature 7
111  13.63582971  079.54755001 1
115  13.63640510  079.54745687
120 Linear Feature 11
111  13.63635882  079.54708953 1
111  13.63659349  079.54704659 1
115  13.63663345  079.54703927
120 Linear Feature 7
111  13.63578722  079.54719536 1
111  13.63629231  079.54710184 1
115  13.63635882  079.54708953
120 Linear Feature 6
111  13.63673153  079.54787457 1
111  13.63660621  079.54789417 1
111  13.63609356  079.54797437 1
116  13.63565260  079.54799051  13.63542673  079.54818666
120 Linear Feature 8
111  13.63578722  079.54719536 1
116  13.63553535  079.54716754  13.63536016  079.54724373
120 Linear Feature 7
111  13.63573844  079.54683348 1
111  13.63624599  079.54673291 1
115  13.63630675  079.54672087
120 Linear Feature 8
111  13.63582971  079.54755001 1
116  13.63558554  079.54751985  13.63541036  079.54759605
120 Linear Feature 5
111  13.63655627  079.54895711 1
111  13.63649660  079.54852023 1
112  13.63626163  079.54834874  13.63607058  079.54833043
111  13.63626163  079.54834874 1
111  13.63624491  079.54835030 1
111  13.63587196  079.54841023 1
116  13.63573721  079.54858440  13.63572903  079.54873479
120 Linear Feature 9
111  13.63582971  079.54755001 1
116  13.63560556  079.54766036  13.63541493  079.54764997
120 Linear Feature 8
111  13.63573844  079.54683348 1
116  13.63548399  079.54680704  13.63530881  079.54688323
120 Linear Feature 9
111  13.63578722  079.54719536 1
116  13.63555507  079.54730596  13.63536444  079.54729557
120 Linear Feature 15
111  13.63579264  079.54897354 1
111  13.63574190  079.54861738 1
111  13.63573721  079.54858440 1
111  13.63565260  079.54799051 1
111  13.63560556  079.54766036 1
111  13.63558554  079.54751985 1
111  13.63555507  079.54730596 1
111  13.63553535  079.54716754 1
111  13.63550352  079.54694407 1
111  13.63548399  079.54680704 1
115  13.63543707  079.54647768
120 Linear Feature 12
112  13.63538060  079.54634367  13.63548041  079.54648687 1
111  13.63567871  079.54645498 1
111  13.63618807  079.54635811 1
115  13.63624391  079.54634750
120 Linear Feature 16
111  13.63543707  079.54647768 1
112  13.63542563  079.54643831  13.63541731  079.54641436
111  13.63542563  079.54643831
112  13.63542563  079.54643831  13.63541698  079.54641342 1
112  13.63538060  079.54634367  13.63535846  079.54630804
111  13.63538060  079.54634367
112  13.63538060  079.54634367  13.63533086  079.54626361 1
116  13.63510728  079.54620537  13.63495164  079.54619759
120 Linear Feature 13
112  13.63542563  079.54643831  13.63557496  079.54633719 1
115  13.63567871  079.54645498
120 Linear Feature 9
111  13.63573844  079.54683348 1
116  13.63550352  079.54694407  13.63531288  079.54693369
120 Linear Feature 5
112  13.63302509  079.54634462  13.63307894  079.54643896 1
111  13.63317019  079.54643893 1
116  13.63305810  079.54658301  13.63304146  079.54670217
120 Linear Feature 5
111  13.63418936  079.54360413 1
111  13.63422985  079.54402380
112  13.63422985  079.54402380  13.63438059  079.54410592 1
111  13.63445685  079.54399041 1
111  13.63489907  079.54393197 1
111  13.63495218  079.54392495
112  13.63495218  079.54392495  13.63509938  079.54389561 1
111  13.63508205  079.54372520 1
116  13.63494016  079.54352277  13.63480360  079.54348262
120 Linear Feature 1
111  13.63510728  079.54620537 1
111  13.63379861  079.54635786 1
115  13.63366002  079.54637376
120 Linear Feature 4
111  13.63366002  079.54637376 1
115  13.63317019  079.54643893
120 Linear Feature 7
111  13.63305810  079.54658301 1
115  13.63311127  079.54694185
120 Linear Feature 6
111  13.63302509  079.54634462 1
115  13.63298304  079.54604401
120 Linear Feature 8
111  13.63365520  079.54957058 1
112  13.63351762  079.54976298  13.63351010  079.54993398
111  13.63351762  079.54976298 1
115  13.63360160  079.55032253
120 Linear Feature 14
111  13.63285545  079.54336564 1
115  13.63340707  079.54329981
120 Linear Feature 16
111  13.63383018  079.54323609 1
111  13.63396636  079.54321351
112  13.63396636  079.54321351  13.63409474  079.54315170 1
111  13.63410900  079.54303182 1
115  13.63408039  079.54276838
120 Linear Feature 17
112  13.63408039  079.54276838  13.63418794  079.54270796 1
111  13.63427782  079.54279566 1
111  13.63471324  079.54272691 1
111  13.63476561  079.54271864
112  13.63476561  079.54271864  13.63496296  079.54271155 1
111  13.63498273  079.54288288 1
116  13.63484798  079.54311661  13.63469056  079.54318874
120 Linear Feature 13
111  13.63285545  079.54336564 1
112  13.63256252  079.54316222  13.63249185  079.54292367
111  13.63256252  079.54316222 1
115  13.63251430  079.54282978
120 Linear Feature 4
112  13.63396636  079.54321351  13.63411341  079.54321047 1
111  13.63416115  079.54336447 1
111  13.63418936  079.54360413
112  13.63418936  079.54360413  13.63433433  079.54372171 1
111  13.63443696  079.54358363 1
111  13.63485558  079.54353300 1
111  13.63494016  079.54352277
112  13.63494016  079.54352277  13.63504122  079.54343565 1
111  13.63502450  079.54331339 1
116  13.63484798  079.54311661  13.63468624  079.54308815
120 Linear Feature 18
112  13.63396636  079.54321351  13.63402964  079.54320652 1
112  13.63409895  079.54322918  13.63415497  079.54324942
111  13.63409895  079.54322918 1
115  13.63484798  079.54311661
120 Linear Feature 15
111  13.63340707  079.54329981 1
115  13.63383018  079.54323609
120 Linear Feature 3
112  13.63624391  079.54634750  13.63636692  079.54635313 1
115  13.63639846  079.54646500
120 Linear Feature 4
111  13.63641408  079.54657671 1
116  13.63630675  079.54672087  13.63622129  079.54677408
120 Linear Feature 5
111  13.63644644  079.54680803 1
116  13.63630675  079.54672087  13.63620737  079.54669717
120 Linear Feature 6
112  13.63635882  079.54708953  13.63644194  079.54704676 1
115  13.63646732  079.54695729
120 Linear Feature 10
111  13.63630675  079.54672087 1
111  13.63654409  079.54667668 1
115  13.63657861  079.54667026
120 Linear Feature 12
111  13.63640510  079.54745687 1
111  13.63664980  079.54741747 1
115  13.63667902  079.54741276
120 Linear Feature 9
111  13.63652213  079.54629952 1
111  13.63648911  079.54630522 1
115  13.63624391  079.54634750
120 Linear Feature 8
111  13.63651635  079.54730781 1
116  13.63640510  079.54745687  13.63629838  079.54749176
120 Linear Feature 7
111  13.63649772  079.54717464 1
116  13.63635882  079.54708953  13.63626489  079.54708824
120 Linear Feature 2
111  13.63639846  079.54646500 1
111  13.63641408  079.54657671 1
111  13.63644644  079.54680803 1
111  13.63646732  079.54695729 1
111  13.63649772  079.54717464 1
115  13.63651635  079.54730781
120 Linear Feature 1
111  13.63285545  079.54336564 1
112  13.63262719  079.54362966  13.63264208  079.54382249
111  13.63262719  079.54362966 1
115  13.63268800  079.54407405
120 Linear Feature 3
111  13.63392628  079.55251683 1
111  13.63399201  079.55295598 1
111  13.63441511  079.55351487 1
111  13.63444430  079.55371492
112  13.63444430  079.55371492  13.63440918  079.55392734 1
111  13.63423595  079.55392492
112  13.63423595  079.55392492  13.63398696  079.55392821 1
111  13.63399441  079.55373878
112  13.63399441  079.55373878  13.63399430  079.55361343 1
112  13.63404510  079.55349932  13.63405093  079.55341103
111  13.63404510  079.55349932 1
115  13.63399566  079.55316554
120 Linear Feature 7
111  13.63579264  079.54897354 1
111  13.63580957  079.54910272 1
116  13.63568437  079.54924465  13.63558328  079.54927059
120 Linear Feature 9
112  13.63158169  079.53801514  13.63177329  079.53801852 1
115  13.63182068  079.53820204
120 Linear Feature 8
111  13.63175038  079.53773286 1
112  13.63158169  079.53801514  13.63139776  079.53807147
111  13.63158169  079.53801514 1
111  13.63095438  079.53813381 1
111  13.63002613  079.53827676 1
111  13.62946704  079.53835249 1
111  13.62854837  079.53850566
112  13.62854837  079.53850566  13.62836198  079.53863666 1
111  13.62838983  079.53895067
112  13.62838983  079.53895067  13.62844792  079.53924999 1
111  13.62870161  079.53923606 1
111  13.62927486  079.53916209
112  13.62927486  079.53916209  13.62935328  079.53910924 1
112  13.62936756  079.53898688  13.62937643  079.53889365
111  13.62936756  079.53898688 1
111  13.62934450  079.53855140
112  13.62934450  079.53855140  13.62935518  079.53839464 1
115  13.62946704  079.53835249
120 Linear Feature 15
111  13.63130573  079.53470646 1
111  13.63124447  079.53428495 1
111  13.63081858  079.53373180 1
111  13.63078683  079.53350648
112  13.63078683  079.53350648  13.63081310  079.53333074 1
111  13.63099047  079.53329243
112  13.63099047  079.53329243  13.63122755  079.53327522 1
111  13.63124228  079.53353127 1
111  13.63118535  079.53378137 1
115  13.63124557  079.53416328
120 Linear Feature 4
111  13.63495489  079.54413979 22
115  13.63508793  079.54525645
120 Linear Feature 3
111  13.63324204  079.54588315 22
115  13.63457361  079.54568946
120 Linear Feature 1
111  13.63443181  079.55086981 20
115  13.63443743  079.55091352
120 Linear Feature 12
111  13.63048046  079.53326062 3 102
115  13.63056130  079.53381022
120 Linear Feature 14
111  13.63056130  079.53381022 3 102
115  13.63104327  079.53418155
120 Linear Feature 6
111  13.62934401  079.53821731 3
111  13.62816048  079.53838629 3
111  13.62831595  079.53946554 3
111  13.62946444  079.53927628 3
111  13.62943707  079.53868145
112  13.62943707  079.53868145  13.62949638  079.53856567 3
112  13.62965714  079.53851134  13.62976485  079.53848618
111  13.62965714  079.53851134 3
111  13.63056695  079.53836038 3
111  13.63097861  079.53829053 3
111  13.63104868  079.53828152 3
111  13.63146582  079.53826575 3
115  13.63164977  079.53831472
120 Linear Feature 5
111  13.63156264  079.53771495 3
111  13.63140991  079.53782021 3
111  13.63098561  079.53794346 3
111  13.63092720  079.53795804 3
111  13.63055600  079.53803368 3
115  13.62934401  079.53821731
120 Linear Feature 1
112  13.63372928  079.54989643  13.63380609  079.54975042 3 102
112  13.63414841  079.54964782  13.63428391  079.54960546
111  13.63414841  079.54964782 3 102
111  13.63432271  079.54960443 3 102
111  13.63536010  079.54939817 3 102
111  13.63617819  079.54929055 3 102
111  13.63704015  079.54916211 3
111  13.63655386  079.54582874 3 102
111  13.63526646  079.54603115 3 102
111  13.63428962  079.54616122 3 102
111  13.63378237  079.54620266 3 102
111  13.63367528  079.54621141
112  13.63367528  079.54621141  13.63351128  079.54622246 3 102
116  13.63317122  079.54609917  13.63297221  079.54593949
120 Linear Feature 2
112  13.63326974  079.54676674  13.63345189  079.54660218 3 102
112  13.63371203  079.54649827  13.63389424  079.54642879
111  13.63371203  079.54649827 3 102
111  13.63381159  079.54648787 3 102
111  13.63505112  079.54637014
112  13.63505112  079.54637014  13.63521043  079.54638701 3 102
111  13.63527321  079.54651333
112  13.63527321  079.54651333  13.63530425  079.54657649 3 102
111  13.63533084  079.54663917
112  13.63533084  079.54663917  13.63537333  079.54676780 3 102
112  13.63540253  079.54693858  13.63542532  079.54708242
111  13.63540253  079.54693858 3 102
111  13.63553045  079.54785272
112  13.63553045  079.54785272  13.63557145  079.54819224 3 102
111  13.63559370  079.54853399
112  13.63559370  079.54853399  13.63560184  079.54869164 3 102
111  13.63556981  079.54880592
112  13.63556981  079.54880592  13.63552149  079.54897350 3 102
111  13.63541518  079.54907641 3 102
111  13.63492320  079.54920658 3 102
111  13.63428362  079.54934544 3 102
111  13.63408121  079.54936280 3 102
116  13.63363567  079.54926780  13.63343758  079.54916008
120 Linear Feature 12
112  13.63283237  079.54379072  13.63279909  079.54347522 3 102
111  13.63307563  079.54343694 3 102
111  13.63341919  079.54339672 3 102
111  13.63378377  079.54335260
112  13.63378377  079.54335260  13.63406839  079.54333795 3 102
111  13.63408597  079.54358604 3 102
111  13.63415556  079.54418266 3 102
111  13.63523452  079.54402950 3
111  13.63503516  079.54254939 3 102
111  13.63396793  079.54270185 3 102
111  13.63398467  079.54281814 3 102
112  13.63375446  079.54314332  13.63350622  079.54320111
111  13.63375446  079.54314332 3 102
111  13.63339356  079.54319459 3 102
111  13.63304548  079.54324403 3 102
116  13.63271236  079.54296366  13.63263948  079.54262819
120 Linear Feature 2
111  13.63433759  079.55402101 3 102
111  13.63475081  079.55396141 3 102
111  13.63467940  079.55341764 3 102
115  13.63418436  079.55303766
21  13.63193745  079.53576720 2 81.4400 3.00 08  PAPI-4L
21  13.63328416  079.55116145 2 261.4400 3.20 26  PAPI-4L
14  13.63548604  079.54430590  82.02 0 TWR Viewpoint
1300  13.63471324  079.54272691 351.00 gate jets|turboprops|props Stand 01
1301 C general_aviation 
1300  13.63485558  079.54353300 353.00 gate jets|turboprops|props Stand 02
1301 C general_aviation 
1300  13.63488821  079.54393342 353.00 gate jets|turboprops|props Stand 03
1301 C general_aviation 
1300  13.63673752  079.54910098 351.00 gate jets|turboprops|props Stand 04
1301 C airline 
1300  13.63630172  079.54876007 352.50 gate jets|turboprops|props Stand 05
1301 B airline 
1300  13.63667527  079.54853958 353.00 gate jets|turboprops|props Stand 06
1301 C airline 
1300  13.63624491  079.54835030  -8.87 gate jets|turboprops|props Stand 07
1301 B airline 
1300  13.63660621  079.54789417 351.00 gate jets|turboprops|props Stand 08
1301 C airline 
1300  13.63664980  079.54741747 351.00 gate jets|turboprops|props Stand 09
1301 C airline 
1300  13.63659349  079.54704659 350.00 gate jets|turboprops|props Stand 10
1301 C airline 
1300  13.63629231  079.54710184 350.00 gate jets|turboprops|props Stand 10A
1301 C airline 
1300  13.63654409  079.54667668 350.00 gate jets|turboprops|props Stand 11
1301 C airline 
1300  13.63624599  079.54673291 349.00 gate jets|turboprops|props Stand 11A
1301 C airline 
1300  13.63648911  079.54630522 350.00 gate jets|turboprops|props Stand 12
1301 C airline 
1300  13.63618807  079.54635811 349.00 gate jets|turboprops|props Stand 12A
1301 C airline 
18  13.63547711  079.54430609 1 Airport Beacon
19  13.63369478  079.54067391 1 WS
19  13.63300488  079.55139302 0 WS
54 11900 Tirupati Tower
54 12430 Tirupati Tower
99
