A
1000 Generated by Infinite Flight Airport Editing (World Parser)/AB

1      641 0 0 YEMC EIGHT MILE CREEK
100   22.86   4   0 0.25 0 0 0 7   -20.93504661  120.07992440    0.00    0.00 0  0 0 0 25  -20.93287032  120.08735975    0.00    0.00 0  0 0 0
110   4 0.25  72.60 New Taxiway 17
111 -20.93375721  120.08448004 
111 -20.93353499  120.08536827 
111 -20.93354981  120.08558239 
111 -20.93293407  120.08779021 
111 -20.93328962  120.08813916 
111 -20.93649695  120.08627546 
111 -20.93658584  120.08627546 
111 -20.93657102  120.08629925 
111 -20.93388065  120.08787424 
112 -20.93378288  120.08815340 -20.93376658  120.08825808 
111 -20.93387251  120.08847617 
111 -20.93599912  120.08979343 
111 -20.93579542  120.08982832 
112 -20.93332148  120.08830913 -20.93320462  120.08823168 
111 -20.93312114  120.08830317 
111 -20.93040449  120.08980003 
111 -20.93020921  120.08980003 
112 -20.93307347  120.08825667 -20.93313273  120.08821702 
111 -20.93311791  120.08812978 
112 -20.93268088  120.08769361 -20.93256978  120.08754293 
112 -20.93236237  120.08710676 -20.93228830  120.08674989 
112 -20.93110701  120.08446278 -20.93070776  120.08375618 
112 -20.92964768  120.08230169 -20.92910177  120.08154275 
111 -20.92866993  120.08089722 
111 -20.92836846  120.08046977 
112 -20.92856401  120.08053956 -20.92864549  120.08055700 
112 -20.92955665  120.08196616 -20.92981739  120.08231510 
112 -20.93165882  120.08510660 -20.93193585  120.08562129 
112 -20.93239312  120.08681093 -20.93249413  120.08720024 
111 -20.93268268  120.08745979 
112 -20.93265574  120.08725792 -20.93265574  120.08724350 
112 -20.93270288  120.08712094 -20.93272308  120.08704163 
112 -20.93289143  120.08658022 -20.93299244  120.08619090 
112 -20.93310691  120.08585926 -20.93316078  120.08569344 
112 -20.93328873  120.08536180 -20.93334260  120.08522482 
112 -20.93349747  120.08461200 -20.93351768  120.08453990 
113 -20.93365909  120.08437408 
111 -20.93334356  120.08818060 
111 -20.93377130  120.08844651 
112 -20.93370691  120.08821014 -20.93370691  120.08813628 
113 -20.93374370  120.08793931 
14  -20.93256819  120.08735539    6 0 New Tower Viewpoint 28
15  -20.93294073  120.08750312   0.00 New Ramp Start 26
19  -20.93263258  120.08711410 0 New Windsock 27


130 Airport Boundary
111 -020.93658638  120.08627319
111 -020.93504715  120.07992554
111 -020.92836761  120.08046722
111 -020.93021011  120.08979797
111 -020.93579483  120.08982849
113 -020.93599892  120.08979034
99
