A
1000 Generated by Infinite Flight Airport Editing (World Parser)/AB

1     2450 0 1 MM64 CUATRO CIENEGAS NEW
100   20.73   1   0 0.25 0 0 0 08   26.98965800 -102.03905000    0.00    0.00 2  0 0 0 26   26.99124400 -102.02655300    0.00    0.00 2  0 0 0
110   1 0.30  81.89 Default taxiway for RWY 08
111  26.98956790 -102.03903559   3 
111  26.98910403 -102.03896143   3 
111  26.99069058 -102.02646461   3 
111  26.99115445 -102.02653877 
112  26.99112814 -102.02674599  26.99113907 -102.02664203   3 
111  26.99102828 -102.02662431   3 
112  26.99088055 -102.02660069  26.99076976 -102.02658298   3 
111  26.99075660 -102.02668659   3 
111  26.98999621 -102.03267597   3 
111  26.99036775 -102.03273537 
111  26.99035460 -102.03283898   3 
111  26.98998306 -102.03277958   3 
112  26.98922267 -102.03876896  26.98920951 -102.03887258   3 
111  26.98932030 -102.03889029   3 
112  26.98946803 -102.03891391  26.98957882 -102.03893163   3 
113  26.98959421 -102.03882836 
120 Default hold RWY 08 (near)
111  26.98938101 -102.03900571   4 
115  26.98939416 -102.03890210 
120 Default hold RWY 08 (centre)
111  26.99016771 -102.03280910   4 
115  26.99018086 -102.03270549 
120 Default hold RWY 08 (far)
111  26.99095441 -102.02661250   4 
115  26.99096756 -102.02650889 
19   26.98990868 -102.03930152 1 WS
19   26.99099330 -102.02630151 1 WS


130 Airport Boundary
111  026.98910332 -102.03896332
111  026.98938179 -102.03900909
111  026.98965836 -102.03904724
111  026.99124336 -102.02655029
111  026.99115372 -102.02653503
113  026.99069023 -102.02646637
99
