A
1000 Generated by Infinite Flight Airport Editing (World Parser)/AB

1      226 0 1 5AR2 Turrell Flying Service
100   18.29   1   0 0.25 0 0 0 36   35.37143630 -090.20654151    0.00    0.00 2  0 0 0 18   35.37856370 -090.20623627    0.00    0.00 2  0 0 0
110   1 0.30   2.00 Default taxiway for RWY N
111  35.37143351 -090.20644341   3 
111  35.37141907 -090.20593638   3 
111  35.37854647 -090.20563111   3 
111  35.37856091 -090.20613819 
112  35.37839643 -090.20614523  35.37847859 -090.20613896   3 
111  35.37847514 -090.20601792   3 
112  35.37847055 -090.20585654  35.37846710 -090.20573550   3 
111  35.37838486 -090.20573902   3 
111  35.37502676 -090.20588284   3 
111  35.37503833 -090.20628904 
111  35.37495609 -090.20629256   3 
111  35.37494452 -090.20588636   3 
112  35.37158642 -090.20603019  35.37150418 -090.20603371   3 
111  35.37150763 -090.20615474   3 
112  35.37151222 -090.20631611  35.37151567 -090.20643713   3 
113  35.37159799 -090.20643637 
120 Default hold RWY N (near)
111  35.37142769 -090.20623894   4 
115  35.37150993 -090.20623542 
120 Default hold RWY N (centre)
111  35.37495027 -090.20608808   4 
115  35.37503251 -090.20608456 
120 Default hold RWY N (far)
111  35.37847285 -090.20593723   4 
115  35.37855509 -090.20593371 
19   35.37128043 -090.20685112 1 WS
19   35.37871956 -090.20592664 1 WS


130 Airport Boundary
111  035.37141800 -090.20593262
111  035.37143326 -090.20644379
111  035.37143707 -090.20654297
111  035.37856293 -090.20623779
113  035.37854767 -090.20562744
99
