A
1000 Generated by Infinite Flight Airport Editing (World Parser)/AB

1     3250 0 1 FACV Calvinia
100   14.94   1   0 0.25 0 2 1 09  -31.50216202  019.72061086    0.00    0.00 2  0 0 0 27  -31.49781998  019.73274314    0.00    0.00 2  0 0 0
10  -31.50171600  019.72073500 xxx 159.09   250 0.0 0.0   200 161161  2 0 0 0.25 0
10  -31.50137200  019.72547600 xxx  95.86  2200 0.0 0.0   100 161161  5 0 0 0.25 0
10  -31.50223800  019.72829100 xxx 339.15   550 0.0 0.0   100 161161  5 0 0 0.25 0
10  -31.50045800  019.72811000 xxx   4.59   740 0.0 0.0   100 161161  5 0 0 0.25 0
14  -31.50108700  019.72052400 0030 0 Tower
18  -31.49955851  019.72646423 1 BCN
19  -31.50247000  019.72088200 0 WS
19  -31.49751200  019.73232400 0 WS


130 Airport Boundary
111 -031.50223732  019.72829056
111 -031.50216293  019.72061157
111 -031.50171661  019.72073555
113 -031.49781990  019.73274231
99
