A
1000 Generated by Infinite Flight Airport Editing (World Parser)/AB

1      939 0 1 PN4  Hanover Saugeen Muni
100   22.86   1   0 0.25 0 1 0 01   44.15277800 -081.06277800    0.00    0.00 2  0 0 0 19   44.16388900 -081.06277800    0.00    0.00 2  0 0 0
100   15.24   1   0 0.25 0 0 0 09   44.15777800 -081.06750000  100.58    0.00 2  0 0 0 27   44.15888900 -081.05805600   36.58    0.00 2  0 0 0
21   44.15457785 -081.06319732  2   0.00   3.00 01  PAPI-4L
21   44.16208915 -081.06235863  2 180.00   3.00 19  PAPI-4L
110   1 0.30   0.00 Default taxiway for RWY 01
111  44.15277800 -081.06263777   3 102 
111  44.15277800 -081.06191781   3 102 
111  44.16388900 -081.06191765   3 102 
111  44.16388900 -081.06263774 
112  44.16368328 -081.06263775  44.16378614 -081.06263461   3 102 
111  44.16378614 -081.06246254   3 102 
112  44.16378614 -081.06223311  44.16378614 -081.06206104   3 102 
111  44.16368328 -081.06206105   3 102 
111  44.15838493 -081.06206111   3 102 
111  44.15838493 -081.06263776 
111  44.15828207 -081.06263776   3 102 
111  44.15828207 -081.06206111   3 102 
112  44.15298372 -081.06206118  44.15288086 -081.06206118   3 102 
111  44.15288086 -081.06223321   3 102 
112  44.15288086 -081.06246260  44.15288086 -081.06263464   3 102 
113  44.15298372 -081.06263777 
110   1 0.30  80.68 Default taxiway for RWY 09
111  44.15771255 -081.06748504   3 
111  44.15737198 -081.06740716   3 
111  44.15848337 -081.05796334   3 
111  44.15882394 -081.05804121 
112  44.15880174 -081.05822986  44.15881062 -081.05813503   3 
111  44.15872942 -081.05811646   3 
112  44.15862114 -081.05809170  44.15853994 -081.05807314   3 
111  44.15852884 -081.05816747   3 
111  44.15800089 -081.06265357   3 
111  44.15827379 -081.06271596 
111  44.15826269 -081.06281028   3 
111  44.15798979 -081.06274789   3 
112  44.15746185 -081.06723399  44.15745075 -081.06732832   3 
111  44.15753195 -081.06734688   3 
112  44.15764023 -081.06737164  44.15772143 -081.06739021   3 
113  44.15773475 -081.06729639 
120 Default hold RWY 01 (near)
111  44.15277800 -081.06234791   4 
115  44.15288086 -081.06234791 
120 Default hold RWY 09 (near)
111  44.15757499 -081.06745358   4 
115  44.15758609 -081.06735926 
120 Default hold RWY 01 (centre)
111  44.15828207 -081.06234787   4 
115  44.15838493 -081.06234787 
120 Default hold RWY 09 (centre)
111  44.15812513 -081.06277883   4 
115  44.15813623 -081.06268451 
120 Default hold RWY 01 (far)
111  44.16378614 -081.06234783   4 
115  44.16388900 -081.06234783 
120 Default hold RWY 09 (far)
111  44.15867528 -081.05810408   4 
115  44.15868638 -081.05800976 
19   44.15257228 -081.06320618 1 WS
19   44.15795881 -081.06773507 1 WS
19   44.16409472 -081.06234974 1 WS
19   44.15870818 -081.05782096 1 WS
51 12280 CTAF/UNICOM


130 Airport Boundary
111  044.15277863 -081.06277466
111  044.15737152 -081.06740570
111  044.15757370 -081.06745148
111  044.15777969 -081.06749725
111  044.16389084 -081.06277466
111  044.16389084 -081.06192017
111  044.15888977 -081.05805969
111  044.15868759 -081.05800629
111  044.15848160 -081.05796051
113  044.15277863 -081.06192017
99
