I
1050 Generated by WorldEditor

1     63 0 0 EEEI AMARI
100 46.03 1 0 0.25 0 2 0 07  59.25555476  024.18201699    0  149 3 3 0 0 25  59.26373076  024.22750038    0  148 3 3 0 0
110 2 0.00 0.0000 Shoulder 0
111  59.25839318  024.20989753
111  59.25726811  024.20498122
111  59.25631550  024.20081857
112  59.25619939  024.20070145  59.25611378  024.20074297
111  59.25619939  024.20070145
111  59.25594153  024.20092212
112  59.25579175  024.20082013  59.25575289  024.20059204
111  59.25579175  024.20082013
111  59.25495540  024.19703684
112  59.25493182  024.19696870  59.25491240  024.19693310
111  59.25493182  024.19696870
111  59.25490789  024.19698995
111  59.25577069  024.20083409
112  59.25577069  024.20083409  59.25582381  024.20111298
111  59.25595186  024.20097005
111  59.25620595  024.20075162
112  59.25620595  024.20075162  59.25627718  024.20073186
111  59.25629368  024.20084523
111  59.25662672  024.20234937
111  59.25723035  024.20501392
111  59.25807208  024.20868049
111  59.25828406  024.20956736
111  59.25836655  024.20993427
111  59.25865594  024.21119714
113  59.25868437  024.21116997
110 2 0.00 0.0000 Shoulder 1
111  59.26120168  024.21494340
112  59.26120168  024.21494340  59.26112700  024.21491396
112  59.26094562  024.21493831  59.26087809  024.21499264
111  59.26094562  024.21493831
111  59.26006704  024.21561447
112  59.25993722  024.21610244  59.25996621  024.21648716
111  59.25993722  024.21610244
111  59.26029175  024.21764717
111  59.26054663  024.21873826
111  59.26071447  024.21944234
111  59.26080543  024.21986013
111  59.26104242  024.22089369
112  59.26177017  024.22489372  59.26181439  024.22505962
111  59.26177017  024.22489372
111  59.26186649  024.22512500
112  59.26249859  024.22543347  59.26288777  024.22522683
111  59.26249859  024.22543347
111  59.26275126  024.22526528
112  59.26298202  024.22491912  59.26308609  024.22462911
111  59.26298202  024.22491912
111  59.26296974  024.22483550
112  59.26296974  024.22483550  59.26295331  024.22501135
111  59.26277301  024.22519395
111  59.26255707  024.22533917
112  59.26255707  024.22533917  59.26194001  024.22567535
111  59.26177535  024.22475037
111  59.26123056  024.22179624
111  59.26105959  024.22084056
111  59.25999052  024.21622237
112  59.25999052  024.21622237  59.25990504  024.21583127
111  59.26006083  024.21567483
111  59.26092441  024.21501023
112  59.26092441  024.21501023  59.26109760  024.21491661
113  59.26121070  024.21499389
110 2 0.00 0.0000 Shoulder 2
111  59.25925179  024.20409698
112  59.25925179  024.20409698  59.25918059  024.20405837
112  59.25898048  024.20408001  59.25888782  024.20413784
111  59.25898048  024.20408001
111  59.25761612  024.20501876
112  59.25748890  024.20550180  59.25752388  024.20590273
111  59.25748890  024.20550180
111  59.25820227  024.20859904
111  59.25910869  024.21253442
111  59.25972364  024.21520437
112  59.26002633  024.21542374  59.26023505  024.21526555
111  59.26002633  024.21542374
111  59.26091284  024.21474406
112  59.26111109  024.21444140  59.26119839  024.21420357
111  59.26111109  024.21444140
111  59.26109573  024.21434312
112  59.26109573  024.21434312  59.26106378  024.21453220
111  59.26094471  024.21465723
111  59.26020095  024.21521830
112  59.26020095  024.21521830  59.25984123  024.21557938
111  59.25977463  024.21519657
111  59.25913516  024.21248602
111  59.25756833  024.20569869
112  59.25756833  024.20569869  59.25744505  024.20521136
111  59.25764112  024.20506381
111  59.25894483  024.20418278
112  59.25894483  024.20418278  59.25911758  024.20401640
113  59.25926992  024.20416985
110 2 0.00 0.0000 Shoulder 3
111  59.25913569  024.20351784
112  59.25913569  024.20351784  59.25901928  024.20377677
111  59.25890266  024.20384663
111  59.25760652  024.20474705
112  59.25760652  024.20474705  59.25736083  024.20492624
111  59.25730572  024.20456719
111  59.25549581  024.19645189
111  59.25551634  024.19643370
111  59.25550292  024.19638008
111  59.25549956  024.19636185
111  59.25545134  024.19640088
111  59.25720632  024.20426434
111  59.25730645  024.20470283
112  59.25757433  024.20483028  59.25774656  024.20469728
111  59.25757433  024.20483028
111  59.25894344  024.20389050
112  59.25914996  024.20358345  59.25926062  024.20333688
113  59.25914996  024.20358345
110 2 0.00 0.0000 Shoulder 4
111  59.25565407  024.18418214
112  59.25565407  024.18418214  59.25565340  024.18422914
111  59.25563653  024.18424891
111  59.25443970  024.18507697
112  59.25443970  024.18507697  59.25430555  024.18519257
111  59.25427513  024.18490291
111  59.25419155  024.18441916
111  59.25380246  024.18468478
111  59.25391013  024.18528490
112  59.25391013  024.18528490  59.25392176  024.18542896
111  59.25386237  024.18547506
111  59.25380362  024.18554486
112  59.25380362  024.18554486  59.25371136  024.18565252
111  59.25365333  024.18588301
112  59.25365333  024.18588301  59.25359674  024.18605589
111  59.25359161  024.18634969
111  59.25352362  024.18795725
112  59.25352362  024.18795725  59.25349974  024.18835092
111  59.25360472  024.18869922
111  59.25431730  024.19192013
112  59.25431730  024.19192013  59.25433401  024.19201896
111  59.25429010  024.19204092
111  59.25345551  024.19274237
112  59.25345551  024.19274237  59.25328760  024.19289466
111  59.25338602  024.19327133
111  59.25425400  024.19718745
112  59.25425400  024.19718745  59.25435246  024.19755292
111  59.25453934  024.19731724
111  59.25490789  024.19698995
111  59.25493182  024.19696870
112  59.25493182  024.19696870  59.25491256  024.19693303
112  59.25486351  024.19689555  59.25483092  024.19687450
111  59.25486351  024.19689555
111  59.25446869  024.19722235
112  59.25432089  024.19714705  59.25427030  024.19695103
111  59.25432089  024.19714705
111  59.25343338  024.19315168
112  59.25347412  024.19284979  59.25357066  024.19275883
111  59.25347412  024.19284979
111  59.25403171  024.19239357
111  59.25408702  024.19234831
111  59.25430161  024.19217273
112  59.25435629  024.19195795  59.25433216  024.19179560
111  59.25435629  024.19195795
111  59.25425095  024.19147416
111  59.25410133  024.19079028
111  59.25397155  024.19020794
111  59.25377308  024.18930010
111  59.25360155  024.18854719
112  59.25355486  024.18801410  59.25356176  024.18768875
111  59.25355486  024.18801410
111  59.25358388  024.18727122
111  59.25362088  024.18638564
112  59.25367683  024.18591748  59.25373043  024.18570235
111  59.25367683  024.18591748
112  59.25381985  024.18559491  59.25387091  024.18554471
111  59.25381985  024.18559491
111  59.25388761  024.18551508
112  59.25394885  024.18530866  59.25393849  024.18513261
111  59.25394885  024.18530866
111  59.25383520  024.18470226
111  59.25416909  024.18446956
111  59.25427928  024.18507235
112  59.25438140  024.18516987  59.25446648  024.18514998
111  59.25438140  024.18516987
111  59.25446532  024.18509683
111  59.25538577  024.18446610
111  59.25558524  024.18432942
113  59.25566866  024.18426601
110 2 0.00 0.0000 Shoulder 5
111  59.25669607  024.18998532
112  59.25669607  024.18998532  59.25672641  024.19027650
111  59.25633527  024.19057407
111  59.25463512  024.19178228
112  59.25463512  024.19178228  59.25447367  024.19194850
111  59.25442901  024.19161879
111  59.25394066  024.18940467
111  59.25381844  024.18884815
112  59.25381844  024.18884815  59.25364348  024.18820278
111  59.25370824  024.18755485
111  59.25375512  024.18644812
112  59.25375512  024.18644812  59.25374400  024.18582741
111  59.25403521  024.18568293
111  59.25437218  024.18545135
111  59.25473283  024.18519483
111  59.25544478  024.18471887
112  59.25544478  024.18471887  59.25562863  024.18458741
111  59.25575027  024.18470259
111  59.25573301  024.18463840
112  59.25573301  024.18463840  59.25555483  024.18454749
111  59.25544348  024.18466603
111  59.25450320  024.18530731
111  59.25399248  024.18565244
112  59.25372528  024.18633061  59.25371172  024.18686093
111  59.25372528  024.18633061
111  59.25367154  024.18754452
112  59.25370483  024.18846193  59.25377402  024.18868319
111  59.25370483  024.18846193
111  59.25442343  024.19174232
112  59.25457472  024.19195136  59.25468155  024.19184624
111  59.25457472  024.19195136
111  59.25478240  024.19180371
111  59.25626902  024.19074681
112  59.25673571  024.19020702  59.25683556  024.18983533
113  59.25673571  024.19020702
110 2 0.00 0.0000 Shoulder 6
111  59.25908468  024.21508055
111  59.25911138  024.21518962
111  59.25908260  024.21521778
111  59.25929646  024.21608472
111  59.25944863  024.21591978
111  59.25924299  024.21505687
111  59.25921635  024.21508143
113  59.25919099  024.21498593
110 2 0.00 0.0000 Shoulder 7
111  59.25904940  024.21290358
111  59.25940967  024.21448650
111  59.25834805  024.21544196
111  59.25835949  024.21549314
111  59.25938289  024.21458480
112  59.25943720  024.21445442  59.25941893  024.21437902
111  59.25943720  024.21445442
113  59.25907617  024.21287929
110 2 0.00 0.0000 New Taxiway 3
111  59.26304701  024.22528589
111  59.26253952  024.22563855
112  59.26178339  024.22528035  59.26142859  024.22460198
111  59.26178339  024.22528035
112  59.26171060  024.22522588  59.26165355  024.22523886
111  59.26171060  024.22522588
111  59.26133001  024.22548245
111  59.26120749  024.22483352
111  59.26150536  024.22462972
111  59.26155738  024.22455010
112  59.26157027  024.22442396  59.26155930  024.22434029
111  59.26157027  024.22442396
111  59.26109164  024.22176583
111  59.26095728  024.22103642
111  59.26086224  024.22062763
111  59.25950012  024.21471078
111  59.25946172  024.21474495
111  59.26064017  024.21977622
111  59.26095232  024.22116652
111  59.26152994  024.22440738
112  59.26152994  024.22440738  59.26154536  024.22452905
111  59.26150075  024.22455845
111  59.26117493  024.22479979
111  59.26131147  024.22555514
111  59.26165809  024.22531531
112  59.26165809  024.22531531  59.26173379  024.22522257
111  59.26181084  024.22539345
112  59.26181084  024.22539345  59.26217270  024.22598574
111  59.26254507  024.22570384
113  59.26305668  024.22533985
110 1 0.00 0.0000 Asphalt Taxiway 1
111  59.25446532  024.18509683 20 102
111  59.25443197  024.18512585 20 102
111  59.25438140  024.18516987
112  59.25438140  024.18516987  59.25429631  024.18518976 20 102
111  59.25427928  024.18507235
111  59.25404223  024.18524188
111  59.25394885  024.18530866
112  59.25394885  024.18530866  59.25395921  024.18548470 20 102
111  59.25388761  024.18551508 20 102
111  59.25381985  024.18559491
112  59.25381985  024.18559491  59.25376878  024.18564510 20 102
111  59.25367683  024.18591748
112  59.25367683  024.18591748  59.25362322  024.18613261 20 102
111  59.25362088  024.18638564 20 102
111  59.25358388  024.18727122 20 102
111  59.25355486  024.18801410
112  59.25355486  024.18801410  59.25354797  024.18833944 20 102
111  59.25360155  024.18854719 20 102
111  59.25377308  024.18930010 20 102
111  59.25397155  024.19020794 20 102
111  59.25410133  024.19079028 20 102
111  59.25425095  024.19147416 20 102
111  59.25435629  024.19195795
112  59.25435629  024.19195795  59.25438043  024.19212030 20 102
111  59.25430161  024.19217273 20 102
111  59.25408702  024.19234831 20 102
111  59.25403171  024.19239357
111  59.25500189  024.19677721
111  59.25486351  024.19689555
112  59.25486351  024.19689555  59.25489611  024.19691660 20 102
112  59.25493182  024.19696870  59.25495109  024.19700437
111  59.25493182  024.19696870
112  59.25493182  024.19696870  59.25495125  024.19700429 20 102
111  59.25495540  024.19703684 20 102
111  59.25504163  024.19742690 20 102
111  59.25579175  024.20082013
112  59.25579175  024.20082013  59.25583062  024.20104822 20 102
111  59.25594153  024.20092212 20 102
111  59.25619939  024.20070145
112  59.25619939  024.20070145  59.25628499  024.20065993 20 102
111  59.25631550  024.20081857 20 102
111  59.25726811  024.20498122 20 102
111  59.25839318  024.20989753 20 102
111  59.25868437  024.21116997 20
111  59.25907617  024.21287929 20 102
111  59.25943720  024.21445442
112  59.25943720  024.21445442  59.25945548  024.21452982 20 102
111  59.25938289  024.21458480 20 102
111  59.25835949  024.21549314 20 102
111  59.25834805  024.21544196 20 102
111  59.25817023  024.21464649 20 102
111  59.25812208  024.21469095 20 102
111  59.25813546  024.21474214 20 102
111  59.25800294  024.21488294 20 102
111  59.25797315  024.21476640 20 102
111  59.25790063  024.21482467 20 102
111  59.25791035  024.21488547 20 102
111  59.25759788  024.21517471 20 102
111  59.25757723  024.21514685 20 102
111  59.25748962  024.21523323 20 102
111  59.25742196  024.21498801 20 102
111  59.25739561  024.21504095 20 102
111  59.25747680  024.21533215 20 102
111  59.25769389  024.21546540
111  59.25809545  024.21510470
111  59.25820923  024.21556479
111  59.25781903  024.21592231 20 102
111  59.25787746  024.21616526 20 102
111  59.25807524  024.21598793 20 102
111  59.25816993  024.21637478 20
111  59.25835152  024.21619639 20 102
111  59.25826818  024.21580732 20 102
111  59.25908468  024.21508055
111  59.25919099  024.21498593 20 102
111  59.25946172  024.21474495 20 102
111  59.25950012  024.21471078 20 102
111  59.26086224  024.22062763 20 102
111  59.26095728  024.22103642 20 102
111  59.26109164  024.22176583 20 102
111  59.26157027  024.22442396
112  59.26157027  024.22442396  59.26158124  024.22450762 20 102
111  59.26155738  024.22455010
111  59.26159360  024.22458743
111  59.26171060  024.22522588
112  59.26171060  024.22522588  59.26176764  024.22521290 20 102
111  59.26178339  024.22528035
111  59.26186649  024.22512500 20 102
111  59.26177017  024.22489372
112  59.26177017  024.22489372  59.26172594  024.22472782 20 102
111  59.26104242  024.22089369 20 102
111  59.26080543  024.21986013 20 102
111  59.26071447  024.21944234 20 102
111  59.26054663  024.21873826 20 102
111  59.26029175  024.21764717 20 102
111  59.25993722  024.21610244
112  59.25993722  024.21610244  59.25990823  024.21571772 20 102
111  59.26006704  024.21561447 20 102
111  59.26094562  024.21493831
112  59.26094562  024.21493831  59.26101314  024.21488397 20 102
112  59.26120168  024.21494340  59.26127636  024.21497284
111  59.26120168  024.21494340
112  59.26120168  024.21494340  59.26124518  024.21496056 20 102
111  59.26127539  024.21497752
111  59.26115355  024.21430196
112  59.26115355  024.21430196  59.26112619  024.21440028 20 102
112  59.26111109  024.21444140  59.26109600  024.21448253
111  59.26111109  024.21444140
112  59.26111109  024.21444140  59.26102380  024.21467924 20 102
111  59.26091284  024.21474406 20 102
111  59.26002633  024.21542374
112  59.26002633  024.21542374  59.25981761  024.21558192 20 102
111  59.25972364  024.21520437 20 102
111  59.25910869  024.21253442 20 102
111  59.25820227  024.20859904 20 102
111  59.25748890  024.20550180
112  59.25748890  024.20550180  59.25745391  024.20510087 20 102
111  59.25761612  024.20501876 20 102
111  59.25898048  024.20408001
112  59.25898048  024.20408001  59.25907315  024.20402218 20 102
112  59.25925179  024.20409698  59.25932299  024.20413559
111  59.25925179  024.20409698
112  59.25925179  024.20409698  59.25929933  024.20412276 20 102
111  59.25933073  024.20415060
111  59.25920181  024.20342962
112  59.25920181  024.20342962  59.25918673  024.20347704 20 102
112  59.25914996  024.20358345  59.25913548  024.20362163
111  59.25914996  024.20358345
112  59.25914996  024.20358345  59.25903930  024.20383002 20 102
111  59.25894344  024.20389050 20 102
111  59.25757433  024.20483028
112  59.25757433  024.20483028  59.25740210  024.20496327 20 102
111  59.25730645  024.20470283 20 102
111  59.25720632  024.20426434 20 102
111  59.25545134  024.19640088 20 102
111  59.25549956  024.19636185 20 102
111  59.25475823  024.19298492 20 102
112  59.25494085  024.19214135  59.25531113  024.19190395
111  59.25494085  024.19214135 20 102
111  59.25634313  024.19113414
112  59.25634313  024.19113414  59.25638697  024.19108915 20 102
112  59.25645263  024.19103376  59.25648692  024.19100827
111  59.25645263  024.19103376
112  59.25645263  024.19103376  59.25648692  024.19100827 20 102
112  59.25658418  024.19096432  59.25664333  024.19094056
111  59.25658418  024.19096432
112  59.25658418  024.19096432  59.25672740  024.19090877 20 102
112  59.25690328  024.19099669  59.25696868  024.19106349
111  59.25690328  024.19099669
112  59.25690328  024.19099669  59.25694987  024.19102835 20 102
111  59.25697491  024.19106100
111  59.25678532  024.19000504
112  59.25678532  024.19000504  59.25676469  024.19012609 20 102
111  59.25673571  024.19020702
112  59.25673571  024.19020702  59.25663585  024.19057870 20 102
111  59.25626902  024.19074681 20 102
111  59.25478240  024.19180371 20 102
111  59.25457472  024.19195136
112  59.25457472  024.19195136  59.25446788  024.19205649 20 102
111  59.25442343  024.19174232 20 102
111  59.25370483  024.18846193
112  59.25370483  024.18846193  59.25363564  024.18824067 20 102
111  59.25367154  024.18754452 20 102
111  59.25372528  024.18633061
112  59.25372528  024.18633061  59.25373883  024.18580028 20 102
111  59.25399248  024.18565244 20 102
113  59.25450320  024.18530731
111  59.25613038  024.20037078
111  59.25593009  024.20054376
111  59.25513746  024.19697726
113  59.25534080  024.19680026
110 2 0.00 0.0000 Concrete Taxiway 11
111  59.25578620  024.18171425
111  59.25498968  024.18226094
111  59.25517334  024.18332309
111  59.25564047  024.18411189
111  59.25565407  024.18418214
111  59.25566866  024.18426601
111  59.25574448  024.18421603
111  59.25582448  024.18467232
111  59.25575494  024.18472229
111  59.25669607  024.18998532
111  59.25673571  024.19020702
112  59.25673571  024.19020702  59.25676469  024.19012609
111  59.25678532  024.19000504
111  59.25697491  024.19106100
112  59.25697491  024.19106100  59.25694987  024.19102835
111  59.25690328  024.19099669
111  59.25693631  024.19118268
112  59.25693631  024.19118268  59.25718805  024.19260597
111  59.25913569  024.20351784
111  59.25914996  024.20358345
112  59.25914996  024.20358345  59.25916444  024.20354527
111  59.25920181  024.20342962
111  59.25933073  024.20415060
112  59.25933073  024.20415060  59.25929933  024.20412276
111  59.25925179  024.20409698
111  59.25926992  024.20416985
111  59.26109573  024.21434312
111  59.26111109  024.21444140
112  59.26111109  024.21444140  59.26112619  024.21440028
111  59.26115355  024.21430196
111  59.26127539  024.21497752
112  59.26127539  024.21497752  59.26124518  024.21496055
111  59.26120168  024.21494340
111  59.26121070  024.21499389
111  59.26296974  024.22483550
111  59.26303118  024.22478430
111  59.26311510  024.22523827
111  59.26304701  024.22528589
111  59.26305668  024.22533985
111  59.26349209  024.22776859
111  59.26431058  024.22723739
111  59.26411494  024.22615155
113  59.26363583  024.22533913
110 2 0.00 0.0000 Concrete Taxiway 10
111  59.25811780  024.21642430 102
111  59.25834813  024.21730239 102
111  59.25862361  024.21701340 102
111  59.25840350  024.21614660
111  59.25835152  024.21619639
113  59.25816993  024.21637478
110 2 0.00 0.0000 Concrete Taxiway 9
111  59.25868437  024.21116997 102
111  59.25865594  024.21119714 102
111  59.25831804  024.21151995 102
111  59.25871447  024.21320758 102
111  59.25904940  024.21290358 102
113  59.25907617  024.21287929
110 2 0.00 0.0000 Concrete Taxiway 7
111  59.25427928  024.18507235 102
111  59.25416909  024.18446956 102
111  59.25383520  024.18470226 102
111  59.25394885  024.18530866
113  59.25404223  024.18524188
110 2 0.00 0.0000 Concrete Taxiway 6
111  59.25534080  024.19680026
111  59.25513746  024.19697726
111  59.25593009  024.20054376
113  59.25613038  024.20037078
110 2 0.00 0.0000 Concrete Taxiway 5
111  59.25809545  024.21510470
111  59.25769389  024.21546540 20 102
111  59.25781903  024.21592231
111  59.25820923  024.21556479
113  59.25809545  024.21510470
110 2 0.00 0.0000 Concrete Taxiway 4
111  59.26178339  024.22528035
112  59.26178339  024.22528035  59.26213818  024.22595872 20 102
111  59.26253952  024.22563855 20 102
111  59.26304701  024.22528589 20 102
111  59.26311510  024.22523827
111  59.26303118  024.22478430 20 102
111  59.26296974  024.22483550 20 102
111  59.26298202  024.22491912
112  59.26298202  024.22491912  59.26287796  024.22520912 20 102
111  59.26275126  024.22526528 20 102
111  59.26249859  024.22543347
112  59.26249859  024.22543347  59.26210941  024.22564011 20 102
113  59.26186649  024.22512500
110 2 0.00 0.0000 Concrete Taxiway 3
111  59.26159360  024.22458743
111  59.26155738  024.22455010 102
111  59.26150536  024.22462972 102
111  59.26120749  024.22483352 102
111  59.26133001  024.22548245 102
113  59.26171060  024.22522588
110 2 0.00 0.0000 Concrete Taxiway 2
111  59.25403171  024.19239357 102
111  59.25347412  024.19284979
112  59.25347412  024.19284979  59.25337759  024.19294074 102
111  59.25343338  024.19315168 102
111  59.25432089  024.19714705
112  59.25432089  024.19714705  59.25437148  024.19734307 102
111  59.25446869  024.19722235 102
111  59.25486351  024.19689555
113  59.25500189  024.19677721
110 2 0.00 0.0000 Concrete Taxiway 1
111  59.25574448  024.18421603
111  59.25566866  024.18426601 20 102
111  59.25558524  024.18432942 20 102
111  59.25538577  024.18446610 20 102
111  59.25446532  024.18509683
111  59.25450320  024.18530731 20 102
111  59.25544348  024.18466603 20 102
112  59.25573301  024.18463840  59.25591118  024.18472930
111  59.25573301  024.18463840 20 102
111  59.25575027  024.18470259 20 102
111  59.25575494  024.18472229
113  59.25582448  024.18467232
110 2 0.00 0.0000 New Taxiway 11
111  59.25690328  024.19099669
112  59.25690328  024.19099669  59.25683788  024.19092989
112  59.25658418  024.19096432  59.25644097  024.19101987
111  59.25658418  024.19096432
112  59.25658418  024.19096432  59.25652504  024.19098808
112  59.25645263  024.19103376  59.25641834  024.19105925
111  59.25645263  024.19103376
112  59.25645263  024.19103376  59.25641834  024.19105925
111  59.25634313  024.19113414
111  59.25494085  024.19214135
112  59.25494085  024.19214135  59.25457057  024.19237875
111  59.25475823  024.19298492
111  59.25550292  024.19638008
111  59.25556897  024.19632033
111  59.25512277  024.19438803
111  59.25489115  024.19331221
111  59.25484636  024.19309370
112  59.25484636  024.19309370  59.25467301  024.19243242
111  59.25495244  024.19229893
111  59.25634139  024.19129152
112  59.25634139  024.19129152  59.25679548  024.19087780
113  59.25693631  024.19118268
130 Airport Boundary
111  59.25638781  024.17843966
111  59.25624238  024.17757539
111  59.25618163  024.17737373
111  59.25602515  024.17704242
111  59.25563488  024.17619257
111  59.25526117  024.17536073
111  59.25518663  024.17521495
111  59.25513571  024.17514380
111  59.25507648  024.17511534
111  59.25501205  024.17511128
111  59.25494450  024.17513364
111  59.25465978  024.17530438
111  59.25427509  024.17556024
111  59.25378909  024.17590953
111  59.25369241  024.17605759
111  59.25365728  024.17614006
111  59.25364634  024.17620114
111  59.25363307  024.17625765
111  59.25362136  024.17645923
111  59.25362214  024.17683795
111  59.25364010  024.17751905
111  59.25364556  024.17820320
111  59.25363698  024.17896524
111  59.25364791  024.17913017
111  59.25367835  024.17938367
111  59.25373769  024.17969368
111  59.25387432  024.18039311
111  59.25398482  024.18092947
111  59.25404026  024.18121200
111  59.25405587  024.18134333
111  59.25405431  024.18145328
111  59.25404814  024.18161261
111  59.25403652  024.18169020
111  59.25396120  024.18187436
111  59.25387747  024.18207106
111  59.25380736  024.18224660
111  59.25318357  024.18374602
111  59.25314803  024.18384648
111  59.25312290  024.18396260
111  59.25310724  024.18409725
111  59.25310432  024.18418986
111  59.25310595  024.18522590
111  59.25306994  024.18805471
111  59.25305353  024.18872264
111  59.25311210  024.18974396
111  59.25311545  024.19067035
111  59.25323427  024.19148544
111  59.25325152  024.19196563
111  59.25325960  024.19220287
111  59.25316797  024.19231885
111  59.25294904  024.19251049
111  59.25292515  024.19277119
111  59.25297293  024.19299745
111  59.25300688  024.19319421
111  59.25303454  024.19318437
111  59.25306095  024.19317453
111  59.25306975  024.19318683
111  59.25308233  024.19321142
111  59.25309364  024.19324094
111  59.25310622  024.19329504
111  59.25328979  024.19404763
111  59.25332751  024.19421241
111  59.25332500  024.19428865
111  59.25331997  024.19434276
111  59.25331242  024.19442146
111  59.25331242  024.19447311
111  59.25332818  024.19457165
111  59.25235615  024.19526420
111  59.25233164  024.19538881
111  59.25233409  024.19682656
111  59.25276044  024.19765088
111  59.25297116  024.19822120
111  59.25321018  024.19900843
111  59.25348639  024.19987111
111  59.25384057  024.20091244
111  59.25419029  024.20189714
111  59.25437815  024.20259142
111  59.25450756  024.20271746
111  59.25455878  024.20315782
111  59.25478665  024.20565011
111  59.25497293  024.20810898
111  59.25517825  024.20894023
111  59.25590403  024.21117250
111  59.25664891  024.21362898
111  59.25774236  024.21703825
111  59.25951107  024.22179713
111  59.25913549  024.22252599
111  59.25946432  024.22339073
111  59.25974194  024.22295836
111  59.25978236  024.22280018
111  59.25980932  024.22271054
111  59.25984705  024.22266835
111  59.25987939  024.22268945
111  59.25991174  024.22276854
111  59.26017374  024.22339684
111  59.25969260  024.22413767
111  59.25921410  024.22497526
111  59.25935444  024.22529337
111  59.25936112  024.22530645
111  59.25903217  024.22582903
111  59.25927677  024.22642876
111  59.25977575  024.22751977
111  59.25995838  024.22769842
111  59.26019319  024.22777499
111  59.26029442  024.22794759
111  59.26036496  024.22804771
111  59.26044656  024.22808829
111  59.26064020  024.22806935
111  59.26070659  024.22800983
111  59.26081723  024.22784747
111  59.26091267  024.22771758
111  59.26097076  024.22769864
111  59.26107864  024.22769594
111  59.26164209  024.22776981
111  59.26171740  024.22786149
111  59.26175422  024.22795645
111  59.26178602  024.22807432
111  59.26211510  024.22927638
111  59.26248933  024.23038334
111  59.26296156  024.23180411
111  59.26337142  024.23328154
111  59.26520923  024.24028473
111  59.26529791  024.24074962
111  59.26700072  024.23953501
111  59.26575804  024.23156224
111  59.26627882  024.22351814
111  59.26626257  024.22284326
111  59.26626994  024.22276041
111  59.26628282  024.22257670
111  59.26619760  024.21739647
111  59.26646288  024.21638605
111  59.26735178  024.21345764
111  59.26738215  024.21298214
111  59.26715737  024.21201925
111  59.26661467  024.20960609
111  59.26610234  024.20734751
111  59.26710675  024.20635691
111  59.26699335  024.20579027
111  59.26698727  024.20575461
111  59.26594641  024.20662634
111  59.26557381  024.20495818
111  59.26532473  024.20388835
111  59.26501491  024.20252929
111  59.26501288  024.20063533
111  59.26510457  024.19779090
111  59.26507762  024.19705785
111  59.26471914  024.19638809
111  59.26400489  024.19502750
111  59.26332298  024.19371439
111  59.26219095  024.19155231
111  59.26073392  024.18873881
111  59.26073095  024.18855320
111  59.26076653  024.18837338
111  59.25949671  024.18592971
111  59.25926784  024.18595288
111  59.25772883  024.18301937
111  59.25728453  024.18041326
111  59.25719654  024.18015775
113  59.25651047  024.17903135
120 Linear Feature 8
111  59.25375044  024.19286613 1
111  59.25389650  024.19349524 1
111  59.25404497  024.19414579
112  59.25404497  024.19414579  59.25409065  024.19428038 1
115  59.25415712  024.19422731
120 Linear Feature 7
111  59.25446743  024.19607582 1
111  59.25431028  024.19620627
112  59.25431028  024.19620627  59.25422320  024.19630045 1
115  59.25426246  024.19646266
120 Linear Feature 112
111  59.26169172  024.22511317 1
115  59.26137839  024.22533234
120 Linear Feature 111
112  59.26172392  024.22493427  59.26172321  024.22500255 1
111  59.26169172  024.22511317
112  59.26169172  024.22511317  59.26173153  024.22509154 1
115  59.26178765  024.22512680
120 Linear Feature 110
111  59.26160709  024.22475491 1
115  59.26132130  024.22495778
120 Linear Feature 109
112  59.26164910  024.22457770  59.26165661  024.22469451 1
111  59.26160709  024.22475491
112  59.26160709  024.22475491  59.26166015  024.22476443 1
115  59.26170255  024.22485045
120 Linear Feature 108
111  59.25895147  024.21259534 1
115  59.25876861  024.21276047
120 Linear Feature 107
111  59.25894165  024.21255203 1
115  59.25875803  024.21271513
120 Linear Feature 106
111  59.25887563  024.21228668 1
115  59.25869172  024.21244803
120 Linear Feature 105
111  59.25877664  024.21186783 1
115  59.25859747  024.21202732
120 Linear Feature 104
111  59.25870748  024.21160169 1
115  59.25852776  024.21176348
120 Linear Feature 103
111  59.25869705  024.21155904 1
115  59.25851694  024.21172038
120 Linear Feature 102
111  59.25864207  024.21128456 1
115  59.25845313  024.21144981
120 Linear Feature 100
112  59.25583050  024.20045829  59.25580423  024.20049315 1
115  59.25579637  024.20056846
120 Linear Feature 99
112  59.25576907  024.20018791  59.25574702  024.20021568 1
115  59.25573727  024.20030261
120 Linear Feature 98
112  59.25570998  024.19990977  59.25568582  024.19992986 1
115  59.25567697  024.20003138
120 Linear Feature 97
112  59.25564932  024.19963732  59.25562334  024.19967099 1
115  59.25561918  024.19977142
120 Linear Feature 96
112  59.25558369  024.19936911  59.25555560  024.19941697 1
115  59.25555744  024.19949367
120 Linear Feature 95
112  59.25552156  024.19909596  59.25549619  024.19914145 1
115  59.25549611  024.19921781
120 Linear Feature 94
112  59.25546848  024.19881529  59.25544129  024.19885311 1
115  59.25543566  024.19894588
120 Linear Feature 93
112  59.25541229  024.19854105  59.25537785  024.19859127 1
115  59.25537515  024.19867247
120 Linear Feature 92
112  59.25534611  024.19826872  59.25531137  024.19833076 1
115  59.25531500  024.19840173
120 Linear Feature 91
112  59.25528951  024.19798904  59.25524964  024.19806467 1
115  59.25525790  024.19814471
120 Linear Feature 90
112  59.25522553  024.19772351  59.25519588  024.19778099 1
115  59.25519674  024.19786944
120 Linear Feature 89
112  59.25516250  024.19744768  59.25514026  024.19748152 1
115  59.25513340  024.19758437
120 Linear Feature 88
112  59.25509659  024.19717767  59.25506041  024.19725080 1
115  59.25507245  024.19731001
120 Linear Feature 87
112  59.25576578  024.20043087  59.25579025  024.20047046 1
111  59.25583050  024.20045829 1
115  59.25589443  024.20039485
120 Linear Feature 86
112  59.25570482  024.20015663  59.25572777  024.20019326 1
111  59.25576907  024.20018791 1
115  59.25583337  024.20013051
120 Linear Feature 85
112  59.25564309  024.19987895  59.25567118  024.19992149 1
111  59.25570998  024.19990977 1
115  59.25577079  024.19985576
120 Linear Feature 84
112  59.25558315  024.19960934  59.25560127  024.19963947 1
111  59.25564932  024.19963732 1
115  59.25570820  024.19958361
120 Linear Feature 83
112  59.25551895  024.19932057  59.25553678  024.19935780 1
111  59.25558369  024.19936911 1
115  59.25564964  024.19930450
120 Linear Feature 82
112  59.25545679  024.19904095  59.25547824  024.19908762 1
111  59.25552156  024.19909596 1
115  59.25558941  024.19903092
120 Linear Feature 81
112  59.25539861  024.19877805  59.25542036  024.19881173 1
111  59.25546848  024.19881529 1
115  59.25552948  024.19876086
120 Linear Feature 80
112  59.25533904  024.19850995  59.25537287  024.19855367 1
111  59.25541229  024.19854105 1
115  59.25546963  024.19848803
120 Linear Feature 79
112  59.25527561  024.19822443  59.25529494  024.19826756 1
111  59.25534611  024.19826872 1
115  59.25540943  024.19820939
120 Linear Feature 78
112  59.25521441  024.19794899  59.25523314  024.19799567 1
111  59.25528951  024.19798904 1
115  59.25534433  024.19793707
120 Linear Feature 77
112  59.25515473  024.19768037  59.25517670  024.19772388 1
111  59.25522553  024.19772351 1
115  59.25528916  024.19766763
120 Linear Feature 76
112  59.25509413  024.19740759  59.25510786  024.19744036 1
111  59.25516250  024.19744768 1
115  59.25522670  024.19738901
120 Linear Feature 75
112  59.25502563  024.19711476  59.25504734  024.19717296 1
111  59.25509659  024.19717767 1
115  59.25516721  024.19711748
120 Linear Feature 74
112  59.25624306  024.20022511  59.25620711  024.20016071 1
115  59.25616937  024.20016882
120 Linear Feature 72
112  59.25610598  024.19989785  59.25613956  024.19988320 1
115  59.25618284  024.19995057
120 Linear Feature 71
112  59.25605238  024.19961820  59.25608708  024.19961526 1
115  59.25612324  024.19967885
120 Linear Feature 70
112  59.25598872  024.19934960  59.25602871  024.19934495 1
115  59.25606669  024.19942543
120 Linear Feature 69
112  59.25591962  024.19907400  59.25596767  024.19906326 1
115  59.25600150  024.19912959
120 Linear Feature 68
112  59.25586958  024.19879796  59.25590228  024.19879258 1
115  59.25594090  024.19885456
120 Linear Feature 67
112  59.25581342  024.19852069  59.25584994  024.19851907 1
115  59.25587989  024.19857768
120 Linear Feature 66
112  59.25574948  024.19825006  59.25580265  024.19824810 1
115  59.25581850  024.19829906
120 Linear Feature 65
112  59.25575678  024.19801895  59.25572728  024.19796931 1
115  59.25568789  024.19797796
120 Linear Feature 63
112  59.25562998  024.19770421  59.25566039  024.19769134 1
115  59.25569595  024.19774292
120 Linear Feature 62
112  59.25620262  024.20004077  59.25620595  024.20010044 1
111  59.25616937  024.20016882 1
115  59.25610306  024.20023047
120 Linear Feature 61
112  59.25613871  024.19974939  59.25614734  024.19982975 1
111  59.25610598  024.19989785 1
115  59.25603970  024.19995450
120 Linear Feature 60
112  59.25608014  024.19948651  59.25608408  024.19955255 1
111  59.25605238  024.19961820 1
115  59.25598211  024.19968509
120 Linear Feature 59
112  59.25602005  024.19921378  59.25601483  024.19927931 1
111  59.25598872  024.19934960 1
115  59.25591966  024.19940992
120 Linear Feature 58
112  59.25595957  024.19893930  59.25596520  024.19901165 1
111  59.25591962  024.19907400 1
115  59.25585981  024.19913298
120 Linear Feature 57
112  59.25589706  024.19865561  59.25590222  024.19873027 1
112  59.25586958  024.19879796  59.25586645  024.19879999 1
115  59.25579727  024.19885695
120 Linear Feature 56
112  59.25584107  024.19840149  59.25584905  024.19844690 1
111  59.25581342  024.19852069 1
115  59.25573692  024.19858179
120 Linear Feature 55
112  59.25578276  024.19813686  59.25578236  024.19820135 1
111  59.25574383  024.19825202 1
115  59.25567913  024.19830817
120 Linear Feature 54
112  59.25571849  024.19784520  59.25572406  024.19789726 1
111  59.25568789  024.19797796 1
115  59.25562173  024.19803886
120 Linear Feature 53
112  59.25565775  024.19758117  59.25566173  024.19763642 1
111  59.25562998  024.19770421 1
115  59.25555489  024.19776531
120 Linear Feature 52
112  59.25556504  024.19742832  59.25560289  024.19741097 1
115  59.25563777  024.19748090
120 Linear Feature 51
112  59.25559714  024.19731022  59.25560186  024.19737099 1
111  59.25556504  024.19742832 1
115  59.25549516  024.19749113
120 Linear Feature 50
111  59.25550311  024.19715777 1
115  59.25543666  024.19722008
120 Linear Feature 49
112  59.25553667  024.19703693  59.25554120  024.19708951 1
111  59.25550311  024.19715777
112  59.25550311  024.19715777  59.25553243  024.19715041 1
115  59.25557048  024.19718971
120 Linear Feature 48
111  59.25543931  024.19688786 1
115  59.25537400  024.19694699
120 Linear Feature 47
112  59.25547603  024.19676287  59.25546951  024.19684758 1
111  59.25543931  024.19688786
112  59.25543931  024.19688786  59.25549145  024.19687869 1
115  59.25551441  024.19693632
120 Linear Feature 46
112  59.25532319  024.19653411  59.25540127  024.19649836 1
115  59.25544369  024.19661670
120 Linear Feature 45
112  59.25627844  024.20038644  59.25627070  024.20051438 1
111  59.25623237  024.20056472
112  59.25623237  024.20056472  59.25628255  024.20054392 1
115  59.25633334  024.20063614
120 Linear Feature 44
112  59.25537112  024.19628875  59.25539364  024.19647438 1
111  59.25532319  024.19653411 1
111  59.25505031  024.19677457
112  59.25505031  024.19677457  59.25495985  024.19686234 1
111  59.25501114  024.19704954 1
111  59.25502563  024.19711476 1
111  59.25507245  024.19731001 1
111  59.25509413  024.19740759 1
111  59.25513340  024.19758437 1
111  59.25515473  024.19768037 1
111  59.25519674  024.19786944 1
111  59.25521441  024.19794899 1
111  59.25525790  024.19814471 1
111  59.25527561  024.19822443 1
111  59.25531500  024.19840173 1
111  59.25533904  024.19850995 1
111  59.25537515  024.19867247 1
111  59.25539861  024.19877805 1
111  59.25543566  024.19894588 1
111  59.25545679  024.19904095 1
111  59.25549611  024.19921781 1
111  59.25551895  024.19932057 1
111  59.25555744  024.19949367 1
111  59.25558315  024.19960934 1
111  59.25561918  024.19977142 1
111  59.25564309  024.19987895 1
111  59.25567697  024.20003138 1
111  59.25570482  024.20015663 1
111  59.25573727  024.20030261 1
111  59.25576578  024.20043087 1
111  59.25579637  024.20056846 1
111  59.25582423  024.20069377
112  59.25582423  024.20069377  59.25587073  024.20092982 1
111  59.25601845  024.20074348 1
115  59.25623237  024.20056472
120 Linear Feature 43
111  59.25514787  024.19625305 1
115  59.25492131  024.19644961
120 Linear Feature 42
112  59.25512971  024.19519770  59.25515265  024.19552222 1
111  59.25498022  024.19563697 1
115  59.25478151  024.19579858
120 Linear Feature 41
111  59.25497452  024.19544889 1
115  59.25474304  024.19564394
120 Linear Feature 40
112  59.25491673  024.19423412  59.25493880  024.19455953 1
111  59.25479071  024.19464776 1
115  59.25456668  024.19484154
120 Linear Feature 39
112  59.25477447  024.19358497  59.25480866  024.19389511 1
111  59.25463810  024.19401692 1
115  59.25443243  024.19419290
120 Linear Feature 38
111  59.25462170  024.19383749 1
115  59.25439205  024.19403494
120 Linear Feature 37
111  59.25444000  024.19303536 1
115  59.25421288  024.19322787
120 Linear Feature 36
112  59.25405817  024.18532711  59.25406438  024.18545723 1
115  59.25402005  024.18551933
120 Linear Feature 35
112  59.25415096  024.18543265  59.25408870  024.18543360 1
111  59.25405817  024.18532711 1
115  59.25404223  024.18524188
120 Linear Feature 34
112  59.25424694  024.18520912  59.25425123  024.18532704 1
115  59.25419223  024.18540405
120 Linear Feature 33
112  59.25433278  024.18530664  59.25428348  024.18531591 1
111  59.25424694  024.18520912 1
115  59.25422798  024.18510898
120 Linear Feature 32
112  59.25458427  024.19272001  59.25451175  024.19223492 1
115  59.25473898  024.19205687
120 Linear Feature 31
111  59.25591938  024.19121710 1
111  59.25473898  024.19205687 1
111  59.25448360  024.19226262 1
115  59.25406522  024.19258888
120 Linear Feature 30
111  59.25631238  024.19093228 7
115  59.25593360  024.19120534
120 Linear Feature 29
111  59.25676132  024.18875512 1
111  59.25688427  024.18942850
112  59.25688427  024.18942850  59.25700922  024.19037212 1
115  59.25660912  024.19072116
120 Linear Feature 28
111  59.25743947  024.19254125 1
111  59.25725284  024.19148306
112  59.25725284  024.19148306  59.25705540  024.19053599 1
111  59.25660912  024.19072116 1
115  59.25631238  024.19093228
120 Linear Feature 27
111  59.25908453  024.20161781 1
111  59.25926682  024.20272764
112  59.25926682  024.20272764  59.25935079  024.20366251 1
115  59.25896874  024.20397531
120 Linear Feature 26
112  59.25745301  024.20559221  59.25736177  024.20511954 1
115  59.25759481  024.20492565
120 Linear Feature 24
111  59.25868499  024.20417274 7
115  59.25831638  024.20442907
120 Linear Feature 25
111  59.25831638  024.20442907 1
111  59.25759481  024.20492565
112  59.25759481  024.20492565  59.25734798  024.20505542 1
115  59.25725588  024.20475870
120 Linear Feature 21
111  59.25976003  024.20538779 1
111  59.25962815  024.20466187
112  59.25962815  024.20466187  59.25941580  024.20374139 1
111  59.25896874  024.20397531 1
115  59.25868378  024.20417344
120 Linear Feature 19
111  59.26107047  024.21266685 1
111  59.26121653  024.21351878
112  59.26121653  024.21351878  59.26134399  024.21438258 1
115  59.26099585  024.21480734
120 Linear Feature 17
111  59.26174244  024.21647463 1
111  59.26159268  024.21560873
112  59.26159268  024.21560873  59.26141634  024.21468545 1
111  59.26099514  024.21480316 1
111  59.26064720  024.21505627 7
111  59.26027490  024.21533369 1
111  59.26004282  024.21551293
112  59.26004282  024.21551293  59.25979610  024.21574235 1
115  59.25968173  024.21523758
120 Linear Feature 16
111  59.26347841  024.22607311 1
111  59.26336888  024.22546957
112  59.26336888  024.22546957  59.26330002  024.22520998 1
111  59.26314102  024.22515478
112  59.26314102  024.22515478  59.26301958  024.22509500 1
115  59.26282669  024.22532107
120 Linear Feature 18
112  59.25990261  024.21620385  59.25980637  024.21574127 1
115  59.26004353  024.21551711
120 Linear Feature 15
111  59.25610887  024.18509325 1
111  59.25605611  024.18480380 1
111  59.25598529  024.18461992 1
111  59.25587258  024.18452781
112  59.25587258  024.18452781  59.25576678  024.18442268 1
111  59.25546078  024.18452556 1
111  59.25518543  024.18472715 1
111  59.25488820  024.18492668 1
111  59.25448559  024.18520597 1
111  59.25433278  024.18530664 1
111  59.25419223  024.18540405 1
111  59.25415096  024.18543265 1
111  59.25393922  024.18557941
112  59.25393922  024.18557941  59.25375260  024.18568816 1
112  59.25367205  024.18637077  59.25365251  024.18665452
111  59.25367205  024.18637077
112  59.25367205  024.18637077  59.25366599  024.18654534 1
111  59.25366354  024.18666966 1
111  59.25361281  024.18788140
112  59.25361281  024.18788140  59.25358485  024.18817251 1
112  59.25368072  024.18864420  59.25372359  024.18883158
111  59.25368072  024.18864420
112  59.25368072  024.18864420  59.25370945  024.18876978 1
111  59.25373078  024.18885602 1
111  59.25401087  024.19013616 1
111  59.25429835  024.19142466 1
111  59.25448375  024.19226530 1
111  59.25458427  024.19272001 1
111  59.25465969  024.19306298 1
111  59.25477447  024.19358497 1
111  59.25491673  024.19423412 1
111  59.25512971  024.19519770 1
111  59.25537112  024.19628875 1
111  59.25544369  024.19661670 1
111  59.25547603  024.19676287 1
111  59.25551441  024.19693632 1
111  59.25553667  024.19703693 1
111  59.25557048  024.19718971 1
111  59.25559714  024.19731022 1
111  59.25563777  024.19748090 1
111  59.25565775  024.19758117 1
111  59.25569595  024.19774292 1
111  59.25571849  024.19784520 1
111  59.25575678  024.19801895 1
111  59.25578276  024.19813686 1
111  59.25581850  024.19829906 1
111  59.25584107  024.19840149 1
111  59.25587989  024.19857768 1
111  59.25589706  024.19865561 1
111  59.25594090  024.19885456 1
111  59.25595957  024.19893930 1
111  59.25600150  024.19912959 1
111  59.25602005  024.19921378 1
111  59.25606669  024.19942543 1
111  59.25608014  024.19948651 1
111  59.25612324  024.19967885 1
111  59.25613871  024.19974939 1
111  59.25618284  024.19995057 1
111  59.25620262  024.20004077 1
111  59.25624306  024.20022511 1
111  59.25627844  024.20038644 1
111  59.25630428  024.20050605 1
111  59.25633334  024.20063614 1
111  59.25722247  024.20461637 1
111  59.25725588  024.20475870 1
111  59.25745301  024.20559221 1
111  59.25872536  024.21111550 1
111  59.25949193  024.21441948 1
111  59.25956064  024.21471562 1
111  59.25968173  024.21523758 1
111  59.25990261  024.21620385 1
111  59.26036018  024.21820553 1
111  59.26059561  024.21920009 1
111  59.26099308  024.22092535
112  59.26099308  024.22092535  59.26100327  024.22094221 1
111  59.26123921  024.22232232 1
111  59.26164910  024.22457770 1
111  59.26167197  024.22470355
112  59.26167197  024.22470355  59.26168142  024.22475539 1
112  59.26170255  024.22485045  59.26171346  024.22489659
111  59.26170255  024.22485045
112  59.26170255  024.22485045  59.26170941  024.22487947 1
112  59.26172392  024.22493427  59.26173130  024.22496115
111  59.26172392  024.22493427
112  59.26172392  024.22493427  59.26174353  024.22500567 1
112  59.26178765  024.22512680  59.26181040  024.22518400
111  59.26178765  024.22512680
112  59.26178765  024.22512680  59.26195081  024.22553712 1
112  59.26234414  024.22558727  59.26250373  024.22557352
111  59.26234414  024.22558727
112  59.26234414  024.22558727  59.26244175  024.22557886 7
112  59.26251986  024.22553697  59.26252885  024.22553195
111  59.26251986  024.22553697
112  59.26251986  024.22553697  59.26252051  024.22553660 1
111  59.26252160  024.22553581 1
111  59.26282669  024.22532107
112  59.26282669  024.22532107  59.26298246  024.22517699 1
111  59.26302972  024.22495076
112  59.26302972  024.22495076  59.26310911  024.22477153 1
111  59.26312378  024.22442560
112  59.26312378  024.22442560  59.26313905  024.22428819 1
111  59.26311461  024.22407324 1
115  59.26306643  024.22380617
120 Linear Feature 127
112  59.25956064  024.21471562  59.25951143  024.21460795 1
111  59.25942992  024.21465785
112  59.25942992  024.21465785  59.25951570  024.21455385 1
115  59.25949193  024.21441948
120 Linear Feature 128
111  59.25942992  024.21465785 1
111  59.25928344  024.21478947 1
111  59.25915286  024.21490677 1
111  59.25907313  024.21497840 1
111  59.25838975  024.21559173 1
111  59.25823347  024.21573198 1
111  59.25810559  024.21584676 1
115  59.25800435  024.21593762
120 Linear Feature 126
111  59.25900945  024.21287260 1
115  59.25883192  024.21303614
120 Linear Feature 134
112  59.25810559  024.21584676  59.25802864  024.21585887 1
111  59.25801060  024.21576115 1
111  59.25797143  024.21559266 1
111  59.25790036  024.21528698
112  59.25790036  024.21528698  59.25788094  024.21516158 1
115  59.25792137  024.21508445
120 Linear Feature 134
112  59.25823347  024.21573198  59.25814824  024.21573670 1
111  59.25813858  024.21562763 1
111  59.25809998  024.21546297 1
111  59.25803158  024.21517119
112  59.25803158  024.21517119  59.25800156  024.21505143 1
115  59.25804477  024.21497322
120 Linear Feature 133
112  59.25830724  024.21552282  59.25832227  024.21559722 1
115  59.25838975  024.21559173
120 Linear Feature 132
112  59.25800435  024.21593762  59.25791231  024.21606114 1
111  59.25787005  024.21582055 1
111  59.25784477  024.21571173 1
111  59.25777094  024.21539402
112  59.25777094  024.21539402  59.25772963  024.21524215 1
111  59.25780802  024.21518663 1
111  59.25792137  024.21508445 1
111  59.25804477  024.21497322 1
111  59.25809261  024.21493009
112  59.25809261  024.21493009  59.25817090  024.21487021 1
111  59.25819983  024.21503119 1
115  59.25830724  024.21552282
120 Linear Feature 131
112  59.25907313  024.21497840  59.25910207  024.21497053 1
115  59.25913552  024.21502278
120 Linear Feature 130
112  59.25915286  024.21490677  59.25913897  024.21492751 1
111  59.25913552  024.21502278 1
111  59.25929876  024.21570482 1
115  59.25934476  024.21589703
120 Linear Feature 129
111  59.25928344  024.21478947 55
111  59.25926303  024.21469983 55
115  59.25930251  024.21487322
120 Linear Feature 6
111  59.25406522  024.19258888 1
111  59.25375044  024.19286613 1
115  59.25357179  024.19302349
120 Linear Feature 7
111  59.25421288  024.19322787 1
111  59.25389650  024.19349524 1
115  59.25371138  024.19365168
120 Linear Feature 8
111  59.25439205  024.19403494 1
111  59.25415712  024.19422731 1
115  59.25389518  024.19444178
120 Linear Feature 9
111  59.25443243  024.19419290 1
115  59.25412250  024.19445274
120 Linear Feature 10
111  59.25456668  024.19484154 1
111  59.25424838  024.19510440 1
115  59.25406363  024.19525697
120 Linear Feature 11
111  59.25474304  024.19564394 1
111  59.25443042  024.19590863 1
115  59.25424025  024.19606964
120 Linear Feature 12
111  59.25478151  024.19579858 1
115  59.25446743  024.19607582
120 Linear Feature 13
111  59.25492131  024.19644961 1
111  59.25466593  024.19665877 1
115  59.25440343  024.19688504
120 Linear Feature 14
111  59.25408702  024.19234831 20
111  59.25498974  024.19645708 20
115  59.25489991  024.19691186
120 Linear Feature 5
112  59.25357179  024.19302349  59.25352439  024.19310074 1
111  59.25354709  024.19324008 1
111  59.25363554  024.19362633 1
111  59.25383815  024.19450529 1
111  59.25391749  024.19487129 1
111  59.25426246  024.19646266 1
115  59.25436168  024.19692040
120 Linear Feature 6
111  59.25412250  024.19445274 1
111  59.25398511  024.19457559
112  59.25398511  024.19457559  59.25386938  024.19466194 1
115  59.25391749  024.19487129
120 Linear Feature 10
111  59.25424838  024.19510440 1
111  59.25443042  024.19590863 1
111  59.25446743  024.19607582 1
111  59.25460306  024.19671734 1
111  59.25461458  024.19677260
112  59.25461458  024.19677260  59.25465936  024.19673627 1
115  59.25466593  024.19665877
120 Linear Feature 1
111  59.25535628  024.19724284 20
115  59.25537366  024.19731170
120 Linear Feature 2
111  59.25529567  024.19697784 20
115  59.25531063  024.19704063
120 Linear Feature 3
111  59.25541666  024.19751039 20
115  59.25543680  024.19759280
120 Linear Feature 4
111  59.25548034  024.19780421 20
115  59.25549527  024.19786417
120 Linear Feature 5
111  59.25553964  024.19807209 20
115  59.25555497  024.19813425
120 Linear Feature 6
111  59.25559690  024.19833589 20
115  59.25561184  024.19839393
120 Linear Feature 7
111  59.25566047  024.19860795 20
115  59.25567441  024.19866686
120 Linear Feature 8
111  59.25572234  024.19888811 20
115  59.25573752  024.19895683
120 Linear Feature 9
111  59.25577842  024.19915920 20
115  59.25579306  024.19922001
120 Linear Feature 10
111  59.25583339  024.19942843 20
115  59.25585484  024.19952142
120 Linear Feature 11
111  59.25590143  024.19972294 20
115  59.25591541  024.19978504
120 Linear Feature 12
111  59.25595859  024.19998634 20
115  59.25597488  024.20005891
120 Linear Feature 13
111  59.25601718  024.20026091 20
115  59.25603314  024.20033165
120 Linear Feature 125
111  59.26250352  024.22544294 4
111  59.26251986  024.22553697 4
115  59.26253575  024.22562842
120 Linear Feature 124
111  59.26062994  024.21496506 4
111  59.26064720  024.21505627 4
115  59.26066343  024.21514203
120 Linear Feature 123
111  59.25866895  024.20408174 4
111  59.25868499  024.20417274 4
115  59.25870221  024.20427051
120 Linear Feature 122
111  59.25627876  024.19075049 4
111  59.25631238  024.19093228 4
115  59.25634804  024.19112034
120 Linear Feature 121
111  59.25516920  024.18462949 4
111  59.25518543  024.18472715 4
115  59.25520056  024.18481824
21  59.26332368  024.22274536 3 250.6700 3.00 25  PAPI-4L
21  59.25678882  024.18634333 2 69.4600 3.00 New Light Fixture 2
14  59.25607664  024.20436930  82.02 0 Tower Viewpoint
1300  59.25404497  024.19414579  67.85 tie_down jets APRON 1 - 20
1301 E military 
1300  59.25460306  024.19671734  67.06 tie_down fighters APRON 1 - 19
1301 E military 
1300  59.26137839  024.22533234 160.28 tie_down jets REMOTE 04
1301 B military 
1300  59.26132130  024.22495778 160.07 tie_down jets REMOTE 03
1301 B military 
1300  59.25395315  024.18475920 250.16 tie_down fighters REMOTE 02
1301 B military 
1300  59.25413333  024.18463337 -109.08 tie_down fighters REMOTE 01
1301 B military 
1300  59.25929876  024.21570482  65.02 tie_down jets REMOTE 05
1301 B military 
1300  59.25877751  024.21272435 155.96 tie_down jets HANGAR 01 - 02
1301 B military 
1300  59.25854508  024.21172038 155.40 tie_down jets HANGAR 01 - 01
1301 B military 
1300  59.25809998  024.21546297  65.30 tie_down fighters HANGAR 02 - 01
1301 B military 
1300  59.25797143  024.21559266  65.51 tie_down fighters HANGAR 02 - 02
1301 B military 
1300  59.25784477  024.21571173  65.55 tie_down fighters HANGAR 02 - 03
1301 B military 
1300  59.25440343  024.19688504 -203.18 tie_down fighters APRON 01 - 14
1301 B military 
1300  59.25424025  024.19606964 -203.38 tie_down jets APRON 01 - 15
1301 C military 
1300  59.25406363  024.19525697 -202.82 tie_down jets APRON 01 - 16
1301 C military 
1300  59.25389518  024.19444178 -202.63 tie_down jets APRON 01 - 17
1301 C military 
1300  59.25371138  024.19365168 -203.41 tie_down jets APRON 01 - 18
1301 C military 
1300  59.25592021  024.20038962 155.19 tie_down fighters APRON 02 - 01
1301 A military 
1300  59.25585814  024.20012313 154.95 tie_down fighters APRON 02 - 02
1301 A military 
1300  59.25579959  024.19985095 155.59 tie_down fighters APRON 02 - 03
1301 A military 
1300  59.25573626  024.19957331 155.70 tie_down fighters APRON 02 - 04
1301 A military 
1300  59.25567922  024.19929103 154.04 tie_down fighters APRON 02 - 05
1301 A military 
1300  59.25561844  024.19901581 156.98 tie_down fighters APRON 02 - 06
1301 A military 
1300  59.25556111  024.19873260 155.64 tie_down fighters APRON 02 - 07
1301 A military 
1300  59.25549893  024.19846572 154.54 tie_down fighters APRON 02 - 08
1301 A military 
1300  59.25543984  024.19819791 155.90 tie_down fighters APRON 02 - 09
1301 A military 
1300  59.25525834  024.19738206 153.27 tie_down fighters APRON 02 - 12
1301 A military 
1300  59.25519818  024.19710884 154.48 tie_down fighters APRON 02 - 13
1301 A military 
1300  59.25538054  024.19792731 156.01 tie_down fighters APRON 02 - 10
1301 A military 
1300  59.25531640  024.19764675 156.17 tie_down fighters APRON 2 - 11
1301 A military 
1300  59.25846564  024.21708149  63.51 tie_down jets HANGAR
1301 C military 
18  59.25606308  024.20437504 1 BCN
19  59.25618950  024.19435886 1 WS
19  59.25953213  024.21066689 1 WS
54 12090 MARI TWR
55 12790 EETN APP
99
