I
1050 Generated by WorldEditor 2.1.0r1

1     56 1 0 WBKW Tawau
100 45.11 15 0 0.00 0 2 1 06  04.30701517  118.11165658    0    0 3 0 0 0 24  04.31977808  118.13228974    0    0 3 0 0 0
110 2 0.00 0.0000 New Taxiway 37
111  04.31232565  118.11440361
111  04.31336128  118.11607861
111  04.31390238  118.11573676 3
111  04.31286666  118.11407533 3
113  04.31238116  118.11436993 3
110 1 0.00 0.0000 New Taxiway 1
111  04.30755238  118.11133956
111  04.30725149  118.11151990
111  04.30695516  118.11107191
111  04.30651282  118.11134967
111  04.31983341  118.13287906
111  04.32029620  118.13260360
111  04.32000838  118.13214235
111  04.32031205  118.13194531
111  04.31988064  118.13124140
111  04.31937358  118.13108960
111  04.31421284  118.12275120
112  04.31422583  118.12266626  04.31425553  118.12262233
111  04.31422583  118.12266626
111  04.31616653  118.12148175
111  04.31478270  118.11922940
112  04.31479894  118.11913885  04.31483889  118.11909407
111  04.31479894  118.11913885
111  04.31567164  118.11859985
112  04.31576620  118.11862377  04.31581104  118.11866996
111  04.31576620  118.11862377
111  04.31636879  118.11957825
111  04.31654961  118.11947851
112  04.31654961  118.11947851  04.31662233  118.11940842
111  04.31659548  118.11930251
111  04.31650900  118.11916120
112  04.31650900  118.11916120  04.31643802  118.11907135
111  04.31631546  118.11911705
111  04.31625663  118.11914969
112  04.31625663  118.11914969  04.31620511  118.11917332
111  04.31616372  118.11911924
111  04.31295212  118.11393500
111  04.31291564  118.11395817
111  04.31288296  118.11397893
111  04.31292210  118.11404160
111  04.31286666  118.11407533
111  04.31390238  118.11573676
111  04.31336128  118.11607861
111  04.31232565  118.11440361 3
111  04.31181168  118.11471463
111  04.31173474  118.11475605
112  04.31173474  118.11475605  04.31169765  118.11486059
111  04.31162463  118.11492850
111  04.31034170  118.11570307
112  04.31034170  118.11570307  04.31001846  118.11588015
111  04.30978263  118.11561327
111  04.30789335  118.11255035
113  04.30800497  118.11205602
112  04.31224900  118.11600242  04.31191517  118.11635178
111  04.31224900  118.11600242
111  04.31098715  118.11678498
112  04.31098715  118.11678498  04.31044329  118.11701773
112  04.31053346  118.11603465  04.31090123  118.11577527
111  04.31053346  118.11603465
111  04.31190260  118.11521576
114  04.31190260  118.11521576  04.31220427  118.11518589
112  04.31294196  118.11647062  04.31315967  118.11669739
111  04.31294196  118.11647062
111  04.31310229  118.11673946
111  04.31312375  118.11672958
111  04.31602937  118.12139763
112  04.31601249  118.12149059  04.31597022  118.12154083
111  04.31601249  118.12149059
111  04.31419926  118.12259619
112  04.31419926  118.12259619  04.31414085  118.12261302
111  04.31410080  118.12256811
111  04.31107467  118.11768821
112  04.31107467  118.11768821  04.31090988  118.11733478
111  04.31120728  118.11711779
113  04.31246958  118.11633958
111  04.31483145  118.11709974
112  04.31480231  118.11720987  04.31475445  118.11725108
111  04.31480231  118.11720987
111  04.31420631  118.11756203
112  04.31420631  118.11756203  04.31418167  118.11756864
111  04.31416400  118.11755348
111  04.31397961  118.11725520
111  04.31365858  118.11744778
111  04.31318229  118.11668793 3
111  04.31327022  118.11663295 3
111  04.31364068  118.11640132 3
111  04.31412166  118.11610059
112  04.31420951  118.11611847  04.31424383  118.11615434
113  04.31420951  118.11611847
111  04.31566491  118.11845312
112  04.31565238  118.11853758  04.31562075  118.11856965
111  04.31565238  118.11853758
111  04.31477646  118.11908017
112  04.31477646  118.11908017  04.31472251  118.11909530
111  04.31468172  118.11906563
111  04.31410521  118.11813943
111  04.31440104  118.11795550
111  04.31422650  118.11766622
112  04.31422650  118.11766622  04.31421234  118.11763249
111  04.31423388  118.11761326
111  04.31483960  118.11725891
112  04.31493473  118.11728625  04.31497128  118.11733570
113  04.31493473  118.11728625
112  04.31650567  118.11943949  04.31645046  118.11948406
111  04.31650567  118.11943949
111  04.31645887  118.11946954
112  04.31645887  118.11946954  04.31640942  118.11949346
111  04.31637131  118.11945041
111  04.31627282  118.11927578
112  04.31628348  118.11920188  04.31630621  118.11917516
111  04.31628348  118.11920188
111  04.31634181  118.11916234
112  04.31647164  118.11920402  04.31651818  118.11926722
111  04.31647164  118.11920402
113  04.31652912  118.11930463
130 Airport Boundary
111  04.31652074  118.12205297
111  04.31834505  118.12089932
111  04.31555603  118.11633463
111  04.31798550  118.11482590
111  04.31453928  118.10884008
111  04.31242200  118.11016274
111  04.31081687  118.10750588
111  04.30842326  118.10876077
111  04.30145033  118.09747551
111  04.29784452  118.09965367
111  04.30334008  118.10848186
111  04.31485013  118.12698145
111  04.31490241  118.12806759
111  04.32303265  118.14128710
111  04.32803696  118.14333157
113  04.32947259  118.14252856
120 Linear Feature 21
111  04.31060344  118.11589345 4
111  04.31054621  118.11580388 4
115  04.31048768  118.11571243
120 Linear Feature 20
111  04.31127723  118.11696715 4
111  04.31121967  118.11687529 4
115  04.31116449  118.11678734
120 Linear Feature 3
111  04.31054621  118.11580388 51 101
111  04.31185201  118.11500722 51 101
111  04.31209122  118.11485462 51 101
112  04.31219701  118.11488116  04.31223618  118.11491960
111  04.31219701  118.11488116 51 101
111  04.31234515  118.11512249 51 101
111  04.31236343  118.11515228 51 101
111  04.31244231  118.11528080 51 101
111  04.31252462  118.11541489 51 101
111  04.31261921  118.11556900 51 101
111  04.31267251  118.11565898 51 101
111  04.31271458  118.11572834 51 101
111  04.31286579  118.11597771 51 101
111  04.31290331  118.11603959 51 101
111  04.31300245  118.11620309 51 101
111  04.31306241  118.11629925 51 101
111  04.31309313  118.11634839 51 101
111  04.31313915  118.11642233 51 101
115  04.31327022  118.11663295
120 Linear Feature 25
112  04.31289999  118.11578929  04.31277971  118.11580018 51
115  04.31271458  118.11572834
120 Linear Feature 41
111  04.31291564  118.11395817 22
111  04.31397564  118.11566250 22
115  04.31422853  118.11608305
120 Linear Feature 39
111  04.31412166  118.11610059 3
115  04.31390238  118.11573676
120 Linear Feature 18
111  04.31313915  118.11642233 2
111  04.31351954  118.11617975 2
111  04.31377541  118.11601658 2
112  04.31384106  118.11606949  04.31385798  118.11611756
111  04.31384106  118.11606949 2
111  04.31390216  118.11608784
112  04.31390216  118.11608784  04.31395394  118.11616742 2
112  04.31372866  118.11618880  04.31361840  118.11606901
111  04.31372866  118.11618880 2
115  04.31351954  118.11617975
120 Linear Feature 46
111  04.31867504  118.13046228 51 105
111  04.31898349  118.13096975 51 105
112  04.31931324  118.13120628  04.31952603  118.13127937
111  04.31931324  118.13120628 51 105
111  04.31951453  118.13126247
112  04.31951453  118.13126247  04.32016356  118.13151656 51 105
112  04.31981952  118.13208386  04.31962183  118.13214358
111  04.31981952  118.13208386
112  04.31981952  118.13208386  04.31957415  118.13215876 51 105
112  04.31934669  118.13173868  04.31934059  118.13149212
111  04.31934669  118.13173868
112  04.31934669  118.13173868  04.31933664  118.13158746 51 105
111  04.31928494  118.13148643 51 105
115  04.31899745  118.13101388
120 Linear Feature 34
111  04.31029671  118.11657999 3 102
112  04.31046671  118.11597590  04.31076395  118.11575679
111  04.31046671  118.11597590 3 102
111  04.31060344  118.11589345 3 102
111  04.31176109  118.11519537
112  04.31176109  118.11519537  04.31231188  118.11495983 3 102
112  04.31226462  118.11609769  04.31176856  118.11645585
111  04.31226462  118.11609769 3 102
111  04.31116449  118.11678734 3 102
111  04.31107240  118.11684507
112  04.31107240  118.11684507  04.31066793  118.11707120 3 102
115  04.31037185  118.11670528
120 Linear Feature 50
111  04.31994527  118.13217585 3 102
111  04.32026386  118.13196543 3 102
111  04.31983946  118.13127531 3 102
115  04.31926940  118.13108507
120 Linear Feature 47
111  04.30822595  118.11358752 51 105
111  04.30783820  118.11295831 51 105
112  04.30777159  118.11252153  04.30781278  118.11228035
111  04.30777159  118.11252153 51 105
111  04.30780127  118.11237122
112  04.30780127  118.11237122  04.30792994  118.11126166 51 105
112  04.30722811  118.11222735  04.30771722  118.11281764
111  04.30722811  118.11222735 51 105
111  04.30740121  118.11234258 51 105
112  04.30753916  118.11248565  04.30757854  118.11254361
111  04.30753916  118.11248565 51 105
115  04.30780937  118.11293146
120 Linear Feature 15
111  04.31209122  118.11485462 51
111  04.31223158  118.11476924 51
115  04.31291850  118.11436027
120 Linear Feature 40
111  04.31292210  118.11404160 20
115  04.31420951  118.11611847
120 Linear Feature 26
112  04.31289999  118.11578929  04.31283272  118.11587130 51
115  04.31286579  118.11597771
120 Linear Feature 48
111  04.30784442  118.11259794 3 102
111  04.30795766  118.11208098 3 102
111  04.30751842  118.11137420 3 102
115  04.30721357  118.11155625
120 Linear Feature 11
112  04.31252462  118.11541489  04.31259197  118.11548364 51
111  04.31270642  118.11546691 51
115  04.31332199  118.11510112
120 Linear Feature 35
111  04.31181079  118.11471489 3 102
112  04.31157619  118.11504957  04.31135103  118.11519200
111  04.31157619  118.11504957 3 102
111  04.31048768  118.11571243 3 102
111  04.31035761  118.11579163
112  04.31035761  118.11579163  04.30999787  118.11598304 3 102
115  04.30971850  118.11565046
120 Linear Feature 22
111  04.31185201  118.11500722 51 101
116  04.31234515  118.11512249  04.31255732  118.11537435
120 Linear Feature 19
111  04.31390216  118.11608784 1
115  04.31403644  118.11612744
120 Linear Feature 16
112  04.31223158  118.11476924  04.31217921  118.11482175 51
115  04.31219701  118.11488116
120 Linear Feature 36
111  04.31099701  118.11771483 3 102
112  04.31114057  118.11705228  04.31146573  118.11679718
111  04.31114057  118.11705228 3 102
111  04.31127723  118.11696715 3 102
111  04.31236596  118.11628895 3 102
112  04.31303277  118.11645046  04.31332603  118.11682749
111  04.31303277  118.11645046 3 102
115  04.31318229  118.11668793
120 Linear Feature 17
111  04.31309678  118.11610142 51
116  04.31306241  118.11629925  04.31310584  118.11640731
120 Linear Feature 6
111  04.31121967  118.11687529 51 105
111  04.31091137  118.11706640
112  04.31091137  118.11706640  04.31050780  118.11724530 51 105
111  04.31028286  118.11689121 51 105
111  04.31013646  118.11664741
112  04.31013646  118.11664741  04.30994701  118.11631570 51 105
115  04.31023412  118.11599429
120 Linear Feature 12
111  04.31270642  118.11546691 51
116  04.31267251  118.11565898  04.31271022  118.11575728
120 Linear Feature 6
111  04.31351698  118.11540816 51
111  04.31289999  118.11578929 51
115  04.31252205  118.11606491
120 Linear Feature 14
112  04.31244231  118.11528080  04.31243459  118.11521650 51
115  04.31247058  118.11517695
120 Linear Feature 13
111  04.31236343  118.11515228 51
112  04.31247058  118.11517695  04.31254477  118.11516382
111  04.31247058  118.11517695 51
115  04.31317891  118.11475291
120 Linear Feature 10
111  04.31290331  118.11603959 51
112  04.31297145  118.11609142  04.31301633  118.11611148
111  04.31297145  118.11609142
112  04.31297145  118.11609142  04.31300285  118.11610546 51
112  04.31309678  118.11610142  04.31314875  118.11608909
111  04.31309678  118.11610142 51
115  04.31368959  118.11572789
120 Linear Feature 27
111  04.31280204  118.11606249 51 101
111  04.31272548  118.11604941
112  04.31272548  118.11604941  04.31260134  118.11603079 51 101
115  04.31249280  118.11608624
120 Linear Feature 9
111  04.31309313  118.11634839 51
112  04.31327206  118.11638282  04.31336100  118.11635083
111  04.31327206  118.11638282 51
111  04.31387935  118.11599980 51
115  04.31389103  118.11601777
120 Linear Feature 27
111  04.31297145  118.11609142 51
115  04.31280204  118.11606249
120 Linear Feature 8
111  04.31280204  118.11606249 51 101
116  04.31300245  118.11620309  04.31305698  118.11628569
120 Linear Feature 6
111  04.31252205  118.11606491 51 101
111  04.31249280  118.11608624 51 101
115  04.31121967  118.11687529
120 Linear Feature 3
111  04.30924869  118.11524981 51 105
111  04.30963435  118.11587466 51 105
112  04.31023412  118.11599429  04.31059750  118.11584792
111  04.31023412  118.11599429 51 105
115  04.31054621  118.11580388
120 Linear Feature 7
111  04.31091137  118.11706640 51 105
112  04.31077001  118.11768255  04.31093421  118.11805981
111  04.31077001  118.11768255 51 105
115  04.31107907  118.11818054
120 Linear Feature 4
111  04.31261921  118.11556900 51 101
116  04.31252205  118.11606491  04.31228750  118.11628806
120 Linear Feature 33
111  04.31238116  118.11436993 20
115  04.31364068  118.11640132
21  04.30924389  118.11437117 2 60.2551 3.00 PAPI 06
21  04.31777667  118.12993336 2 238.9040 3.00 PAPI 24
14  04.31533228  118.11747513  58.00 0 Tower Viewpoint
1300  04.31291850  118.11436027 329.24 gate jets|turboprops|props Gate 1
1301 C airline 
1300  04.31317891  118.11475291 331.33 gate jets|turboprops|props Gate 2
1301 C airline 
1300  04.31332199  118.11510112 329.42 gate jets|turboprops|props Gate 3
1301 C airline 
1300  04.31351698  118.11540816 328.50 gate jets|turboprops|props Gate 4
1301 C airline 
1300  04.31368959  118.11572789 328.08 gate jets|turboprops|props Gate 5
1301 C airline 
1300  04.31387935  118.11599980 327.82 gate jets|turboprops|props Gate 6
1301 C airline 
18  04.31533228  118.11747513 1 Airport Beacon
19  04.31888217  118.12905667 0 Windsock
50 12625 ATIS
53 12190 Tawau Ground
54 12250 Tawau Tower
55 12355 Tawau Approach
99
