A
1000 Generated by Infinite Flight Airport Editing (World Parser)/AB

1      155 0 1 68J  TALLAHASSEE COML
100   15.24   1   0 0.25 0 1 0 16   30.55147200 -084.37570600   77.11    0.00 2  0 0 0 34   30.54314700 -084.37196700  362.41    0.00 2  0 0 0
110   1 0.30 158.85 Default taxiway for RWY 16
111  30.55144807 -084.37577783   3 102 
111  30.55132356 -084.37615160   3 102 
111  30.54299861 -084.37241224   3 102 
111  30.54312312 -084.37203850 
112  30.54325104 -084.37209595  30.54318627 -084.37206967   3 102 
111  30.54315658 -084.37215878   3 102 
112  30.54311700 -084.37227760  30.54308731 -084.37236671   3 102 
111  30.54315127 -084.37239543   3 102 
111  30.54715385 -084.37419330   3 102 
111  30.54725362 -084.37389381 
111  30.54731757 -084.37392253   3 102 
111  30.54721780 -084.37422202   3 102 
112  30.55122039 -084.37601988  30.55128434 -084.37604860   3 102 
111  30.55131403 -084.37595948   3 102 
112  30.55135361 -084.37584066  30.55138330 -084.37575154   3 102 
113  30.55132016 -084.37572038 
120 Default hold RWY 16 (near)
111  30.55139778 -084.37592880   4 
115  30.55133382 -084.37590007 
120 Default hold RWY 16 (centre)
111  30.54726728 -084.37407349   4 
115  30.54720333 -084.37404477 
120 Default hold RWY 16 (far)
111  30.54313679 -084.37221819   4 
115  30.54307283 -084.37218946 
18   30.54748288 -084.37331658 1 BCN
19   30.55167413 -084.37554065 1 WS
19   30.54294488 -084.37213234 1 WS
51 12280 CTAF/UNICOM
55 12870 APP/DEP


130 Airport Boundary
111  030.54299927 -084.37241364
111  030.55132294 -084.37615204
111  030.55144882 -084.37577820
111  030.55147171 -084.37570953
113  030.54314613 -084.37196350
99
