A
1000 Generated by Infinite Flight Airport Editing (World Parser)/AB

1      613 0 0 YWWA WEE WAA
100   21.03   1   0 0.25 0 1 0 5   -30.25954210  149.40622927    0.00    0.00 1  0 0 0 23  -30.25340996  149.41603642   21.03    0.00 1  0 0 0
110   1 0.25 144.10 New Taxiway 17
111 -30.25383946  149.41521971 
112 -30.25384396  149.41512603 -30.25384858  149.41505121 102 
111 -30.25380350  149.41496469 102 
111 -30.25249524  149.41390818 
112 -30.25239633  149.41405911 -30.25236036  149.41408513 
112 -30.25226595  149.41399145 -30.25224347  149.41397584 
111 -30.25222999  149.41386134 
112 -30.25245477  149.41349182 -30.25249074  149.41343457 
112 -30.25258515  149.41351784 -30.25261212  149.41353346 
111 -30.25266158  149.41362714 
111 -30.25256717  149.41378327 102 
112 -30.25387543  149.41487621 -30.25395555  149.41492624 102 
113 -30.25405076  149.41483458 
110   4 0.25  54.10 New Taxiway 12
112 -30.26047829  149.40584518 -30.26058047  149.40595401 
111 -30.26048647  149.40610542 
112 -30.26008356  149.40689080 -30.26006378  149.40696523 
111 -30.26013691  149.40697985 
112 -30.26015618  149.40692407 -30.26016582  149.40690175 
111 -30.26020437  149.40674556 
112 -30.26086932  149.40571915 -30.26106206  149.40545139 
111 -30.26079223  149.40530636 
111 -30.25902865  149.40404566 
111 -30.25880700  149.40395641 
112 -30.25853716  149.40387831 -30.25847934  149.40382253 
112 -30.25864317  149.40365518 -30.25871063  149.40362171 
111 -30.25883591  149.40383368 
111 -30.25920211  149.40404566 
112 -30.26092714  149.40531751 -30.26116807  149.40551833 
111 -30.26096569  149.40569684 
112 -30.26029110  149.40676787 -30.26021400  149.40687944 
111 -30.26023768  149.40702489 
111 -30.26046546  149.40718717 
111 -30.26041290  149.40725816 
111 -30.26024644  149.40710603 
111 -30.25986096  149.40708574 
111 -30.25332298  149.41741620 
111 -30.25262935  149.41612046 
112 -30.25162184  149.41526854 -30.25149043  149.41516713 
111 -30.25159556  149.41498457 
112 -30.25177078  149.41475131 -30.25185838  149.41464989 
111 -30.25177954  149.41457890 
111 -30.25163936  149.41443691 
112 -30.25140282  149.41480202 -30.25139406  149.41481216 
112 -30.25137653  149.41509613 -30.25137653  149.41515698 
111 -30.25130645  149.41539025 
112 -30.25130645  149.41496429 -30.25130645  149.41488315 
111 -30.25135025  149.41475131 
111 -30.25161045  149.41431857 
112 -30.25140903  149.41415904 -30.25135603  149.41409768 
111 -30.25143023  149.41381543 
112 -30.25546394  149.40745736 -30.25551525  149.40738311 
111 -30.25560504  149.40736826 
111 -30.25579744  149.40747221 
112 -30.25582309  149.40729402 -30.25582309  149.40723462 
111 -30.25590006  149.40681885 
112 -30.25777278  149.40380449 -30.25788822  149.40361146 
111 -30.25799084  149.40371540 
113 -30.25964551  149.40509636 
112 -30.25787789  149.40375286 -30.25781865  149.40376810 
111 -30.25775941  149.40390526 
111 -30.25610728  149.40659519 
111 -30.25595588  149.40686189 
111 -30.25584399  149.40750199 
112 -30.25712094  149.40859168 -30.25719992  149.40865264 
111 -30.25729866  149.40857644 
112 -30.25936642  149.40522864 -30.25941538  149.40514677 
111 -30.25946977  149.40509009 
113 -30.25796837  149.40377386 
111 -30.25959586  149.40516259 
112 -30.25940497  149.40528452 -30.25931282  149.40542930 
111 -30.25733166  149.40862535 
112 -30.25708687  149.40868833 -30.25697263  149.40858756 
111 -30.25564530  149.40746658 
112 -30.25548211  149.40754845 -30.25537875  149.40768700 
111 -30.25463806  149.40894164 
111 -30.25620463  149.41020657 
111 -30.25615855  149.41025991 
111 -30.25461173  149.40899498 
111 -30.25294472  149.41164144 
112 -30.25298816  149.41206891 -30.25295920  149.41228684 
111 -30.25280715  149.41261373 
111 -30.25357464  149.41327590 
111 -30.25378461  149.41315017 
112 -30.25384978  149.41324237 -30.25381357  149.41335134 
112 -30.25378461  149.41348545 -30.25364704  149.41347707 
112 -30.25358188  149.41356088 -30.25352396  149.41365308 
112 -30.25338639  149.41396321 -30.25339363  149.41407218 
112 -30.25339363  149.41438231 -30.25350223  149.41448289 
112 -30.25386426  149.41480978 -30.25391494  149.41482654 
111 -30.25416112  149.41473434 
111 -30.25379949  149.41535031 
112 -30.25378501  149.41506533 -30.25377776  149.41499827 
112 -30.25361847  149.41486416 -30.25360399  149.41485578 
111 -30.25327817  149.41462947 
111 -30.25306096  149.41496474 
112 -30.25308268  149.41509885 -30.25306820  149.41512400 
112 -30.25290891  149.41510724 -30.25287995  149.41507371 
112 -30.25283651  149.41493960 -30.25287995  149.41491445 
111 -30.25303924  149.41489769 
111 -30.25321301  149.41459594 
111 -30.25251315  149.41394114 
111 -30.25220253  149.41364609 
111 -30.25170077  149.41441136 
111 -30.25182820  149.41453122 
112 -30.25184413  149.41477094 -30.25175652  149.41489080 
111 -30.25166095  149.41502910 
112 -30.25174059  149.41524116 -30.25181227  149.41531492 
112 -30.25267244  149.41605253 -30.25268837  149.41608941 
111 -30.25333962  149.41729892 
111 -30.26041811  149.40597047 
114 -30.26033926  149.40581833 -30.26030422  149.40577776 
112 -30.25152353  149.41388478 -30.25145771  149.41399908 
111 -30.25153011  149.41407528 
111 -30.25162884  149.41424291 
111 -30.25272807  149.41260466 
112 -30.25292554  149.41213985 -30.25298478  149.41194174 
113 -30.25287288  149.41169029 
111 -30.25282681  149.41277230 
112 -30.25266883  149.41283325 -30.25256352  149.41298565 
111 -30.25226074  149.41355713 
111 -30.25337972  149.41458580 
112 -30.25328098  149.41428863 -30.25330731  149.41411337 
112 -30.25329415  149.41391526 -30.25324149  149.41386954 
112 -30.25327440  149.41378572 -30.25330073  149.41368667 
112 -30.25335339  149.41343522 -30.25339288  149.41332854 
114 -30.25339288  149.41325996 -30.25332706  149.41318376 
110   4 0.25 144.10 New Taxiway 10
111 -30.25872565  149.40743912 
112 -30.25871117  149.40736368 -30.25868945  149.40730501 
112 -30.25842155  149.40699487 -30.25837087  149.40693619 
112 -30.25803781  149.40660929 -30.25797264  149.40654223 
112 -30.25783507  149.40615665 -30.25782059  149.40611474 
111 -30.25767578  149.40585490 
111 -30.25724136  149.40565373 
111 -30.25734272  149.40550285 
112 -30.25762510  149.40525977 -30.25776991  149.40515080 
111 -30.25784955  149.40525977 
111 -30.25823330  149.40448023 
112 -30.25804505  149.40433773 -30.25803057  149.40433773 
111 -30.25789300  149.40415333 
111 -30.25797988  149.40391863 
111 -30.25844084  149.40437029 
111 -30.25839740  149.40447088 
112 -30.25798470  149.40537615 -30.25791953  149.40563599 
112 -30.25789781  149.40592937 -30.25789781  149.40603834 
112 -30.25806718  149.40641342 -30.25813246  149.40653938 
112 -30.25835005  149.40679128 -30.25839357  149.40684167 
112 -30.25875804  149.40710617 -30.25886684  149.40719434 
113 -30.25889948  149.40716285 
14  -30.25233788  149.41396543    6 0 New Tower Viewpoint 22
15  -30.25252221  149.41364796  71.56 New Ramp Start 20
18  -30.25594115  149.41068372 1 BCN
19  -30.25296279  149.41500632 0 New Windsock 21


130 Airport Boundary
111 -030.26096535  149.40570068
111 -030.26092720  149.40531921
111 -030.25920296  149.40405273
111 -030.25864220  149.40365601
111 -030.25798988  149.40371704
111 -030.25787735  149.40374756
111 -030.25777245  149.40380859
111 -030.25143051  149.41381836
111 -030.25130653  149.41496277
111 -030.25130653  149.41539001
111 -030.25332260  149.41741943
113 -030.26046562  149.40718079
99
