A
1000 Generated by Infinite Flight Airport Editing (World Parser)/AB

1     4021 0 0 KSHR SHERIDAN CO
100   29.87   1   0 1.00 0 3 0 14   44.77703805 -106.98774967    0.00    0.00 2  0 0 1 32   44.75620095 -106.97492749    0.00    0.00 3  8 0 0
100   22.86   1   0 1.00 0 2 0 05   44.77088397 -106.98752374    0.00    0.00 2  0 0 1 23   44.77606203 -106.96956055    0.00    0.00 2  0 0 1
100   46.02   1   0 0.25 0 0 0 13   44.77424260 -106.97584167    0.00    0.00 0  0 0 0 31   44.76853300 -106.96929992    0.00    0.00 0  0 0 0
21   44.77242241 -106.98367414  2  67.92   3.00 05  PAPI-4L
21   44.77456888 -106.98547305  2 156.38   3.00 14  PAPI-4L
21   44.77499844 -106.97172267  2 247.93   3.00 23  PAPI-4L
21   44.75847350 -106.97700359  2 336.39   3.00 32  PAPI-4L
110   2 1.00 140.50 New Taxiway 5
111  44.77331132 -106.97019278 
111  44.77328067 -106.97015708 
111  44.77325574 -106.97019335 
111  44.77318339 -106.97010123 
111  44.77309919 -106.97024632 
111  44.77307753 -106.97021581 
111  44.77316500 -106.97007820 
111  44.77308979 -106.96999818 
111  44.77310900 -106.96996306 
111  44.77305791 -106.96990548 
111  44.77318245 -106.96968529 
113  44.77343572 -106.96997009 
110   2 1.00 140.50 New Taxiway 4
111  44.77227786 -106.96901583 
111  44.77249986 -106.96862640 
111  44.77277776 -106.96895305 
113  44.77256249 -106.96933603 
110   1 1.00 156.40 New Taxiway 1
111  44.77675173 -106.98765574 
112  44.77660506 -106.98727764  44.77692626 -106.98734996 102 
111  44.77706067 -106.98703060 102 
112  44.77728946 -106.98629593  44.77735546 -106.98605419 102 
111  44.77722200 -106.98597361 102 
111  44.77684484 -106.98564552 102 
111  44.77523477 -106.98465247 
112  44.77509416 -106.98510666  44.77503598 -106.98528936 
111  44.77484810 -106.98526033 
111  44.77463356 -106.98512886 
111  44.77466629 -106.98501616 
111  44.77476325 -106.98508446 
111  44.77475356 -106.98514764 
112  44.77485780 -106.98521423  44.77496204 -106.98528082 
111  44.77506871 -106.98508788 
111  44.77520567 -106.98463540 102 
111  44.77303173 -106.98331385 102 
111  44.77282356 -106.98319336 
111  44.77267514 -106.98374786 
111  44.77269611 -106.98379331 
111  44.77266546 -106.98389785 
111  44.77260415 -106.98385922 
111  44.77279129 -106.98317973 
111  44.77175588 -106.98255271 
111  44.77060093 -106.98181277 102 
111  44.76799649 -106.98024273 102 
112  44.76778397 -106.98016203  44.76758166 -106.98007205 102 
111  44.76750140 -106.98024658 102 
112  44.76725646 -106.98106461  44.76717873 -106.98134968 102 
111  44.76736646 -106.98159551 
111  44.76699675 -106.98162120 
112  44.76665519 -106.98116431  44.76694078 -106.98122480 102 
111  44.76703956 -106.98092538 102 
112  44.76731227 -106.98002713  44.76734233 -106.97989406 102 
111  44.76711471 -106.97971562 102 
111  44.76689139 -106.97955835 102 
111  44.76225263 -106.97672245 102 
112  44.76205516 -106.97666390  44.76192005 -106.97660535 102 
111  44.76184075 -106.97676042 102 
112  44.76158522 -106.97760113  44.76151436 -106.97785818 102 
111  44.76169903 -106.97810616 
111  44.76129963 -106.97817269 
112  44.76101268 -106.97769157  44.76124889 -106.97770064 102 
111  44.76136055 -106.97746476 102 
112  44.76163755 -106.97660893  44.76170627 -106.97638212 102 
111  44.76137987 -106.97618253 102 
111  44.75774614 -106.97396400 102 
111  44.75750755 -106.97384687 102 
112  44.75703857 -106.97357725  44.75687990 -106.97348712 102 
111  44.75679739 -106.97367930 102 
112  44.75658368 -106.97440047  44.75647662 -106.97476397 102 
111  44.75672437 -106.97504248 
111  44.75636830 -106.97510532 
111  44.75625537 -106.97475778 102 
112  44.75665050 -106.97354228  44.75677096 -106.97315309 102 
111  44.75707094 -106.97335600 102 
111  44.75740399 -106.97358884 102 
111  44.77065271 -106.98165125 
111  44.77185151 -106.98228308 
111  44.77290262 -106.98303502 102 
112  44.77728576 -106.98571562  44.77758854 -106.98589712 102 
111  44.77747043 -106.98632061 102 
113  44.77709036 -106.98757898 
110   1 1.00  67.90 New Taxiway 2
111  44.77079214 -106.98746707 102 
111  44.77027678 -106.98718275 102 
112  44.77015653 -106.98660807  44.77028322 -106.98618160 102 
111  44.77082766 -106.98429720 102 
112  44.77078512 -106.98410300  44.77071179 -106.98397698 
111  44.77069533 -106.98364117 102 
112  44.77105461 -106.98324979  44.77117272 -106.98285658 102 
111  44.77121324 -106.98269592 102 
112  44.77060099 -106.98180851  44.76981970 -106.98132068 
111  44.77064890 -106.98164853 102 
111  44.77114580 -106.98187851 102 
112  44.77152232 -106.98164309  44.77165223 -106.98130638 102 
111  44.77172498 -106.98110875 102 
111  44.77404670 -106.97293151 102 
112  44.77414353 -106.97247847  44.77413315 -106.97229336 102 
111  44.77413315 -106.97229336 
111  44.77427840 -106.97224952 102 
112  44.77437177 -106.97253693  44.77445132 -106.97267333 102 
111  44.77473144 -106.97310688 102 
112  44.77494585 -106.97305817  44.77503922 -106.97294613 
111  44.77497698 -106.97339917 
111  44.77475564 -106.97371581 102 
112  44.77465881 -106.97328226  44.77457927 -106.97316534 102 
111  44.77434065 -106.97280973 102 
112  44.77422998 -106.97289741  44.77418157 -106.97306304 
111  44.77422998 -106.97289741 
112  44.77422998 -106.97289741  44.77421788 -106.97293882 102 
111  44.77366409 -106.97478481 
111  44.77350532 -106.97537071 102 
111  44.77183858 -106.98127592 102 
112  44.77176317 -106.98220213  44.77190017 -106.98236849 102 
112  44.77231353 -106.98218882  44.77242218 -106.98197256 
111  44.77252661 -106.98219006 102 
112  44.77268556 -106.98288132  44.77290615 -106.98315354 
111  44.77268751 -106.98311230 102 
112  44.77216798 -106.98341972  44.77207748 -106.98375219 
111  44.77201891 -106.98321474 102 
112  44.77178821 -106.98256731  44.77156638 -106.98239982 102 
112  44.77149184 -106.98264980  44.77147055 -106.98271479 102 
111  44.77125199 -106.98348862 102 
112  44.77134883 -106.98404425  44.77149056 -106.98421061 
111  44.77107133 -106.98428047 102 
112  44.77088281 -106.98446050  44.77083864 -106.98462153 102 
111  44.77022631 -106.98676007 102 
112  44.77031504 -106.98704640  44.77043765 -106.98711684 102 
112  44.77094746 -106.98693278  44.77111686 -106.98658282 
113  44.77096321 -106.98727681 
110   2 1.00   0.00 New Taxiway 2
111  44.77413315 -106.97229336 102 
112  44.77409044 -106.97214425  44.77406345 -106.97208180 102 
111  44.77401116 -106.97202510 102 
111  44.77338885 -106.97129986 
111  44.77346223 -106.97116669 
111  44.77307137 -106.97071550 
111  44.77312640 -106.97062606 
111  44.77310947 -106.97059823 
111  44.77326186 -106.97033587 
111  44.77327879 -106.97035972 
111  44.77335217 -106.97023848 
111  44.77354235 -106.97045481 
111  44.77358115 -106.97044606 
111  44.77352257 -106.97012659 
112  44.77356756 -106.97021623  44.77358429 -106.97023643 
111  44.77362172 -106.97022072 
111  44.77373960 -106.97018033 
111  44.77373642 -106.96998174 
111  44.77375872 -106.96998174 
111  44.77376589 -106.97017135 
111  44.77399833 -106.97009045 
111  44.77397504 -106.97013418 
111  44.77401540 -106.97031128 
111  44.77396920 -106.97032951 
111  44.77397944 -106.97038963 
111  44.77404261 -106.97037039 
111  44.77407847 -106.97056761 102 
111  44.77448774 -106.97040207 
111  44.77461375 -106.97048539 102 
111  44.77436947 -106.97135613 
111  44.77436099 -106.97138450 102 
112  44.77425179 -106.97175934  44.77420621 -106.97192659 102 
113  44.77427840 -106.97224952 
110   2 1.00 155.00 New Taxiway 8
111  44.77456687 -106.96903737 
111  44.77455620 -106.96907984 
111  44.77473402 -106.96919821 
111  44.77477310 -106.96918939 
111  44.77482277 -106.96924406 
111  44.77477754 -106.96940028 
112  44.77475204 -106.96928930  44.77472553 -106.96926541 
111  44.77449634 -106.96911966 
111  44.77443930 -106.96930125 
111  44.77470751 -106.96945357 
111  44.77477017 -106.96942684 
111  44.77472341 -106.96959843 
111  44.77468843 -106.96951181 
111  44.77441863 -106.96936696 
111  44.77439054 -106.96945506 
111  44.77428664 -106.96938786 
111  44.77433647 -106.96923703 
111  44.77419059 -106.96918843 
111  44.77419369 -106.96878177 
111  44.77432544 -106.96825885 
111  44.77430104 -106.96823960 
111  44.77438556 -106.96798298 
111  44.77445692 -106.96802531 
111  44.77448322 -106.96794859 
111  44.77472343 -106.96809400 
111  44.77467908 -106.96824006 
113  44.77478862 -106.96830073 
110   2 1.00   0.00 New Taxiway 7
111  44.77133299 -106.96665130 
111  44.77117906 -106.96663487 
111  44.77118208 -106.96656163 
111  44.77093461 -106.96653698 
111  44.77095701 -106.96617689 
111  44.77123082 -106.96619988 
111  44.77140247 -106.96621467 
111  44.77138265 -106.96652184 
113  44.77134766 -106.96652184 
110   2 1.00 140.50 New Taxiway 6
111  44.77260463 -106.96938453 
111  44.77297975 -106.96869646 
111  44.77273218 -106.96842181 
111  44.77296307 -106.96816523 
111  44.77316574 -106.96840013 
111  44.77312802 -106.96847288 
111  44.77329449 -106.96866853 
111  44.77321739 -106.96879615 
111  44.77312872 -106.96870112 
111  44.77280912 -106.96923493 
111  44.77295104 -106.96940424 
113  44.77281492 -106.96962659 
110   1 1.00   0.00 New Taxiway 10
111  44.77436947 -106.97135613 
111  44.77471124 -106.97153724 
111  44.77473941 -106.97146052 
111  44.77481641 -106.97150549 
111  44.77478073 -106.97163248 
113  44.77436099 -106.97138450 
110   1 1.00  67.90 New Taxiway 1
111  44.77448774 -106.97040207 102 
111  44.77472341 -106.96959843 
111  44.77477017 -106.96942684 
111  44.77477754 -106.96940028 
111  44.77482277 -106.96924406 
111  44.77477310 -106.96918939 
111  44.77476689 -106.96914785 
111  44.77456687 -106.96903737 
111  44.77478862 -106.96830073 
111  44.77467908 -106.96824006 
111  44.77472343 -106.96809400 
111  44.77448322 -106.96794859 
111  44.77445692 -106.96802531 
111  44.77438556 -106.96798298 
111  44.77430104 -106.96823960 
112  44.77420526 -106.96821579  44.77419212 -106.96821843 
111  44.77418272 -106.96832690 
111  44.77417333 -106.96876871 
111  44.77419369 -106.96878177 
111  44.77419059 -106.96918843 
111  44.77417196 -106.96922998 
111  44.77416751 -106.96974500 
111  44.77427771 -106.96984339 
112  44.77426529 -106.96989149  44.77426219 -106.96989587 
111  44.77426064 -106.96995271 
111  44.77431806 -106.97020415 
111  44.77401540 -106.97031128 
111  44.77397504 -106.97013418 
111  44.77399833 -106.97009045 
112  44.77405731 -106.97005110  44.77409145 -106.97002486 
111  44.77408680 -106.96999207 
111  44.77375872 -106.96998174 
111  44.77373642 -106.96998174 
111  44.77361880 -106.96997792 
112  44.77354740 -106.97001727  44.77352257 -106.97004351 
111  44.77352257 -106.97012659 
111  44.77358115 -106.97044606 
111  44.77354235 -106.97045481 
111  44.77335217 -106.97023848 
111  44.77327879 -106.97035972 
111  44.77326186 -106.97033587 
111  44.77310947 -106.97059823 
111  44.77312640 -106.97062606 
111  44.77307137 -106.97071550 
111  44.77346223 -106.97116669 
111  44.77338885 -106.97129986 102 
111  44.77197824 -106.96964357 
111  44.77193317 -106.96964357 
112  44.77182988 -106.96979965  44.77181861 -106.96985255 
111  44.77182988 -106.96986843 
111  44.77199890 -106.97004302 
111  44.77159887 -106.97071496 
111  44.77107992 -106.97015562 
111  44.77099114 -106.97007626 
111  44.77101675 -106.96998728 
111  44.77089041 -106.96981894 
111  44.77125416 -106.96920276 
111  44.77138938 -106.96935822 
111  44.77142087 -106.96935986 
111  44.77149783 -106.96922845 
111  44.77150833 -106.96914139 102 
112  44.77098970 -106.96856058  44.77094425 -106.96849336 
111  44.77081017 -106.96849976 
111  44.76935125 -106.96847416 
111  44.76945351 -106.96828210 
111  44.77093516 -106.96827570 
112  44.77099197 -106.96816047  44.77101242 -106.96811886 
111  44.77105209 -106.96810033 
112  44.77096210 -106.96788203  44.77093960 -106.96781865 
112  44.77093211 -106.96753344  44.77093211 -106.96749471 
111  44.77088211 -106.96732922 
111  44.77093461 -106.96653698 
111  44.77118208 -106.96656163 
111  44.77117906 -106.96663487 
111  44.77114552 -106.96741364 
111  44.77106991 -106.96749885 
112  44.77109108 -106.96783968  44.77112737 -106.96791637 
112  44.77122416 -106.96802877  44.77126924 -106.96801290 
111  44.77145625 -106.96772657 
111  44.77156211 -106.96755822 
111  44.77192065 -106.96799352 
111  44.77183870 -106.96813301 
111  44.77194968 -106.96825806 
111  44.77203333 -106.96811377 
111  44.77239188 -106.96855147 
111  44.77230822 -106.96867653 
111  44.77236728 -106.96875952 
111  44.77224667 -106.96898028 
111  44.77227786 -106.96901583 
111  44.77256249 -106.96933603 
111  44.77260463 -106.96938453 
111  44.77281492 -106.96962659 
111  44.77305791 -106.96990548 
111  44.77310900 -106.96996306 
111  44.77328067 -106.97015708 
111  44.77331132 -106.97019278 
111  44.77343572 -106.96997009 
111  44.77318245 -106.96968529 
111  44.77295104 -106.96940424 
111  44.77280871 -106.96923428 
111  44.77312872 -106.96870112 
111  44.77321739 -106.96879615 
111  44.77329449 -106.96866853 
111  44.77334075 -106.96865767 
111  44.77339279 -106.96826941 
111  44.77285519 -106.96767919 
112  44.77282821 -106.96773485  44.77280990 -106.96777557 
111  44.77281857 -106.96782173 
111  44.77290242 -106.96794120 
111  44.77275304 -106.96813126 
111  44.77185948 -106.96711190 
111  44.77197518 -106.96696283 
112  44.77268753 -106.96768576  44.77271832 -106.96772371 
111  44.77274013 -106.96768576 
111  44.77279400 -106.96760445 
112  44.77184018 -106.96648035  44.77179059 -106.96643379 
111  44.77172862 -106.96646580 
111  44.77160260 -106.96630575 
112  44.77161086 -106.96625628  44.77161500 -106.96623009 
112  44.77155715 -106.96609332  44.77151170 -106.96598565 
111  44.77147799 -106.96587904 
112  44.77145161 -106.96586811  44.77143608 -106.96586811 
111  44.77139573 -106.96591402 
111  44.77140247 -106.96621467 
111  44.77123082 -106.96619988 
111  44.77124517 -106.96557733 
111  44.77139262 -106.96559263 
112  44.77139262 -106.96575442  44.77139262 -106.96576535 
112  44.77144540 -106.96576535  44.77146557 -106.96573693 
112  44.77141125 -106.96555984  44.77138331 -106.96547239 
111  44.77124362 -106.96552267 
112  44.77007778 -106.96621418  44.76978865 -106.96638944 
111  44.76918808 -106.96707118 
111  44.76729100 -106.97005879 
111  44.76718471 -106.96997770 
112  44.76952153 -106.96649263  44.77008084 -106.96595503 
112  44.77128651 -106.96542485  44.77137435 -106.96541454 
112  44.77137435 -106.96501243  44.77137435 -106.96482685 
111  44.77153538 -106.96430102 
111  44.77164884 -106.96436804 
112  44.77145486 -106.96511038  44.77139265 -106.96564652 
111  44.77173667 -106.96620843 
112  44.77279235 -106.96741906  44.77286934 -106.96751977 
111  44.77291333 -106.96736096 
111  44.77290022 -106.96552065 
111  44.77292496 -106.96550129 
111  44.77305970 -106.96535798 
112  44.77324668 -106.96556713  44.77326867 -106.96579178 
111  44.77303495 -106.96578403 
111  44.77300470 -106.96765481 
112  44.77382872 -106.96856963  44.77387536 -106.96861144 
111  44.77384038 -106.96852035 
111  44.77360503 -106.96824706 
111  44.77360503 -106.96791703 
111  44.77409129 -106.96791579 
112  44.77419747 -106.96719513  44.77421078 -106.96713889 
112  44.77453684 -106.96665146  44.77463000 -106.96656710 
111  44.77480966 -106.96646399 
111  44.77701243 -106.96577706 
111  44.77699593 -106.96592038 
112  44.77479490 -106.96662484  44.77454869 -106.96674201 
112  44.77432293 -106.96718984  44.77427344 -106.96732153 
112  44.77441642 -106.96734090  44.77444392 -106.96734090 
111  44.77445767 -106.96734090 
111  44.77469414 -106.96689159 
111  44.77526824 -106.96717639 
112  44.77504041 -106.96794021  44.77499807 -106.96809359 
111  44.77498213 -106.96894133 
111  44.77512512 -106.96902268 102 
111  44.77596377 -106.96951072 
111  44.77600501 -106.96976249 
111  44.77580477 -106.97013195 
111  44.77576552 -106.97009703 102 
112  44.77575106 -106.96977400  44.77569528 -106.96955283 102 
111  44.77557546 -106.96950336 102 
112  44.77515321 -106.96924194  44.77500860 -106.96915464 102 
111  44.77492551 -106.96938219 102 
113  44.77461375 -106.97048539 
111  44.77160317 -106.96923396 
111  44.77149612 -106.96944030 
111  44.77149612 -106.96948263 
111  44.77169708 -106.96972866 
111  44.77172713 -106.96972866 
111  44.77183793 -106.96956464 
113  44.77183605 -106.96950115 102 
112  44.77427088 -106.96741339  44.77427088 -106.96739893 
112  44.77424779 -106.96741520  44.77424394 -106.96742604 
112  44.77419904 -106.96764649  44.77418750 -106.96773322 
112  44.77418365 -106.96800969  44.77418365 -106.96804763 
112  44.77420931 -106.96800788  44.77421315 -106.96800246 
111  44.77421957 -106.96796993 
112  44.77422983 -106.96770792  44.77423240 -106.96763565 
113  44.77426446 -106.96748567 
120 Linear Feature 53
111  44.77220212 -106.96953284  53 
115  44.77239907 -106.96918703 
120 Linear Feature 54
111  44.77155784 -106.96879880  53 
115  44.77183465 -106.96833841 
120 Linear Feature 52
111  44.77102237 -106.96818873  53 
111  44.77155784 -106.96879880  53 
111  44.77220212 -106.96953284  53 
115  44.77305837 -106.97050838 
120 Linear Feature 51
111  44.77156286 -106.96906924  51 
116  44.77156013 -106.96920882  44.77152062 -106.96927441 
120 Linear Feature 51
111  44.77189057 -106.96945014  51 
116  44.77189394 -106.96957497  44.77185443 -106.96964056 
120 Linear Feature 50
111  44.77167009 -106.96919247  51 
116  44.77156013 -106.96920882  44.77152062 -106.96927441 
120 Linear Feature 2
111  44.77214640 -106.96918725   1 
115  44.77211435 -106.96923533 
120 Linear Feature 2
111  44.77176367 -106.96887049   1 
115  44.77179624 -106.96882311 
120 Linear Feature 2
111  44.77150452 -106.96842866   1 
115  44.77147248 -106.96847674 
120 Linear Feature 2
111  44.77205112 -106.96906924   1 
115  44.77201907 -106.96911732 
120 Linear Feature 2
111  44.77130610 -106.96834988   1 
115  44.77133868 -106.96830251 
120 Linear Feature 2
111  44.77185270 -106.96899046   1 
115  44.77188527 -106.96894309 
120 Linear Feature 2
111  44.77141418 -106.96831065   1 
115  44.77138213 -106.96835873 
120 Linear Feature 2
111  44.77196077 -106.96895123   1 
115  44.77192873 -106.96899932 
120 Linear Feature 2
111  44.77149379 -106.96857777   1 
115  44.77152636 -106.96853039 
120 Linear Feature 2
111  44.77204039 -106.96921835   1 
115  44.77207296 -106.96917098 
120 Linear Feature 2
111  44.77177059 -106.96872750   1 
115  44.77173854 -106.96877558 
120 Linear Feature 2
111  44.77139884 -106.96846969   1 
115  44.77143141 -106.96842231 
120 Linear Feature 2
111  44.77194543 -106.96911027   1 
115  44.77197801 -106.96906290 
120 Linear Feature 2
111  44.77186673 -106.96883348   1 
115  44.77183468 -106.96888156 
120 Linear Feature 1
111  44.77217565 -106.96921963   1 
111  44.77214640 -106.96918725   1 
115  44.77211714 -106.96915388 
120 Linear Feature 1
111  44.77173477 -106.96883747   1 
111  44.77176367 -106.96887049   1 
115  44.77179256 -106.96890449 
120 Linear Feature 5
111  44.77398884 -106.96913121  20 
115  44.77389092 -106.96900047 
120 Linear Feature 5
111  44.77385319 -106.96912547  20 
115  44.77375527 -106.96899472 
120 Linear Feature 5
111  44.77399292 -106.96939702  20 
115  44.77389500 -106.96926627 
120 Linear Feature 5
111  44.77385727 -106.96939127  20 
115  44.77375935 -106.96926052 
120 Linear Feature 5
111  44.77399190 -106.96964414  20 
115  44.77389398 -106.96951340 
120 Linear Feature 5
111  44.77385625 -106.96963840  20 
115  44.77375833 -106.96950765 
120 Linear Feature 5
111  44.77398782 -106.96908667  20 
115  44.77388990 -106.96895593 
120 Linear Feature 5
111  44.77385217 -106.96908093  20 
115  44.77375425 -106.96895018 
120 Linear Feature 5
111  44.77399190 -106.96935248  20 
115  44.77389398 -106.96922173 
120 Linear Feature 5
111  44.77385625 -106.96934673  20 
115  44.77375833 -106.96921598 
120 Linear Feature 5
111  44.77399088 -106.96959960  20 
115  44.77389296 -106.96946886 
120 Linear Feature 5
111  44.77385523 -106.96959386  20 
115  44.77375731 -106.96946311 
120 Linear Feature 5
111  44.77399088 -106.96985104  20 
115  44.77389296 -106.96972029 
120 Linear Feature 5
111  44.77385523 -106.96984529  20 
115  44.77375731 -106.96971454 
120 Linear Feature 5
111  44.77385421 -106.96902920  20 
115  44.77375629 -106.96889845 
120 Linear Feature 5
111  44.77399394 -106.96930075  20 
115  44.77389602 -106.96917001 
120 Linear Feature 5
111  44.77385829 -106.96929501  20 
115  44.77376037 -106.96916426 
120 Linear Feature 5
111  44.77399292 -106.96954788  20 
115  44.77389500 -106.96941713 
120 Linear Feature 5
111  44.77385727 -106.96954213  20 
115  44.77375935 -106.96941138 
120 Linear Feature 5
111  44.77399292 -106.96979931  20 
115  44.77389500 -106.96966857 
120 Linear Feature 5
111  44.77385727 -106.96979357  20 
115  44.77375935 -106.96966282 
120 Linear Feature 5
111  44.77385217 -106.96897317  20 
115  44.77375425 -106.96884242 
120 Linear Feature 5
111  44.77399190 -106.96924472  20 
115  44.77389398 -106.96911397 
120 Linear Feature 5
111  44.77385625 -106.96923897  20 
115  44.77375833 -106.96910822 
120 Linear Feature 5
111  44.77399088 -106.96949184  20 
115  44.77389296 -106.96936110 
120 Linear Feature 5
111  44.77385523 -106.96948610  20 
115  44.77375731 -106.96935535 
120 Linear Feature 5
111  44.77399088 -106.96974328  20 
115  44.77389296 -106.96961253 
120 Linear Feature 5
111  44.77385523 -106.96973753  20 
115  44.77375731 -106.96960679 
120 Linear Feature 5
111  44.77385625 -106.96892575  20 
115  44.77375833 -106.96879501 
120 Linear Feature 5
111  44.77399598 -106.96919730  20 
115  44.77389806 -106.96906656 
120 Linear Feature 5
111  44.77386033 -106.96919156  20 
115  44.77376241 -106.96906081 
120 Linear Feature 5
111  44.77399496 -106.96944443  20 
115  44.77389704 -106.96931368 
120 Linear Feature 5
111  44.77385931 -106.96943868  20 
115  44.77376139 -106.96930794 
120 Linear Feature 5
111  44.77399496 -106.96969587  20 
115  44.77389704 -106.96956512 
120 Linear Feature 5
111  44.77385931 -106.96969012  20 
115  44.77376139 -106.96955937 
120 Linear Feature 4
111  44.77394090 -106.96986397  20 
115  44.77394192 -106.96901771 
120 Linear Feature 4
111  44.77380525 -106.96985822  20 
115  44.77381647 -106.96880650 
120 Linear Feature 3
111  44.77481920 -106.96924429  52 
116  44.77512927 -106.96902030  44.77537375 -106.96902870 
120 Linear Feature 1
111  44.77153378 -106.96846104   1 
111  44.77150452 -106.96842866   1 
115  44.77147526 -106.96839529 
120 Linear Feature 1
111  44.77208038 -106.96910162   1 
111  44.77205112 -106.96906924   1 
115  44.77202186 -106.96903588 
120 Linear Feature 1
111  44.77127720 -106.96831686   1 
111  44.77130610 -106.96834988   1 
115  44.77133499 -106.96838388 
120 Linear Feature 1
111  44.77182380 -106.96895744   1 
111  44.77185270 -106.96899046   1 
115  44.77188159 -106.96902447 
120 Linear Feature 1
111  44.77144344 -106.96834303   1 
111  44.77141418 -106.96831065   1 
115  44.77138492 -106.96827729 
120 Linear Feature 1
111  44.77199003 -106.96898362   1 
111  44.77196077 -106.96895123   1 
115  44.77193151 -106.96891787 
120 Linear Feature 1
111  44.77146489 -106.96854475   1 
111  44.77149379 -106.96857777   1 
115  44.77152267 -106.96861177 
120 Linear Feature 1
111  44.77201149 -106.96918533   1 
111  44.77204039 -106.96921835   1 
115  44.77206927 -106.96925236 
120 Linear Feature 1
111  44.77179985 -106.96875988   1 
111  44.77177059 -106.96872750   1 
115  44.77174133 -106.96869413 
120 Linear Feature 1
111  44.77136994 -106.96843667   1 
111  44.77139884 -106.96846969   1 
115  44.77142772 -106.96850369 
120 Linear Feature 1
111  44.77191654 -106.96907725   1 
111  44.77194543 -106.96911027   1 
115  44.77197432 -106.96914428 
120 Linear Feature 1
111  44.77189599 -106.96886586   1 
111  44.77186673 -106.96883348   1 
115  44.77183747 -106.96880011 
120 Linear Feature 56
111  44.77113202 -106.96831023  51 
112  44.77112690 -106.96804329  44.77105178 -106.96792063  51 
112  44.77100666 -106.96762650  44.77100893 -106.96743444  51 
115  44.77106324 -106.96656089 
120 Linear Feature 55
111  44.77100013 -106.96831448  52 
115  44.77308672 -106.97070254 
120 Linear Feature 50
111  44.77197827 -106.96955060  51 
116  44.77189394 -106.96957497  44.77185867 -106.96963459 
120 Linear Feature 47
111  44.77155970 -106.96921039  51 
115  44.77105726 -106.97007305 
120 Linear Feature 46
111  44.77189346 -106.96957655  51 
115  44.77137534 -106.97046322 
120 Linear Feature 45
111  44.77589449 -106.96972771  51 
112  44.77577805 -106.96950283  44.77565409 -106.96943669  51 
111  44.77513950 -106.96914832  51 
112  44.77486172 -106.96936709  44.77476611 -106.96968216  51 
111  44.77454951 -106.97044382  51 
111  44.77415264 -106.97177693  51 
116  44.77420862 -106.97228689  44.77431860 -106.97264253 
120 Linear Feature 44
111  44.77474799 -106.97326934  51 
112  44.77500120 -106.97319692  44.77505119 -106.97303687  51 
115  44.77510073 -106.97286306 
120 Linear Feature 43
111  44.77420862 -106.97228689  51 
112  44.77436303 -106.97268835  44.77447302 -106.97285877  51 
111  44.77474799 -106.97326934  51 
112  44.77480122 -106.97388516  44.77470805 -106.97421487  51 
115  44.77461034 -106.97456379 
120 Linear Feature 42
111  44.77396906 -106.97551186  51 
112  44.77439901 -106.97527594  44.77450150 -106.97492030  51 
115  44.77454650 -106.97477945 
120 Linear Feature 41
111  44.77359145 -106.97477439  51 
116  44.77371159 -106.97520904  44.77385658 -106.97539918 
120 Linear Feature 40
111  44.77345924 -106.97528365  51 
112  44.77371159 -106.97520904  44.77383408 -106.97534988  51 
111  44.77396906 -106.97551186  51 
112  44.77408905 -106.97635694  44.77396906 -106.97677244  51 
115  44.77386908 -106.97713512 
120 Linear Feature 31
111  44.77171221 -106.98240614  51 
116  44.77137763 -106.98260232  44.77127514 -106.98283471 
120 Linear Feature 30
111  44.77187117 -106.98250719  51 
112  44.77209399 -106.98330242  44.77194400 -106.98381778  51 
115  44.77185310 -106.98411867 
120 Linear Feature 29
111  44.77187117 -106.98250719  51 
112  44.77241895 -106.98217887  44.77254166 -106.98177234  51 
115  44.77265529 -106.98134981 
120 Linear Feature 28
111  44.77267078 -106.98299788  51 
112  44.77243380 -106.98218481  44.77257293 -106.98170338  51 
115  44.77266665 -106.98136902 
120 Linear Feature 27
111  44.77187726 -106.98414037  51 
111  44.77211621 -106.98331810  51 
116  44.77267078 -106.98299788  44.77304281 -106.98309161 
120 Linear Feature 26
111  44.76740668 -106.98014360  51 
116  44.76728150 -106.97970025  44.76708994 -106.97954684 
120 Linear Feature 26
111  44.76173894 -106.97666272  51 
116  44.76161704 -106.97622175  44.76142547 -106.97606834 
120 Linear Feature 25
111  44.76714117 -106.98101165  51 
112  44.76655948 -106.98127445  44.76620208 -106.98105915  51 
115  44.76605679 -106.98096789 
120 Linear Feature 25
111  44.76147343 -106.97753077  51 
112  44.76089174 -106.97779357  44.76053434 -106.97757827  51 
115  44.76038905 -106.97748701 
120 Linear Feature 24
111  44.76771181 -106.97996305  51 
112  44.76740668 -106.98014360  44.76735419 -106.98033019  51 
111  44.76714117 -106.98101165  51 
112  44.76736029 -106.98177467  44.76766078 -106.98195717  51 
115  44.76787676 -106.98209736 
120 Linear Feature 24
111  44.76203699 -106.97648931  51 
112  44.76173894 -106.97666272  44.76168645 -106.97684930  51 
111  44.76147343 -106.97753077  51 
112  44.76169254 -106.97829378  44.76199304 -106.97847629  51 
115  44.76220901 -106.97861647 
120 Linear Feature 23
111  44.77686511 -106.98741896  51 
112  44.77716153 -106.98709088  44.77725529 -106.98682244  51 
111  44.77740955 -106.98629836  51 
112  44.77723715 -106.98579559  44.77697098 -106.98562090  51 
111  44.77267078 -106.98299788  51 
111  44.77187117 -106.98250719  51 
111  44.77171169 -106.98240649  51 
111  44.77108901 -106.98202699  51 
111  44.76771181 -106.97996305  51 
111  44.76728150 -106.97970025  51 
111  44.76203699 -106.97648931  51 
111  44.76161704 -106.97622175  51 
111  44.75847965 -106.97430439  51 
111  44.75760703 -106.97379856  51 
112  44.75724362 -106.97355452  44.75713017 -106.97348237  51 
112  44.75670197 -106.97356998  44.75658851 -106.97393076  51 
111  44.75644944 -106.97435853  51 
116  44.75649336 -106.97489453  44.75658851 -106.97515738 
120 Linear Feature 22
111  44.77096381 -106.96828578  53 
115  44.77095676 -106.96850440 
120 Linear Feature 21
111  44.77009071 -106.96836083  51 
115  44.76995925 -106.96845042 
120 Linear Feature 20
111  44.77012357 -106.96844445  51 
115  44.76996667 -106.96835933 
120 Linear Feature 35
111  44.77084665 -106.98723297  51 
112  44.77064894 -106.98730019  44.77053305 -106.98725218  51 
111  44.77027626 -106.98710174  51 
112  44.77019672 -106.98666961  44.77029444 -106.98633992  51 
111  44.77088348 -106.98430705  51 
111  44.77111693 -106.98348354  51 
111  44.77131825 -106.98278245  51 
111  44.77137763 -106.98260232  51 
111  44.77158322 -106.98188106  51 
111  44.77162321 -106.98173669  51 
111  44.77345924 -106.97528365  51 
111  44.77359145 -106.97477439  51 
111  44.77415635 -106.97285348  51 
116  44.77420862 -106.97228689  44.77415635 -106.97208522 
120 Linear Feature 34
111  44.77170570 -106.98240570  51 
116  44.77158322 -106.98188106  44.77166571 -106.98150430 
120 Linear Feature 33
111  44.77162321 -106.98173669  51 
116  44.77108901 -106.98202699  44.77072905 -106.98189319 
120 Linear Feature 32
111  44.77131825 -106.98278245  51 
116  44.77108901 -106.98202699  44.77075405 -106.98180869 
120 Linear Feature 19
111  44.76927673 -106.97020727  51 
115  44.76910600 -106.96978639 
120 Linear Feature 19
111  44.77132197 -106.97258964  51 
115  44.77115124 -106.97216877 
120 Linear Feature 19
111  44.77337880 -106.97495073  51 
115  44.77320806 -106.97452986 
120 Linear Feature 18
111  44.76934844 -106.97007740  51 
115  44.76901551 -106.96993550 
120 Linear Feature 18
111  44.77139368 -106.97245977  51 
115  44.77106075 -106.97231788 
120 Linear Feature 18
111  44.77345051 -106.97482086  51 
115  44.77311758 -106.97467897 
120 Linear Feature 17
111  44.77207878 -106.97338305  20 
115  44.77188754 -106.97310709 
120 Linear Feature 16
111  44.77201231 -106.97343397  20 
115  44.77195401 -106.97306438 
120 Linear Feature 15
111  44.77201931 -106.97306110  20 
115  44.77194351 -106.97342740 
120 Linear Feature 14
111  44.77207995 -106.97311366  20 
115  44.77188054 -106.97337484 
120 Linear Feature 13
111  44.77211252 -106.97320139  20 
115  44.77184789 -106.97328778 
120 Linear Feature 12
111  44.77211172 -106.97330909  20 
115  44.77184888 -106.97319241 
120 Linear Feature 39
111  44.77088348 -106.98430705  51 
112  44.77119942 -106.98417070  44.77138576 -106.98428913  51 
115  44.77150620 -106.98436275 
120 Linear Feature 38
111  44.77088348 -106.98430705  51 
112  44.77076083 -106.98390822  44.77060176 -106.98380579  51 
115  44.77027907 -106.98361054 
120 Linear Feature 37
111  44.77111693 -106.98348354  51 
112  44.77056540 -106.98374498  44.77023589 -106.98354012  51 
115  44.77000410 -106.98341208 
120 Linear Feature 36
111  44.77159028 -106.98438196  51 
111  44.77133576 -106.98421871  51 
116  44.77111693 -106.98348354  44.77120782 -106.98300660 
120 Linear Feature 49
111  44.77096431 -106.96840489  51 
112  44.77110479 -106.96853002  44.77116883 -106.96860859  51 
111  44.77156286 -106.96906924  51 
111  44.77167009 -106.96919247  51 
111  44.77189057 -106.96945014  51 
111  44.77197827 -106.96955060  51 
111  44.77406662 -106.97198432  51 
116  44.77420862 -106.97228689  44.77425557 -106.97247472 
120 Linear Feature 11
112  44.77211983 -106.97326013  44.77211983 -106.97315534  20 
112  44.77200054 -106.97305596  44.77193255 -106.97305054  20 
112  44.77184404 -106.97323303  44.77183891 -106.97336132  20 
114  44.77198258 -106.97344082  44.77204671 -106.97344263  20 
14   44.77380062 -106.97069752    6 0 New Tower Viewpoint 37
15   44.77156000 -106.97032656  86.96 GA Hangers
15   44.77176333 -106.96886745 226.80 Main GA Parking
15   44.77476390 -106.96790417 339.38 North GA Parking
15   44.77410350 -106.97092019 240.25 Terminal
18   44.77320289 -106.96839088 1 New Airport Beacon 36
19   44.77150913 -106.97408984 1 New Windsock 35
50 13517 ASOS
51 12300 CTAF/UNICOM


130 Airport Boundary
111  044.75620270 -106.97492981
111  044.75636673 -106.97510529
111  044.77027512 -106.98718262
111  044.77088547 -106.98752594
111  044.77703857 -106.98774719
111  044.77709198 -106.98757935
111  044.77746964 -106.98632050
111  044.77701187 -106.96577454
111  044.77153397 -106.96430206
111  044.75664902 -106.97354126
113  044.75625610 -106.97475433
99
