A
1000 Generated by Infinite Flight Airport Editing (World Parser)/AB

1       98 1 0 AYBM BALIMO
100   49.99   2   0 0.00 1 2 1 10  -08.05085793  142.93877917    0.00    0.00 2  9 0 0 28  -08.05303007  142.95122086    0.00    0.00 2  9 0 0
110   2 0.05 100.00 Default taxiway for RWY 10
111 -08.05107722  142.93874012  53 102 
111 -08.05218697  142.93854247  53 102 
111 -08.05435930  142.95098409  53 102 
111 -08.05324955  142.95118174 
112 -08.05317143  142.95073432 -08.05321271  142.95095763  53 102 
111 -08.05347852  142.95091029  53 102 
112 -08.05383293  142.95084717 -08.05409873  142.95079983  53 102 
111 -08.05405967  142.95057612  53 102 
111 -08.05307115  142.94491459  53 102 
111 -08.05218291  142.94507279 
111 -08.05214385  142.94484908  53 102 
111 -08.05303209  142.94469088  53 102 
112 -08.05204358  142.93902934 -08.05200452  142.93880563  53 102 
111 -08.05173872  142.93885297  53 102 
112 -08.05138431  142.93891609 -08.05111850  142.93896343  53 102 
113 -08.05115534  142.93918754 
120 Default hold RWY 10 (near)
111 -08.05152245  142.93866082  54 
115 -08.05156151  142.93888453 
120 Default hold RWY 10 (centre)
111 -08.05258908  142.94476978  54 
115 -08.05262814  142.94499349 
120 Default hold RWY 10 (far)
111 -08.05365572  142.95087873  54 
115 -08.05369478  142.95110244 
18  -08.05039345  142.94527560 1 BCN
19  -08.05011529  142.93845010 1 WS
19  -08.05377270  142.95154996 1 WS


130 Airport Boundary
111 -008.05435944  142.95098877
111 -008.05218697  142.93853760
111 -008.05107689  142.93873596
111 -008.05085754  142.93878174
111 -008.05303001  142.95121765
113 -008.05324936  142.95118713
99
