A
1000 Generated by Infinite Flight Airport Editing (World Parser)/AB

1     3133 0 1 KHQG HUGOTON MUNI
100   22.86   2   0 0.25 0 3 0 02   37.15554700 -101.37453600    0.00    0.00 2  0 0 1 20   37.16803300 -101.36738900    0.00    0.00 2  0 0 1
100   10.67   1   0 0.25 0 0 0 13   37.16809400 -101.37287800    0.00    0.00 2  0 0 0 31   37.16298100 -101.36652200   60.96    0.00 2  0 0 0
21   37.15730940 -101.37394227  2  24.52   3.00 02  PAPI-4L
21   37.16627063 -101.36798301  2 204.52   3.00 20  PAPI-4L
110   2 0.30  24.52 Default taxiway for RWY 02
111  37.15550525 -101.37442114  53 102 
111  37.15529088 -101.37383146  53 102 
111  37.16777709 -101.36668552  53 102 
111  37.16799146 -101.36727531 
112  37.16780429 -101.36738243  37.16789694 -101.36732630  53 102 
111  37.16784572 -101.36718537  53 102 
112  37.16777742 -101.36699746  37.16772620 -101.36685653  53 102 
111  37.16763261 -101.36691009  53 102 
111  37.16162347 -101.37034914  53 102 
111  37.16179515 -101.37082145 
111  37.16170156 -101.37087501  53 102 
111  37.16152988 -101.37040270  53 102 
112  37.15552074 -101.37384176  37.15542716 -101.37389532  53 102 
111  37.15547838 -101.37403623  53 102 
112  37.15554668 -101.37422411  37.15559790 -101.37436502  53 102 
113  37.15569242 -101.37431402 
110   1 0.30 135.27 Default taxiway for RWY 13
111  37.16806180 -101.37291879   3 
111  37.16789130 -101.37313476   3 
111  37.16277847 -101.36677832   3 
111  37.16294897 -101.36656236 
112  37.16301717 -101.36664715  37.16298149 -101.36660676   3 
111  37.16294095 -101.36665811   3 
112  37.16288689 -101.36672658  37.16284635 -101.36677793   3 
111  37.16288045 -101.36682032   3 
111  37.16535161 -101.36989255   3 
111  37.16548833 -101.36971938 
111  37.16552244 -101.36976177   3 
111  37.16538572 -101.36993494   3 
112  37.16785688 -101.37300718  37.16789098 -101.37304957   3 
111  37.16793152 -101.37299822   3 
112  37.16798558 -101.37292975  37.16802612 -101.37287839   3 
113  37.16799360 -101.37283400 
120 Default hold RWY 02 (near)
111  37.15541894 -101.37418373  54 
115  37.15551253 -101.37413017 
120 Default hold RWY 13 (near)
111  37.16799265 -101.37300638   4 
115  37.16795855 -101.37296398 
120 Default hold RWY 02 (centre)
111  37.16161525 -101.37063757  54 
115  37.16170884 -101.37058401 
120 Default hold RWY 13 (centre)
111  37.16545329 -101.36984936   4 
115  37.16541918 -101.36980697 
120 Default hold RWY 02 (far)
111  37.16781157 -101.36709141  54 
115  37.16790515 -101.36703785 
120 Default hold RWY 13 (far)
111  37.16291392 -101.36669234   4 
115  37.16287982 -101.36664994 
19   37.15548732 -101.37499382 1 WS
19   37.16826259 -101.37283563 1 WS
19   37.16281241 -101.36656438 1 WS
19   37.16809266 -101.36693110 1 WS
50 11860 AWOS 3
51 12280 CTAF/UNICOM


130 Airport Boundary
111  037.15529251 -101.37383270
111  037.15541840 -101.37418365
111  037.15554810 -101.37453461
111  037.16789246 -101.37313843
111  037.16809464 -101.37287903
111  037.16803360 -101.36738586
111  037.16777802 -101.36668396
113  037.16297913 -101.36652374
99
