A
1000 Generated by Infinite Flight Airport Editing (World Parser)/AB

1     1316 0 0 YIDK Indulkana
100   53.95   4   0 1.00 0 0 0 11  -26.96203921  133.31513417    0.00    0.00 2  0 0 0 29  -26.96789867  133.32713381    0.00    0.00 2  0 0 0
110   1 0.25   0.00 New Taxiway 34
112 -26.96394163  133.31641811 -26.96394163  133.31638480 
112 -26.96400303  133.31633560 -26.96404148  133.31633181 
112 -26.96407522  133.31640827 -26.96407387  133.31646201 
114 -26.96401045  133.31647715 -26.96397266  133.31647488 
110   4 0.25   0.00 New Taxiway 33
111 -26.96124559  133.31468219 
112 -26.96130981  133.31457412 -26.96134192  133.31455011 
111 -26.96194126  133.31420189 
112 -26.96215531  133.31434598 -26.96223023  133.31451408 
111 -26.96296870  133.31596698 
112 -26.96318275  133.31589494 -26.96325767  133.31584691 
112 -26.96379280  133.31558274 -26.96402825  133.31545066 
112 -26.96406036  133.31558274 -26.96410317  133.31571482 
112 -26.96433863  133.31615910 -26.96436003  133.31631520 
112 -26.96434933  133.31715571 -26.96423160  133.31766003 
112 -26.96423160  133.31809229 -26.96426371  133.31827240 
112 -26.96438144  133.31852456 -26.96443495  133.31862062 
111 -26.96858980  133.32732749 
112 -26.96857413  133.32776700 -26.96835476  133.32787248 
111 -26.96807270  133.32804828 
112 -26.96766530  133.32781974 -26.96753994  133.32755604 
111 -26.96281352  133.31784755 
112 -26.96204963  133.31667479 -26.96192902  133.31667479 
112 -26.96172799  133.31671990 -26.96148676  133.31658458 
112 -26.96121337  133.31646730 -26.96123749  133.31575463 
114 -26.96120533  133.31518629 -26.96120533  133.31496076 
14  -26.96414692  133.31715736    6 0 New Tower Viewpoint 40
15  -26.96374749  133.31624581   0.00 New Ramp Start 39
19  -26.96401168  133.31640140 0 New Windsock 38
51 12670 CTAF


130 Airport Boundary
111 -026.96858978  133.32733154
111 -026.96433830  133.31616211
111 -026.96405983  133.31558228
111 -026.96215439  133.31434631
111 -026.96194077  133.31420898
111 -026.96130943  133.31457520
111 -026.96124458  133.31468201
111 -026.96120453  133.31518555
111 -026.96121407  133.31646729
111 -026.96766472  133.32781982
111 -026.96807289  133.32804871
113 -026.96857452  133.32777405
99
