A
1000 Generated by Infinite Flight Airport Editing (World Parser)/AB

1      715 0 1 06K  Phillips
100    9.14   1   0 0.25 0 1 0 15   40.07858687 -091.79224779    0.00    0.00 2  0 0 0 33   40.07149923 -091.78752833    0.00    0.00 2  0 0 0
110   1 0.30 153.00 Default taxiway for RWY 15
111  40.07856921 -091.79229308   3 102 
111  40.07847479 -091.79253526   3 102 
111  40.07138725 -091.78781528   3 102 
111  40.07148167 -091.78757313 
112  40.07155499 -091.78762196  40.07151731 -091.78760016   3 102 
111  40.07149489 -091.78765764   3 102 
112  40.07146500 -091.78773429  40.07144259 -091.78779178   3 102 
111  40.07147925 -091.78781620   3 102 
111  40.07493137 -091.79011515   3 102 
111  40.07500711 -091.78992090 
111  40.07504377 -091.78994531   3 102 
111  40.07496803 -091.79013956   3 102 
112  40.07842015 -091.79243851  40.07845681 -091.79246293   3 102 
111  40.07847922 -091.79240544   3 102 
112  40.07850911 -091.79232878  40.07853153 -091.79227129   3 102 
113  40.07849589 -091.79224425 
120 Default hold RWY 15 (near)
111  40.07853083 -091.79239152   4 
115  40.07849417 -091.79236711 
120 Default hold RWY 15 (centre)
111  40.07500539 -091.79004375   4 
115  40.07496873 -091.79001934 
120 Default hold RWY 15 (far)
111  40.07147995 -091.78769597   4 
115  40.07144329 -091.78767156 
18   40.07517381 -091.78955258 1 BCN
19   40.07871623 -091.79215289 1 WS
19   40.07136987 -091.78762323 1 WS


130 Airport Boundary
111  040.07138824 -091.78781891
111  040.07847595 -091.79253387
111  040.07858658 -091.79224396
111  040.07149887 -091.78752899
111  040.07147980 -091.78757477
113  040.07144165 -091.78767395
99
