A
1000 Generated by Infinite Flight Airport Editing (World Parser)/AB

1      385 0 1 VIBL BAKSHI KA TALAB
100   45.72   2   0 0.25 0 0 0 09   26.98881900  080.87932500    0.00  210.31 2  0 0 0 27   26.98786100  080.90690800    0.00  210.31 2  0 0 0
21   26.98915250  080.88136090  2  92.23   3.00 09  PAPI-4L
21   26.98752789  080.90487205  2 272.24   3.00 27  PAPI-4L
110   2 0.30  92.23 Default taxiway for RWY 09
111  26.98861568  080.87931613  53 
111  26.98758559  080.87927120  53 
111  26.98663027  080.90685443  53 
111  26.98766036  080.90689936 
112  26.98767634  080.90643798  26.98766610  080.90666857  53 
111  26.98741942  080.90665781  53 
112  26.98709051  080.90664347  26.98684383  080.90663271  53 
111  26.98685182  080.90640202  53 
111  26.98730951  080.89318713  53 
111  26.98813403  080.89322309 
111  26.98814202  080.89299240  53 
111  26.98731750  080.89295644  53 
112  26.98777518  080.87974155  26.98778317  080.87951086  53 
111  26.98802985  080.87952162  53 
112  26.98835876  080.87953596  26.98860544  080.87954672  53 
113  26.98859970  080.87977751 
120 Default hold RWY 09 (near)
111  26.98820230  080.87929810  54 
115  26.98819431  080.87952879 
120 Default hold RWY 09 (centre)
111  26.98772864  080.89297437  54 
115  26.98772065  080.89320506 
120 Default hold RWY 09 (far)
111  26.98725497  080.90665064  54 
115  26.98724698  080.90688133 
19   26.98945168  080.87889052 1 WS
19   26.98722823  080.90734233 1 WS


130 Airport Boundary
111  026.98662949  080.90685272
111  026.98758507  080.87927246
111  026.98820305  080.87929535
111  026.98881912  080.87932587
111  026.98786163  080.90690613
113  026.98724747  080.90688324
99
