A
1000 Generated by Infinite Flight Airport Editing (World Parser)/AB

1      650 1 1 SPTR Tournavista
100   21.34   2   0 0.25 0 2 0 16  -08.91024692 -074.73516663    0.00    0.00 2 10 0 0 34  -08.92308708 -074.73094357    0.00    0.00 2 10 0 0
21  -08.91187618 -074.73434663  1 162.00   3.00 16  VASI
21  -08.92145783 -074.73176361  1 342.00   3.00 34  VASI
110   2 0.30 162.00 Default taxiway for RWY 16
111 -08.91027589 -074.73525689  53 102 
111 -08.91042492 -074.73572116  53 102 
111 -08.92326510 -074.73149827  53 102 
111 -08.92311607 -074.73103398 
112 -08.92293346 -074.73109404 -08.92302547 -074.73106617  53 102 
111 -08.92306107 -074.73117708  53 102 
112 -08.92310853 -074.73132496 -08.92314413 -074.73143587  53 102 
111 -08.92305282 -074.73146590  53 102 
111 -08.91686099 -074.73350227  53 102 
111 -08.91674163 -074.73313042 
111 -08.91665033 -074.73316045  53 102 
111 -08.91676969 -074.73353230  53 102 
112 -08.91057786 -074.73556868 -08.91048656 -074.73559871  53 102 
111 -08.91045096 -074.73548780  53 102 
112 -08.91040350 -074.73533993 -08.91036790 -074.73522902  53 102 
113 -08.91045850 -074.73519683 
120 Default hold RWY 16 (near)
111 -08.91033592 -074.73544389  54 
115 -08.91042723 -074.73541386 
120 Default hold RWY 16 (centre)
111 -08.91671036 -074.73334746  54 
115 -08.91680166 -074.73331743 
120 Default hold RWY 16 (far)
111 -08.92308480 -074.73125102  54 
115 -08.92317610 -074.73122099 
18  -08.91645933 -074.73240818 1 BCN
19  -08.90997531 -074.73494943 1 WS
19  -08.92335869 -074.73116078 1 WS


130 Airport Boundary
111 -008.92326546 -074.73149872
111 -008.91042519 -074.73571777
111 -008.91027546 -074.73526001
111 -008.91024685 -074.73516846
113 -008.92308712 -074.73094177
99
