A
1000 Generated by Infinite Flight Airport Editing (World Parser)/AB

1       88 0 1 OM11 ABU DHABI NORTHEAST
100   60.96   1   0 0.25 0 0 0 13   24.52523600  054.97201400    0.00    0.00 2  0 0 0 31   24.51247500  054.98811400    0.00    0.00 2  0 0 0
110   1 0.30 131.06 Default taxiway for RWY 13
111  24.52503086  054.97181759   3 
111  24.52399500  054.97082581   3 
111  24.51123485  054.98692757   3 
111  24.51227071  054.98791925 
112  24.51263104  054.98746456  24.51244919  054.98769028   3 
111  24.51220099  054.98745266   3 
112  24.51187005  054.98713584  24.51162185  054.98689823   3 
111  24.51180201  054.98667089   3 
111  24.51773167  054.97918838   3 
111  24.51856070  054.97998209 
111  24.51874087  054.97975475   3 
111  24.51791184  054.97896104   3 
112  24.52384150  054.97147853  24.52402167  054.97125118   3 
111  24.52426987  054.97148882   3 
112  24.52460081  054.97180567  24.52484901  054.97204331   3 
113  24.52467053  054.97227228 
120 Default hold RWY 13 (near)
111  24.52461550  054.97141990   4 
115  24.52443534  054.97164725 
120 Default hold RWY 13 (centre)
111  24.51832551  054.97935708   4 
115  24.51814534  054.97958443 
120 Default hold RWY 13 (far)
111  24.51203552  054.98729425   4 
115  24.51185535  054.98752161 
19   24.52621683  054.97215341 1 WS
19   24.51149418  054.98797449 1 WS


130 Airport Boundary
111  024.51123428  054.98692703
111  024.52399445  054.97082520
111  024.52461624  054.97142029
111  024.52503014  054.97181702
111  024.52523613  054.97201538
111  024.51247406  054.98811340
113  024.51226997  054.98791885
99
