A
1000 Generated by Infinite Flight Airport Editing (World Parser)/AB

1      770 0 1 7L7  Harbour
100   13.72   1   0 0.25 0 0 0 06   38.26516632 -092.82085193    0.00    0.00 2  0 0 0 24   38.26822534 -092.81286363    0.00    0.00 2  0 0 0
110   1 0.30  64.00 Default taxiway for RWY 06
111  38.26511287 -092.82081872   3 
111  38.26483350 -092.82064516   3 
111  38.26789279 -092.81265719   3 
111  38.26817216 -092.81283076 
112  38.26811805 -092.81297205  38.26814308 -092.81290015   3 
111  38.26807652 -092.81285879   3 
112  38.26798777 -092.81280365  38.26792120 -092.81276230   3 
111  38.26789415 -092.81283295   3 
111  38.26643214 -092.81665031   3 
111  38.26665604 -092.81678941 
111  38.26662899 -092.81686006   3 
111  38.26640509 -092.81672096   3 
112  38.26494308 -092.82053832  38.26491603 -092.82060897   3 
111  38.26498260 -092.82065033   3 
112  38.26507135 -092.82070547  38.26513791 -092.82074682   3 
113  38.26516698 -092.82067742 
120 Default hold RWY 06 (near)
111  38.26499991 -092.82074855   4 
115  38.26502697 -092.82067790 
120 Default hold RWY 06 (centre)
111  38.26651603 -092.81678988   4 
115  38.26654308 -092.81671923 
120 Default hold RWY 06 (far)
111  38.26803214 -092.81283122   4 
115  38.26805920 -092.81276058 
19   38.26527739 -092.82109585 1 WS
19   38.26811427 -092.81261972 1 WS


130 Airport Boundary
111  038.26483536 -092.82064819
111  038.26516724 -092.82085419
111  038.26822662 -092.81286621
111  038.26817322 -092.81282806
111  038.26805878 -092.81275940
113  038.26789093 -092.81266022
99
