A
1000 Generated by Infinite Flight Airport Editing (World Parser)/AB

1      265 0 0 YBKW BURKE AND WILLS
100   49.99   4   0 0.25 0 0 0 1   -19.21522793  140.35508348    0.00    0.00 0  0 0 0 19  -19.22674300  140.35060800    0.00    0.00 0  0 0 0
110   4 0.25   0.00 New Taxiway 18
112 -19.22644110  140.35054005 -19.22646751  140.35037223 
112 -19.22658635  140.34986880 -19.22663917  140.34964505 
112 -19.22673161  140.34908567 -19.22670520  140.34890388 
112 -19.22659956  140.34834450 -19.22659956  140.34828856 
112 -19.22657315  140.34820466 -19.22655994  140.34819067 
112 -19.22653353  140.34793895 -19.22657315  140.34785505 
112 -19.22650712  140.34771520 -19.22624302  140.34744950 
112 -19.22625623  140.34737958 -19.22641469  140.34718380 
112 -19.22678443  140.34707192 -19.22696930  140.34707192 
111 -19.22722019  140.34690411 
112 -19.22790126  140.34771115 -19.22778241  140.34813069 
112 -19.22754472  140.34835444 -19.22742588  140.34855022 
111 -19.22722780  140.34870405 
112 -19.22706934  140.34845233 -19.22702973  140.34839639 
111 -19.22673922  140.34842436 
112 -19.22676563  140.34874600 -19.22680524  140.34896975 
112 -19.22680524  140.34930538 -19.22677883  140.34947319 
112 -19.22658076  140.35020039 -19.22658076  140.35029828 
113 -19.22658076  140.35050804 
110   4 0.25   0.00 New Taxiway 16
112 -19.21554143  140.35533155 -19.21552545  140.35534847 
112 -19.21526980  140.35536540 -19.21520589  140.35536540 
112 -19.21482945  140.35473641 -19.21500345  140.35428599 
111 -19.21664679  140.35137869 
112 -19.21701412  140.35121490 -19.21707212  140.35109205 
112 -19.21809679  140.34982267 -19.21813546  140.34974078 
111 -19.21825146  140.34961793 
112 -19.21832879  140.34969983 -19.21830946  140.34978172 
112 -19.21829012  140.35000694 -19.21829012  140.35015025 
112 -19.21848346  140.35039594 -19.21858012  140.35066210 
112 -19.21966279  140.35211575 -19.21981746  140.35232049 
111 -19.22026213  140.35291423 
111 -19.22039746  140.35324182 
112 -19.22053279  140.35352845 -19.22061013  140.35363082 
112 -19.22310413  140.35737755 -19.22322013  140.35762324 
112 -19.22416747  140.36040769 -19.22432214  140.36139044 
111 -19.22463901  140.36392210 
111 -19.22442847  140.36384778 
112 -19.22424132  140.36184115 -19.22414775  140.36124660 
112 -19.22363310  140.35899224 -19.22353952  140.35869496 
112 -19.22141072  140.35505330 -19.22101304  140.35443398 
112 -19.22045159  140.35359169 -19.22045159  140.35356691 
112 -19.22024105  140.35329441 -19.22012409  140.35329441 
111 -19.21928146  140.35344269 
111 -19.21551676  140.35491148 
113 -19.21554506  140.35506136 
111 -19.21927187  140.35317353 
112 -19.22008035  140.35300602 -19.22004520  140.35289435 
112 -19.21957066  140.35222429 -19.21943005  140.35211262 
112 -19.21841065  140.35051194 -19.21830520  140.35038166 
112 -19.21821732  140.35008385 -19.21821732  140.35004663 
111 -19.21818217  140.34989773 
112 -19.21723307  140.35110754 -19.21718035  140.35118199 
112 -19.21695186  140.35134951 -19.21689913  140.35136812 
111 -19.21668823  140.35151702 
112 -19.21508883  140.35453225 -19.21503610  140.35466253 
113 -19.21519428  140.35473698 
14  -19.22664678  140.34834045    6 0 New Tower Viewpoint 30
15  -19.22662037  140.35050804   0.00 New Ramp Start 28
19  -19.22622423  140.35031226 0 New Windsock 29


130 Airport Boundary
111 -019.22790146  140.34771729
111 -019.22722054  140.34690857
111 -019.21825218  140.34962463
111 -019.21664619  140.35137939
111 -019.21482849  140.35473633
111 -019.21526909  140.35536194
111 -019.22442818  140.36384583
113 -019.22463989  140.36392212
99
