A
1000 Generated by Infinite Flight Airport Editing (World Parser)/AB

1     1709 0 1 SDEO FAZENDA ENTRE RIOS
100   24.99   1   0 0.25 0 0 0 17  -21.87286100 -048.66310600    0.00    0.00 2  0 0 0 35  -21.88440300 -048.65560600    0.00    0.00 2  0 0 0
110   1 0.30 148.91 Default taxiway for RWY 17
111 -21.87291791 -048.66320770   3 
111 -21.87320943 -048.66372868   3 
111 -21.88475160 -048.65622934   3 
111 -21.88446008 -048.65570832 
112 -21.88426746 -048.65583347 -21.88436493 -048.65577297   3 
111 -21.88443462 -048.65589751   3 
112 -21.88452753 -048.65606358 -21.88459722 -048.65618812   3 
111 -21.88450091 -048.65625070   3 
111 -21.87897060 -048.65984394   3 
111 -21.87873715 -048.65942673 
111 -21.87864084 -048.65948930   3 
111 -21.87887429 -048.65990651   3 
112 -21.87334398 -048.66349975 -21.87324767 -048.66356232   3 
111 -21.87317798 -048.66343778   3 
112 -21.87308507 -048.66327174 -21.87301538 -048.66314720   3 
113 -21.87311053 -048.66308255 
120 Default hold RWY 17 (near)
111 -21.87303521 -048.66341734   4 
115 -21.87313152 -048.66335476 
120 Default hold RWY 17 (centre)
111 -21.87875814 -048.65969894   4 
115 -21.87885445 -048.65963637 
120 Default hold RWY 17 (far)
111 -21.88448107 -048.65598055   4 
115 -21.88457738 -048.65591798 
19  -21.87249417 -048.66291981 1 WS
19  -21.88476984 -048.65579219 1 WS


130 Airport Boundary
111 -021.88475227 -048.65623093
111 -021.87320900 -048.66372681
111 -021.87291718 -048.66320801
111 -021.87286186 -048.66310501
113 -021.88440323 -048.65560532
99
