I
1050 Generated by WorldEditor 2.1.0r1

1    348 1 0 UWKJ Yoshkar-Ola
1302 city Yoshkar-Ola
1302 country Russia
1302 datum_lat 56.7052778
1302 datum_lon 47.8952778
1302 iata_code JOK
1302 icao_code UWKJ
1302 region_code UW
1302 state Mari El Republic
1302 transition_alt 4000
1302 transition_level By ATC
100 45.00 1 0 0.00 0 2 0 16  56.71590069  047.89277972    0    0 3 7 0 0 34  56.69449558  047.89756610    0    0 3 7 0 0
110 1 0.00 0.0000 New Taxiway 7
111  56.69999656  047.89647091
111  56.70001484  047.89669881
112  56.70001484  047.89669881  56.70043582  047.89660507 3 102
111  56.70053203  047.89729268 3 102
111  56.70065157  047.89910209 3 102
111  56.70081308  047.90154661
111  56.70078798  047.90155762
112  56.70078798  047.90155762  56.70080097  047.90209254
112  56.70030057  047.90239446  56.70010478  047.90235807
111  56.70030057  047.90239446
111  56.70004436  047.90231144
111  56.69986445  047.90411924
112  56.69986445  047.90411924  56.69985578  047.90416241
111  56.69983426  047.90416460
111  56.69876195  047.90380550
111  56.69892810  047.90237365
112  56.69892810  047.90237365  56.69894399  047.90219379
111  56.69892094  047.90205145
111  56.69845673  047.90029139
111  56.69849289  047.89996557
111  56.69836540  047.89991780
111  56.69834310  047.90004805
111  56.69825898  047.90002528
111  56.69821682  047.90055180
111  56.69847810  047.90063922
111  56.69885528  047.90201939
112  56.69885528  047.90201939  56.69888823  047.90215793
111  56.69887271  047.90232487
111  56.69859443  047.90471000
111  56.69792772  047.90449399
111  56.69794581  047.90430497
111  56.69782284  047.90425584
111  56.69762457  047.90599212
111  56.69779049  047.90603715
111  56.69783398  047.90563704
111  56.69820145  047.90575994
112  56.69820145  047.90575994  56.69829394  047.90583153
112  56.69810812  047.90603691  56.69801100  047.90603586
111  56.69810812  047.90603691
111  56.69807216  047.90639727
112  56.69807216  047.90639727  56.69805468  047.90648672
111  56.69801867  047.90650673
111  56.69810383  047.90681386
111  56.69867133  047.90699271
111  56.69879057  047.90584360
111  56.69853238  047.90577509
112  56.69853238  047.90577509  56.69832480  047.90567473
112  56.69865694  047.90495234  56.69891639  047.90498679
111  56.69865694  047.90495234
111  56.69880434  047.90500109
112  56.69880434  047.90500109  56.69886504  047.90502741
111  56.69887708  047.90514909
111  56.69882957  047.90559856
111  56.69894152  047.90563303
111  56.69898641  047.90519264
112  56.69898641  047.90519264  56.69900664  047.90510209
111  56.69907437  047.90511345
111  56.69917713  047.90515639
112  56.69917713  047.90515639  56.69923748  047.90519176
112  56.69925591  047.90530298  56.69925313  047.90536994
111  56.69925591  047.90530298
111  56.69918629  047.90591961
111  56.69973621  047.90610357
112  56.69973621  047.90610357  56.69975008  047.90612884
111  56.69975139  047.90618064
111  56.69979163  047.90619883
112  56.69979163  047.90619883  56.69980401  047.90613973
111  56.69983205  047.90613988
111  56.69993142  047.90617129 20
111  56.70048922  047.90635567
111  56.70061061  047.90640040
112  56.70061061  047.90640040  56.70062680  047.90640988
111  56.70062563  047.90646547
111  56.70065068  047.90647539
112  56.70065068  047.90647539  56.70066369  047.90642976
111  56.70070416  047.90642977
111  56.70088750  047.90649378
112  56.70088750  047.90649378  56.70092844  047.90652888
111  56.70091887  047.90662542
111  56.70095404  047.90663479
112  56.70095404  047.90663479  56.70097090  047.90653827
111  56.70100816  047.90654248
111  56.70140247  047.90668088
112  56.70140247  047.90668088  56.70146282  047.90668088
112  56.70161784  047.90610800  56.70165391  047.90581359
111  56.70161784  047.90610800
111  56.70190692  047.90338282
111  56.70135839  047.90321658
112  56.70135839  047.90321658  56.70115028  047.90306496
111  56.70108268  047.90255345
111  56.70101561  047.90150197
111  56.70099407  047.90150436 3 102
111  56.70083223  047.89905633 3 102
111  56.70071769  047.89732385
112  56.70071769  047.89732385  56.70071103  047.89661881 3 102
112  56.70112697  047.89644596  56.70125516  047.89641109
111  56.70112697  047.89644596
113  56.70099239  047.89622442
111  56.69791893  047.90461231
111  56.69830392  047.90472911
112  56.69830392  047.90472911  56.69836884  047.90479097
111  56.69836827  047.90495274
111  56.69829812  047.90554453
112  56.69829812  047.90554453  56.69827315  047.90564055
111  56.69819924  047.90564221
111  56.69781408  047.90551190
112  56.69781408  047.90551190  56.69776639  047.90548734
111  56.69776740  047.90540475
111  56.69783004  047.90468929
112  56.69783004  047.90468929  56.69784003  047.90464199
113  56.69791295  047.90465803
111  56.69874123  047.90392518
112  56.69874123  047.90392518  56.69875231  047.90389359
111  56.69877085  047.90389082
111  56.69931497  047.90408887
112  56.69931497  047.90408887  56.69936991  047.90413799
111  56.69937344  047.90423506
111  56.69930574  047.90487001
112  56.69930574  047.90487001  56.69928476  047.90495188
111  56.69919730  047.90494872
111  56.69868256  047.90475732
112  56.69868256  047.90475732  56.69865559  047.90473003
113  56.69864857  047.90464448
110 1 0.00 0.0000 New Taxiway 6
111  56.69405526  047.89742190
112  56.69405526  047.89742190  56.69403479  047.89743872
111  56.69403017  047.89746239
111  56.69405760  047.89784097
112  56.69405760  047.89784097  56.69406081  047.89787021
111  56.69408196  047.89788005
111  56.69454432  047.89793498
111  56.69469633  047.89835350
111  56.69476193  047.89838138
111  56.69519564  047.89829117
112  56.69519564  047.89829117  56.69522339  047.89827959
111  56.69525173  047.89823659
111  56.69556779  047.89773356
112  56.69556779  047.89773356  56.69563658  047.89765671
111  56.69568179  047.89764568
113  56.69447290  047.89720015
110 3 0.00 0.0000 New Taxiway 4
111  56.70829331  047.89977246
111  56.70839507  047.89961265
112  56.70834715  047.89960131  56.70832807  047.89957709
111  56.70834715  047.89960131
111  56.70775789  047.89842634
113  56.70768717  047.89854911
110 1 0.00 0.0000 New Taxiway 3
111  56.70770065  047.89548248
112  56.70770065  047.89548248  56.70769995  047.89512231
111  56.70774324  047.89490255
111  56.70752606  047.89494753
112  56.70752606  047.89494753  56.70758780  047.89506000
111  56.70762867  047.89547581
111  56.70775789  047.89842634
111  56.70834715  047.89960131
112  56.70834715  047.89960131  56.70836623  047.89962553
111  56.70839507  047.89961265
111  56.70842648  047.89955975
112  56.70842648  047.89955975  56.70844478  047.89954483
111  56.70846336  047.89956526
111  56.70866120  047.89996751
111  56.70870178  047.89988506
111  56.70851669  047.89950395
112  56.70854987  047.89940079  56.70858199  047.89934082
111  56.70854987  047.89940079
112  56.70854987  047.89940079  56.70856754  047.89936568
111  56.70856200  047.89931881
112  56.70856200  047.89931881  56.70854634  047.89928297
111  56.70850948  047.89929923
111  56.70782213  047.89790782
112  56.70782213  047.89790782  56.70779854  047.89784211
113  56.70779176  047.89777425
110 1 0.00 0.0000 New Taxiway 2
111  56.71537934  047.89368877
112  56.71537934  047.89368877  56.71566306  047.89394283
112  56.71593136  047.89323291  56.71595009  047.89295103
111  56.71593136  047.89323291
112  56.71593136  047.89323291  56.71593659  047.89316815
111  56.71598644  047.89313223
111  56.71635725  047.89293029
111  56.71632067  047.89244359
111  56.71594628  047.89243760
112  56.71594628  047.89243760  56.71588673  047.89243272
112  56.71585190  047.89236674  56.71580440  047.89237161
111  56.71585190  047.89236674
111  56.71514009  047.89251369
112  56.71514009  047.89251369  56.71512564  047.89252071
111  56.71511944  047.89253877
111  56.71499521  047.89334536
112  56.71499521  047.89334536  56.71505880  047.89334449
113  56.71511117  047.89339068
110 2 0.00 0.0000 New Taxiway 23
111  56.69797418  047.90636464
111  56.69807216  047.90639727
111  56.69810812  047.90603691
111  56.69802112  047.90601471
111  56.69801406  047.90607708
111  56.69793098  047.90610478
113  56.69791828  047.90623077
110 2 0.00 0.0000 New Taxiway 23
111  56.69753825  047.90656174
111  56.69776179  047.90662470
111  56.69781643  047.90604419
111  56.69779049  047.90603715
111  56.69762457  047.90599212
113  56.69759629  047.90598445
130 Boundary
111  56.69010712  047.90060881
111  56.69606803  047.89921605
111  56.69599767  047.89985590
111  56.69574942  047.90052913
111  56.69561087  047.90102454
111  56.69532960  047.90416646
111  56.69539279  047.90456214
111  56.69560008  047.90497127
111  56.69589003  047.90547420
111  56.69660056  047.90595072
111  56.69616626  047.90838257
111  56.69620145  047.90849891
111  56.69615796  047.90878793
111  56.69728795  047.90912629
111  56.69746173  047.90869681
111  56.69751041  047.90868970
111  56.69758126  047.90833376
111  56.69769123  047.90837304
111  56.69791922  047.90708446
111  56.69801499  047.90681041
111  56.69950850  047.90730916
111  56.69955864  047.90677627
111  56.70052357  047.90711600
111  56.70051041  047.90723486
111  56.70122854  047.90746675
111  56.70127910  047.90699807
111  56.70161774  047.90708734
111  56.70273995  047.90634991
111  56.70307006  047.90534658
111  56.70331782  047.90547033
111  56.70427324  047.90692418
111  56.70783782  047.90139136
111  56.70824991  047.90099415
111  56.70818601  047.90077211
111  56.70934444  047.89958509
111  56.71003717  047.89828968
111  56.71092436  047.89898884
111  56.71119200  047.90016993
111  56.71292638  047.89858782
111  56.71291137  047.89758865
111  56.71259129  047.89480940
111  56.72026611  047.89308511
111  56.71996863  047.88899514
111  56.71706349  047.88936309
111  56.71698629  047.88830084
111  56.70392369  047.89118219
111  56.70178182  047.89186300
111  56.70164997  047.89007371
111  56.70074419  047.89025618
111  56.70078086  047.89067530
111  56.69677224  047.89325346
111  56.68827634  047.89509696
113  56.68806382  047.89547131
120 Linear Feature 8
111  56.70065157  047.89910209 4
115  56.70083223  047.89905633
120 Linear Feature 44
112  56.70097920  047.90526980  56.70098723  047.90522933 22
115  56.70101294  047.90523061
120 Linear Feature 43
112  56.70096197  047.90521290  56.70098252  047.90522521 22
111  56.70097920  047.90526980 22
111  56.70086144  047.90638067 22
115  56.70091865  047.90644769
120 Linear Feature 42
111  56.70154619  047.90374778
112  56.70154619  047.90374778  56.70157048  047.90375797 20
111  56.70156424  047.90382481 20
111  56.70145498  047.90484562
112  56.70145498  047.90484562  56.70144860  047.90489439 20
111  56.70142042  047.90488929 20
111  56.70123881  047.90483589
112  56.70123881  047.90483589  56.70121123  047.90482384 20
111  56.70121384  047.90476328 20
111  56.70126277  047.90430592 22
111  56.70126917  047.90424618 22
111  56.70127489  047.90419272 20
111  56.70132396  047.90373407
112  56.70132396  047.90373407  56.70133106  047.90369000 20
113  56.70136187  047.90369345 20
120 Linear Feature 41
111  56.70075021  047.90513933 22
111  56.70096197  047.90521290 22
111  56.70101294  047.90523061 22
111  56.70140066  047.90536533
112  56.70140066  047.90536533  56.70142409  047.90536886 22
111  56.70143464  047.90532408 22
115  56.70159713  047.90381286
120 Linear Feature 40
111  56.70058996  047.90628993 20
111  56.70064579  047.90577434 20
111  56.70070385  047.90523809
112  56.70070385  047.90523809  56.70071178  047.90519577 20
111  56.70073777  047.90519560 20
111  56.70092185  047.90525978
112  56.70092185  047.90525978  56.70094610  047.90527501 20
111  56.70094331  047.90532934 20
111  56.70088989  047.90582237 22
111  56.70088039  047.90591004 20
111  56.70083780  047.90630318 22
115  56.70082430  047.90642777
120 Linear Feature 39
111  56.70028105  047.90610367
112  56.70028105  047.90610367  56.70027581  047.90616734 20
111  56.70030075  047.90617940 20
111  56.70053037  047.90625712
112  56.70053037  047.90625712  56.70055941  047.90626382 20
111  56.70056793  047.90620352 20
111  56.70057461  047.90614239 20
111  56.70065073  047.90544561 20
111  56.70067564  047.90521756
112  56.70067564  047.90521756  56.70067822  047.90517848 20
111  56.70065757  047.90516584 20
111  56.70041966  047.90508324
112  56.70041966  047.90508324  56.70040369  047.90507883 20
113  56.70039585  047.90511151 20
120 Linear Feature 38
112  56.70024548  047.90615409  56.70024612  047.90621022 22
115  56.70027082  047.90622797
120 Linear Feature 37
111  56.70036700  047.90510955 22
111  56.70034650  047.90528579 22
111  56.70024548  047.90615409
112  56.70024548  047.90615409  56.70023709  047.90620405 22
115  56.70020959  047.90620690
120 Linear Feature 36
112  56.69991551  047.90605518  56.69991766  047.90609106 22
115  56.69992963  047.90611058
120 Linear Feature 35
112  56.69989074  047.90609720  56.69990767  047.90609216 22
111  56.69991551  047.90605518 22
111  56.70004931  047.90488742
112  56.70004931  047.90488742  56.70005626  047.90484722 22
111  56.70007935  047.90485094 22
115  56.70040894  047.90496813
120 Linear Feature 34
111  56.70066288  047.90265928
112  56.70066288  047.90265928  56.70069153  047.90267444 20
111  56.70068938  047.90272829 20
111  56.70062951  047.90329630
111  56.70061227  047.90345986 20
111  56.70056997  047.90386115
112  56.70056997  047.90386115  56.70056239  047.90391140 20
111  56.70053481  047.90390605 20
111  56.70024131  047.90379778
112  56.70024131  047.90379778  56.70021192  047.90378309 20
111  56.70021648  047.90372505 20
111  56.70027667  047.90316175 20
111  56.70033653  047.90260146
112  56.70033653  047.90260146  56.70034395  047.90255238 20
113  56.70037224  047.90255516 20
120 Linear Feature 33
111  56.70048549  047.90494575 22
115  56.70071878  047.90274772
120 Linear Feature 32
111  56.70007381  047.90496488
112  56.70007381  047.90496488  56.70008291  047.90491516 20
111  56.70010931  047.90491848 20
111  56.70032447  047.90499581
112  56.70032447  047.90499581  56.70034800  047.90501124 20
111  56.70034248  047.90507691 20
111  56.70028865  047.90554141 22
111  56.70028388  047.90558255 22
111  56.70027717  047.90564042 20
111  56.70022378  047.90610116
112  56.70022378  047.90610116  56.70021737  047.90614128 20
111  56.70019005  047.90613925 20
111  56.69997629  047.90606844
112  56.69997629  047.90606844  56.69994920  047.90605718 20
111  56.69995500  047.90598740 20
111  56.70000727  047.90553756 22
111  56.70001400  047.90547957 22
113  56.70002099  047.90541945 20
120 Linear Feature 31
111  56.69964562  047.90523592
112  56.69964562  047.90523592  56.69965043  047.90521265 20
111  56.69966457  047.90521748 20
111  56.69994255  047.90531395
112  56.69994255  047.90531395  56.69996555  047.90532411 20
111  56.69996322  047.90536854 20
111  56.69988986  047.90598555
112  56.69988986  047.90598555  56.69988059  047.90603284 20
111  56.69985620  047.90602659 20
111  56.69959605  047.90593376
112  56.69959605  047.90593376  56.69957030  047.90591930 20
111  56.69957476  047.90585125 20
113  56.69959742  047.90565444 20
120 Linear Feature 30
111  56.69955814  047.90547126
112  56.69955814  047.90547126  56.69958253  047.90548438 20
111  56.69958183  047.90552976 20
111  56.69954289  047.90586025
112  56.69954289  047.90586025  56.69953452  047.90591018 20
111  56.69950672  047.90590424 20
111  56.69926476  047.90582617
112  56.69926476  047.90582617  56.69923494  047.90581207 20
111  56.69924167  047.90575483 20
111  56.69927759  047.90543517
112  56.69927759  047.90543517  56.69928642  047.90538820 20
113  56.69931528  047.90539314 20
120 Linear Feature 29
111  56.69924481  047.90587496 22
111  56.69989074  047.90609720 22
111  56.69992963  047.90611058 22
111  56.70020959  047.90620690 22
111  56.70027082  047.90622797 22
115  56.70049616  047.90630550
120 Linear Feature 28
111  56.69928495  047.90503482 22
115  56.69997076  047.90527674
120 Linear Feature 27
111  56.69929122  047.90498346 20
111  56.69995615  047.90521897
112  56.69995615  047.90521897  56.69997632  047.90522337 20
111  56.69998345  047.90518241 20
111  56.69998620  047.90515850 20
111  56.70002390  047.90482999
112  56.70002390  047.90482999  56.70003110  047.90478641 20
111  56.70005912  047.90479148 20
111  56.70043106  047.90491960
112  56.70043106  047.90491960  56.70045380  047.90492548 20
111  56.70046366  047.90487134 20
111  56.70055314  047.90402017
112  56.70055314  047.90402017  56.70055649  047.90398006 20
111  56.70053270  047.90396247 20
111  56.70020012  047.90384213
112  56.70020012  047.90384213  56.70017565  047.90382859 20
111  56.70018046  047.90376316 20
111  56.70021121  047.90347570 20
111  56.70028041  047.90282879 20
111  56.70031210  047.90253254
112  56.70031210  047.90253254  56.70032039  047.90247863 20
111  56.70035063  047.90248738 20
111  56.70073458  047.90262737
112  56.70073458  047.90262737  56.70076246  047.90264210 20
111  56.70075727  047.90270395 20
111  56.70072641  047.90299508 20
111  56.70065793  047.90364102 20
111  56.70052109  047.90493168
112  56.70052109  047.90493168  56.70051917  047.90495331 20
112  56.70052495  047.90498156  56.70052863  047.90499357
111  56.70052495  047.90498156
112  56.70052495  047.90498156  56.70053236  047.90500577 20
111  56.70054614  047.90501292 20
111  56.70115884  047.90522306 20
111  56.70137638  047.90529768
112  56.70137638  047.90529768  56.70140110  047.90530072 20
111  56.70141021  047.90525485 20
111  56.70143920  047.90498725
112  56.70143920  047.90498725  56.70144114  047.90495622 20
111  56.70142443  047.90494739 20
111  56.70120622  047.90488441
112  56.70120622  047.90488441  56.70117041  047.90486643 20
111  56.70117857  047.90477286 20
111  56.70120385  047.90454092 20
111  56.70126844  047.90394844 20
111  56.70129855  047.90367219
112  56.70129855  047.90367219  56.70130545  047.90362503 20
111  56.70134191  047.90363185 20
111  56.70161409  047.90371082
112  56.70161409  047.90371082  56.70163848  047.90372648 20
111  56.70163416  047.90378540 20
111  56.70160551  047.90404881 20
111  56.70154142  047.90463819 20
111  56.70145934  047.90539298
112  56.70145934  047.90539298  56.70145256  047.90543530 20
111  56.70142388  047.90543381 20
111  56.70116031  047.90534312 20
111  56.70104048  047.90530190
112  56.70104048  047.90530190  56.70101214  047.90529767 20
111  56.70100458  047.90534731 20
111  56.70098170  047.90556395 20
111  56.70090186  047.90632008
112  56.70090186  047.90632008  56.70089702  047.90637473 20
115  56.70092723  047.90639458
120 Linear Feature 26
111  56.69928024  047.90508482 20
111  56.69960693  047.90519663
112  56.69960693  047.90519663  56.69961806  047.90520486 20
111  56.69961596  047.90522770 20
111  56.69959905  047.90537306
112  56.69959905  047.90537306  56.69959212  047.90541567 20
111  56.69956716  047.90541447 20
115  56.69941958  047.90536658
120 Linear Feature 25
111  56.69946870  047.90474492 20
111  56.69969469  047.90482173 20
111  56.69973994  047.90440721 20
113  56.69951395  047.90432619 20
120 Red
111  56.70032811  047.90270749 20
111  56.70051584  047.90261096 20
111  56.70060687  047.90264412 20
111  56.70067846  047.90281010 20
111  56.70064505  047.90312680 20
111  56.70054487  047.90323181 20
111  56.70046113  047.90320465 20
113  56.70029890  047.90297881 20
120 Red
111  56.70025893  047.90335742 20
111  56.70044947  047.90326004 20
111  56.70053639  047.90328994 20
111  56.70061020  047.90345829 20
111  56.70057612  047.90377761 20
111  56.70047820  047.90388075 20
111  56.70038425  047.90384501 20
113  56.70022974  047.90362452 20
120 Red
111  56.69937019  047.90541536 20
111  56.69949770  047.90545697 20
111  56.69956694  047.90563774 20
111  56.69954779  047.90579871 20
111  56.69945020  047.90588148 20
111  56.69932125  047.90583913 20
111  56.69924934  047.90570506 20
113  56.69926818  047.90554204 20
120 Red
111  56.70014098  047.90493388 20
111  56.70025478  047.90497504 20
111  56.70032876  047.90517398 20
111  56.70030489  047.90537958 20
111  56.70019303  047.90551693 20
111  56.70007990  047.90547409 20
111  56.70003688  047.90530092 20
113  56.70006396  047.90507236 20
120 Red
111  56.70007448  047.90553399 20
111  56.70018267  047.90557252 20
111  56.70025918  047.90577038 20
111  56.70023513  047.90597994 20
111  56.70012692  047.90611450 20
111  56.70000935  047.90607447 20
111  56.69996832  047.90589270 20
113  56.69999375  047.90567403 20
120 Red
111  56.70072920  047.90587516 20
111  56.70081463  047.90590397 20
111  56.70085916  047.90608519 20
111  56.70083432  047.90630942 20
111  56.70075396  047.90644129 20
111  56.70066565  047.90641375 20
111  56.70059875  047.90622853 20
113  56.70062295  047.90600811 20
120 Red
111  56.70069481  047.90534982 20
111  56.70079671  047.90522000 20
111  56.70088455  047.90525056 20
111  56.70093046  047.90542212 20
111  56.70090471  047.90565651 20
111  56.70082741  047.90578935 20
111  56.70074257  047.90576312 20
113  56.70067000  047.90557252 20
120 Red
111  56.70125181  047.90443592 20
111  56.70135742  047.90431202 20
111  56.70144044  047.90433812 20
111  56.70148850  047.90450831 20
111  56.70146444  047.90473123 20
111  56.70138843  047.90487472 20
111  56.70129705  047.90484838 20
113  56.70122708  047.90466271 20
120 Red
111  56.70141997  047.90371467 20
111  56.70150967  047.90374158 20
111  56.70155177  047.90391889 20
111  56.70152735  047.90414404 20
111  56.70144640  047.90427886 20
111  56.70136186  047.90425154 20
111  56.70128982  047.90407360 20
113  56.70131433  047.90384680 20
120 Linear Feature 47
111  56.70023695  047.90554347 20
111  56.70023462  047.90556352 20
115  56.70023229  047.90558357
120 Linear Feature 47
111  56.70069302  047.90577150 20
111  56.70069069  047.90579155 20
115  56.70068836  047.90581161
120 Linear Feature 47
111  56.70131479  047.90424271 20
111  56.70131246  047.90426276 20
115  56.70131013  047.90428282
120 Linear Feature 47
111  56.70058678  047.90325920 20
111  56.70058445  047.90327925 20
115  56.70058212  047.90329930
120 Linear Feature 47
111  56.70032106  047.90315779 20
111  56.70031873  047.90317785 20
115  56.70031640  047.90319790
120 Linear Feature 47
111  56.70010488  047.90582638 1
111  56.70020811  047.90586372 1
115  56.70022876  047.90587118
120 Linear Feature 47
111  56.70016269  047.90522315 1
115  56.70028657  047.90526795
120 Linear Feature 47
111  56.70054160  047.90292587 1
115  56.70064216  047.90296235
120 Linear Feature 47
111  56.70047320  047.90357254 1
115  56.70057376  047.90360901
120 Linear Feature 47
111  56.69999838  047.90578884 1
115  56.70004952  047.90580687
120 Linear Feature 47
111  56.70006153  047.90518646 1
115  56.70010324  047.90520159
120 Linear Feature 47
111  56.70033070  047.90284937 1
111  56.70035582  047.90285848 1
115  56.70043186  047.90288606
120 Linear Feature 47
111  56.70125770  047.90455636 1
115  56.70135904  047.90459128
120 Linear Feature 47
111  56.70132061  047.90396078 1
115  56.70142195  047.90399570
120 Linear Feature 47
111  56.69942952  047.90546819 1
115  56.69941393  047.90563029
120 Linear Feature 47
111  56.70062729  047.90616129 1
115  56.70072845  047.90619798
120 Linear Feature 47
111  56.70070256  047.90546421 1
115  56.70080372  047.90550090
120 Linear Feature 47
111  56.70026230  047.90349604 1
111  56.70028375  047.90350382 1
115  56.70036345  047.90353273
120 Linear Feature 47
111  56.70023282  047.90583448 1
115  56.70023716  047.90579524
120 Linear Feature 47
111  56.70029063  047.90523126 1
115  56.70029497  047.90519201
120 Linear Feature 47
111  56.70064622  047.90292565 1
115  56.70065056  047.90288640
120 Linear Feature 47
111  56.70057782  047.90357232 1
115  56.70058216  047.90353307
120 Linear Feature 47
111  56.70000244  047.90575215 1
115  56.70000678  047.90571290
120 Linear Feature 47
111  56.70006559  047.90514976 1
115  56.70006993  047.90511052
120 Linear Feature 47
111  56.70033476  047.90281267 1
115  56.70033911  047.90277343
120 Linear Feature 47
111  56.70126156  047.90451959 1
115  56.70126570  047.90448027
120 Linear Feature 47
111  56.70132447  047.90392401 1
115  56.70132861  047.90388469
120 Linear Feature 47
111  56.69944975  047.90547473 1
115  56.69947139  047.90548173
120 Linear Feature 47
111  56.70063135  047.90612459 1
115  56.70063570  047.90608535
120 Linear Feature 47
111  56.70070662  047.90542751 1
115  56.70071097  047.90538827
120 Linear Feature 47
111  56.70026636  047.90345934 1
115  56.70027070  047.90342010
120 Linear Feature 47
111  56.69998998  047.90586479 1
115  56.69999432  047.90582554
120 Linear Feature 47
111  56.70005313  047.90526240 1
115  56.70005747  047.90522316
120 Linear Feature 47
111  56.70032230  047.90292531 1
115  56.70032664  047.90288607
120 Linear Feature 47
111  56.70124969  047.90463245 1
115  56.70125383  047.90459313
120 Linear Feature 47
111  56.70131261  047.90403687 1
115  56.70131674  047.90399755
120 Linear Feature 47
111  56.69938764  047.90545466 1
115  56.69940928  047.90546165
120 Linear Feature 47
111  56.70061889  047.90623723 1
115  56.70062323  047.90619799
120 Linear Feature 47
111  56.70069416  047.90554016 1
115  56.70069850  047.90550091
120 Linear Feature 47
111  56.70025390  047.90357198 1
115  56.70025824  047.90353274
120 Linear Feature 47
111  56.70022036  047.90594713 1
115  56.70022470  047.90590788
120 Linear Feature 47
111  56.70027817  047.90534390 1
115  56.70028251  047.90530465
120 Linear Feature 47
111  56.70063376  047.90303829 1
115  56.70063810  047.90299905
120 Linear Feature 47
111  56.70056536  047.90368496 1
115  56.70056970  047.90364571
120 Linear Feature 47
111  56.70006299  047.90547741 20
111  56.70006066  047.90549746 20
115  56.70005833  047.90551751
120 Linear Feature 47
111  56.70023462  047.90556352 22
115  56.70028388  047.90558255
120 Linear Feature 47
111  56.70064579  047.90577434 20
115  56.70069069  047.90579155
120 Linear Feature 47
111  56.70126917  047.90424618 22
115  56.70131246  047.90426276
120 Linear Feature 47
111  56.70058445  047.90327925 20
115  56.70062951  047.90329630
120 Linear Feature 47
111  56.70027667  047.90316175 20
115  56.70031873  047.90317785
120 Linear Feature 47
111  56.70001400  047.90547957 22
115  56.70006066  047.90549746
120 Linear Feature 46
111  56.70024519  047.90562928 22
115  56.70025892  047.90551117
120 Linear Feature 46
111  56.70003974  047.90555008 22
115  56.70005346  047.90543197
120 Linear Feature 48
112  56.69965768  047.90453911  56.69967395  047.90461590 1
112  56.69959382  047.90468323  56.69954918  047.90467049 1
114  56.69955722  047.90451044  56.69958561  047.90444639 1
120 Linear Feature 67
112  56.70072641  047.90299508  56.70091241  047.90303264 1
116  56.70098084  047.90266964  56.70097777  047.90257824
120 Linear Feature 66
111  56.70065793  047.90364102 1
111  56.70081360  047.90369712
112  56.70081360  047.90369712  56.70094752  047.90372257 1
116  56.70102484  047.90332117  56.70101713  047.90316938
120 Linear Feature 65
112  56.70178017  047.90388474  56.70174532  047.90411020 1
115  56.70160551  047.90404881
120 Linear Feature 64
112  56.70100410  047.90301986  56.70103541  047.90322972 1
111  56.70113361  047.90328470 1
111  56.70174853  047.90346956
112  56.70174853  047.90346956  56.70182043  047.90350130 1
111  56.70180000  047.90371436 1
111  56.70178017  047.90388474 1
111  56.70170091  047.90456573
112  56.70170091  047.90456573  56.70168196  047.90467694 1
111  56.70160108  047.90465749 1
115  56.70154142  047.90463819
120 Linear Feature 63
112  56.70060455  047.89700464  56.70055291  047.89650658 1
112  56.70014003  047.89631436  56.69996140  047.89634173
111  56.70014003  047.89631436 1
115  56.69951748  047.89645023
120 Linear Feature 62
111  56.70126844  047.90394844 1
111  56.70115535  047.90390908
112  56.70115535  047.90390908  56.70110110  047.90388867 1
112  56.70105095  047.90370050  56.70103823  047.90361034
111  56.70105095  047.90370050 1
111  56.70102484  047.90332117 1
111  56.70100410  047.90301986 1
111  56.70098084  047.90266964 1
111  56.70060455  047.89700464
112  56.70060455  047.89700464  56.70058618  047.89662965 1
112  56.70097754  047.89612654  56.70123412  047.89604634
111  56.70097754  047.89612654 1
115  56.70153424  047.89600043
120 Linear Feature 61
111  56.70120385  047.90454092 1
111  56.70110887  047.90450975
112  56.70110887  047.90450975  56.70099747  047.90445369 1
115  56.70099998  047.90422382
120 Linear Feature 60
111  56.70098170  047.90556395 1
111  56.70100579  047.90557187
112  56.70100579  047.90557187  56.70112388  047.90557553 1
115  56.70115748  047.90537013
120 Linear Feature 59
112  56.70092228  047.90627266  56.70105498  047.90629500 1
111  56.70108511  047.90606055 1
111  56.70115748  047.90537013 1
111  56.70116031  047.90534312
112  56.70116031  047.90534312  56.70116468  047.90529697
112  56.70115884  047.90522306  56.70115438  047.90518917
111  56.70115884  047.90522306
112  56.70115884  047.90522306  56.70114491  047.90511891 1
111  56.70110575  047.90507591 1
111  56.70101706  047.90499112
112  56.70101706  047.90499112  56.70093063  047.90489454 1
111  56.70094838  047.90471036 1
111  56.70099080  047.90431041 1
111  56.70099998  047.90422382 1
111  56.70104645  047.90378568
112  56.70104645  047.90378568  56.70105263  047.90372495 1
115  56.70105095  047.90370050
120 Linear Feature 58
111  56.70065073  047.90544561 1
111  56.70060824  047.90542916
112  56.70060824  047.90542916  56.70052728  047.90538590 1
116  56.70051057  047.90510957  56.70051993  047.90500050
120 Linear Feature 57
112  56.70034650  047.90528579  56.70047752  047.90531219 1
115  56.70051523  047.90506790
120 Linear Feature 56
112  56.70029088  047.90588948  56.70040574  047.90590573 1
115  56.70044478  047.90569707
120 Linear Feature 55
112  56.70057461  047.90614239  56.70044247  047.90609182 1
112  56.70043325  047.90580005  56.70044395  047.90567880
111  56.70043325  047.90580005 1
111  56.70044478  047.90569707 1
111  56.70051057  047.90510957 1
111  56.70051523  047.90506790
111  56.70052495  047.90498156 1
111  56.70052956  047.90494000
112  56.70052956  047.90494000  56.70055204  047.90477402 1
111  56.70064662  047.90469885 1
111  56.70085819  047.90455672 1
111  56.70087736  047.90454384
112  56.70087736  047.90454384  56.70097090  047.90446560 1
115  56.70099080  047.90431041
120 Linear Feature 54
112  56.70021121  047.90347570  56.70003027  047.90345358 1
115  56.69999180  047.90372968
120 Linear Feature 53
112  56.70028041  047.90282879  56.70009501  047.90279845 1
111  56.70005715  047.90310553 1
111  56.69999180  047.90372968 1
111  56.69997020  047.90393604
112  56.69997020  047.90393604  56.69995382  047.90422559 1
115  56.70010322  047.90432407
120 Linear Feature 52
112  56.69998620  047.90515850  56.69990149  047.90512341 1
116  56.69983867  047.90487702  56.69984550  047.90478343
120 Linear Feature 51
112  56.69991629  047.90576498  56.69981828  047.90573390 1
116  56.69977195  047.90547140  56.69978015  047.90533846
120 Linear Feature 50
112  56.69959742  047.90565444  56.69973664  047.90571059 1
111  56.69977195  047.90547140 1
111  56.69983867  047.90487702 1
111  56.69988013  047.90450770
112  56.69988013  047.90450770  56.69990759  047.90429888 1
115  56.70003585  047.90429942
120 Linear Feature 49
111  56.69928091  047.90506820 1
112  56.69934323  047.90501041  56.69935388  047.90493666
111  56.69934323  047.90501041 1
111  56.69942891  047.90419350
112  56.69942891  047.90419350  56.69944364  047.90409237 1
111  56.69950322  047.90410455 1
111  56.70003585  047.90429942 1
111  56.70010322  047.90432407 1
111  56.70076076  047.90456463
112  56.70076076  047.90456463  56.70081675  047.90458324 1
115  56.70085819  047.90455672
14  56.70024676  047.90687469  82.02 0 Tower Viewpoint
1300  56.69942952  047.90546819 279.97 gate jets|turboprops Stand 1
1301 B airline 
1300  56.70020811  047.90586372  11.22 gate jets|turboprops Stand 2
1301 B airline 
1300  56.70028657  047.90526795  11.38 gate jets|turboprops Stand 3
1301 B airline 
1300  56.70062729  047.90616129 191.26 gate jets|turboprops Stand 4
1301 B airline 
1300  56.70070256  047.90546421 190.81 gate jets|turboprops Stand 5
1301 B airline 
1300  56.70125770  047.90455636 190.06 gate jets|turboprops Stand 6
1301 B airline 
1300  56.70132061  047.90396078 190.19 gate jets|turboprops Stand 7
1301 B airline 
1300  56.70028375  047.90350382 191.26 gate jets|turboprops Stand 8
1301 C airline 
1300  56.70035582  047.90285848 191.26 gate jets|turboprops Stand 9
1301 C airline 
1300  56.70777891  047.89853832 318.11 tie_down props Tie-Down 1
1301 A general_aviation 
1300  56.70785619  047.89869556 318.11 tie_down props Tie-Down 2
1301 A general_aviation 
1300  56.70793246  047.89885036 318.11 tie_down props Tie-Down 3
1301 A general_aviation 
1300  56.70800940  047.89900699 318.11 tie_down props Tie-Down 4
1301 A general_aviation 
1300  56.70808835  047.89916301 318.11 tie_down props Tie-Down 5
1301 A general_aviation 
1300  56.70816466  047.89931676 318.11 tie_down props Tie-Down 6
1301 A general_aviation 
1300  56.70824096  047.89947157 318.11 tie_down props Tie-Down 7
1301 A general_aviation 
1300  56.70831611  047.89962217 318.11 tie_down props Tie-Down 8
1301 A general_aviation 
1300  56.69806235  047.90621429  10.81 hangar props Hangar 1
1301 A none 
1300  56.69770291  047.90612161 279.37 hangar turboprops|props|helos Hangar 2
1301 B none 
18  56.70024676  047.90687469 1 Beacon
54 11970 Yoshkar-Ola Vyshka
50 12590 Yoshkar-Ola Meteo
53 11860 Yoshkar-Ola Zemlya
99
