A
1000 Generated by Infinite Flight Airport Editing (World Parser)/AB

1     1398 0 1 SNIT IBOTIRAMA
100   21.34   1   0 0.25 0 0 0 16  -12.16443600 -043.22545800    0.00    0.00 2  0 0 0 34  -12.17278600 -043.21873300    0.00    0.00 2  0 0 0
110   1 0.30 141.79 Default taxiway for RWY 16
111 -12.16449399 -043.22553336   3 
111 -12.16479232 -043.22592099   3 
111 -12.17314240 -043.21919622   3 
111 -12.17284407 -043.21880857 
112 -12.17269321 -043.21893007 -12.17277004 -043.21887113   3 
111 -12.17284130 -043.21896373   3 
112 -12.17293632 -043.21908720 -12.17300758 -043.21917980   3 
111 -12.17293215 -043.21924055   3 
111 -12.16894569 -043.22245106   3 
111 -12.16870675 -043.22214059 
111 -12.16863131 -043.22220134   3 
111 -12.16887025 -043.22251181   3 
112 -12.16488380 -043.22572233 -12.16480836 -043.22578308   3 
111 -12.16473710 -043.22569048   3 
112 -12.16464208 -043.22556701 -12.16457082 -043.22547442   3 
113 -12.16464486 -043.22541186 
120 Default hold RWY 16 (near)
111 -12.16461416 -043.22568950   4 
115 -12.16468959 -043.22562875 
120 Default hold RWY 16 (centre)
111 -12.16875148 -043.22235748   4 
115 -12.16882692 -043.22229673 
120 Default hold RWY 16 (far)
111 -12.17288881 -043.21902546   4 
115 -12.17296424 -043.21896471 
19  -12.16410697 -043.22534800 1 WS
19  -12.17311502 -043.21884299 1 WS


130 Airport Boundary
111 -012.17314243 -043.21919632
111 -012.16479206 -043.22592163
111 -012.16449356 -043.22553253
111 -012.16443634 -043.22545624
111 -012.17278576 -043.21873474
111 -012.17284393 -043.21880722
113 -012.17296410 -043.21896362
99
