A
1000 Generated by Infinite Flight Airport Editing (World Parser)/AB

1      698 0 1 KBRL SOUTHEAST IOWA RGNL
100   45.72   1   0 0.25 0 3 0 18   40.78878100 -091.12394400  368.81    0.00 2  0 0 0 36   40.77038900 -091.12375300    0.00    0.00 3  8 0 0
100   30.48   2   0 0.25 0 2 0 12   40.79140800 -091.13598600    0.00    0.00 2  0 0 1 30   40.78416400 -091.11918100  152.40    0.00 2  0 0 1
21   40.79078543 -091.13371860  1 119.65   3.00 12  VASI
21   40.78544212 -091.12303967  2 299.66   3.00 30  PAPI-4L
110   2 0.30 119.65 Default taxiway for RWY 12
111  40.79129076 -091.13607414  53 102 
111  40.79069284 -091.13652368  53 102 
111  40.78345006 -091.11971679  53 102 
111  40.78404798 -091.11926730 
112  40.78418367 -091.11958217  40.78411387 -091.11942620  53 102 
111  40.78397084 -091.11953373  53 102 
112  40.78378013 -091.11967709  40.78363710 -091.11978462  53 102 
111  40.78370495 -091.11994206  53 102 
111  40.78715673 -091.12795191  53 102 
111  40.78763545 -091.12759201 
111  40.78770329 -091.12774944  53 102 
111  40.78722457 -091.12810934  53 102 
112  40.79067635 -091.13611919  40.79074419 -091.13627663  53 102 
111  40.79088722 -091.13616910  53 102 
112  40.79107793 -091.13602572  40.79122096 -091.13591818  53 102 
113  40.79115507 -091.13575927 
110   1 0.30 179.55 Default taxiway for RWY 18
111  40.78877940 -091.12421274   3 102 
111  40.78877129 -091.12557425   3 102 
111  40.77037929 -091.12538275   3 102 
111  40.77038740 -091.12402161 
112  40.77079883 -091.12402588  40.77059310 -091.12402671   3 102 
111  40.77059116 -091.12435268   3 102 
112  40.77058857 -091.12478729  40.77058663 -091.12511325   3 102 
111  40.77079234 -091.12511540   3 102 
111  40.77947405 -091.12520577   3 102 
111  40.77948054 -091.12411611 
111  40.77968626 -091.12411824   3 102 
111  40.77967977 -091.12520790   3 102 
112  40.78836148 -091.12529827  40.78856719 -091.12530040   3 102 
111  40.78856913 -091.12497435   3 102 
112  40.78857172 -091.12453962  40.78857366 -091.12421357   3 102 
113  40.78836797 -091.12420847 
120 Default hold RWY 18 (near)
111  40.78877615 -091.12475913   4 
115  40.78857043 -091.12475698 
120 Default hold RWY 12 (near)
111  40.79105042 -091.13625484  54 
115  40.79098257 -091.13609741 
120 Default hold RWY 18 (centre)
111  40.77968301 -091.12466456   4 
115  40.77947729 -091.12466242 
120 Default hold RWY 12 (centre)
111  40.78746295 -091.12793012  54 
115  40.78739511 -091.12777269 
120 Default hold RWY 18 (far)
111  40.77058987 -091.12456998   4 
115  40.77038415 -091.12456785 
120 Default hold RWY 12 (far)
111  40.78387548 -091.11960541  54 
115  40.78380764 -091.11944798 
18   40.77959814 -091.12194679 1 BCN
19   40.79190127 -091.13603203 1 WS
19   40.78919728 -091.12313314 1 WS
19   40.78367072 -091.11913510 1 WS
19   40.76997272 -091.12456363 1 WS
50 11802 ASOS
51 12300 CTAF/UNICOM


130 Airport Boundary
111  040.77037811 -091.12538147
111  040.79069138 -091.13652039
111  040.79129028 -091.13607788
111  040.79140854 -091.13598633
111  040.78878021 -091.12394714
111  040.78416443 -091.11917877
111  040.77038956 -091.12375641
113  040.77038574 -091.12402344
99
