A
1000 Generated by Infinite Flight Airport Editing (World Parser)/AB

1      260 0 0 YGRL Great Lakes Airfield
100   17.98   1   0 0.25 0 0 0 08  -37.84201947  147.99656161    0.00    0.00 1  0 0 0 26  -37.84281245  148.00991631    0.00    0.00 1  0 0 0
100   21.03   4   0 0.25 0 0 0 14  -37.84074263  147.99862296    0.00    0.00 0  0 0 0 32  -37.84565698  148.00318684    0.00    0.00 0  0 0 0
110   2 0.25 325.00 New Taxiway 6
111 -37.84133864  147.99753653 
111 -37.84164135  147.99778266 
111 -37.84165091  147.99796019 
111 -37.84141193  147.99837981 
113 -37.84106780  147.99806913 
110   1 0.25   0.00 New Taxiway 5
111 -37.84147554  147.99677547  20 
112 -37.84157113  147.99689652 -37.84157432  147.99697721  20 
111 -37.84158785  147.99772852 
111 -37.84158706  147.99786084 
111 -37.84150103  147.99775593 
111 -37.84150103  147.99767927  20 
111 -37.84150740  147.99733228  20 
112 -37.84145961  147.99729596 -37.84144049  147.99730000 
113 -37.84124931  147.99730807 
110   1 0.25   0.00 New Taxiway 4
111 -37.84208919  147.99820064 
111 -37.84142005  147.99824098 
111 -37.84157618  147.99800293 
111 -37.84164309  147.99808766 
113 -37.84207325  147.99805538 
110   1 0.25  94.30 New Taxiway 3
111 -37.84278320  148.00991980 
111 -37.84264392  148.00992807 
111 -37.84262215  148.00948161 
113 -37.84273750  148.00947335 
110   1 0.25  94.30 New Taxiway 2
111 -37.84206371  147.99656033 
111 -37.84222699  147.99654851 
112 -37.84222699  147.99677890 -37.84222699  147.99682025 
113 -37.84211036  147.99705655 
110   4 0.25   0.00 New Taxiway 7
111 -37.84124569  147.99820999 
112 -37.84115576  147.99824415 -37.84112878  147.99828515 
111 -37.84086618  147.99872472 
111 -37.84079783  147.99867233 
113 -37.84111619  147.99807106 
110   1 0.25   0.00 New Taxiway 9
112 -37.84158239  148.00046242 -37.84160521  148.00046297  22 
112 -37.84162372  148.00051149 -37.84162286  148.00054693  22 
112 -37.84157980  148.00055238 -37.84155741  148.00055129  22 
114 -37.84154622  148.00050877 -37.84154665  148.00048914  22 
110   4 0.25   0.00 New Taxiway 8
111 -37.84261665  148.00024203 
112 -37.84269565  148.00022202 -37.84270618  148.00020535 
111 -37.84309592  147.99974517 
112 -37.84311962  147.99962512 -37.84308275  147.99956843 
111 -37.84292212  147.99933501 
111 -37.84299585  147.99922497 
111 -37.84262091  147.99838135 
112 -37.84258586  147.99820826 -37.84259287  147.99807511 
111 -37.84258429  147.99621707 
111 -37.84201998  147.99577324 
111 -37.84204802  147.99573773 
111 -37.84493361  147.99788256 
112 -37.84512022  147.99792982 -37.84519019  147.99793572 
112 -37.84535814  147.99786483 -37.84542812  147.99782348 
111 -37.84550743  147.99779394 
112 -37.84547011  147.99790028 -37.84538613  147.99794754 
112 -37.84526484  147.99797708 -37.84523685  147.99806569 
111 -37.84516687  147.99823110 
111 -37.84519019  147.99829017 
111 -37.84536281  147.99840242 
111 -37.84530216  147.99868598 
111 -37.84501758  147.99852057 
111 -37.84516687  147.99805978 
111 -37.84495693  147.99800071 
111 -37.84492894  147.99816021 
111 -37.84486363  147.99814839 
111 -37.84492428  147.99797708 
111 -37.84468169  147.99779985 
112 -37.84456136  147.99792772 -37.84452981  147.99793216 
111 -37.84362902  147.99838044 
111 -37.84332759  147.99853135 
112 -37.84332408  147.99885979 -37.84338367  147.99903289 
112 -37.84355892  147.99952556 -37.84364304  147.99964096 
112 -37.84380778  148.00004042 -37.84380778  148.00015582 
111 -37.84379456  148.00061792 
112 -37.84387553  148.00070580 -37.84393722  148.00067650 
112 -37.84430349  148.00060815 -37.84442302  148.00063256 
111 -37.84458109  148.00066186 
112 -37.84470832  148.00115009 -37.84470061  148.00117938 
112 -37.84450013  148.00119403 -37.84444615  148.00115985 
112 -37.84414542  148.00097432 -37.84406831  148.00096944 
112 -37.84382541  148.00089132 -37.84377143  148.00081321 
112 -37.84371360  148.00046168 -37.84372902  148.00031522 
112 -37.84376372  147.99999299 -37.84374444  147.99994904 
112 -37.84342829  147.99937294 -37.84340901  147.99928994 
111 -37.84323551  147.99873824 
112 -37.84329720  147.99849901 -37.84337046  147.99844530 
111 -37.84449241  147.99790825 
112 -37.84459266  147.99778620 -37.84460423  147.99775690 
111 -37.84461194  147.99774226 
111 -37.84262588  147.99623770 
111 -37.84262973  147.99820523 
112 -37.84266057  147.99833705 -37.84268371  147.99837122 
111 -37.84367458  148.00004093 
111 -37.84345096  148.00029969 
111 -37.84317336  147.99985541 
111 -37.84275424  148.00030523 
114 -37.84275185  148.00038101 -37.84275424  148.00040830 
14  -37.84154158  147.99749541    6 0 New Tower Viewpoint 5
15  -37.84142942  147.99769069  77.01 New Ramp Start 4
19  -37.84158282  148.00050986 0 New Windsock 6
19  -37.84162364  148.00059793 0 New Windsock 7
51 12670 CTAF


130 Airport Boundary
111 -037.84565735  148.00318909
111 -037.84550858  147.99778748
111 -037.84204865  147.99574280
111 -037.84201813  147.99577332
111 -037.84147644  147.99678040
111 -037.84124756  147.99731445
111 -037.84074402  147.99862671
111 -037.84264374  148.00993347
113 -037.84281158  148.00991821
99
