A
1050 Generated by WorldEditor 1.6.0r1

1     10 0 0 SDAG Angra dos Reis Airport
100 29.87 1 0 0.00 0 0 0 10 -22.97629380 -044.31184633    0    0 1 0 0 0 28 -22.97432048 -044.30257722   60    0 1 0 0 0
110 1 0.00 76.9800 New Taxiway 2
111 -22.97428747 -044.30305720 3
112 -22.97413774 -044.30335934 -22.97398323 -044.30342647
111 -22.97413774 -044.30335934 3
111 -22.97400057 -044.30339062 3
111 -22.97381590 -044.30343274
112 -22.97381590 -044.30343274 -22.97360947 -044.30345825 3
111 -22.97354249 -044.30325642 3
111 -22.97345705 -044.30286434 3
111 -22.97342015 -044.30287331 3
111 -22.97329548 -044.30290363 3
111 -22.97317080 -044.30293396 3
111 -22.97304979 -044.30296339 3
111 -22.97292599 -044.30299350 3
111 -22.97280250 -044.30302353 3
111 -22.97276071 -044.30303370
111 -22.97279885 -044.30321303
111 -22.97282676 -044.30334424
111 -22.97285561 -044.30347987
111 -22.97288089 -044.30359873 20
111 -22.97294178 -044.30388498
111 -22.97296772 -044.30400695
111 -22.97299583 -044.30413908
111 -22.97302426 -044.30427275
111 -22.97305975 -044.30443963 3
111 -22.97309742 -044.30443093 3
111 -22.97322373 -044.30440176 3
111 -22.97334932 -044.30437275 3
111 -22.97346992 -044.30434490 3
111 -22.97359375 -044.30431630 3
111 -22.97371846 -044.30428750 3
111 -22.97375471 -044.30427913 3
111 -22.97367781 -044.30392881 3
112 -22.97384229 -044.30360168 -22.97405861 -044.30352784
111 -22.97384229 -044.30360168 3
111 -22.97403241 -044.30355147 3
111 -22.97416926 -044.30351533
112 -22.97416926 -044.30351533 -22.97432625 -044.30348847 3
113 -22.97442402 -044.30369397
110 1 0.00 76.9800 New Taxiway 1
111 -22.97465751 -044.30353429 3
112 -22.97474355 -044.30335546 -22.97484347 -044.30333755
111 -22.97474355 -044.30335546 3
111 -22.97484828 -044.30334397 3
111 -22.97491858 -044.30333626
112 -22.97491858 -044.30333626 -22.97498814 -044.30333802 3
111 -22.97501945 -044.30346985 3
111 -22.97504589 -044.30357991 3
111 -22.97507726 -044.30371046 3
111 -22.97510931 -044.30384386 3
111 -22.97513251 -044.30394046 3
111 -22.97525353 -044.30392494 3
111 -22.97537752 -044.30390905 3
111 -22.97550342 -044.30389291 3
111 -22.97555650 -044.30388611
111 -22.97552605 -044.30374148 20
111 -22.97541184 -044.30319896 20
111 -22.97536981 -044.30314391 20
111 -22.97533494 -044.30314817 3
111 -22.97529245 -044.30315337 3
111 -22.97516733 -044.30316866 3
111 -22.97483386 -044.30320940 3
111 -22.97471097 -044.30322442
112 -22.97471097 -044.30322442 -22.97463474 -044.30323225 3
113 -22.97457044 -044.30311701
130 Airport Boundary
111 -22.97611972 -044.31248779
111 -22.97665773 -044.31239911
111 -22.97566350 -044.30739508
111 -22.97588496 -044.30700540
111 -22.97560149 -044.30567280
111 -22.97569450 -044.30560545
111 -22.97584480 -044.30367181
111 -22.97617306 -044.30292630
111 -22.97510830 -044.30225275
111 -22.97403307 -044.30189616
111 -22.97403307 -044.30252264
111 -22.97225302 -044.30298851
111 -22.97291124 -044.30617239
111 -22.97451853 -044.30581493
113 -22.97584970 -044.31229799
120 Runway Hold 02
111 -22.97484828 -044.30334397 4
115 -22.97483386 -044.30320940
120 Runway Hold 01
111 -22.97400057 -044.30339062 4
115 -22.97403241 -044.30355147
120 Linear Feature 17
111 -22.97530363 -044.30321116 20
115 -22.97529245 -044.30315337
120 Linear Feature 17
111 -22.97517851 -044.30322645 20
115 -22.97516733 -044.30316866
120 Linear Feature 16
111 -22.97549070 -044.30382902 20
115 -22.97550342 -044.30389291
120 Linear Feature 16
111 -22.97536480 -044.30384516 20
115 -22.97537752 -044.30390905
120 Linear Feature 16
111 -22.97524081 -044.30386106 20
115 -22.97525353 -044.30392494
120 Linear Feature 15
111 -22.97516801 -044.30382892 20
115 -22.97510931 -044.30384386
120 Linear Feature 15
111 -22.97513596 -044.30369552 20
115 -22.97507726 -044.30371046
120 Linear Feature 15
111 -22.97510460 -044.30356496 20
115 -22.97504589 -044.30357991
120 Linear Feature 14
111 -22.97370835 -044.30423475 20
115 -22.97371846 -044.30428750
120 Linear Feature 14
111 -22.97358364 -044.30426355 20
115 -22.97359375 -044.30431630
120 Linear Feature 14
111 -22.97345981 -044.30429215 20
115 -22.97346992 -044.30434490
120 Linear Feature 14
111 -22.97333921 -044.30432000 20
115 -22.97334932 -044.30437275
120 Linear Feature 14
111 -22.97321362 -044.30434901 20
115 -22.97322373 -044.30440176
120 Linear Feature 14
111 -22.97308731 -044.30437818 20
115 -22.97309742 -044.30443093
120 Linear Feature 13
111 -22.97308233 -044.30425931 20
115 -22.97302426 -044.30427275
120 Linear Feature 13
111 -22.97305390 -044.30412564 20
115 -22.97299583 -044.30413908
120 Linear Feature 13
111 -22.97302579 -044.30399351 20
115 -22.97296772 -044.30400695
120 Linear Feature 13
111 -22.97291368 -044.30346644 20
115 -22.97285561 -044.30347987
120 Linear Feature 13
111 -22.97288484 -044.30333080 20
115 -22.97282676 -044.30334424
120 Linear Feature 13
111 -22.97285693 -044.30319959 20
115 -22.97279885 -044.30321303
120 Linear Feature 12
111 -22.97280250 -044.30302353 20
115 -22.97281598 -044.30308298
120 Linear Feature 12
111 -22.97292599 -044.30299350 20
115 -22.97293947 -044.30305294
120 Linear Feature 12
111 -22.97304979 -044.30296339 20
115 -22.97306327 -044.30302283
120 Linear Feature 12
111 -22.97317080 -044.30293396 20
115 -22.97318429 -044.30299340
120 Linear Feature 12
111 -22.97329548 -044.30290363 20
115 -22.97330896 -044.30296308
120 Linear Feature 12
111 -22.97342015 -044.30287331 20
115 -22.97343363 -044.30293275
120 Linear Feature 11
111 -22.97298794 -044.30387414 22
115 -22.97292648 -044.30358808
120 Linear Feature 10
111 -22.97294178 -044.30388498 20
111 -22.97298794 -044.30387414 20
111 -22.97302948 -044.30386440 20
111 -22.97296974 -044.30357797 20
111 -22.97292648 -044.30358808 20
115 -22.97288089 -044.30359873
120 Linear Feature 9
111 -22.97549157 -044.30374825 22
115 -22.97536981 -044.30314391
120 Linear Feature 8
111 -22.97552605 -044.30374148 20
111 -22.97549157 -044.30374825 20
111 -22.97545812 -044.30375482 20
115 -22.97533494 -044.30314817
120 Linear Feature 5
112 -22.97371673 -044.30354234 -22.97358323 -044.30356248 1
115 -22.97349161 -044.30346350
120 Linear Feature 4
111 -22.97436466 -044.30337414 1
111 -22.97371673 -044.30354234
112 -22.97371673 -044.30354234 -22.97360919 -044.30357188 1
115 -22.97354051 -044.30371634
120 Linear Feature 3
111 -22.97462062 -044.30330075 1
111 -22.97494814 -044.30326015
112 -22.97494814 -044.30326015 -22.97502025 -044.30326238 1
115 -22.97506918 -044.30330848
1300 -22.97543132 -044.30381486  82.73 tie_down turboprops|props|helos Ramp GA 1-05
1301 A general_aviation 
1300 -22.97530233 -044.30383153  82.64 tie_down turboprops|props|helos Ramp GA 1-04
1301 A general_aviation 
1300 -22.97517030 -044.30375612 167.18 tie_down turboprops|props|helos Ramp GA 1-03
1301 A general_aviation 
1300 -22.97514037 -044.30362091 166.46 tie_down turboprops|props|helos Ramp GA 1-02
1301 A general_aviation 
1300 -22.97524389 -044.30325144 -97.75 tie_down turboprops|props|helos Ramp GA 1-01
1301 A general_aviation 
1300 -22.97364448 -044.30421797  78.15 tie_down turboprops|props|helos Ramp GA 2-14
1301 A general_aviation 
1300 -22.97351977 -044.30424789  78.33 tie_down turboprops|props|helos Ramp GA 2-13
1301 A general_aviation 
1300 -22.97340006 -044.30427649  78.42 tie_down turboprops|props|helos Ramp GA 2-12
1301 A general_aviation 
1300 -22.97327493 -044.30430658  77.80 tie_down turboprops|props|helos Ramp GA 2-11
1301 A general_aviation 
1300 -22.97314687 -044.30433558  77.83 tie_down turboprops|props|helos Ramp GA 2-10
1301 A general_aviation 
1300 -22.97308233 -044.30419330 167.90 tie_down turboprops|props|helos Ramp GA 2-09
1301 A general_aviation 
1300 -22.97305493 -044.30405403 167.90 tie_down turboprops|props|helos Ramp GA 2-08
1301 A general_aviation 
1300 -22.97291368 -044.30339931 168.11 tie_down turboprops|props|helos Ramp GA 2-07
1301 A general_aviation 
1300 -22.97288484 -044.30326032 168.12 tie_down turboprops|props|helos Ramp GA 2-06
1301 A general_aviation 
1300 -22.97288178 -044.30309322 -103.45 tie_down turboprops|props|helos Ramp GA 2-05
1301 A general_aviation 
1300 -22.97300352 -044.30306423 -104.04 tie_down turboprops|props|helos Ramp GA 2-04
1301 A general_aviation 
1300 -22.97312619 -044.30303099 -103.14 tie_down turboprops|props|helos Ramp GA 2-03
1301 A general_aviation 
1300 -22.97324962 -044.30299933 -103.65 tie_down turboprops|props|helos Ramp GA 2-02
1301 A general_aviation 
1300 -22.97337677 -044.30296766 -103.39 tie_down turboprops|props|helos Ramp GA 2-01
1301 A general_aviation 
19 -22.97509071 -044.30409208 0 Windsock
51 12280 Angra dos Reis Unicom
99
