A
1000 Generated by Infinite Flight Airport Editing (World Parser)/AB

1      860 0 1 10AZ PIERCE
100   12.19   1   0 0.25 0 1 0 08   33.36638900 -112.62361100    0.00   91.44 2  0 0 0 26   33.36638900 -112.61250000    0.00   60.96 2  0 0 0
110   1 0.30  90.00 Default taxiway for RWY 08
111  33.36633639 -112.62361100   3 102 
111  33.36605984 -112.62361098   3 102 
111  33.36606033 -112.61249998   3 102 
111  33.36633688 -112.61250000 
112  33.36633688 -112.61263137  33.36633463 -112.61256569   3 102 
111  33.36626880 -112.61256568   3 102 
112  33.36618102 -112.61256568  33.36611519 -112.61256567   3 102 
111  33.36611519 -112.61263135   3 102 
111  33.36611495 -112.61802264   3 102 
111  33.36633664 -112.61802266 
111  33.36633664 -112.61808834   3 102 
111  33.36611495 -112.61808832   3 102 
112  33.36611471 -112.62347961  33.36611470 -112.62354529   3 102 
111  33.36618053 -112.62354530   3 102 
112  33.36626831 -112.62354530  33.36633414 -112.62354531   3 102 
113  33.36633640 -112.62347963 
120 Default hold RWY 08 (near)
111  33.36622442 -112.62361099   4 
115  33.36622442 -112.62354530 
120 Default hold RWY 08 (centre)
111  33.36622467 -112.61808833   4 
115  33.36622467 -112.61802265 
120 Default hold RWY 08 (far)
111  33.36622491 -112.61256568   4 
115  33.36622491 -112.61249999 
18   33.36677327 -112.61805721 1 BCN
19   33.36655357 -112.62374238 1 WS
19   33.36622441 -112.61236864 1 WS


130 Airport Boundary
111  033.36605835 -112.62361145
111  033.36639023 -112.62361145
111  033.36639023 -112.61250305
113  033.36606216 -112.61250305
99
