A
1000 Generated by Infinite Flight Airport Editing (World Parser)/AB

1      100 0 0 BIBK Bakkafjordur
100   24.08   5   0 0.25 0 0 0 05   66.01947624 -014.83011968    0.00    0.00 1  0 0 0 23   66.02520156 -014.81988372    0.00    0.00 1  0 0 0
10   66.01998900 -014.82774260 xxx  35.00   300 0.0 0.0   300 101101  3 0 0 0.25 0
19   66.01949115 -014.83107736 1 WS
19   66.02518659 -014.81892582 1 WS


130 Airport Boundary
111  066.01947784 -014.83011913
111  066.02519989 -014.81988335
113  066.01998901 -014.82774258
99
