A
1000 Generated by Infinite Flight Airport Editing (World Parser)/AB

1      613 0 0 YHVH HARVEST HOME
100   36.88   4   0 0.00 0 0 0 15  -20.69794259  146.64420176    0.00    0.00 0  0 0 0 33  -20.70902541  146.65042700    0.00    0.00 0  0 0 0
110   4 0.25   0.00 New Taxiway 47
111 -20.69791878  146.64434465 
112 -20.69445429  146.64184238 -20.69432880  146.64172888 
112 -20.69421297  146.64123360 -20.69419366  146.64116138 
112 -20.69390254  146.64082036 -20.69382532  146.64074813 
112 -20.69329596  146.64034624 -20.69316083  146.64034624 
112 -20.69271680  146.64086215 -20.69262028  146.64095501 
112 -20.69208938  146.64067642 -20.69187702  146.64059387 
112 -20.69114100  146.64074372 -20.69088616  146.64084587 
112 -20.69056763  146.64152684 -20.69029156  146.64177654 
112 -20.69018552  146.64193823 -20.69001002  146.64221963 
112 -20.68953643  146.64217977 -20.68951367  146.64220409 
112 -20.68894466  146.64327453 -20.68873982  146.64346915 
111 -20.68912675  146.64368810 
112 -20.69267739  146.64578032 -20.69322364  146.64616957 
111 -20.69301880  146.64677777 
111 -20.68764733  146.65921666 
111 -20.68676324  146.66458481 
111 -20.68661276  146.66460491 
111 -20.68753447  146.65915634 
112 -20.69284936  146.64682685 -20.69309809  146.64622864 
111 -20.69258508  146.64586307 
112 -20.69002003  146.64423463 -20.68969357  146.64405185 
112 -20.68914947  146.64388568 -20.68897847  146.64383583 
111 -20.68767262  146.64378598 
111 -20.68336645  146.64347026 
111 -20.68325763  146.64327086 
112 -20.68747053  146.64352011 -20.68762599  146.64350350 
112 -20.68915309  146.64230013 -20.68940346  146.64200818 
112 -20.69008628  146.64176488 -20.69029112  146.64159458 
112 -20.69024560  146.64059707 -20.69001799  146.64025646 
112 -20.69015456  146.63981853 -20.69015456  146.63957524 
112 -20.69099670  146.63916164 -20.69133811  146.63906432 
112 -20.69183993  146.63932606 -20.69210891  146.63932606 
112 -20.69235721  146.63981266 -20.69248136  146.63985689 
112 -20.69347455  146.64023290 -20.69361939  146.64027713 
112 -20.69425228  146.64097180 -20.69433403  146.64070961 
112 -20.69494138  146.64087192 -20.69516330  146.64087192 
112 -20.69471947  146.64125896 -20.69467275  146.64132139 
112 -20.69489466  146.64168346 -20.69517498  146.64184576 
112 -20.69597318  146.64235486 -20.69619256  146.64262689 
112 -20.69717538  146.64340547 -20.69728946  146.64357431 
113 -20.69804412  146.64406210 
14  -20.69791595  146.64384499    6 0 New Tower Viewpoint 47
15  -20.69804758  146.64415454   0.00 New Ramp Start 45
19  -20.69792473  146.64468922 0 New Windsock 46


130 Airport Boundary
111 -020.70902634  146.65042114
111 -020.69494057  146.64086914
111 -020.69183922  146.63932800
111 -020.69099617  146.63916016
111 -020.68325806  146.64326477
111 -020.68661308  146.66461182
113 -020.68676376  146.66458130
99
