I
1050 Generated by WorldEditor 1.7.0r3

1    708 1 0 UWPS Saransk
100 42.00 1 2 0.00 1 3 1 02  54.11466841  045.20090781    0   48 3 2 0 1 20  54.13583976  045.22427600    0   51 3 2 0 1
110 2 0.00 0.0000 New Taxiway 3
111  54.11564422  045.20174340
111  54.11558758  045.20155210
111  54.11557940  045.20152446 102
111  54.11530495  045.20059755 102
111  54.11496426  045.20023233 102
111  54.11479766  045.20066231
111  54.11479289  045.20067462
111  54.11470300  045.20089927
113  54.11530674  045.20172041
110 2 0.00 0.0000 New Taxiway 2
111  54.13134045  045.21967057
112  54.13179635  045.22001751  54.13193677  045.22014832
111  54.13179635  045.22001751
112  54.13179635  045.22001751  54.13211649  045.22031572
112  54.13240699  045.22013219  54.13213550  045.21972606
111  54.13240699  045.22013219
112  54.13240699  045.22013219  54.13201642  045.21954792
111  54.13224676  045.21885131
112  54.13276624  045.21754397  54.13294185  045.21712855
111  54.13312599  045.21718224
111  54.13312541  045.21698219
111  54.13362907  045.21564480
111  54.13368524  045.21571061
111  54.13372213  045.21561141
111  54.13507447  045.21712278
111  54.13456218  045.21846820
111  54.13469248  045.21861303
111  54.13435606  045.21946757
111  54.13506727  045.22027866
111  54.13517643  045.22049233
112  54.13608078  045.22151439  54.13630640  045.22178188
111  54.13625469  045.22223619
112  54.13603987  045.22282497  54.13595055  045.22306869
112  54.13566332  045.22330899  54.13552593  045.22333007
111  54.13539944  045.22325708
111  54.13525062  045.22332206
111  54.13594664  045.22413881
111  54.13749957  045.22009671
112  54.13762016  045.22023741  54.13770815  045.22033958
112  54.13787135  045.22019089  54.13795175  045.22010214
112  54.13804388  045.22018643  54.13810070  045.22024956
111  54.13850321  045.22069340
111  54.13895272  045.21949174
111  54.13883204  045.21937325
111  54.13848579  045.22027902
111  54.13813670  045.21987010
111  54.13847978  045.21897709
111  54.13878726  045.21932289
111  54.13887638  045.21908682
111  54.13843091  045.21858205
111  54.13832706  045.21883552
111  54.13807342  045.21856739
111  54.13824885  045.21811370
111  54.13819346  045.21805054
111  54.13819551  045.21799924
112  54.13863006  045.21693740  54.13864072  045.21691417
111  54.13865053  045.21691026
111  54.13849179  045.21672856
111  54.13847901  045.21676075
112  54.13851117  045.21681800  54.13852649  045.21685126
111  54.13851117  045.21681800
112  54.13851117  045.21681800  54.13852863  045.21685589
112  54.13853092  045.21693584  54.13851764  045.21696629
111  54.13853092  045.21693584
112  54.13853092  045.21693584  54.13851676  045.21696829
112  54.13846694  045.21692092  54.13844356  045.21689570
111  54.13846694  045.21692092
112  54.13846694  045.21692092  54.13844913  045.21690171
111  54.13843151  045.21688040
111  54.13837108  045.21703262
111  54.13844114  045.21712080
112  54.13844686  045.21717464  54.13843352  045.21720783
111  54.13842667  045.21722420
111  54.13833660  045.21711947
111  54.13822099  045.21741069
111  54.13831640  045.21751931
112  54.13828658  045.21758810  54.13827344  045.21761605
112  54.13823395  045.21760888  54.13821981  045.21759349
111  54.13823395  045.21760888
112  54.13823395  045.21760888  54.13819890  045.21757076
111  54.13803742  045.21739261
112  54.13802519  045.21731943  54.13803853  045.21728608
111  54.13805322  045.21728387
111  54.13775949  045.21702353
112  54.13771910  045.21704800  54.13769531  045.21702373
111  54.13760116  045.21691528
112  54.13753969  045.21680481  54.13752012  045.21675243
111  54.13753969  045.21680481
112  54.13753969  045.21680481  54.13752300  045.21676015
112  54.13753610  045.21669715  54.13754490  045.21667177
111  54.13753610  045.21669715
112  54.13753610  045.21669715  54.13755523  045.21664199
111  54.13757124  045.21660260
112  54.13761554  045.21659224  54.13764265  045.21662165
111  54.13768497  045.21666898
111  54.13777792  045.21644003
112  54.13770789  045.21635775  54.13768902  045.21633481
111  54.13770483  045.21629346
111  54.13775992  045.21615079
112  54.13781439  045.21609901  54.13784851  045.21609425
111  54.13789711  045.21614643
111  54.13790344  045.21613083
111  54.13774445  045.21597234
111  54.13731688  045.21708878
111  54.13583810  045.21544341
112  54.13588329  045.21533997  54.13591307  045.21527326
112  54.13597199  045.21531145  54.13600093  045.21534768
111  54.13615126  045.21552965
111  54.13629347  045.21517659
111  54.13598589  045.21482883
111  54.13582922  045.21522526
111  54.13585787  045.21525835
111  54.13579615  045.21539967
111  54.13392586  045.21332753
111  54.13193390  045.21856744
114  54.13132977  045.21890937  54.13092453  045.21873565
112  54.13739322  045.21717832  54.13737538  045.21715803
112  54.13738509  045.21709274  54.13740422  045.21704774
112  54.13753131  045.21700341  54.13761654  045.21704549
112  54.13766142  045.21728303  54.13762420  045.21738215
114  54.13759340  045.21740067  54.13757479  045.21737949
112  54.13768169  045.21739568  54.13769513  045.21736523
112  54.13775019  045.21737406  54.13778121  045.21740626
112  54.13785128  045.21748402  54.13786852  045.21750516
112  54.13786295  045.21758605  54.13784698  045.21762680
112  54.13781234  045.21764504  54.13779192  045.21762342
114  54.13767698  045.21749494  54.13765400  045.21746920
112  54.13792554  045.21758587  54.13793866  045.21755394
111  54.13792554  045.21758587
112  54.13792554  045.21758587  54.13794983  045.21752675
112  54.13805518  045.21756322  54.13810729  045.21762676
112  54.13815023  045.21769009  54.13816474  045.21771435
112  54.13816897  045.21789329  54.13814829  045.21796609
112  54.13810978  045.21796911  54.13808373  045.21794316
112  54.13789818  045.21773670  54.13787957  045.21771155
111  54.13789818  045.21773670
112  54.13789818  045.21773670  54.13788962  045.21772514
112  54.13789188  045.21767988  54.13789670  045.21765556
111  54.13789188  045.21767988
114  54.13789188  045.21767988  54.13789754  045.21765131
111  54.13804870  045.21864755
112  54.13818827  045.21880437  54.13823415  045.21885709
112  54.13822445  045.21911617  54.13817680  045.21923969
112  54.13785278  045.22006132  54.13780601  045.22017203
112  54.13766768  045.22013470  54.13759885  045.22006315
113  54.13753129  045.21999107
111  54.13616059  045.21515261
111  54.13611827  045.21526536
111  54.13605528  045.21519591
113  54.13609870  045.21508281
130 Airport Boundary 1
111  54.11211434  045.19460292
111  54.10986503  045.19412786
111  54.10839186  045.19264616
111  54.10798565  045.19266654
111  54.10756749  045.19364471
111  54.10765256  045.19468098
111  54.10887370  045.19624061
111  54.10971255  045.19940746
111  54.11571770  045.20605822
111  54.11569111  045.20699784
111  54.11675034  045.20787542
111  54.11705231  045.20770317
111  54.12373683  045.21471792
111  54.12373683  045.21471793
111  54.12291246  045.21701476
111  54.12418266  045.21844076
111  54.12511245  045.21605648
111  54.13146867  045.22305944
111  54.13170762  045.22428852
111  54.13300371  045.22553383
111  54.13353367  045.22521324
111  54.13692847  045.22882269
111  54.13858913  045.22958143
111  54.14192541  045.23235916
111  54.14381431  045.23425801
111  54.14439840  045.23263765
111  54.14280403  045.23085476
111  54.14225644  045.23077922
111  54.14078838  045.22887642
111  54.14069663  045.22684027
111  54.14139053  045.22507820
111  54.13838562  045.22191585
111  54.14017438  045.21707270
111  54.13195541  045.20843097
113  54.12989659  045.21386905
120 Linear Feature 15
111  54.13237114  045.21827792 4 104
115  54.13221820  045.21810527
120 Linear Feature 14
111  54.13639996  045.22270413 4 104
115  54.13624531  045.22253515
120 Linear Feature 19
111  54.13281777  045.21652916 3 102
111  54.13221820  045.21810527 3 102
111  54.13199910  045.21868123 3 102
116  54.13141983  045.21901146  54.13104620  045.21882448
120 Linear Feature 18
112  54.13222716  045.21990236  54.13194658  045.21938837 3 102
111  54.13215895  045.21883609 3 102
111  54.13237114  045.21827792 3 102
115  54.13296968  045.21670341
120 Linear Feature 17
112  54.13612888  045.22150361  54.13635812  045.22180270 3
111  54.13631116  045.22223081 3
111  54.13634739  045.22226788 3 102
111  54.13624531  045.22253515 3 102
111  54.13603247  045.22309237 3 102
116  54.13542120  045.22341503  54.13501916  045.22316540
120 Linear Feature 16
111  54.13591641  045.22397106 3 102
111  54.13639996  045.22270413 3 102
115  54.13740100  045.22008129
120 Linear Feature 22
111  54.13101205  045.21895184 1 101
111  54.13149592  045.21946831 1 101
112  54.13185594  045.21933854  54.13202245  045.21903218
111  54.13185594  045.21933854
112  54.13185594  045.21933854  54.13175677  045.21973757 1 101
111  54.13193949  045.21995945 1 101
115  54.13244379  045.22052354
120 Linear Feature 25
112  54.13762184  045.21920446  54.13746580  045.21943828 1 101
111  54.13731261  045.21926864 1 101
112  54.13738324  045.21945647  54.13740957  045.21957651
111  54.13738324  045.21945647
112  54.13738324  045.21945647  54.13740444  045.21955313 1 101
116  54.13737937  045.21984000  54.13734566  045.21999683
120 Linear Feature 47
111  54.13716718  045.21984309 22
112  54.13699966  045.22028780  54.13696410  045.22038509 22
112  54.13686806  045.22035445  54.13683465  045.22032097 22
115  54.13480132  045.21807220
120 Linear Feature 48
111  54.13723312  045.21957216
112  54.13723312  045.21957216  54.13719676  045.21966087 22
112  54.13716718  045.21984309  54.13712207  045.21995986
111  54.13716718  045.21984309
112  54.13716718  045.21984309  54.13722876  045.21975097 22
111  54.13728856  045.21980674
114  54.13728856  045.21980674  54.13720639  045.21971377 22
120 Linear Feature 46
111  54.13728856  045.21980674 22
115  54.13751092  045.22003862
120 Linear Feature 45
111  54.13773241  045.21825303 22
115  54.13723312  045.21957216
120 Linear Feature 44
111  54.13815022  045.21801121 22
115  54.13796117  045.21850537
120 Linear Feature 43
111  54.13390576  045.21348195 22
111  54.13375889  045.21387012 22
111  54.13773241  045.21825303 22
111  54.13796117  045.21850537 22
115  54.13805301  045.21860667
120 Linear Feature 42
111  54.13472495  045.21864329 20
112  54.13484022  045.21833760  54.13487321  045.21825650 20
112  54.13494404  045.21829211  54.13497249  045.21832466 20
112  54.13684773  045.22039830  54.13688071  045.22043593 20
112  54.13702803  045.22031177  54.13708324  045.22017105 20
112  54.13718407  045.21989888  54.13720829  045.21983517 20
112  54.13728370  045.21986134  54.13731578  045.21989647 20
115  54.13749680  045.22008841
120 Linear Feature 56
111  54.13569515  045.21804928 20
111  54.13571743  045.21831007 20
111  54.13559580  045.21863635 20
115  54.13544194  045.21871784
120 Linear Feature 55
111  54.13595180  045.21833202 20
111  54.13580588  045.21840770 20
111  54.13567792  045.21873819 20
115  54.13569792  045.21900022
120 Linear Feature 54
111  54.13612701  045.21852503 20
111  54.13615122  045.21878149 20
111  54.13602474  045.21911923 20
115  54.13587634  045.21919702
120 Linear Feature 53
111  54.13632241  045.21874029 20
111  54.13617640  045.21881151 20
111  54.13605000  045.21914639 20
115  54.13607375  045.21941476
120 Linear Feature 52
111  54.13650315  045.21893938 20
111  54.13652361  045.21920063 20
111  54.13639504  045.21953130 20
115  54.13624476  045.21960339
120 Linear Feature 51
111  54.13673305  045.21919263 20
111  54.13663685  045.21922575 20
111  54.13654792  045.21944686 20
115  54.13658891  045.21998303
120 Linear Feature 50
111  54.13705863  045.22003598 20
115  54.13676441  045.22017668
120 Linear Feature 49
111  54.13712769  045.21962790 20
115  54.13715229  045.21978991
120 Linear Feature 41
112  54.13712769  045.21962790  54.13713660  045.21963802
111  54.13712769  045.21962790
112  54.13712769  045.21962790  54.13715926  045.21966376 20
112  54.13715229  045.21978991  54.13712263  045.21986636
111  54.13715229  045.21978991
112  54.13715229  045.21978991  54.13713691  045.21982956 20
112  54.13705863  045.22003598  54.13702033  045.22013703
111  54.13705863  045.22003598
112  54.13705863  045.22003598  54.13702308  045.22012977 20
112  54.13697739  045.22025021  54.13696579  045.22028058
111  54.13697739  045.22025021
112  54.13697739  045.22025021  54.13695328  045.22031329 20
112  54.13687581  045.22029975  54.13683966  045.22025921
111  54.13687581  045.22029975
112  54.13687581  045.22029975  54.13687088  045.22029422 20
112  54.13676441  045.22017668  54.13669831  045.22010373
111  54.13676441  045.22017668
112  54.13676441  045.22017668  54.13671765  045.22012507 20
112  54.13658891  045.21998303  54.13651982  045.21990681
111  54.13658891  045.21998303
112  54.13658891  045.21998303  54.13649015  045.21987407 20
112  54.13624476  045.21960339  54.13611743  045.21946294
111  54.13624476  045.21960339
112  54.13624476  045.21960339  54.13618924  045.21954215 20
112  54.13607375  045.21941476  54.13601554  045.21935056
111  54.13607375  045.21941476
112  54.13607375  045.21941476  54.13600872  045.21934304 20
112  54.13587634  045.21919702  54.13581015  045.21912401
111  54.13587634  045.21919702
112  54.13587634  045.21919702  54.13581658  045.21913111 20
112  54.13569792  045.21900022  54.13563902  045.21893524
111  54.13569792  045.21900022
112  54.13569792  045.21900022  54.13560974  045.21890294 20
112  54.13544194  045.21871784  54.13536043  045.21862792
111  54.13544194  045.21871784
112  54.13544194  045.21871784  54.13512827  045.21837179 20
112  54.13487591  045.21809290  54.13486659  045.21808224
111  54.13487591  045.21809290
112  54.13487591  045.21809290  54.13484927  045.21806242 20
112  54.13485472  045.21789722  54.13489285  045.21780217 20
112  54.13502341  045.21745563  54.13504813  045.21739665 20
112  54.13512824  045.21742451  54.13516849  045.21746945
111  54.13512824  045.21742451
112  54.13512824  045.21742451  54.13513850  045.21743596 20
112  54.13569515  045.21804928  54.13599810  045.21838303
111  54.13569515  045.21804928
112  54.13569515  045.21804928  54.13577833  045.21814091 20
112  54.13595180  045.21833202  54.13603839  045.21842740
111  54.13595180  045.21833202
112  54.13595180  045.21833202  54.13601077  045.21839698 20
112  54.13612701  045.21852503  54.13618442  045.21858827
111  54.13612701  045.21852503
112  54.13612701  045.21852503  54.13619481  045.21859972 20
112  54.13632241  045.21874029  54.13638418  045.21880833
111  54.13632241  045.21874029
112  54.13632241  045.21874029  54.13638810  045.21881264 20
112  54.13650315  045.21893938  54.13655713  045.21899884
111  54.13650315  045.21893938
112  54.13650315  045.21893938  54.13662971  045.21907880 20
112  54.13673305  045.21919263  54.13674893  045.21921014
111  54.13673305  045.21919263
114  54.13673305  045.21919263  54.13695890  045.21944150 20
120 Linear Feature 40
112  54.13738597  045.21884676  54.13741069  045.21887776 20
112  54.13740539  045.21901552  54.13737639  045.21909559 20
112  54.13722149  045.21950558  54.13720586  045.21954992 20
112  54.13712705  045.21956327  54.13709134  045.21952866 20
112  54.13516902  045.21740532  54.13514065  045.21737017 20
112  54.13515894  045.21720125  54.13519728  045.21709922 20
112  54.13533924  045.21672487  54.13536466  045.21666040 20
114  54.13543479  045.21669493  54.13546085  045.21672578 20
120 Linear Feature 57
111  54.13756952  045.21814681 20
111  54.13757418  045.21836634 20
111  54.13746890  045.21865685 20
115  54.13735815  045.21875383
120 Linear Feature 59
111  54.13691115  045.21741852 20
111  54.13692254  045.21764353 20
111  54.13681228  045.21795519 20
115  54.13671039  045.21803757
120 Linear Feature 60
111  54.13705536  045.21757805 20
111  54.13692781  045.21764759 20
111  54.13681709  045.21795910 20
115  54.13681763  045.21815601
120 Linear Feature 61
111  54.13643481  045.21689149 20
111  54.13630144  045.21695675 20
111  54.13618501  045.21727283 20
115  54.13620335  045.21747780
120 Linear Feature 63
111  54.13625309  045.21669041 20
111  54.13627186  045.21692808 20
111  54.13616006  045.21723928 20
115  54.13602751  045.21728371
120 Linear Feature 65
111  54.13592404  045.21632630 20
111  54.13594169  045.21656380 20
111  54.13582309  045.21689628 20
115  54.13571105  045.21693446
120 Linear Feature 64
111  54.13609886  045.21651976 20
111  54.13597017  045.21659522 20
111  54.13585378  045.21692354 20
115  54.13587443  045.21711476
120 Linear Feature 66
111  54.13577603  045.21616250 20
111  54.13566529  045.21622059 20
111  54.13554887  045.21653372 20
115  54.13554609  045.21675243
120 Linear Feature 67
111  54.13514036  045.21545896 20
111  54.13499240  045.21550500 20
111  54.13487769  045.21584334 20
115  54.13490047  045.21604002
120 Linear Feature 68
111  54.13495211  045.21525057 20
111  54.13497001  045.21548007 20
111  54.13485202  045.21582115 20
115  54.13471612  045.21583661
120 Linear Feature 69
111  54.13479634  045.21507811 20
111  54.13466387  045.21515187 20
111  54.13455297  045.21544406 20
115  54.13456987  045.21567523
120 Linear Feature 71
111  54.13446430  045.21471044 20
111  54.13433590  045.21479000 20
111  54.13422778  045.21508797 20
115  54.13423567  045.21530645
120 Linear Feature 70
111  54.13461822  045.21488090 20
111  54.13463854  045.21512002 20
111  54.13453018  045.21542271 20
115  54.13439028  045.21547706
120 Linear Feature 72
111  54.13397104  045.21416383 20
111  54.13398486  045.21439652 20
111  54.13387262  045.21469576 20
115  54.13374002  045.21475936
120 Linear Feature 72
111  54.13414251  045.21435395 20
111  54.13401415  045.21441794 20
111  54.13390399  045.21471808 20
115  54.13392197  045.21496025
120 Linear Feature 72
111  54.13429626  045.21452432 20
111  54.13431189  045.21475723 20
111  54.13420174  045.21505736 20
115  54.13406603  045.21511925
120 Linear Feature 73
111  54.13357634  045.21435562 20
115  54.13359239  045.21459616
120 Linear Feature 73
111  54.13381130  045.21398604 20
115  54.13369233  045.21404422
120 Linear Feature 74
111  54.13560437  045.21597253 20
111  54.13563156  045.21618713 20
111  54.13551505  045.21650009 20
115  54.13539195  045.21658234
120 Linear Feature 39
112  54.13381130  045.21398604  54.13380836  045.21398239
111  54.13381130  045.21398604
112  54.13381130  045.21398604  54.13378709  045.21395591 20
112  54.13370586  045.21400930  54.13367832  045.21407851
111  54.13370586  045.21400930
112  54.13370586  045.21400930  54.13370248  045.21401777 20
112  54.13369233  045.21404422  54.13368679  045.21405873
111  54.13369233  045.21404422
112  54.13369233  045.21404422  54.13366285  045.21412145 20
112  54.13357634  045.21435562  54.13354523  045.21444010
111  54.13357634  045.21435562
112  54.13357634  045.21435562  54.13356559  045.21438480 20
112  54.13355486  045.21441415  54.13355198  045.21442210
111  54.13355486  045.21441415
112  54.13355486  045.21441415  54.13354208  045.21444943 20
112  54.13358057  045.21458299  54.13362975  045.21463895
111  54.13358057  045.21458299
112  54.13358057  045.21458299  54.13358189  045.21458449 20
112  54.13359239  045.21459616  54.13359891  045.21460339
111  54.13359239  045.21459616
112  54.13359239  045.21459616  54.13361447  045.21462066 20
112  54.13374002  045.21475936  54.13381450  045.21484161
111  54.13374002  045.21475936
112  54.13374002  045.21475936  54.13379050  045.21481511 20
112  54.13392197  045.21496025  54.13399221  045.21503778
111  54.13392197  045.21496025
112  54.13392197  045.21496025  54.13396652  045.21500942 20
112  54.13406603  045.21511925  54.13411737  045.21517591
111  54.13406603  045.21511925
112  54.13406603  045.21511925  54.13409156  045.21514742 20
112  54.13423567  045.21530645  54.13430719  045.21538538
111  54.13423567  045.21530645
112  54.13423567  045.21530645  54.13429940  045.21537678 20
112  54.13439028  045.21547706  54.13441827  045.21550795
111  54.13439028  045.21547706
112  54.13439028  045.21547706  54.13444821  045.21554099 20
112  54.13456987  045.21567523  54.13463154  045.21574328
111  54.13456987  045.21567523
112  54.13456987  045.21567523  54.13461766  045.21572797 20
112  54.13471612  045.21583661  54.13476577  045.21589139
111  54.13471612  045.21583661
112  54.13471612  045.21583661  54.13471726  045.21583787 20
112  54.13490047  045.21604002  54.13496177  045.21610766
111  54.13490047  045.21604002
112  54.13490047  045.21604002  54.13505991  045.21621595 20
112  54.13539195  045.21658234  54.13555848  045.21676609
111  54.13539195  045.21658234
112  54.13539195  045.21658234  54.13544329  045.21663898 20
112  54.13554609  045.21675243  54.13559747  045.21680912
111  54.13554609  045.21675243
112  54.13554609  045.21675243  54.13560120  045.21681324 20
112  54.13571105  045.21693446  54.13576585  045.21699494
111  54.13571105  045.21693446
112  54.13571105  045.21693446  54.13576581  045.21699490 20
112  54.13587443  045.21711476  54.13592852  045.21717446
111  54.13587443  045.21711476
112  54.13587443  045.21711476  54.13592589  045.21717156 20
112  54.13602751  045.21728371  54.13607805  045.21733949
111  54.13602751  045.21728371
112  54.13602751  045.21728371  54.13608697  045.21734933 20
112  54.13620335  045.21747780  54.13626104  045.21754147
111  54.13620335  045.21747780
112  54.13620335  045.21747780  54.13638510  045.21767840 20
112  54.13671039  045.21803757  54.13686398  045.21820719
111  54.13671039  045.21803757
112  54.13671039  045.21803757  54.13674721  045.21807824 20
112  54.13681763  045.21815601  54.13685227  045.21819427
111  54.13681763  045.21815601
112  54.13681763  045.21815601  54.13707974  045.21844552 20
112  54.13735815  045.21875383  54.13744038  045.21884523
111  54.13735815  045.21875383
112  54.13735815  045.21875383  54.13738450  045.21878311 20
112  54.13740052  045.21880129  54.13740189  045.21880306
111  54.13740052  045.21880129
112  54.13740052  045.21880129  54.13742347  045.21883099 20
112  54.13750920  045.21875316  54.13754067  045.21867154 20
112  54.13764982  045.21837604  54.13766646  045.21833127 20
112  54.13762940  045.21821300  54.13758945  045.21816909
111  54.13762940  045.21821300
112  54.13762940  045.21821300  54.13762662  045.21820994 20
112  54.13756952  045.21814681  54.13753322  045.21810666
111  54.13756952  045.21814681
112  54.13756952  045.21814681  54.13753853  045.21811254 20
112  54.13705536  045.21757805  54.13684548  045.21734588
111  54.13705536  045.21757805
112  54.13705536  045.21757805  54.13700135  045.21751831 20
112  54.13691115  045.21741852  54.13687075  045.21737382
111  54.13691115  045.21741852
112  54.13691115  045.21741852  54.13676556  045.21725744 20
112  54.13643481  045.21689149  54.13626504  045.21670364
111  54.13643481  045.21689149
112  54.13643481  045.21689149  54.13637523  045.21682556 20
112  54.13625309  045.21669041  54.13619162  045.21662240
111  54.13625309  045.21669041
112  54.13625309  045.21669041  54.13620218  045.21663408 20
112  54.13609886  045.21651976  54.13604701  045.21646238
111  54.13609886  045.21651976
112  54.13609886  045.21651976  54.13604100  045.21645572 20
112  54.13592404  045.21632630  54.13586543  045.21626144
111  54.13592404  045.21632630
112  54.13592404  045.21632630  54.13587484  045.21627185 20
112  54.13577603  045.21616250  54.13572660  045.21610780
111  54.13577603  045.21616250
112  54.13577603  045.21616250  54.13571881  045.21609918 20
112  54.13560437  045.21597253  54.13554722  045.21590928
111  54.13560437  045.21597253
112  54.13560437  045.21597253  54.13544722  045.21579861 20
112  54.13514036  045.21545896  54.13498960  045.21529207
111  54.13514036  045.21545896
112  54.13514036  045.21545896  54.13507655  045.21538832 20
112  54.13495211  045.21525057  54.13489053  045.21518240
111  54.13495211  045.21525057
112  54.13495211  045.21525057  54.13489917  045.21519196 20
112  54.13479634  045.21507811  54.13474550  045.21502182
111  54.13479634  045.21507811
112  54.13479634  045.21507811  54.13473518  045.21501040 20
112  54.13461822  045.21488090  54.13456076  045.21481727
111  54.13461822  045.21488090
112  54.13461822  045.21488090  54.13456509  045.21482206 20
112  54.13446430  045.21471044  54.13441492  045.21465575
111  54.13446430  045.21471044
112  54.13446430  045.21471044  54.13440525  045.21464504 20
112  54.13429626  045.21452432  54.13424346  045.21446581
111  54.13429626  045.21452432
112  54.13429626  045.21452432  54.13424116  045.21446327 20
112  54.13414251  045.21435395  54.13409529  045.21430162
111  54.13414251  045.21435395
112  54.13414251  045.21435395  54.13407665  045.21428095 20
112  54.13397104  045.21416383  54.13392309  045.21411063
111  54.13397104  045.21416383
114  54.13397104  045.21416383  54.13387189  045.21405383 20
120 Linear Feature 38
112  54.13388266  045.21344894  54.13388266  045.21344851 20
111  54.13347336  045.21452659 20
112  54.13526221  045.21650302  54.13529163  045.21653712 20
112  54.13527908  045.21668081  54.13525008  045.21676260 20
111  54.13474858  045.21807730 20
112  54.13479622  045.21813289  54.13482165  045.21816285 20
112  54.13480614  045.21832071  54.13477235  045.21840766 20
115  54.13469644  045.21861011
120 Linear Feature 37
111  54.13809737  045.21805919 20
112  54.13799112  045.21833324  54.13796963  045.21839007 20
112  54.13789160  045.21836952  54.13785680  045.21833284 20
112  54.13386077  045.21391483  54.13384110  045.21388900 20
112  54.13384517  045.21374181  54.13387059  045.21367310 20
115  54.13393182  045.21350727
120 Linear Feature 36
111  54.13803976  045.21865457 20
112  54.13779491  045.21839184  54.13775950  045.21835671 20
112  54.13769770  045.21844516  54.13767929  045.21849768 20
112  54.13726569  045.21958742  54.13725238  045.21962748 20
112  54.13728893  045.21973968  54.13732379  045.21978059 20
115  54.13752674  045.21999474
120 Linear Feature 35
111  54.13783770  045.21607293 20
112  54.13774606  045.21613758  54.13771011  045.21622561 20
112  54.13769080  045.21628070  54.13767956  045.21631034 20
112  54.13770386  045.21636590  54.13772782  045.21639675 20
115  54.13777295  045.21644350
120 Linear Feature 34
111  54.13760381  045.21634380 20
112  54.13762722  045.21629176  54.13763853  045.21626207 20
115  54.13774496  045.21597975
120 Linear Feature 33
111  54.13732024  045.21709128 20
112  54.13752946  045.21654879  54.13753442  045.21653484 20
115  54.13753550  045.21651911
120 Linear Feature 32
111  54.13775902  045.21704012 20
112  54.13771816  045.21705433  54.13769244  045.21702635 20
112  54.13759947  045.21692029  54.13757753  045.21689360 20
112  54.13753474  045.21680654  54.13752546  045.21678262 20
112  54.13753233  045.21669616  54.13755046  045.21664737 20
112  54.13757152  045.21659372  54.13758098  045.21657608 20
112  54.13761678  045.21658705  54.13763794  045.21661051 20
115  54.13768495  045.21666118
120 Linear Feature 31
112  54.13766359  045.21728878  54.13767906  045.21724518 20
112  54.13763818  045.21710315  54.13759455  045.21703858 20
112  54.13750421  045.21698604  54.13746154  045.21697881 20
112  54.13738666  045.21707432  54.13736018  045.21714363 20
112  54.13738944  045.21718238  54.13741365  045.21721079 20
112  54.13759335  045.21740716  54.13760308  045.21741733 20
114  54.13762410  045.21739109  54.13763474  045.21736600 20
120 Linear Feature 30
112  54.13767482  045.21749908  54.13765950  045.21747964 20
112  54.13767745  045.21739444  54.13770445  045.21734760 20
112  54.13775299  045.21736673  54.13777947  045.21739579 20
112  54.13785238  045.21747927  54.13786726  045.21749845 20
112  54.13787179  045.21756067  54.13786784  045.21760116 20
112  54.13784186  045.21764688  54.13783365  045.21766107 20
114  54.13780845  045.21764948  54.13779181  045.21763130 20
120 Linear Feature 29
112  54.13806035  045.21756130  54.13803109  045.21752643 20
112  54.13799006  045.21751832  54.13796992  045.21751832 20
112  54.13792197  045.21758267  54.13790179  045.21763253 20
112  54.13788659  045.21767801  54.13788099  045.21769691 20
112  54.13789499  045.21773872  54.13790837  045.21775658 20
112  54.13811053  045.21797663  54.13812398  045.21798990 20
112  54.13814841  045.21796409  54.13815906  045.21793992 20
112  54.13817918  045.21785885  54.13818531  045.21781426 20
114  54.13814841  045.21767737  54.13812021  045.21763791 20
120 Linear Feature 28
111  54.13831770  045.21752090 20
112  54.13828769  045.21759174  54.13827630  045.21761516 20
112  54.13823321  045.21761246  54.13820841  045.21758484 20
112  54.13803542  045.21739595  54.13801761  045.21737652 20
116  54.13804060  045.21728628  54.13807717  045.21725076
120 Linear Feature 27
111  54.13837561  045.21703188 20
112  54.13844198  045.21711793  54.13845463  045.21713391 20
112  54.13844758  045.21717897  54.13843785  045.21720367 20
115  54.13842792  045.21722799
120 Linear Feature 26
111  54.13848479  045.21676487 20
112  54.13851252  045.21681363  54.13852581  045.21684129 20
112  54.13853434  045.21693716  54.13852077  045.21697304 20
112  54.13846733  045.21692664  54.13844379  045.21690225 20
115  54.13843162  045.21688682
120 Linear Feature 25
111  54.13864610  045.21691051 20
112  54.13862700  045.21693730  54.13861788  045.21695993 20
115  54.13847902  045.21729476
120 Linear Feature 24
112  54.13807068  045.21856435  54.13804067  045.21852948 20
112  54.13804823  045.21837665  54.13808077  045.21829443 20
112  54.13835498  045.21758419  54.13836409  045.21756147 20
115  54.13837637  045.21755139
120 Linear Feature 24
111  54.13363048  045.21477517 1
111  54.13368217  045.21463823 1
111  54.13388886  045.21409062 1
112  54.13404200  045.21393645  54.13413426  045.21390913 1
111  54.13422215  045.21400928 1 101
111  54.13452358  045.21434333 1 101
111  54.13484186  045.21469604 1 101
111  54.13516242  045.21505128 1 101
111  54.13551768  045.21544498 1 101
111  54.13582061  045.21578068 1 101
111  54.13616043  045.21615727 1 101
111  54.13648437  045.21651625 1 101
111  54.13680906  045.21687607 1 101
111  54.13713636  045.21723878 1 101
111  54.13745871  045.21759601 1 101
111  54.13778054  045.21795266 1 101
111  54.13781671  045.21799274 1 101
112  54.13790978  045.21824418  54.13792655  045.21839933 1 101
111  54.13787482  045.21854135 1 101
111  54.13762184  045.21920446 1 101
111  54.13737937  045.21984000 1 101
111  54.13709269  045.22059608 1 101
111  54.13681972  045.22131601 1 101
111  54.13589410  045.22373303 1 101
112  54.13549659  045.22385817  54.13523538  045.22361973
111  54.13549659  045.22385817
112  54.13549659  045.22385817  54.13504227  045.22336333 1 101
115  54.13504227  045.22336333
120 Linear Feature 23
111  54.13340825  045.21532410 1 101
112  54.13346807  045.21520180  54.13349667  045.21512619 1 101
111  54.13363048  045.21477517 1 101
116  54.13371414  045.21528624  54.13387775  045.21550493
120 Linear Feature 27
112  54.13709269  045.22059608  54.13692419  045.22086677 1 101
111  54.13674801  045.22071570 1 101
116  54.13681972  045.22131601  54.13672823  045.22165802
120 Linear Feature 26
111  54.13506764  045.21886022 1 101
111  54.13514273  045.21894178 1 101
111  54.13541461  045.21924222 1 101
111  54.13586265  045.21973733 1 101
111  54.13622431  045.22013698 1 101
111  54.13627281  045.22019057 1 101
111  54.13650276  045.22044468 1 101
111  54.13653837  045.22048403 1 101
111  54.13673674  045.22070325 1 101
115  54.13674801  045.22071570
120 Linear Feature 12
112  54.13685674  045.21876414  54.13691578  045.21892876 1
111  54.13687633  045.21905372 1
116  54.13705749  045.21898631  54.13716010  045.21905950
120 Linear Feature 15
112  54.13552141  045.21728633  54.13572818  045.21759976 1
111  54.13561581  045.21793799 1
116  54.13596903  045.21778171  54.13620760  045.21789461
120 Linear Feature 14
112  54.13596903  045.21778171  54.13614675  045.21807041 1
111  54.13604986  045.21840126 1
116  54.13641685  045.21827731  54.13662896  045.21845741
120 Linear Feature 13
112  54.13633730  045.21818928  54.13652527  045.21847927 1
111  54.13642169  045.21881547 1
116  54.13678193  045.21868134  54.13700258  045.21884382
120 Linear Feature 11
112  54.13728557  045.21923872  54.13707338  045.21909989 1
111  54.13693835  045.21939352 1
116  54.13685674  045.21876414  54.13667616  045.21848875
120 Linear Feature 10
112  54.13738324  045.21945647  54.13726501  045.21914924 1
111  54.13712762  045.21939074 1
116  54.13710317  045.21903686  54.13701079  045.21888753
120 Linear Feature 9
111  54.13524428  045.21752062 1
111  54.13522455  045.21757300 1
111  54.13497507  045.21823527 1
116  54.13506764  045.21886022  54.13526597  045.21912547
120 Linear Feature 16
112  54.13516724  045.21689438  54.13533568  045.21717622 1
111  54.13524428  045.21752062 1
116  54.13564270  045.21742056  54.13588916  045.21764268
120 Linear Feature 16
112  54.13545144  045.21720890  54.13555091  045.21739967 1
111  54.13548708  045.21757690 1
116  54.13569575  045.21747927  54.13584072  045.21753926
120 Linear Feature 8
111  54.13548708  045.21757690 1
111  54.13540846  045.21778336 1
111  54.13510780  045.21857288 1
116  54.13514273  045.21894178  54.13524651  045.21911854
120 Linear Feature 7
111  54.13561581  045.21793799 1
111  54.13559711  045.21798681 1
111  54.13535357  045.21862253 1
116  54.13541461  045.21924222  54.13558255  045.21953529
120 Linear Feature 6
111  54.13604986  045.21840126 1
111  54.13603214  045.21844829 1
111  54.13578572  045.21910245 1
116  54.13586265  045.21973733  54.13605725  045.22003889
120 Linear Feature 5
111  54.13642169  045.21881547 1
111  54.13640387  045.21886186 1
111  54.13616122  045.21949349 1
116  54.13622431  045.22013698  54.13640705  045.22045099
120 Linear Feature 4
111  54.13687633  045.21905372 1
111  54.13678601  045.21929046 1
115  54.13646602  045.22012921
120 Linear Feature 3
111  54.13693835  045.21939352 1
111  54.13692172  045.21943683 1
111  54.13667426  045.22008173 1
116  54.13673674  045.22070325  54.13691105  045.22096629
120 Linear Feature 2
111  54.13673023  045.22043225 1
111  54.13705114  045.21959117 1
115  54.13712762  045.21939074
120 Linear Feature 1
112  54.13653837  045.22048403  54.13665555  045.22057641 1
111  54.13673023  045.22043225 1
116  54.13673674  045.22070325  54.13678398  045.22085202
120 Linear Feature 1
112  54.13627281  045.22019057  54.13640083  045.22028912 1
111  54.13646602  045.22012921 1
116  54.13650276  045.22044468  54.13658661  045.22057709
120 Linear Feature 23
111  54.13722977  045.21871442 1
111  54.13727409  045.21859901 1
111  54.13747717  045.21807024 1
116  54.13778054  045.21795266  54.13796831  045.21809458
120 Linear Feature 23
111  54.13690193  045.21835871 1
111  54.13694669  045.21824164 1
111  54.13715699  045.21769167 1
116  54.13745871  045.21759601  54.13764491  045.21774596
120 Linear Feature 23
111  54.13657511  045.21800282 1
111  54.13662220  045.21787866 1
111  54.13682886  045.21733378 1
116  54.13713636  045.21723878  54.13732256  045.21738873
120 Linear Feature 23
111  54.13624844  045.21764312 1
111  54.13629341  045.21752481 1
111  54.13650266  045.21697427 1
116  54.13680906  045.21687607  54.13699827  045.21702730
120 Linear Feature 23
111  54.13592104  045.21728997 1
111  54.13597105  045.21715786 1
111  54.13617519  045.21661865 1
116  54.13648437  045.21651625  54.13667358  045.21666749
120 Linear Feature 23
111  54.13559371  045.21692481 1
111  54.13564096  045.21680087 1
111  54.13585228  045.21624658 1
116  54.13616043  045.21615727  54.13636721  045.21629565
120 Linear Feature 23
111  54.13526992  045.21655824 1
111  54.13531831  045.21643191 1
111  54.13552875  045.21588257 1
116  54.13582061  045.21578068  54.13601045  045.21589421
120 Linear Feature 23
111  54.13493752  045.21620982 1
111  54.13498852  045.21607706 1
111  54.13519469  045.21554037 1
116  54.13551768  045.21544498  54.13572779  045.21561053
120 Linear Feature 23
111  54.13461447  045.21583506 1
111  54.13466469  045.21570571 1
111  54.13487131  045.21517342 1
116  54.13516242  045.21505128  54.13535671  045.21515256
120 Linear Feature 23
111  54.13428755  045.21547658 1
111  54.13433725  045.21534724 1
111  54.13454569  045.21480479 1
116  54.13484186  045.21469604  54.13503163  045.21482560
120 Linear Feature 23
111  54.13395757  045.21513083 1
111  54.13401066  045.21499112 1
111  54.13421480  045.21445387 1
116  54.13452358  045.21434333  54.13471336  045.21449603
120 Linear Feature 22
112  54.13371414  045.21528624  54.13387410  045.21532634 1
111  54.13395757  045.21513083 1
116  54.13403216  045.21563819  54.13418071  045.21585208
120 Linear Feature 21
112  54.13397483  045.21557474  54.13416118  045.21572725 1
111  54.13428755  045.21547658 1
116  54.13436613  045.21600778  54.13453575  045.21624367
120 Linear Feature 20
112  54.13429685  045.21593112  54.13449075  045.21609688 1
111  54.13461447  045.21583506 1
116  54.13469114  045.21636747  54.13485430  045.21658178
120 Linear Feature 19
112  54.13462474  045.21629399  54.13480736  045.21646430 1
111  54.13493752  045.21620982 1
116  54.13498578  045.21669355  54.13510213  045.21691528
120 Linear Feature 18
112  54.13498578  045.21669355  54.13517390  045.21678764 1
111  54.13526992  045.21655824 1
116  54.13531425  045.21705707  54.13544145  045.21727789
120 Linear Feature 18
112  54.13531425  045.21705707  54.13548731  045.21716273 1
111  54.13559371  045.21692481 1
116  54.13564270  045.21742056  54.13577290  045.21763366
120 Linear Feature 18
112  54.13564270  045.21742056  54.13581575  045.21752622 1
111  54.13592104  045.21728997 1
116  54.13596903  045.21778171  54.13610010  045.21800671
120 Linear Feature 18
112  54.13596903  045.21778171  54.13614660  045.21787965 1
111  54.13624844  045.21764312 1
116  54.13628774  045.21813442  54.13640648  045.21837803
120 Linear Feature 18
112  54.13628774  045.21813442  54.13648158  045.21823545 1
111  54.13657511  045.21800282 1
116  54.13661746  045.21849932  54.13673746  045.21872686
120 Linear Feature 17
112  54.13661746  045.21849932  54.13679771  045.21859952 1
111  54.13690193  045.21835871 1
116  54.13696551  045.21888451  54.13712278  045.21913873
120 Linear Feature 17
112  54.13691248  045.21882582  54.13709886  045.21900480 1
111  54.13722977  045.21871442 1
116  54.13728557  045.21923872  54.13743832  045.21948831
120 Linear Feature 21
111  54.13185594  045.21933854 1 101
111  54.13334549  045.21542014 1 101
112  54.13340825  045.21532410  54.13344917  045.21527647
111  54.13340825  045.21532410
112  54.13340825  045.21532410  54.13343535  045.21529255 1 101
112  54.13351387  045.21524477  54.13355692  045.21522820
111  54.13351387  045.21524477
112  54.13351387  045.21524477  54.13362191  045.21520317 1 101
111  54.13371414  045.21528624 1 101
111  54.13397483  045.21557474 1 101
111  54.13403216  045.21563819 1 101
111  54.13429685  045.21593112 1 101
111  54.13436613  045.21600778 1 101
111  54.13462474  045.21629399 1 101
111  54.13469114  045.21636747 1 101
111  54.13498578  045.21669355 1 101
111  54.13516724  045.21689438 1 101
111  54.13531425  045.21705707 1 101
111  54.13545144  045.21720890 1 101
111  54.13552141  045.21728633 1 101
111  54.13564270  045.21742056 1 101
111  54.13569575  045.21747927 1 101
111  54.13596903  045.21778171 1 101
111  54.13628774  045.21813442 1 101
111  54.13633730  045.21818928 1 101
111  54.13641685  045.21827731 1 101
111  54.13661746  045.21849932 1 101
111  54.13678193  045.21868134 1 101
111  54.13685674  045.21876414 1 101
111  54.13691248  045.21882582 1 101
111  54.13696551  045.21888451 1 101
111  54.13705749  045.21898631 1 101
111  54.13710317  045.21903686 1 101
111  54.13728557  045.21923872 1 101
115  54.13731261  045.21926864
21  54.13317655  045.22225557 2 211.8700 3.00 New Light Fixture 9
21  54.11790452  045.20360585 2 35.0100 3.00 New Light Fixture 8
14  54.13908344  045.21798738 229.66 0 New Tower Viewpoint 6
1300  54.13522455  045.21757300 -56.70 gate jets|turboprops TERMINAL APRON 17B
1301 C airline 
1300  54.13559711  045.21798681 -56.70 gate jets|turboprops TERMINAL APRON 17A
1301 C airline 
1300  54.13540846  045.21778336 -56.70 gate jets|turboprops TERMINAL APRON 17
1301 C airline 
1300  54.13603214  045.21844829 -56.80 gate jets|turboprops TERMINAL APRON 16
1301 C airline 
1300  54.13640387  045.21886186 -56.80 gate jets|turboprops TERMINAL APRON 15
1301 C airline 
1300  54.13678601  045.21929046 -56.80 gate jets|turboprops TERMINAL APRON 14
1301 B airline 
1300  54.13692172  045.21943683 -56.88 gate jets|turboprops TERMINAL APRON 13A
1301 C airline 
1300  54.13705114  045.21959117 -56.80 gate jets|turboprops TERMINAL APRON 13
1301 B airline 
1300  54.13368217  045.21463823 123.08 gate jets|turboprops TERMINAL APRON 12
1301 C airline 
1300  54.13401066  045.21499112 123.08 gate jets|turboprops TERMINAL APRON 11
1301 C airline 
1300  54.13433725  045.21534724 123.08 gate jets|turboprops TERMINAL APRON 10
1301 C airline 
1300  54.13466469  045.21570571 123.08 gate jets|turboprops TERMINAL APRON 09
1301 C airline 
1300  54.13498852  045.21607706 123.08 gate jets|turboprops TERMINAL APRON 08
1301 C airline 
1300  54.13531831  045.21643191 123.08 gate jets|turboprops TERMINAL APRON 07
1301 C airline 
1300  54.13564096  045.21680087 123.08 gate jets|turboprops TERMINAL APRON 06
1301 C airline 
1300  54.13597105  045.21715786 123.08 gate jets|turboprops TERMINAL APRON 05
1301 C airline 
1300  54.13629341  045.21752481 123.08 gate jets|turboprops TERMINAL APRON 04
1301 C airline 
1300  54.13662220  045.21787866 123.08 gate jets|turboprops TERMINAL APRON 03
1301 C airline 
1300  54.13694669  045.21824164 123.08 gate jets|turboprops TERMINAL APRON 02
1301 C airline 
1300  54.13727409  045.21859901 123.08 gate jets|turboprops TERMINAL APRON 01
1301 C airline 
18  54.13167859  045.21621451 1 New Airport Beacon 7
50 12880 ATIS
54 11810 Saransk Tower
99
