A
1000 Generated by Infinite Flight Airport Editing (World Parser)

1        5 1 0 EDXO Sankt Peter Ording
100   29.87   1   0 0.00 0 2 0 07   54.30801870  008.68192213    0.00    0.00 2  0 0 0 25   54.30998714  008.69171706    0.00    0.00 2  0 0 0
102 H    54.30805291  008.68375586 161.00   20.12   20.12   3 0   0 0.00 0
110   2 0.00   0.00 Signs Area
111  54.30839415  008.68144113 
111  54.30842470  008.68157944 
111  54.30848894  008.68153379 
113  54.30845956  008.68140085 
110   1 0.00   0.00 Small Hangar
111  54.30869095  008.68219613 
111  54.30879029  008.68218845 
111  54.30878539  008.68188358 
113  54.30868593  008.68188938 
110   2 0.00   0.00 Round Hangar
111  54.30900219  008.68207249 
112  54.30900219  008.68207249  54.30901641  008.68205136 
112  54.30902736  008.68194972  54.30902421  008.68189624 
112  54.30894535  008.68182619  54.30889885  008.68182759 
112  54.30887192  008.68195163  54.30887287  008.68200281 
112  54.30889554  008.68207941  54.30892256  008.68213872 
113  54.30889554  008.68207941 
110   1 0.00   0.00 Round Hangar frontside
111  54.30900673  008.68223779 
111  54.30900216  008.68207200 
111  54.30889520  008.68207891 
113  54.30890080  008.68225559 
110   2 0.00   0.00 Large Hangar
111  54.30947008  008.68244242 
111  54.30946367  008.68211051 
111  54.30915616  008.68213228 
113  54.30916531  008.68247582 
110   2 0.00   0.00 Concrete Ramp Hangar
111  54.30947170  008.68243992 
111  54.30916508  008.68247427 
111  54.30916684  008.68254191 
111  54.30910798  008.68254773 
111  54.30911768  008.68277655 
113  54.30947294  008.68273973 
110   1 0.00   0.00 Taxiways
111  54.30834296  008.68283266 
112  54.30834296  008.68283266  54.30837142  008.68267256 
112  54.30847749  008.68262034  54.30851229  008.68261720 
111  54.30847749  008.68262034 
112  54.30880895  008.68258077  54.30889635  008.68256946 
111  54.30880895  008.68258077 
112  54.30880895  008.68258077  54.30887161  008.68258359 
111  54.30889965  008.68273057 
111  54.30911403  008.68269100 
111  54.30909424  008.68222180 
111  54.30887656  008.68225855 
112  54.30880565  008.68242814  54.30872980  008.68245640 
111  54.30880565  008.68242814 
112  54.30880565  008.68242814  54.30869187  008.68244792 
111  54.30869681  008.68243944 
111  54.30868527  008.68188828 
111  54.30856654  008.68190524 
111  54.30848574  008.68156606 
112  54.30815053  008.68187267  54.30811708  008.68200645 
113  54.30815053  008.68187267 
111  54.30847089  008.68238009 
112  54.30847089  008.68238009  54.30847051  008.68253887 
112  54.30826153  008.68241707  54.30823997  008.68230030 
111  54.30826153  008.68241707 
111  54.30819746  008.68210372 
112  54.30819746  008.68210372  54.30818756  008.68202740 
112  54.30823508  008.68192220  54.30826611  008.68189968 
111  54.30823508  008.68192220 
112  54.30823508  008.68192220  54.30833567  008.68185719 
112  54.30840493  008.68181196  54.30841649  008.68180476 
114  54.30845935  008.68187697  54.30846250  008.68195262 
110   2 0.00   0.00 Fuel Station
111  54.30912376  008.68237229 
111  54.30910069  008.68237493 
111  54.30910799  008.68254773 
113  54.30913028  008.68254535 
110   3 0.00   0.00 Grass Ramp Area
111  54.30838420  008.68303175 
111  54.30880536  008.68282884 
111  54.30911726  008.68277827 
111  54.30911305  008.68269158 
112  54.30889960  008.68273071  54.30888220  008.68273385 
111  54.30889960  008.68273071 
112  54.30889960  008.68273071  54.30887995  008.68264190 
112  54.30880897  008.68258123  54.30876987  008.68257947 
111  54.30880897  008.68258123 
112  54.30880897  008.68258123  54.30873510  008.68259012 
112  54.30847555  008.68262114  54.30840939  008.68262853 
111  54.30847555  008.68262114 
112  54.30847555  008.68262114  54.30837158  008.68264636 
113  54.30834401  008.68283105 
110   1 0.00   0.00 Helicopter Taxiway
111  54.30820449  008.68355353 
112  54.30820449  008.68355353  54.30821048  008.68358472 
112  54.30818188  008.68362288  54.30816014  008.68363657 
111  54.30818188  008.68362288 
111  54.30813234  008.68365537 
111  54.30815104  008.68374765 
111  54.30820233  008.68371745 
112  54.30820233  008.68371745  54.30821898  008.68370756 
112  54.30824508  008.68375576  54.30825440  008.68379646 
113  54.30824508  008.68375576 
130 Airport Boundary
111  54.31017382  008.68467937 
111  54.31106946  008.68409283 
111  54.30982295  008.67850157 
111  54.30604099  008.68071131 
111  54.30888492  008.69515490 
113  54.31206605  008.69323298 
14   54.30859390  008.68168644   49 0 Tower Viewpoint
15   54.30907170  008.68246113 106.27 Fuel Station Ramp
15   54.30867760  008.68269166 267.43 Grass Ramp
15   54.30941617  008.68255868  91.74 Hangar Ramp
15   54.30861089  008.68202851 177.84 Tower Ramp
18   54.30859375  008.68168384 1 Beacon
19   54.31034073  008.69187570 0 Windsock25
19   54.30837403  008.68152054 1 WindsockTower
20   54.30882183  008.68682536  71.46  0 5 {@Y}_1_/_2_{@@}_1_/_2_
20   54.30914815  008.68662775 250.56  0 5 {@Y}_1_/_2_{@@}_1_/_2_
54 12977 St. Peter Ording INFO

99
