A
1000 Generated by Infinite Flight Airport Editing (World Parser)/AB

1      305 0 1 VARG RATNAGIRI
100   45.11   1   0 0.25 0 0 0 05   17.00909200  073.32339400    0.00   51.82 2  0 0 0 23   17.01815800  073.33217500    0.00   30.48 2  0 0 0
110   1 0.30  42.80 Default taxiway for RWY 05
111  17.00895561  073.32354801   3 
111  17.00826446  073.32432842   3 
111  17.01733065  073.33310903   3 
111  17.01802180  073.33232859 
112  17.01772395  073.33204013  17.01787134  073.33218608   3 
111  17.01770583  073.33237298   3 
112  17.01748515  073.33262216  17.01731964  073.33280906   3 
111  17.01717072  073.33266483   3 
111  17.01300994  073.32863510   3 
111  17.01356317  073.32801041 
111  17.01341424  073.32786618   3 
111  17.01286101  073.32849087   3 
112  17.00870023  073.32446114  17.00855130  073.32431691   3 
111  17.00871681  073.32413003   3 
112  17.00893749  073.32388085  17.00910300  073.32369397   3 
113  17.00925346  073.32383647 
120 Default hold RWY 05 (near)
111  17.00867823  073.32386121   4 
115  17.00882715  073.32400544 
120 Default hold RWY 05 (centre)
111  17.01313686  073.32817939   4 
115  17.01328579  073.32832362 
120 Default hold RWY 05 (far)
111  17.01759549  073.33249757   4 
115  17.01774442  073.33264180 
19   17.00920792  073.32263833 1 WS
19   17.01804205  073.33293070 1 WS


130 Airport Boundary
111  017.00826454  073.32432556
111  017.00895500  073.32354736
111  017.00909233  073.32339478
111  017.01815796  073.33217621
111  017.01802254  073.33232880
113  017.01733017  073.33310699
99
