I
1050 Generated by WorldEditor 2.2.0r2

1    104 1 0 SCFM Capitan Fuentes Martinez
100 30.00 1 0 0.25 0 0 0 03 -53.25112540 -070.33313350    0    0 1 0 0 0 21 -53.24518192 -070.32265472    0    0 1 0 0 0
100 30.00 1 0 0.00 0 0 0 09 -53.24986405 -070.33692316    0    0 2 0 0 0 27 -53.25757820 -070.30159753    0    0 2 0 0 0
110 2 0.00 0.0000 New Taxiway 1
111 -53.25794797 -070.30185462
111 -53.25770374 -070.30167877
111 -53.25767251 -070.30166137
111 -53.25732883 -070.30323414
111 -53.25736363 -070.30324514
113 -53.25770311 -070.30298722
110 2 0.00 0.0000 New Taxiway 10
111 -53.25203683 -070.32414062
111 -53.25232342 -070.32428380
111 -53.25242933 -070.32390633
111 -53.25249942 -070.32390893
111 -53.25251811 -070.32382562
111 -53.25254459 -070.32382562
111 -53.25257574 -070.32364340
113 -53.25219881 -070.32341691
110 4 0.00 0.0000 New Taxiway 11
111 -53.25113447 -070.32358919
112 -53.25136324 -070.32350797 -53.25149781 -070.32356645
111 -53.25198355 -070.32382645
112 -53.25246649 -070.32437106 -53.25263336 -070.32465895
111 -53.25246649 -070.32437106
111 -53.25262388 -070.32366519
112 -53.25212284 -070.32364751 -53.25195866 -070.32356654
111 -53.25132348 -070.32319768
112 -53.25125390 -070.32304276 -53.25121352 -070.32293480
113 -53.25125390 -070.32304276
110 2 0.00 0.0000 New Taxiway 9
111 -53.25363087 -070.32506913
111 -53.25405555 -070.32533975
111 -53.25424665 -070.32442142
111 -53.25382728 -070.32415968
111 -53.25378359 -070.32436165
113 -53.25370557 -070.32472308
110 1 0.00 0.0000 Runway 10/28
111 -53.24729879 -070.33912699
111 -53.24769507 -070.33932566
111 -53.25113447 -070.32358919
111 -53.25125390 -070.32304276
111 -53.25178685 -070.32060430
113 -53.25141039 -070.32038175
110 2 0.00 0.0000 Runway 10/28 Concrete
111 -53.25178685 -070.32060430
111 -53.25193857 -070.31990632
111 -53.25156035 -070.31968081
113 -53.25141039 -070.32038175
110 1 0.00 0.0000 New Taxiway 3
111 -53.25378359 -070.32436165
111 -53.25373536 -070.32433979
112 -53.25373536 -070.32433979 -53.25372858 -070.32438251
112 -53.25360666 -070.32448608 -53.25353494 -070.32444698
111 -53.25360666 -070.32448608
111 -53.25333620 -070.32432144
111 -53.25291689 -070.32406291
112 -53.25291689 -070.32406291 -53.25284505 -070.32399553
111 -53.25285179 -070.32388505
111 -53.25272660 -070.32445315
112 -53.25288434 -070.32440398 -53.25299773 -070.32446684
111 -53.25288434 -070.32440398
111 -53.25326738 -070.32463687
111 -53.25354981 -070.32481011
112 -53.25354981 -070.32481011 -53.25360918 -070.32485490
112 -53.25359545 -070.32504472 -53.25359355 -070.32509935
111 -53.25359545 -070.32504472
111 -53.25363087 -070.32506913
113 -53.25370557 -070.32472308
130 Airport Boundary 1
111 -53.25437457 -070.32558262
111 -53.25494649 -070.32028908
111 -53.25840375 -070.30442694
111 -53.25872770 -070.30001618
111 -53.25843510 -070.29948340
111 -53.25609948 -070.30049661
111 -53.25549337 -070.30183289
111 -53.25534184 -070.30305564
111 -53.25521122 -070.30750989
111 -53.25413509 -070.31054995
111 -53.25350181 -070.31096919
111 -53.25220390 -070.31239445
111 -53.25148911 -070.31435416
111 -53.24894344 -070.31114766
111 -53.24832897 -070.31134676
111 -53.24830354 -070.31790512
111 -53.24706868 -070.31898994
111 -53.24475877 -070.31675589
111 -53.24291392 -070.32143700
111 -53.24677483 -070.33134494
111 -53.24626496 -070.33993561
111 -53.24791425 -070.34116748
111 -53.25202568 -070.33553288
111 -53.25187074 -070.33524688
111 -53.25213317 -070.33291369
111 -53.25352445 -070.32655106
113 -53.25425074 -070.32704011
120 Linear Feature 1
111 -53.25034404 -070.33176770 1
111 -53.25052706 -070.33210395 1
116 -53.25098783 -070.33175251 -53.25111893 -070.33106700
120 Linear Feature 6
111 -53.25290983 -070.32424388 1
116 -53.25257453 -070.32456165 -53.25245585 -070.32502241
120 Linear Feature 5
111 -53.25370557 -070.32472308 1
111 -53.25290983 -070.32424388 1
112 -53.25278201 -070.32364743 -53.25286042 -070.32323766
111 -53.25278201 -070.32364743 1
115 -53.25285469 -070.32330899
120 Linear Feature 7
111 -53.25326943 -070.32463735 4
115 -53.25333824 -070.32432193
21 -53.25682583 -070.30696610 2 291.6914 3.00 PAPI 27
21 -53.25037092 -070.33264669 2 114.1661 3.40 PAPI 09
14 -53.25385623 -070.32557217  82.02 0 New Tower Viewpoint 1
1300 -53.25385537 -070.32445475   0.00 tie_down props GA 02
1301 B general_aviation 
1300 -53.25375245 -070.32500674   0.00 tie_down props GA 01
1301 B general_aviation 
18 -53.25385871 -070.32556322 1 Airport Beacon
19 -53.24674958 -070.33950607 1 WS
19 -53.25226737 -070.32023759 1 WS
54 12670 Porvenir Info
99
