A
1000 Generated by Infinite Flight Airport Editing (World Parser)

1      968 1 0 KGYR Phoenix Goodyear
100   46.02   1   0 0.00 0 2 0 03   33.41472342 -112.38333603    0.00   60.96 2  0 0 1 21   33.43272658 -112.36557997  640.08    0.00 2  0 0 1
102 H1   33.43431373 -112.36302709  39.00   17.98   17.98   1 0   0 0.00 0
21   33.42572446 -112.37159063  2 219.90   3.00 21  PAPI-4L
21   33.41648524 -112.38075054  3  39.82   3.00 3   PAPI-4R
110   1 0.00  39.50 A
111  33.42801103 -112.36830273  53 102 
111  33.42905876 -112.36729429  53 102 
111  33.42965893 -112.36666815 
112  33.42965893 -112.36666815  33.42981851 -112.36649975  53 102 
111  33.42973252 -112.36625373 
111  33.42978988 -112.36634601 
111  33.42978496 -112.36636761 
111  33.43016258 -112.36698316  53 102 
112  33.42979953 -112.36691472  33.42959552 -112.36707551 
111  33.42979953 -112.36691472  53 102 
111  33.42924502 -112.36742448  53 102 
113  33.42762384 -112.36900106 
110   1 0.00  39.50 A
111  33.41472885 -112.38142008  53 102 
111  33.41774079 -112.37844725 
111  33.41804575 -112.37814417  53 102 
111  33.42648129 -112.36981264 
111  33.42801103 -112.36830273 
111  33.42762384 -112.36900106 
111  33.42718942 -112.36943363  53 102 
111  33.42396336 -112.37261919 
111  33.42374196 -112.37283740  53 102 
111  33.42180527 -112.37474894 
111  33.42142569 -112.37512426  53 102 
111  33.42045451 -112.37608430 
111  33.42004081 -112.37649342  53 102 
111  33.41884406 -112.37767369  53 102 
111  33.41878166 -112.37773574 
111  33.41723176 -112.37926661  53 102 
111  33.41717954 -112.37932039  53 102 
113  33.41485705 -112.38161212 
110   1 0.00 129.00 A3
111  33.42813104 -112.37063528 
111  33.42804444 -112.37051000 
111  33.42822962 -112.37033109 
113  33.42831387 -112.37045931 
110   1 0.00 129.50 A3
111  33.42756385 -112.37035540 
111  33.42750353 -112.37025221 
111  33.42756870 -112.37018992 
111  33.42754447 -112.37018122 
111  33.42718942 -112.36943363 
111  33.42762384 -112.36900106 
111  33.42768031 -112.36908046 
112  33.42765328 -112.36928050  33.42769532 -112.36934766 
111  33.42765328 -112.36928050 
111  33.42793546 -112.36975050 
111  33.42787156 -112.36982076 
113  33.42811743 -112.36981490 
110   1 0.00 129.00 A3
111  33.42648129 -112.36981264  53 102 
111  33.42695055 -112.36927926 
112  33.42695055 -112.36927926  33.42715100 -112.36900982  53 102 
111  33.42694516 -112.36875662 
111  33.42710227 -112.36860236  53 102 
112  33.42749696 -112.36874598  33.42774625 -112.36857164 
111  33.42749696 -112.36874598  53 102 
113  33.42801103 -112.36830273 
110   1 0.00 129.00 A4
112  33.42400723 -112.37305751  33.42383037 -112.37276785 
111  33.42400723 -112.37305751  53 102 
111  33.42388466 -112.37286645 
112  33.42388466 -112.37286645  33.42382149 -112.37279209  53 102 
111  33.42374196 -112.37283740 
111  33.42396336 -112.37261919  53 102 
112  33.42394736 -112.37281595  33.42399169 -112.37293678 
111  33.42394736 -112.37281595  53 102 
111  33.42406360 -112.37299968 
112  33.42406360 -112.37299968  33.42426317 -112.37330100  53 102 
111  33.42462724 -112.37325105 
113  33.42451321 -112.37337059  53 102 
110   1 0.00 129.00 A5
111  33.42199783 -112.37668191 
111  33.42191123 -112.37655663 
111  33.42209641 -112.37637772 
113  33.42218065 -112.37650594 
110   1 0.00 129.00 A5/A6
111  33.42180527 -112.37474894  53 102 
112  33.42174844 -112.37494787  33.42173546 -112.37507228 
111  33.42174844 -112.37494787  53 102 
111  33.42166624 -112.37585703 
112  33.42166624 -112.37585703  33.42165650 -112.37602421  53 102 
111  33.42184321 -112.37600651 
111  33.42107814 -112.37675861  53 102 
112  33.42097064 -112.37653511  33.42085239 -112.37648545 
111  33.42097064 -112.37653511  53 102 
111  33.42034313 -112.37643719 
112  33.42034313 -112.37643719  33.42015296 -112.37640798  53 102 
111  33.42004081 -112.37649342 
111  33.42045451 -112.37608430  53 102 
112  33.42066624 -112.37636577  33.42099781 -112.37638037 
111  33.42066624 -112.37636577  53 102 
111  33.42099884 -112.37638357 
112  33.42099884 -112.37638357  33.42132172 -112.37637385  53 102 
112  33.42154729 -112.37582108  33.42161544 -112.37545756 
111  33.42154729 -112.37582108  53 102 
111  33.42161223 -112.37536835 
112  33.42161223 -112.37536835  33.42162359 -112.37503399  53 102 
113  33.42142569 -112.37512426 
110   1 0.00 129.00 A7
111  33.41817773 -112.37961153 
111  33.41812190 -112.37953265 
111  33.41819328 -112.37945485 
112  33.41824828 -112.37924212  33.41820723 -112.37915659 
111  33.41824828 -112.37924212 
111  33.41807843 -112.37894471 
112  33.41786416 -112.37887897  33.41774815 -112.37893884 
111  33.41786416 -112.37887897 
111  33.41720828 -112.37937361 
111  33.41717954 -112.37932039 
111  33.41884406 -112.37767369 
111  33.41888326 -112.37773630 
111  33.41835281 -112.37839686 
112  33.41835281 -112.37839686  33.41825286 -112.37849308 
111  33.41832145 -112.37864731 
111  33.41848607 -112.37892593 
112  33.41848607 -112.37892593  33.41856460 -112.37903926 
111  33.41865854 -112.37899167 
111  33.41871080 -112.37895724 
113  33.41877090 -112.37903550 
110   2 0.00 129.00 A8
111  33.41485705 -112.38161212  53 102 
111  33.41439891 -112.38212235 
112  33.41439891 -112.38212235  33.41428229 -112.38225171  53 102 
111  33.41436413 -112.38239507  53 102 
111  33.41454435 -112.38268674 
112  33.41454435 -112.38268674  33.41460718 -112.38240215  53 102 
111  33.41491112 -112.38244431  53 102 
111  33.41525260 -112.38249356 
111  33.41459446 -112.38315115  53 102 
111  33.41401633 -112.38223598  53 102 
111  33.41392844 -112.38183043 
112  33.41392844 -112.38183043  33.41389156 -112.38163605  53 102 
112  33.41422817 -112.38146326  33.41445385 -112.38148624 
111  33.41422817 -112.38146326  53 102 
111  33.41462434 -112.38152215  53 102 
113  33.41472885 -112.38142008 
110   2 0.00 129.00 Apron
111  33.43039948 -112.36734939  53 102 
111  33.43016258 -112.36698316 
111  33.42978496 -112.36636761 
111  33.42978988 -112.36634601 
111  33.42973252 -112.36625373  53 102 
111  33.42967353 -112.36615162 
111  33.42966527 -112.36615909  53 102 
112  33.42951893 -112.36613985  33.42943623 -112.36619647 
111  33.42951893 -112.36613985 
111  33.42902656 -112.36662154 
112  33.42902674 -112.36668210  33.42904573 -112.36671313 
111  33.42902674 -112.36668210 
111  33.42908556 -112.36677800 
111  33.42900526 -112.36685851 
111  33.42894627 -112.36676229 
112  33.42894627 -112.36676229  33.42892642 -112.36673851 
111  33.42889746 -112.36674886 
111  33.42878467 -112.36685836 
112  33.42878291 -112.36692770  33.42880060 -112.36695798 
111  33.42878291 -112.36692770 
111  33.42883975 -112.36702541 
111  33.42875945 -112.36710002 
111  33.42870423 -112.36700788 
112  33.42870423 -112.36700788  33.42868591 -112.36697987 
111  33.42864500 -112.36699581 
111  33.42853912 -112.36710002 
112  33.42854076 -112.36716678  33.42856017 -112.36719729 
111  33.42854076 -112.36716678 
111  33.42859483 -112.36725907 
111  33.42850962 -112.36733564 
111  33.42845464 -112.36724005 
112  33.42845464 -112.36724005  33.42843185 -112.36721105 
111  33.42839872 -112.36723690 
111  33.42829316 -112.36734022 
112  33.42829167 -112.36740633  33.42831465 -112.36743761 
111  33.42829167 -112.36740633 
111  33.42834575 -112.36749469 
111  33.42825890 -112.36757127 
111  33.42820810 -112.36748094 
112  33.42820810 -112.36748094  33.42818930 -112.36745279 
111  33.42815879 -112.36747158 
111  33.42804359 -112.36758404 
112  33.42804575 -112.36764268  33.42806298 -112.36767459 
111  33.42804575 -112.36764268 
111  33.42809774 -112.36773227 
111  33.42801908 -112.36781278 
111  33.42796500 -112.36772638 
112  33.42796500 -112.36772638  33.42793942 -112.36769572 
111  33.42790513 -112.36771943 
111  33.42780113 -112.36782259 
112  33.42779786 -112.36786972  33.42781123 -112.36788936 
111  33.42779786 -112.36786972 
111  33.42786340 -112.36796789 
111  33.42777927 -112.36805821 
111  33.42775494 -112.36801997 
112  33.42775494 -112.36801997  33.42773984 -112.36799929 
111  33.42770466 -112.36801067 
111  33.42727063 -112.36843556 
111  33.42717794 -112.36852775 
111  33.42710227 -112.36860236 
111  33.42694516 -112.36875662 
111  33.42653600 -112.36809296 
111  33.42593183 -112.36707646 
111  33.42591380 -112.36709217 
111  33.42578270 -112.36687030 
111  33.42580401 -112.36685067 
111  33.42506729 -112.36565942 
111  33.42502796 -112.36565156 
111  33.42468383 -112.36507628 
111  33.42471168 -112.36505272 
111  33.42472807 -112.36507824 
111  33.42484114 -112.36498007 
111  33.42484278 -112.36489883 
111  33.42626756 -112.36350385 
111  33.42651076 -112.36389884 
111  33.42576939 -112.36460961 
111  33.42659178 -112.36596408 
111  33.42734071 -112.36522945 
111  33.42766005 -112.36574982 
111  33.42691280 -112.36646150 
111  33.42739819 -112.36727649 
111  33.42821156 -112.36646486 
111  33.42824030 -112.36651077 
111  33.42926331 -112.36555073 
111  33.42925240 -112.36552721 
111  33.42951206 -112.36526835 
111  33.42994382 -112.36485402 
111  33.42987184 -112.36473119 
111  33.43055601 -112.36404383 
111  33.43046440 -112.36388441 
111  33.43054510 -112.36380339 
111  33.43064522 -112.36396256 
111  33.43116500 -112.36345689 
111  33.43123652 -112.36345428 
111  33.43158503 -112.36400572 
111  33.43180096 -112.36380448 
111  33.43149560 -112.36331314 
111  33.43257030 -112.36226759 
111  33.43261611 -112.36234338 
111  33.43255286 -112.36240872 
111  33.43262047 -112.36251849 
111  33.43264228 -112.36250281 
111  33.43267936 -112.36255769 
111  33.43272080 -112.36251849 
111  33.43276879 -112.36259428 
111  33.43270553 -112.36265178 
111  33.43277097 -112.36276416 
111  33.43278842 -112.36274587 
111  33.43282332 -112.36280075 
111  33.43286476 -112.36276155 
111  33.43289311 -112.36281382 
111  33.43184399 -112.36384094 
111  33.43246561 -112.36489420 
111  33.43236746 -112.36498829 
111  33.43261175 -112.36537933 
111  33.43239145 -112.36560148  53 102 
111  33.43233038 -112.36523559  53 102 
111  33.43218206 -112.36498991 
112  33.43218206 -112.36498991  33.43204065 -112.36481153  53 102 
111  33.43185053 -112.36493764  53 102 
111  33.43024811 -112.36643519 
112  33.43024811 -112.36643519  33.43015298 -112.36651297  53 102 
111  33.43021103 -112.36665637  53 102 
113  33.43054693 -112.36719737 
111  33.43177970 -112.36460768  53 
112  33.43178374 -112.36442625  33.43173001 -112.36431895 
111  33.43178374 -112.36442625  53 
111  33.43169317 -112.36426425  53 
111  33.43160304 -112.36434417  53 
111  33.43159583 -112.36444353  53 
113  33.43173283 -112.36466168  53 
111  33.43017977 -112.36582293  53 
111  33.42993353 -112.36607409  53 
112  33.43018282 -112.36610823  33.43029609 -112.36604184 
111  33.43018282 -112.36610823  53 
113  33.43029555 -112.36601018  53 
110   1 0.00 129.00 Apron
111  33.41774079 -112.37844725  53 102 
112  33.41773865 -112.37826283  33.41769744 -112.37817889 
111  33.41773865 -112.37826283  53 102 
111  33.41758588 -112.37798265 
112  33.41758588 -112.37798265  33.41751746 -112.37787402  53 102 
111  33.41740340 -112.37796210  53 102 
111  33.41614548 -112.37920313 
112  33.41614548 -112.37920313  33.41604830 -112.37929860  53 102 
111  33.41596472 -112.37918683  53 102 
111  33.41504950 -112.37766556  53 
111  33.41581723 -112.37691149 
111  33.41577762 -112.37685024 
111  33.41584849 -112.37677756 
111  33.41589051 -112.37683959  53 
111  33.41667896 -112.37606161  53 102 
111  33.41789609 -112.37809992 
112  33.41789609 -112.37809992  33.41795040 -112.37817077  53 102 
113  33.41804575 -112.37814417 
111  33.41645499 -112.37640867 
111  33.41719151 -112.37759492 
111  33.41728690 -112.37750141 
113  33.41655956 -112.37631287 
111  33.41701564 -112.37775886 
111  33.41629314 -112.37657154 
111  33.41618665 -112.37666673 
113  33.41692458 -112.37785757 
111  33.41675597 -112.37801632 
111  33.41602430 -112.37683236 
111  33.41595109 -112.37689760 
113  33.41668627 -112.37809592 
111  33.41652284 -112.37825757 
111  33.41579116 -112.37706964 
111  33.41571693 -112.37713427 
113  33.41644478 -112.37833030 
111  33.41628919 -112.37848722 
111  33.41555165 -112.37730631 
111  33.41548087 -112.37736804 
113  33.41621488 -112.37855923 
111  33.41604292 -112.37872862 
111  33.41530882 -112.37753779 
111  33.41523855 -112.37759646 
113  33.41596920 -112.37880135 
110   5 0.00   0.00 Acft Storage
111  33.43131337 -112.36975875 
111  33.43167483 -112.37030468 
111  33.43239675 -112.37036561 
111  33.43252338 -112.37068589 
111  33.43245303 -112.37102304 
111  33.43265329 -112.37134717 
111  33.43074274 -112.37316713 
111  33.43052919 -112.37332788 
111  33.43047319 -112.37326936 
111  33.43029160 -112.37289470 
111  33.42969532 -112.37280990 
111  33.42929256 -112.37308947 
111  33.42972755 -112.37315339 
111  33.42969882 -112.37337746 
111  33.42937706 -112.37333501 
112  33.42937706 -112.37333501  33.42905164 -112.37332096 
111  33.42884034 -112.37361803 
111  33.42923208 -112.37368786 
111  33.42920151 -112.37388052 
111  33.42891704 -112.37383450 
112  33.42891704 -112.37383450  33.42855603 -112.37379095 
111  33.42831176 -112.37409068 
111  33.42871903 -112.37416504 
111  33.42869165 -112.37438097 
111  33.42832992 -112.37432349 
112  33.42832992 -112.37432349  33.42803941 -112.37428836 
111  33.42777369 -112.37458272 
111  33.42820408 -112.37467337 
111  33.42817063 -112.37486583 
111  33.42774857 -112.37481067 
112  33.42774857 -112.37481067  33.42750870 -112.37478164 
111  33.42726616 -112.37507891 
111  33.42768536 -112.37515586 
111  33.42765287 -112.37536900 
111  33.42724018 -112.37531481 
112  33.42724018 -112.37531481  33.42699305 -112.37530320 
111  33.42675411 -112.37557731 
111  33.42717996 -112.37566060 
111  33.42715217 -112.37588215 
111  33.42674731 -112.37581747 
112  33.42674731 -112.37581747  33.42654795 -112.37577883 
111  33.42621030 -112.37609129 
111  33.42665076 -112.37615277 
111  33.42662163 -112.37637528 
111  33.42623871 -112.37631739 
112  33.42623871 -112.37631739  33.42600206 -112.37629121 
111  33.42570990 -112.37658794 
111  33.42616105 -112.37666497 
111  33.42612994 -112.37690097 
111  33.42567423 -112.37682727 
112  33.42567423 -112.37682727  33.42546598 -112.37681527 
111  33.42520638 -112.37709018 
111  33.42565486 -112.37717655 
111  33.42561549 -112.37738649 
111  33.42515954 -112.37732232 
112  33.42515954 -112.37732232  33.42496351 -112.37729857 
111  33.42467820 -112.37760581 
111  33.42515541 -112.37767955 
111  33.42510675 -112.37790361 
111  33.42464003 -112.37782263 
112  33.42464003 -112.37782263  33.42445534 -112.37780506 
111  33.42418795 -112.37809918 
111  33.42463265 -112.37818931 
111  33.42460451 -112.37842729 
111  33.42411845 -112.37833246 
112  33.42411845 -112.37833246  33.42390331 -112.37831858 
111  33.42364860 -112.37861571 
111  33.42414349 -112.37868908 
111  33.42412686 -112.37890935 
111  33.42347949 -112.37880347 
111  33.42346528 -112.37899988 
111  33.42376490 -112.37946922 
111  33.42006338 -112.38317401 
111  33.41925185 -112.38176224 
111  33.42280593 -112.37813356 
112  33.42280646 -112.37791635  33.42272937 -112.37778704 
111  33.42280646 -112.37791635 
111  33.42199783 -112.37668191 
111  33.42218065 -112.37650594 
111  33.42301389 -112.37782412 
112  33.42301389 -112.37782412  33.42336120 -112.37820797 
111  33.42383359 -112.37800239 
111  33.42389611 -112.37724794 
111  33.42408497 -112.37725514 
111  33.42405096 -112.37776828 
112  33.42434024 -112.37735882  33.42436887 -112.37709755 
111  33.42434024 -112.37735882 
111  33.42441719 -112.37671214 
111  33.42461332 -112.37673019 
111  33.42453843 -112.37733719 
112  33.42487206 -112.37681229  33.42490950 -112.37652463 
111  33.42487206 -112.37681229 
111  33.42491851 -112.37624590 
111  33.42511414 -112.37626438 
111  33.42505307 -112.37683901 
112  33.42538991 -112.37627030  33.42540593 -112.37596320 
111  33.42538991 -112.37627030 
111  33.42543328 -112.37576147 
111  33.42559927 -112.37576995 
111  33.42555903 -112.37634013 
112  33.42590565 -112.37576789  33.42596754 -112.37541891 
111  33.42590565 -112.37576789 
111  33.42596800 -112.37525155 
111  33.42614831 -112.37527456 
111  33.42607063 -112.37582818 
112  33.42641926 -112.37526051  33.42645203 -112.37496606 
111  33.42641926 -112.37526051 
111  33.42646007 -112.37472541 
111  33.42662197 -112.37471668 
111  33.42659516 -112.37533781 
112  33.42692681 -112.37477935  33.42697527 -112.37447743 
111  33.42692681 -112.37477935 
111  33.42696920 -112.37424058 
111  33.42717736 -112.37423963 
111  33.42714032 -112.37480704 
112  33.42742712 -112.37430501  33.42746346 -112.37401470 
111  33.42742712 -112.37430501 
111  33.42747220 -112.37374843 
111  33.42765161 -112.37376433 
111  33.42763206 -112.37431399 
112  33.42793707 -112.37376846  33.42797705 -112.37343954 
111  33.42793707 -112.37376846 
111  33.42798102 -112.37322664 
111  33.42817267 -112.37324426 
111  33.42814069 -112.37373223 
112  33.42846015 -112.37317970  33.42849891 -112.37285455 
111  33.42846015 -112.37317970 
111  33.42849768 -112.37275026 
111  33.42868807 -112.37277605 
111  33.42864845 -112.37322642 
111  33.42901997 -112.37274399 
112  33.42894491 -112.37192144  33.42875043 -112.37151038 
111  33.42894491 -112.37192144 
111  33.42813104 -112.37063528 
111  33.42831387 -112.37045931 
111  33.42916286 -112.37179737 
112  33.42942907 -112.37187520  33.42956554 -112.37181291 
113  33.42958169 -112.37156527 
110   1 0.00  39.50 Apron
111  33.43285550 -112.36576999 
111  33.43259749 -112.36539683 
111  33.43261175 -112.36537933 
111  33.43236746 -112.36498829 
111  33.43246561 -112.36489420 
111  33.43184399 -112.36384094 
111  33.43289311 -112.36281382 
111  33.43286476 -112.36276155 
111  33.43282332 -112.36280075 
111  33.43278842 -112.36274587 
111  33.43348075 -112.36206947 
111  33.43341368 -112.36196615 
111  33.43276879 -112.36259428 
111  33.43272080 -112.36251849 
111  33.43267936 -112.36255769 
111  33.43264228 -112.36250281 
111  33.43311558 -112.36203196 
111  33.43304064 -112.36192566 
111  33.43333066 -112.36177483 
111  33.43333143 -112.36169354 
111  33.43457288 -112.36175952 
111  33.43456925 -112.36196140 
111  33.43481878 -112.36196998 
111  33.43481558 -112.36291513 
111  33.43471339 -112.36299109 
111  33.43404985 -112.36363707 
111  33.43389529 -112.36339168 
111  33.43282883 -112.36443344 
111  33.43297952 -112.36467883 
111  33.43292980 -112.36479665 
111  33.43336410 -112.36551986 
113  33.43290809 -112.36595097 
111  33.43362660 -112.36231795 
111  33.43355300 -112.36220767 
111  33.43285394 -112.36290046 
113  33.43292258 -112.36301314 
111  33.43442697 -112.36304237 
111  33.43432406 -112.36289151 
111  33.43420202 -112.36301222 
113  33.43430217 -112.36316154 
110   1 0.00 129.00 Apron
111  33.42653555 -112.36809296 
111  33.42632037 -112.36830892 
111  33.42628482 -112.36824821 
111  33.42593587 -112.36858979 
111  33.42577301 -112.36833343 
111  33.42578472 -112.36831966 
111  33.42573149 -112.36824161 
111  33.42576045 -112.36820998 
111  33.42553166 -112.36784015 
111  33.42518410 -112.36818319 
111  33.42414049 -112.36647401 
111  33.42422734 -112.36638717 
111  33.42343967 -112.36511429 
111  33.42420838 -112.36434998  20 
112  33.42420802 -112.36421285  33.42415230 -112.36412842 
111  33.42420802 -112.36421285  20 
111  33.42288208 -112.36227255 
111  33.42292573 -112.36223321  20 
111  33.42425896 -112.36416718 
112  33.42425896 -112.36416718  33.42430577 -112.36423180  20 
111  33.42436201 -112.36420441 
111  33.42608284 -112.36269146 
111  33.42670494 -112.36378493 
111  33.42674629 -112.36374894 
111  33.42681003 -112.36383720 
111  33.42684969 -112.36383244 
111  33.42690124 -112.36392035 
111  33.42689133 -112.36398212 
111  33.42677434 -112.36408903 
111  33.42659390 -112.36379681 
111  33.42649749 -112.36388647 
111  33.42626756 -112.36350385 
111  33.42484233 -112.36489883 
111  33.42484069 -112.36498007 
111  33.42472762 -112.36507824 
111  33.42471123 -112.36505272 
111  33.42468338 -112.36507628 
111  33.42501174 -112.36562378 
111  33.42502751 -112.36565156 
111  33.42506684 -112.36565942 
111  33.42580356 -112.36685067 
111  33.42578225 -112.36687030 
111  33.42591335 -112.36709217 
113  33.42593137 -112.36707646 
111  33.42587770 -112.36705462 
111  33.42578491 -112.36715252 
111  33.42625281 -112.36791778 
113  33.42636556 -112.36782935 
111  33.42607281 -112.36810110 
111  33.42559977 -112.36732921 
111  33.42548108 -112.36743839 
113  33.42595662 -112.36821202 
111  33.42546534 -112.36773231 
111  33.42536055 -112.36754122 
111  33.42525094 -112.36764798 
113  33.42536009 -112.36783789 
111  33.42449102 -112.36614915 
111  33.42441409 -112.36621555 
111  33.42514182 -112.36742520 
113  33.42521672 -112.36734490 
111  33.42546591 -112.36709282 
111  33.42473393 -112.36591003 
111  33.42465370 -112.36598011 
113  33.42538259 -112.36716904 
111  33.42500886 -112.36563183 
111  33.42490143 -112.36573417 
111  33.42563828 -112.36692421 
113  33.42574186 -112.36682552 
111  33.42431999 -112.36458210 
111  33.42424639 -112.36466239 
111  33.42477592 -112.36551927 
113  33.42485014 -112.36544129 
111  33.42382479 -112.36506831 
111  33.42374178 -112.36514296 
111  33.42427923 -112.36599466 
113  33.42435391 -112.36592203 
111  33.42407237 -112.36482907 
111  33.42400199 -112.36490175 
111  33.42452287 -112.36576122 
113  33.42459853 -112.36568096 
110   1 0.00 129.00 Pad
111  33.41404309 -112.38126303 
111  33.41404741 -112.38130960 
111  33.41380986 -112.38153468 
111  33.41384538 -112.38126996 
111  33.41398633 -112.38113297 
112  33.41398633 -112.38113297  33.41417915 -112.38098826 
111  33.41432840 -112.38117566 
113  33.41443397 -112.38132253 
110   3 0.00 129.00 Pad
111  33.41462434 -112.38152215 
111  33.41422817 -112.38146326 
112  33.41422817 -112.38146326  33.41388743 -112.38149900 
111  33.41392844 -112.38183043 
111  33.41401633 -112.38223598 
111  33.41378826 -112.38187619 
111  33.41380986 -112.38153468 
111  33.41404741 -112.38130960 
111  33.41404309 -112.38126303 
111  33.41443397 -112.38132253 
111  33.41444045 -112.38137428 
113  33.41472885 -112.38142008 
110   3 0.00 129.00 Pad
111  33.43159583 -112.36444353 
111  33.43160304 -112.36434417 
111  33.43169317 -112.36426425 
111  33.43178374 -112.36442625 
112  33.43178374 -112.36442625  33.43184977 -112.36452683 
111  33.43177970 -112.36460768 
113  33.43173283 -112.36466168 
110   3 0.00 129.00 Pad
111  33.43018282 -112.36610823 
112  33.43018282 -112.36610823  33.43006009 -112.36618674 
111  33.42993353 -112.36607409 
111  33.43017977 -112.36582293 
113  33.43029555 -112.36601018 
110   1 0.00   0.00 Pad
111  33.43333143 -112.36169354 
111  33.43333066 -112.36177483 
111  33.43304064 -112.36192566 
111  33.43289240 -112.36207294 
111  33.43253489 -112.36205572 
111  33.43253401 -112.36190788 
111  33.43198338 -112.36188899 
111  33.43197804 -112.36201919 
111  33.43161498 -112.36200376 
111  33.43138055 -112.36198495 
113  33.43138701 -112.36160049 
110   1 0.00  45.00 Pad
111  33.43261611 -112.36234338 
111  33.43257030 -112.36226759 
111  33.43149560 -112.36331314 
111  33.43144775 -112.36335538 
111  33.43140628 -112.36330508 
111  33.43220061 -112.36233657 
111  33.43212967 -112.36223788 
111  33.43132842 -112.36321008 
111  33.43123329 -112.36308358 
111  33.43195850 -112.36220971 
111  33.43188360 -112.36210811 
111  33.43115626 -112.36298706 
111  33.43106326 -112.36287113 
111  33.43114125 -112.36276095 
111  33.43169328 -112.36209409 
111  33.43161498 -112.36200376 
111  33.43197804 -112.36201919 
111  33.43253489 -112.36205572 
113  33.43289240 -112.36207294 
110   1 0.00 129.00 Pad
111  33.43140628 -112.36330508 
111  33.43144775 -112.36335538 
111  33.43149560 -112.36331314 
111  33.43180096 -112.36380448 
111  33.43158503 -112.36400572 
111  33.43123652 -112.36345428 
111  33.43116500 -112.36345689 
111  33.43099945 -112.36318313 
111  33.43095290 -112.36307004 
111  33.43084311 -112.36291341 
111  33.43070690 -112.36272599 
111  33.43085213 -112.36258939 
111  33.43111065 -112.36230624 
111  33.43107526 -112.36225591 
111  33.43122642 -112.36210570 
111  33.43128399 -112.36216679 
111  33.43137996 -112.36206329 
111  33.43138055 -112.36198495 
111  33.43161498 -112.36200376 
111  33.43106671 -112.36267401 
111  33.43114125 -112.36276095 
111  33.43106326 -112.36287113 
111  33.43115626 -112.36298706 
111  33.43123329 -112.36308358 
113  33.43132842 -112.36321008 
110   2 0.00 129.00 Pad
111  33.43285550 -112.36576999  53 102 
112  33.43284002 -112.36634815  33.43266008 -112.36663564 
111  33.43284002 -112.36634815 
112  33.43284002 -112.36634815  33.43276084 -112.36646314  53 102 
111  33.43254971 -112.36651202  53 102 
113  33.43216823 -112.36643727 
110   2 0.00 129.00 Pad
111  33.43297952 -112.36467883 
111  33.43282883 -112.36443344 
111  33.43389529 -112.36339168 
113  33.43404985 -112.36363707 
110   2 0.00 129.00 H Pad
111  33.43138055 -112.36198495 
111  33.43137996 -112.36206329 
111  33.43128399 -112.36216679 
111  33.43122642 -112.36210570 
111  33.43107526 -112.36225591 
111  33.43111065 -112.36230624 
111  33.43085213 -112.36258939 
111  33.43069294 -112.36236067 
111  33.43092833 -112.36207603 
111  33.43083526 -112.36194923 
111  33.43064975 -112.36214848 
111  33.43053529 -112.36197770 
111  33.43050290 -112.36201487 
111  33.43037287 -112.36183210 
111  33.43044301 -112.36174304 
111  33.43059112 -112.36192653 
111  33.43078922 -112.36167563 
111  33.43093049 -112.36186384 
111  33.43107086 -112.36169293 
113  33.43138695 -112.36170681 
110   2 0.00 129.00 H Pad
111  33.42958808 -112.36308873 
111  33.42947450 -112.36319477 
111  33.42950548 -112.36323542 
111  33.42932257 -112.36342100 
111  33.42920080 -112.36321466 
111  33.42937144 -112.36306536 
111  33.42926716 -112.36290309 
111  33.42922653 -112.36293067 
111  33.42916017 -112.36283169 
111  33.42941255 -112.36258149 
111  33.42947302 -112.36269284 
113  33.42938895 -112.36276883 
110   2 0.00 129.00 H Pad
111  33.43033199 -112.36238241 
111  33.43018921 -112.36252142 
111  33.43013924 -112.36244015 
111  33.43021420 -112.36236530 
111  33.42996790 -112.36194615 
113  33.43003215 -112.36189055 
110   2 0.00 129.00 H Pad
111  33.43037035 -112.36333665 
111  33.43029968 -112.36341192 
111  33.43000912 -112.36291792 
111  33.43015636 -112.36276031 
111  33.43021329 -112.36284500 
111  33.43015636 -112.36289910 
111  33.43018643 -112.36295332 
113  33.43015842 -112.36298241 
110   2 0.00 129.00 H Pad
111  33.43063183 -112.36308439 
111  33.43056115 -112.36315967 
111  33.43027059 -112.36266567 
111  33.43041784 -112.36250806 
111  33.43047477 -112.36259274 
111  33.43041784 -112.36264685 
111  33.43044791 -112.36270107 
113  33.43041990 -112.36273016 
110   1 0.00 129.00 H Pad
111  33.42987184 -112.36473119 
111  33.42970732 -112.36445473 
111  33.43099258 -112.36320451 
111  33.43115642 -112.36346626 
111  33.43064522 -112.36396256 
111  33.43054510 -112.36380339 
111  33.43046440 -112.36388441 
113  33.43055601 -112.36404383 
110   2 0.00 129.00 H Pad
111  33.42964252 -112.36457078 
111  33.42970417 -112.36451634 
111  33.42985755 -112.36477735 
113  33.42980454 -112.36482882 
110   2 0.00 129.00 H Pad
111  33.42946566 -112.36428499 
111  33.42952570 -112.36422861 
111  33.42967659 -112.36448135 
113  33.42961980 -112.36453384 
110   2 0.00 129.00 H Pad
111  33.42918946 -112.36443157 
111  33.42912494 -112.36432193 
111  33.42928556 -112.36416834 
113  33.42935695 -112.36427527 
110   1 0.00 129.00 H Pad
111  33.42924591 -112.36553538 
111  33.42919160 -112.36546209 
111  33.42931905 -112.36533487 
113  33.42937401 -112.36540977 
110   1 0.00 129.00 H Pad
111  33.42738604 -112.36472727 
111  33.42724432 -112.36486773 
111  33.42742325 -112.36515699 
111  33.42659178 -112.36596408 
111  33.42576939 -112.36460961 
111  33.42659362 -112.36381082 
111  33.42677503 -112.36411356 
113  33.42691092 -112.36398676 
110   2 0.00 129.00 H Pad
111  33.42793358 -112.36550677 
111  33.42787841 -112.36541540 
111  33.42804229 -112.36525793 
113  33.42810070 -112.36535125 
110   2 0.00 129.00 H Pad
112  33.42786295 -112.36531047  33.42777858 -112.36531436 
112  33.42775043 -112.36515830  33.42775530 -112.36510192 
112  33.42786410 -112.36502556  33.42793874 -112.36502362 
114  33.42797222 -112.36517100  33.42797384 -112.36521766 
110   2 0.00 129.00 H Pad
111  33.42969415 -112.36482321 
111  33.42961413 -112.36488665 
111  33.42965722 -112.36496779 
111  33.42959813 -112.36496594 
112  33.42964832 -112.36506147  33.42969642 -112.36508808 
111  33.42974125 -112.36502900 
111  33.42975325 -112.36504155 
111  33.42970277 -112.36509318 
112  33.42962953 -112.36507842  33.42958606 -112.36504849 
111  33.42957318 -112.36496558 
111  33.42952178 -112.36495822 
111  33.42951656 -112.36502128 
111  33.42939773 -112.36500357 
111  33.42941221 -112.36478928 
111  33.42952147 -112.36481029 
111  33.42955010 -112.36478338 
111  33.42953287 -112.36474650 
113  33.42961536 -112.36468749 
110   1 0.00 315.00 H Pad
111  33.43138824 -112.36169252  20 
111  33.43073372 -112.36165720 
111  33.43077401 -112.36170390 
111  33.43059112 -112.36192653 
111  33.43040823 -112.36170390 
111  33.43027468 -112.36173869 
112  33.43027468 -112.36173869  33.43020426 -112.36176140  20 
111  33.43023404 -112.36186044  20 
111  33.43045951 -112.36220880 
112  33.43050410 -112.36215427  33.43047295 -112.36205691 
111  33.43050410 -112.36215427 
111  33.43032270 -112.36188959 
111  33.43037287 -112.36183210 
111  33.43061933 -112.36217708 
111  33.43054736 -112.36226594 
111  33.43053427 -112.36232605 
111  33.43062886 -112.36244544 
111  33.43068913 -112.36238877 
111  33.43084068 -112.36260182 
111  33.43070690 -112.36272599 
111  33.43095290 -112.36307004 
111  33.43099945 -112.36318313 
111  33.43000665 -112.36415536 
111  33.42992827 -112.36403266 
112  33.42989992 -112.36403004  33.42988327 -112.36404445 
111  33.42989992 -112.36403004  20 
111  33.42974287 -112.36418685 
112  33.42974287 -112.36418685  33.42969940 -112.36422786  20 
111  33.42967308 -112.36419992  20 
111  33.42934859 -112.36367582 
112  33.42934859 -112.36367582  33.42927126 -112.36355634  20 
111  33.42916305 -112.36361972  20 
111  33.42878872 -112.36398171 
112  33.42878872 -112.36398171  33.42875209 -112.36401463  20 
111  33.42877505 -112.36406569  20 
111  33.42908491 -112.36459848  20 
112  33.42911894 -112.36457148  33.42911487 -112.36450930 
111  33.42911894 -112.36457148 
111  33.42909567 -112.36452827 
111  33.42914802 -112.36447861 
111  33.42920022 -112.36455876 
111  33.42924777 -112.36451590 
111  33.42918946 -112.36443157 
111  33.42942284 -112.36420943 
111  33.42980454 -112.36482882 
111  33.42985755 -112.36477735 
111  33.42984559 -112.36475269 
111  33.42987184 -112.36473119 
111  33.42991486 -112.36479594 
111  33.42977554 -112.36492020 
111  33.42960045 -112.36462827 
112  33.42955615 -112.36462181  33.42952907 -112.36464247 
111  33.42955615 -112.36462181 
111  33.42929254 -112.36486851 
112  33.42929254 -112.36486851  33.42927161 -112.36488917  20 
111  33.42929089 -112.36493009  20 
111  33.42951206 -112.36526835 
111  33.42944795 -112.36533493  20 
111  33.42934076 -112.36516389 
112  33.42927829 -112.36516313  33.42924381 -112.36520149 
111  33.42927829 -112.36516313 
111  33.42924181 -112.36524174 
111  33.42929444 -112.36533014 
111  33.42917637 -112.36544559 
111  33.42894299 -112.36509016 
111  33.42910640 -112.36493993 
111  33.42919164 -112.36507187 
112  33.42924835 -112.36507971  33.42926928 -112.36505758 
111  33.42927234 -112.36503528  20 
111  33.42872706 -112.36415455  20 
112  33.42863196 -112.36413451  33.42857702 -112.36418327 
111  33.42863196 -112.36413451  20 
111  33.42793808 -112.36482097  20 
112  33.42793222 -112.36491931  33.42797007 -112.36498077 
111  33.42793222 -112.36491931  20 
111  33.42815838 -112.36529139 
111  33.42823472 -112.36553705 
111  33.42862165 -112.36612905 
111  33.42824562 -112.36649650 
111  33.42775377 -112.36566411 
111  33.42766981 -112.36574122 
111  33.42736009 -112.36523160 
111  33.42743884 -112.36515844 
111  33.42726217 -112.36487356 
111  33.42739740 -112.36473505 
111  33.42691585 -112.36397178 
111  33.42692504 -112.36391535 
111  33.42682035 -112.36375855  20 
112  33.42664766 -112.36271763  33.42677384 -112.36208048 
111  33.42664766 -112.36271763  20 
111  33.42680944 -112.36223461  20 
112  33.42681381 -112.36209871  33.42678136 -112.36203176 
111  33.42681381 -112.36209871  20 
111  33.42670884 -112.36187136  20 
112  33.42662254 -112.36181164  33.42658649 -112.36181556 
111  33.42662254 -112.36181164  20 
111  33.42612938 -112.36187136 
112  33.42612938 -112.36187136  33.42594168 -112.36189992  20 
111  33.42577343 -112.36187136  20 
111  33.42438922 -112.36150339 
111  33.42440880 -112.36142996  20 
111  33.42568050 -112.36176614 
112  33.42568050 -112.36176614  33.42582202 -112.36179470  20 
111  33.42603834 -112.36175687  20 
111  33.42656227 -112.36168933  20 
112  33.42665226 -112.36157455  33.42666045 -112.36149208 
111  33.42665226 -112.36157455  20 
111  33.42664936 -112.36138324 
111  33.42673214 -112.36138672 
112  33.42673214 -112.36138672  33.42676328 -112.36185402  20 
111  33.42698321 -112.36204413 
111  33.42696870 -112.36208587 
112  33.42696870 -112.36208587  33.42693986 -112.36214202  20 
111  33.42698031 -112.36219022  20 
111  33.42789741 -112.36291372  20 
111  33.42825739 -112.36322330  20 
111  33.42829426 -112.36328695 
112  33.42829426 -112.36328695  33.42832072 -112.36331865  20 
111  33.42836183 -112.36328243  20 
111  33.42982752 -112.36183886  20 
111  33.43001912 -112.36171711  20 
111  33.43041060 -112.36160622 
112  33.43041060 -112.36160622  33.43045739 -112.36158999  20 
111  33.43065468 -112.36158143  20 
113  33.43138701 -112.36160049 
111  33.43080952 -112.36300764  20 
112  33.43082848 -112.36292824  33.43080536 -112.36289499 
111  33.43082848 -112.36292824 
111  33.43076930 -112.36283092 
111  33.43072312 -112.36287019 
111  33.43044156 -112.36244356 
111  33.43041065 -112.36243974 
111  33.43028131 -112.36257784 
111  33.43031111 -112.36262003 
111  33.43028903 -112.36264169 
111  33.43025964 -112.36260055 
111  33.43002535 -112.36282937 
111  33.43005355 -112.36287368 
111  33.43003077 -112.36289590 
111  33.43000097 -112.36285533 
111  33.42986283 -112.36299164 
111  33.43017432 -112.36351418 
111  33.43012828 -112.36356286  20 
113  33.43017703 -112.36364075  20 
111  33.42985250 -112.36296586 
111  33.43037853 -112.36242785 
111  33.43009667 -112.36196838 
111  33.43013272 -112.36193696 
112  33.43014583 -112.36185645  33.43013260 -112.36182232  20 
111  33.43009012 -112.36182504  20 
112  33.42990166 -112.36189965  33.42977549 -112.36198865 
111  33.42990166 -112.36189965 
111  33.42993444 -112.36195856 
113  33.42950018 -112.36238858 
111  33.42944626 -112.36244078 
111  33.42950018 -112.36238858 
111  33.42945765 -112.36231754  20 
113  33.42940157 -112.36236955  20 
111  33.42938634 -112.36248766  20 
112  33.42930720 -112.36245873  33.42926467 -112.36249092 
111  33.42930720 -112.36245873  20 
111  33.42920799 -112.36256118 
111  33.42925091 -112.36263533 
111  33.42903422 -112.36282519 
111  33.42903828 -112.36285765 
111  33.42901255 -112.36288524 
111  33.42905589 -112.36294852 
111  33.42916017 -112.36283169 
111  33.42922653 -112.36293067 
111  33.42926716 -112.36290309 
111  33.42937144 -112.36306536 
111  33.42920080 -112.36321466 
111  33.42929222 -112.36337287 
111  33.42919268 -112.36345807 
111  33.42919403 -112.36346943 
111  33.42932811 -112.36349702 
113  33.42975377 -112.36308893  20 
111  33.42913031 -112.36354177 
111  33.42913818 -112.36344949 
111  33.42911884 -112.36304696 
111  33.42905589 -112.36294852 
111  33.42901255 -112.36288524 
111  33.42903828 -112.36285765 
111  33.42903422 -112.36282519 
111  33.42899102 -112.36276618  20 
111  33.42839400 -112.36334850 
112  33.42839400 -112.36334850  33.42836042 -112.36338873  20 
111  33.42838528 -112.36344258  20 
113  33.42869281 -112.36396788  20 
112  33.42923595 -112.36480107  33.42923213 -112.36477176 
111  33.42923595 -112.36480107 
111  33.42921279 -112.36476084 
111  33.42950509 -112.36448957 
111  33.42953434 -112.36453437 
111  33.42955138 -112.36451821 
111  33.42948066 -112.36440664 
111  33.42946541 -112.36442190 
111  33.42948931 -112.36446213 
111  33.42919346 -112.36473677 
111  33.42916778 -112.36469500 
112  33.42916778 -112.36469500  33.42914408 -112.36468309  20 
111  33.42915048 -112.36471451  20 
113  33.42921738 -112.36481936  20 
111  33.42995830 -112.36397512 
112  33.42995830 -112.36397512  33.42994225 -112.36398794 
111  33.42995218 -112.36401176 
111  33.42997206 -112.36404198 
112  33.42997206 -112.36404198  33.42998353 -112.36405573 
111  33.42999805 -112.36404290 
111  33.43002634 -112.36401725 
111  33.43003169 -112.36393664 
111  33.43016318 -112.36379924 
111  33.43016700 -112.36387344 
111  33.43018688 -112.36384871 
112  33.43019376 -112.36379191  33.43018000 -112.36376718  20 
113  33.43016241 -112.36377176  20 
111  33.42798045 -112.36459554 
112  33.42798045 -112.36459554  33.42800212 -112.36462962 
111  33.42804192 -112.36460029  20 
111  33.42859117 -112.36405860  20 
112  33.42860964 -112.36397724  33.42858526 -112.36393342 
111  33.42860964 -112.36397724  20 
111  33.42818469 -112.36325971  20 
111  33.42778613 -112.36292770 
112  33.42778613 -112.36292770  33.42769736 -112.36289033  20 
111  33.42771078 -112.36296571 
111  33.42784760 -112.36311539 
111  33.42790312 -112.36308688 
111  33.42813511 -112.36345038 
111  33.42817874 -112.36341237 
111  33.42848013 -112.36390655 
111  33.42799830 -112.36437934 
113  33.42792691 -112.36450051 
111  33.42775300 -112.36461838 
111  33.42724865 -112.36377944 
111  33.42732449 -112.36369181 
111  33.42722427 -112.36351980  20 
112  33.42714301 -112.36350195  33.42710509 -112.36353765 
111  33.42714301 -112.36350195  20 
111  33.42690195 -112.36373400 
111  33.42698456 -112.36385570 
112  33.42703602 -112.36384921  33.42706582 -112.36381676 
111  33.42703602 -112.36384921 
111  33.42696018 -112.36372913 
111  33.42716677 -112.36352953 
111  33.42720333 -112.36353278 
111  33.42727782 -112.36365935 
111  33.42727240 -112.36370965 
111  33.42719792 -112.36377456 
111  33.42783173 -112.36480824  20 
111  33.42790487 -112.36474009 
113  33.42780194 -112.36457132 
111  33.42687167 -112.36357713 
111  33.42673827 -112.36307173 
111  33.42675450 -112.36291838 
111  33.42713163 -112.36253962 
111  33.42763776 -112.36290974  20 
112  33.42762515 -112.36281039  33.42758369 -112.36278231 
111  33.42762515 -112.36281039  20 
111  33.42695819 -112.36228771  20 
112  33.42685184 -112.36231795  33.42681398 -112.36240002 
111  33.42685184 -112.36231795  20 
111  33.42671484 -112.36275208  20 
112  33.42669453 -112.36322416  33.42672900 -112.36342036  20 
111  33.42684142 -112.36364730 
112  33.42684142 -112.36364730  33.42685496 -112.36366795  20 
111  33.42688248 -112.36365057  20 
111  33.42711141 -112.36342378  20 
112  33.42710059 -112.36334387  33.42706120 -112.36332322 
113  33.42710059 -112.36334387 
111  33.42736742 -112.36421881 
111  33.42728585 -112.36429931 
111  33.42750178 -112.36463853 
113  33.42758335 -112.36456091 
111  33.42712510 -112.36381347 
111  33.42704113 -112.36388534 
111  33.42719228 -112.36413832 
113  33.42727385 -112.36405783 
111  33.42788398 -112.36495941  20 
112  33.42780800 -112.36494870  33.42778025 -112.36497691 
111  33.42780800 -112.36494870  20 
111  33.42763668 -112.36512720 
111  33.42788287 -112.36551907 
111  33.42790930 -112.36549491 
111  33.42796377 -112.36556997 
111  33.42803501 -112.36549958 
111  33.42805530 -112.36552526 
111  33.42798230 -112.36560201 
111  33.42801217 -112.36565291 
111  33.42815958 -112.36551455 
113  33.42812065 -112.36534011  20 
111  33.42674682 -112.36169694 
112  33.42674682 -112.36169694  33.42675578 -112.36180959  20 
111  33.42683524 -112.36197320  20 
112  33.42686323 -112.36194906  33.42685315 -112.36189944 
113  33.42686323 -112.36194906  20 
110   2 0.00  35.90 H Pad
111  33.41596920 -112.37880135 
111  33.41523855 -112.37759646 
111  33.41530882 -112.37753779 
113  33.41604292 -112.37872862 
110   2 0.00  35.90 H Pad
111  33.41621488 -112.37855923 
111  33.41548087 -112.37736804 
111  33.41555165 -112.37730631 
113  33.41628919 -112.37848722 
110   2 0.00  35.90 H Pad
111  33.41644478 -112.37833030 
111  33.41571693 -112.37713427 
111  33.41579116 -112.37706964 
113  33.41652284 -112.37825757 
110   2 0.00  35.90 H Pad
111  33.41668627 -112.37809592 
111  33.41595109 -112.37689760 
111  33.41602430 -112.37683236 
113  33.41675597 -112.37801632 
110   2 0.00  35.90 H Pad
111  33.41692458 -112.37785757 
111  33.41618665 -112.37666673 
111  33.41629314 -112.37657154 
113  33.41701564 -112.37775886 
110   2 0.00  35.90 H Pad
111  33.42536054 -112.36783789 
111  33.42525139 -112.36764798 
111  33.42536100 -112.36754122 
113  33.42546579 -112.36773231 
110   2 0.00  35.90 H Pad
111  33.42595707 -112.36821202 
111  33.42548153 -112.36743839 
111  33.42560022 -112.36732921 
113  33.42607326 -112.36810110 
110   2 0.00  35.90 H Pad
111  33.42625327 -112.36791778 
111  33.42578536 -112.36715252 
111  33.42587815 -112.36705462 
113  33.42636601 -112.36782935 
110   2 0.00  35.90 H Pad
111  33.42427923 -112.36599466 
111  33.42374178 -112.36514296 
111  33.42382479 -112.36506831 
113  33.42435391 -112.36592203 
110   2 0.00  35.90 H Pad
111  33.42452287 -112.36576122 
111  33.42400199 -112.36490175 
111  33.42407237 -112.36482907 
113  33.42459853 -112.36568096 
110   2 0.00  35.90 H Pad
111  33.42477592 -112.36551927 
111  33.42424639 -112.36466239 
111  33.42431999 -112.36458210 
113  33.42485014 -112.36544129 
110   1 0.00  39.50 H Pad
111  33.42739819 -112.36727649 
111  33.42691280 -112.36646150 
111  33.42775025 -112.36568143 
113  33.42821156 -112.36646486 
110   2 0.00  45.00 H Pad
111  33.43106671 -112.36267401 
111  33.43161498 -112.36200376 
111  33.43169328 -112.36209409 
113  33.43114125 -112.36276095 
110   2 0.00  45.00 H Pad
111  33.43115626 -112.36298706 
111  33.43188360 -112.36210811 
111  33.43195850 -112.36220971 
113  33.43123329 -112.36308358 
110   2 0.00   0.00 H Pad
111  33.43198338 -112.36188899 
111  33.43253401 -112.36190788 
111  33.43253489 -112.36205572 
113  33.43197804 -112.36201919 
110   2 0.00  39.50 H Pad
111  33.43255237 -112.36240796 
111  33.43304064 -112.36192566 
111  33.43311558 -112.36203196 
113  33.43262047 -112.36251849 
110   2 0.00  39.50 H Pad
111  33.43270553 -112.36265178 
111  33.43341368 -112.36196615 
111  33.43348075 -112.36206947 
113  33.43277097 -112.36276416 
110   2 0.00  39.50 H Pad
111  33.43285394 -112.36290046 
111  33.43355300 -112.36220767 
111  33.43362660 -112.36231795 
113  33.43292258 -112.36301314 
110   2 0.00  45.00 H Pad
111  33.43132842 -112.36321008 
111  33.43212967 -112.36223788 
111  33.43220061 -112.36233657 
113  33.43140628 -112.36330508 
110   2 0.00  35.90 H Pad
111  33.42563873 -112.36692421 
111  33.42490188 -112.36573417 
111  33.42501267 -112.36562378 
113  33.42574231 -112.36682552 
110   2 0.00  35.90 H Pad
111  33.42538304 -112.36716904 
111  33.42465415 -112.36598011 
111  33.42473438 -112.36591003 
113  33.42546636 -112.36709282 
110   2 0.00  35.90 H Pad
111  33.42514227 -112.36742520 
111  33.42441454 -112.36621555 
111  33.42449147 -112.36614915 
113  33.42521717 -112.36734490 
110   2 0.00  35.90 H Pad
111  33.41719151 -112.37759492 
111  33.41645499 -112.37640867 
111  33.41655956 -112.37631287 
113  33.41728690 -112.37750141 
110   1 0.00  39.00 Road
111  33.42727063 -112.36843556  20 
112  33.42744631 -112.36845531  33.42755044 -112.36836702 
111  33.42744631 -112.36845531  20 
111  33.42801135 -112.36790404  20 
112  33.42813696 -112.36774448  33.42815456 -112.36771527  20 
111  33.42826150 -112.36759525  20 
111  33.42852042 -112.36735374  20 
111  33.42859744 -112.36728895  20 
111  33.42877942 -112.36716420  20 
111  33.42904392 -112.36690602  20 
112  33.42908918 -112.36678773  33.42909223 -112.36671213 
111  33.42908918 -112.36678773  20 
111  33.42910150 -112.36661664  20 
111  33.42909636 -112.36655456 
111  33.42915535 -112.36649172  20 
111  33.42913568 -112.36678625 
112  33.42913568 -112.36678625  33.42912754 -112.36687891  20 
111  33.42907833 -112.36694333  20 
111  33.42879319 -112.36722019  20 
111  33.42863915 -112.36732229  20 
111  33.42853755 -112.36740672  20 
111  33.42826717 -112.36766983  20 
111  33.42820981 -112.36773070  20 
111  33.42816332 -112.36778787 
112  33.42816332 -112.36778787  33.42812354 -112.36785880  20 
111  33.42803119 -112.36795087  20 
111  33.42747822 -112.36849567 
112  33.42747822 -112.36849567  33.42741255 -112.36856661  20 
111  33.42734218 -112.36854359  20 
111  33.42726296 -112.36852665 
112  33.42726296 -112.36852665  33.42722966 -112.36852000  20 
111  33.42719577 -112.36854099  20 
113  33.42717611 -112.36852921 
110   5 0.00 129.00 WS Circle
112  33.42224756 -112.37323758  33.42224357 -112.37332003  21 106 
112  33.42209296 -112.37340500  33.42201218 -112.37339663  21 106 
112  33.42196658 -112.37320682  33.42197655 -112.37311002  21 106 
114  33.42212212 -112.37305570  33.42219393 -112.37306048  21 106 
130 Airport Boundary
111  33.43527719 -112.36972677 
111  33.42062852 -112.38355405 
111  33.41741641 -112.38368091 
111  33.41365506 -112.38752821 
111  33.41023116 -112.38782419 
111  33.41044295 -112.38393423 
111  33.42509161 -112.35810542 
113  33.43526942 -112.35840063 
120 RH
111  33.41436843 -112.38279269  54 
111  33.41451840 -112.38264810 
111  33.41812543 -112.37888155  54 
111  33.41827698 -112.37873128 
111  33.42076001 -112.37650147  54 
111  33.42076442 -112.37637168 
111  33.42158470 -112.37556692  54 
111  33.42168962 -112.37557649 
111  33.42410625 -112.37317859  54 
111  33.42415270 -112.37310432 
111  33.42757187 -112.36977533  54 
111  33.42772994 -112.36962407 
111  33.43026514 -112.36714113  54 
111  33.43041816 -112.36698882 
111  33.43229098 -112.36516739  54 
115  33.43251313 -112.36494958 
120 TH
111  33.41766451 -112.37812361  55 
111  33.41782200 -112.37797456 
111  33.42695211 -112.36876501  55 
111  33.42711498 -112.36862011 
111  33.42673123 -112.36800295  55 
111  33.42727111 -112.36839802 
111  33.42973252 -112.36625373  55 
115  33.42993353 -112.36607409 
120 TH
111  33.43169317 -112.36426425  55 
111  33.43194446 -112.36401824  55 
115  33.43251313 -112.36494958 
120 TL
111  33.43002903 -112.36822639  51 
111  33.43045235 -112.36780827  51 
112  33.43051556 -112.36733513  33.43038962 -112.36704016 
111  33.43051556 -112.36733513 
112  33.43051556 -112.36733513  33.43069619 -112.36755287  51 
111  33.43085885 -112.36740870  51 
115  33.43128216 -112.36699058 
120 TL
111  33.41790607 -112.38018330  51 
111  33.41832939 -112.37976517  51 
112  33.41838422 -112.37910758  33.41822189 -112.37877940 
111  33.41838422 -112.37910758 
112  33.41838422 -112.37910758  33.41864799 -112.37936891  51 
111  33.41891217 -112.37918986  51 
115  33.41933548 -112.37877173 
120 TL
111  33.42051132 -112.37761342  51 
111  33.42093464 -112.37719529 
112  33.42093464 -112.37719529  33.42148756 -112.37662399  51 
111  33.42164083 -112.37557190 
111  33.42283731 -112.37531700  51 
111  33.42226141 -112.37588585 
112  33.42226141 -112.37588585  33.42158421 -112.37652704  51 
115  33.42076179 -112.37644053 
120 TL
111  33.42744431 -112.36904774  51 
111  33.42721400 -112.36927438 
111  33.42702249 -112.36946357  51 
111  33.42385951 -112.37258108 
111  33.42372950 -112.37270923  51 
111  33.42184822 -112.37456402 
111  33.42141295 -112.37499315  51 
111  33.42036208 -112.37602871 
111  33.41994559 -112.37643874  51 
115  33.41821727 -112.37814355 
120 TL
111  33.42700729 -112.36865836  51 
111  33.42589644 -112.36685981  51 
115  33.42434083 -112.36434173 
120 TL
111  33.42546609 -112.36728668   1 
115  33.42571657 -112.36703784 
120 TL
111  33.42589644 -112.36685981   1 
111  33.42571657 -112.36703784 
112  33.42571657 -112.36703784  33.42562546 -112.36709417   1 
111  33.42552577 -112.36697376 
111  33.42526790 -112.36721755   1 
112  33.42546609 -112.36728668  33.42556846 -112.36725241 
111  33.42546609 -112.36728668   1 
111  33.42522751 -112.36752241 
112  33.42522751 -112.36752241  33.42512612 -112.36757875   1 
115  33.42503387 -112.36746155 
120 TL
111  33.42709776 -112.36880412  51 
111  33.42700729 -112.36865836  51 
112  33.42702599 -112.36837298  33.42713355 -112.36826988 
111  33.42702599 -112.36837298  51 
115  33.42940344 -112.36603088 
120 TL
111  33.42762017 -112.36887444  51 
111  33.42974189 -112.36678273  51 
115  33.43015749 -112.36637233 
120 TL
111  33.43028881 -112.36624346  51 
115  33.43184605 -112.36470980 
120 TL
111  33.43012564 -112.36669859  51 
111  33.42980534 -112.36617689  51 
111  33.42974297 -112.36607560  51 
111  33.42959092 -112.36582789  51 
112  33.42963364 -112.36535800  33.42981161 -112.36517405 
111  33.42963364 -112.36535800  51 
111  33.43123881 -112.36377474 
111  33.43141635 -112.36406208  51 
111  33.42981733 -112.36563275 
112  33.42981733 -112.36563275  33.42965203 -112.36578558  51 
115  33.42974297 -112.36607560 
120 TL
111  33.43175282 -112.36414797  51 
111  33.43189471 -112.36437786  51 
111  33.43212679 -112.36475603  51 
112  33.43184605 -112.36470980  33.43171821 -112.36480048 
111  33.43184605 -112.36470980 
112  33.43184605 -112.36470980  33.43194964 -112.36457599  51 
115  33.43189471 -112.36437786 
120 TL
111  33.43145048 -112.36365438   1 
111  33.43132035 -112.36344443   1 
115  33.43124057 -112.36331474 
120 TL
111  33.43305185 -112.36186135   1 
111  33.43192550 -112.36179909   1 
111  33.43176870 -112.36180228 
112  33.43176870 -112.36180228  33.43168295 -112.36180685   1 
111  33.43158193 -112.36194319   1 
111  33.43101471 -112.36262009 
112  33.43101471 -112.36262009  33.43097849 -112.36267481   1 
111  33.43100780 -112.36276652   1 
115  33.43108748 -112.36302302 
120 TL
111  33.43299634 -112.36187242   1 
111  33.43289589 -112.36191940   1 
111  33.43273963 -112.36204498 
112  33.43273963 -112.36204498  33.43265945 -112.36211529   1 
111  33.43254072 -112.36214988   1 
111  33.43246737 -112.36214760   1 
115  33.43213094 -112.36213711 
120 TL
111  33.43213094 -112.36213711   1 
111  33.43127441 -112.36315674 
112  33.43127441 -112.36315674  33.43120976 -112.36323034   1 
111  33.43124057 -112.36331474   1 
111  33.43113014 -112.36313571   1 
112  33.43108748 -112.36302302  33.43108344 -112.36297654 
111  33.43108748 -112.36302302 
112  33.43108748 -112.36302302  33.43108344 -112.36296782   1 
111  33.43112224 -112.36291294   1 
111  33.43177077 -112.36213021 
112  33.43177077 -112.36213021  33.43181380 -112.36206928   1 
111  33.43182260 -112.36199317   1 
111  33.43182441 -112.36195435 
112  33.43182441 -112.36195435  33.43183156 -112.36182054   1 
115  33.43192550 -112.36179909 
120 TL
111  33.43246737 -112.36214760   1 
111  33.43149110 -112.36333285   1 
112  33.43138568 -112.36355064  33.43134548 -112.36367437   1 
115  33.43123881 -112.36377474 
120 TL
111  33.43175282 -112.36414797  51 
112  33.43141635 -112.36406208  33.43122107 -112.36416021 
111  33.43141635 -112.36406208 
112  33.43141635 -112.36406208  33.43155336 -112.36393942  51 
111  33.43152527 -112.36377782  51 
112  33.43123881 -112.36377474  33.43110809 -112.36387664 
111  33.43123881 -112.36377474 
112  33.43123881 -112.36377474  33.43135850 -112.36361056  51 
115  33.43132035 -112.36344443 
120 TL
111  33.43252144 -112.36233881   1 
111  33.43147917 -112.36337681 
112  33.43147917 -112.36337681  33.43137779 -112.36349214   1 
111  33.43145048 -112.36365438  51 
111  33.43152527 -112.36377782  51 
115  33.43160064 -112.36389897 
120 TL
111  33.43403121 -112.36304937   1 
111  33.43375088 -112.36231988   1 
111  33.43363409 -112.36213923   1 
111  33.43347986 -112.36189854 
111  33.43343467 -112.36187896   1 
115  33.43305185 -112.36186135 
120 TL
111  33.43281644 -112.36283658   1 
111  33.43180592 -112.36382881 
112  33.43180592 -112.36382881  33.43170325 -112.36393778   1 
111  33.43175282 -112.36414797  51 
111  33.43160064 -112.36389897   1 
112  33.43163725 -112.36360427  33.43174384 -112.36350584 
111  33.43163725 -112.36360427   1 
115  33.43266172 -112.36259648 
120 TL
111  33.43305185 -112.36186135   1 
111  33.43299634 -112.36187242   1 
111  33.43287811 -112.36198839   1 
111  33.43276073 -112.36210373   1 
111  33.43264579 -112.36221658   1 
111  33.43252144 -112.36233881   1 
112  33.43261703 -112.36234836  33.43265962 -112.36239486 
111  33.43261703 -112.36234836 
111  33.43264579 -112.36221658   1 
112  33.43273082 -112.36223626  33.43276847 -112.36228266 
111  33.43273082 -112.36223626 
111  33.43276073 -112.36210373   1 
112  33.43284876 -112.36211948  33.43288211 -112.36215943 
111  33.43284876 -112.36211948 
111  33.43287811 -112.36198839   1 
112  33.43296460 -112.36200402  33.43299376 -112.36203666 
111  33.43296460 -112.36200402 
115  33.43299634 -112.36187242 
120 TL
112  33.43347986 -112.36189854  33.43343727 -112.36185317   1 
111  33.43336900 -112.36190090   1 
111  33.43334719 -112.36192342   1 
111  33.43325203 -112.36201677   1 
111  33.43323397 -112.36203385   1 
111  33.43313663 -112.36213010   1 
111  33.43311159 -112.36215461   1 
111  33.43301840 -112.36224606   1 
111  33.43299686 -112.36226729   1 
111  33.43290101 -112.36236140   1 
111  33.43287787 -112.36238422   1 
111  33.43278608 -112.36247425   1 
111  33.43275703 -112.36250264   1 
111  33.43266172 -112.36259648   1 
112  33.43275732 -112.36260604  33.43279991 -112.36265253 
111  33.43275732 -112.36260604 
111  33.43278608 -112.36247425   1 
112  33.43287110 -112.36249393  33.43290875 -112.36254033 
111  33.43287110 -112.36249393 
111  33.43290101 -112.36236140   1 
112  33.43298905 -112.36237715  33.43302239 -112.36241710 
111  33.43298905 -112.36237715 
111  33.43301840 -112.36224606   1 
112  33.43310489 -112.36226169  33.43313404 -112.36229433 
111  33.43310489 -112.36226169 
111  33.43313663 -112.36213010   1 
112  33.43322205 -112.36215172  33.43325438 -112.36218562 
111  33.43322205 -112.36215172 
111  33.43325203 -112.36201677   1 
112  33.43334088 -112.36203134  33.43337724 -112.36206330 
111  33.43334088 -112.36203134 
111  33.43334719 -112.36192342   1 
111  33.43323397 -112.36203385   1 
111  33.43311159 -112.36215461   1 
112  33.43299616 -112.36214585  33.43294776 -112.36208141 
111  33.43299616 -112.36214585 
111  33.43299686 -112.36226729   1 
112  33.43287618 -112.36226331  33.43282885 -112.36220659 
111  33.43287618 -112.36226331 
111  33.43287787 -112.36238422   1 
112  33.43277378 -112.36236818  33.43273398 -112.36231662 
111  33.43277378 -112.36236818 
111  33.43275703 -112.36250264   1 
116  33.43264705 -112.36249131  33.43260725 -112.36243975 
120 TL
112  33.43363409 -112.36213923  33.43359149 -112.36209386   1 
111  33.43352372 -112.36214188   1 
111  33.43350190 -112.36216351   1 
111  33.43340675 -112.36225686   1 
111  33.43338869 -112.36227395   1 
111  33.43329134 -112.36237019   1 
111  33.43326630 -112.36239471   1 
111  33.43317311 -112.36248616   1 
111  33.43315158 -112.36250739   1 
111  33.43305573 -112.36260150   1 
111  33.43303259 -112.36262432   1 
111  33.43294079 -112.36271435   1 
111  33.43291175 -112.36274274   1 
111  33.43281644 -112.36283658   1 
112  33.43291204 -112.36284613  33.43295463 -112.36289263 
111  33.43291204 -112.36284613 
111  33.43294079 -112.36271435   1 
112  33.43302582 -112.36273403  33.43306347 -112.36278043 
111  33.43302582 -112.36273403 
111  33.43305573 -112.36260150   1 
112  33.43314376 -112.36261724  33.43317711 -112.36265720 
111  33.43314376 -112.36261724 
111  33.43317311 -112.36248616   1 
112  33.43325960 -112.36250179  33.43328876 -112.36253443 
111  33.43325960 -112.36250179 
111  33.43329134 -112.36237019   1 
112  33.43337677 -112.36239182  33.43340909 -112.36242571 
111  33.43337677 -112.36239182 
111  33.43340675 -112.36225686   1 
112  33.43349559 -112.36227144  33.43353196 -112.36230340 
111  33.43349559 -112.36227144 
111  33.43350190 -112.36216351   1 
112  33.43341175 -112.36213078  33.43337452 -112.36208103 
111  33.43341175 -112.36213078 
111  33.43338869 -112.36227395   1 
112  33.43326921 -112.36226893  33.43322325 -112.36221854 
111  33.43326921 -112.36226893 
111  33.43326630 -112.36239471   1 
112  33.43315088 -112.36238595  33.43310247 -112.36232150 
111  33.43315088 -112.36238595 
111  33.43315158 -112.36250739   1 
112  33.43303089 -112.36250340  33.43298357 -112.36244669 
111  33.43303089 -112.36250340 
111  33.43303259 -112.36262432   1 
112  33.43292850 -112.36260828  33.43288870 -112.36255672 
111  33.43292850 -112.36260828 
111  33.43291175 -112.36274274   1 
116  33.43280177 -112.36273141  33.43276197 -112.36267985 
120 TL
111  33.43292333 -112.36453631   1 
111  33.43353299 -112.36393945   1 
112  33.43353324 -112.36345379  33.43339722 -112.36315185 
111  33.43353324 -112.36345379   1 
115  33.43322685 -112.36294770 
120 TL
111  33.43216178 -112.36612373  51 
111  33.43247927 -112.36581013 
112  33.43247927 -112.36581013  33.43260817 -112.36567165  51 
111  33.43254023 -112.36542712  51 
111  33.43234627 -112.36511175  51  59 
115  33.43212679 -112.36475603 
120 TL
111  33.43051624 -112.36733543  51 
111  33.43034740 -112.36705963  51  59 
111  33.43019422 -112.36681014  51 
112  33.42974189 -112.36678273  33.42951802 -112.36694180 
111  33.42974189 -112.36678273 
112  33.42974189 -112.36678273  33.42991499 -112.36658311  51 
111  33.42980534 -112.36617689 
112  33.42980534 -112.36617689  33.43000838 -112.36642641  51 
111  33.43028881 -112.36624346  51 
111  33.43015749 -112.36637233 
112  33.43015749 -112.36637233  33.43005791 -112.36647928  51 
111  33.43012564 -112.36669859  51 
115  33.43019422 -112.36681014 
120 TL
111  33.42786992 -112.37005477  51 
111  33.42765106 -112.36969996  51  59 
111  33.42742679 -112.36933793  51 
112  33.42721400 -112.36927438  33.42710747 -112.36936065 
111  33.42721400 -112.36927438  51 
111  33.42702249 -112.36946357  51 
112  33.42709776 -112.36880412  33.42697021 -112.36843087 
111  33.42709776 -112.36880412 
112  33.42709776 -112.36880412  33.42735361 -112.36904635  51 
111  33.42762017 -112.36887444  51 
111  33.42744431 -112.36904774 
112  33.42744431 -112.36904774  33.42734954 -112.36916394  51 
111  33.42742679 -112.36933793  51 
115  33.42709776 -112.36880412 
120 TL
111  33.42541938 -112.37277127  51 
111  33.42499607 -112.37318939  51 
112  33.42449321 -112.37331476  33.42421752 -112.37325238  51 
111  33.42413001 -112.37314062  51  59 
111  33.42404306 -112.37304240  51  59 
111  33.42397874 -112.37293852  51 
111  33.42383847 -112.37271290  51 
112  33.42372950 -112.37270923  33.42367427 -112.37275674 
111  33.42372950 -112.37270923  51 
111  33.42385951 -112.37258108 
112  33.42385951 -112.37258108  33.42381192 -112.37264930  51 
115  33.42383847 -112.37271290 
120 TL
111  33.42164083 -112.37557190  51  59 
111  33.42167399 -112.37519971  51 
112  33.42141295 -112.37499315  33.42117115 -112.37510392 
111  33.42141295 -112.37499315  51 
111  33.42184822 -112.37456402 
112  33.42184822 -112.37456402  33.42172456 -112.37469502  51 
111  33.42170296 -112.37487664  51 
115  33.42167399 -112.37519971 
120 TL
111  33.42076179 -112.37644053  51  59 
111  33.42048213 -112.37639859  51 
111  33.42021839 -112.37635894 
112  33.42021839 -112.37635894  33.42006238 -112.37633762  51 
111  33.41994559 -112.37643874  51 
111  33.42036208 -112.37602871 
112  33.42036208 -112.37602871  33.42022203 -112.37627247  51 
115  33.42048213 -112.37639859 
120 TL
111  33.41748873 -112.37762927   1 
111  33.41738965 -112.37746400 
112  33.41738965 -112.37746400  33.41744412 -112.37754704   1 
111  33.41738965 -112.37746400   1 
111  33.41734380 -112.37738907   1 
111  33.41729218 -112.37730498   1 
111  33.41724261 -112.37722411   1 
111  33.41719240 -112.37714217   1 
111  33.41713963 -112.37705612   1 
111  33.41708969 -112.37697452   1 
111  33.41704017 -112.37689369   1 
111  33.41698578 -112.37680503   1 
111  33.41693969 -112.37672977   1 
111  33.41688700 -112.37664354   1 
111  33.41683892 -112.37656543   1 
111  33.41678804 -112.37648207   1 
111  33.41673529 -112.37639600   1 
111  33.41668589 -112.37631559   1 
111  33.41659525 -112.37639835 
111  33.41678804 -112.37648207   1 
111  33.41669540 -112.37655872 
111  33.41688700 -112.37664354   1 
111  33.41679985 -112.37673092 
111  33.41698578 -112.37680503   1 
111  33.41689588 -112.37688658 
111  33.41708969 -112.37697452   1 
111  33.41700224 -112.37705705 
111  33.41719240 -112.37714217   1 
111  33.41710154 -112.37721818 
111  33.41729218 -112.37730498   1 
111  33.41720337 -112.37738308 
111  33.41734380 -112.37738907   1 
111  33.41724261 -112.37722411   1 
111  33.41713963 -112.37705612   1 
111  33.41704017 -112.37689369   1 
111  33.41693969 -112.37672977   1 
111  33.41683892 -112.37656543   1 
115  33.41673529 -112.37639600 
120 TL
111  33.41735019 -112.37788642   1 
112  33.41723354 -112.37788699  33.41719443 -112.37782282 
111  33.41723354 -112.37788699   1 
111  33.41711846 -112.37769949 
112  33.41711846 -112.37769949  33.41716852 -112.37777197   1 
111  33.41723670 -112.37771303 
111  33.41711846 -112.37769949   1 
111  33.41707261 -112.37762457   1 
111  33.41702099 -112.37754047   1 
111  33.41697142 -112.37745961   1 
111  33.41692120 -112.37737766   1 
111  33.41686844 -112.37729161   1 
111  33.41681850 -112.37721001   1 
111  33.41676898 -112.37712918   1 
111  33.41671459 -112.37704052   1 
111  33.41666849 -112.37696526   1 
111  33.41661581 -112.37687903   1 
111  33.41656772 -112.37680093   1 
111  33.41651685 -112.37671757   1 
111  33.41646409 -112.37663149   1 
111  33.41641469 -112.37655109   1 
111  33.41632405 -112.37663384 
111  33.41651685 -112.37671757   1 
111  33.41642420 -112.37679422 
111  33.41661581 -112.37687903   1 
111  33.41652865 -112.37696642 
111  33.41671459 -112.37704052   1 
111  33.41662468 -112.37712207 
111  33.41681850 -112.37721001   1 
111  33.41673105 -112.37729254 
111  33.41692120 -112.37737766   1 
111  33.41683034 -112.37745367 
111  33.41702099 -112.37754047   1 
111  33.41693218 -112.37761857 
111  33.41707261 -112.37762457   1 
111  33.41715592 -112.37754016 
111  33.41697142 -112.37745961   1 
111  33.41705661 -112.37737682 
111  33.41686844 -112.37729161   1 
111  33.41695527 -112.37721015 
111  33.41676898 -112.37712918   1 
111  33.41685363 -112.37705094 
111  33.41666849 -112.37696526   1 
111  33.41675299 -112.37688405 
111  33.41656772 -112.37680093   1 
111  33.41665070 -112.37671954 
111  33.41646409 -112.37663149   1 
115  33.41654362 -112.37655916 
120 TL
111  33.41708752 -112.37814734   1 
112  33.41696219 -112.37814091  33.41691574 -112.37806705 
111  33.41696219 -112.37814091   1 
111  33.41684711 -112.37795341 
112  33.41684711 -112.37795341  33.41690158 -112.37803644   1 
111  33.41697225 -112.37797563 
111  33.41684711 -112.37795341   1 
111  33.41680126 -112.37787848   1 
111  33.41674964 -112.37779439   1 
111  33.41670007 -112.37771352   1 
111  33.41664986 -112.37763158   1 
111  33.41659709 -112.37754553   1 
111  33.41654715 -112.37746392   1 
111  33.41649763 -112.37738309   1 
111  33.41644324 -112.37729444   1 
111  33.41639715 -112.37721918   1 
111  33.41634447 -112.37713294   1 
111  33.41629638 -112.37705484   1 
111  33.41624550 -112.37697148   1 
111  33.41619275 -112.37688540   1 
111  33.41614335 -112.37680500   1 
111  33.41605271 -112.37688775 
111  33.41624550 -112.37697148   1 
111  33.41615286 -112.37704813 
111  33.41634447 -112.37713294   1 
111  33.41625731 -112.37722033 
111  33.41644324 -112.37729444   1 
111  33.41635334 -112.37737599 
111  33.41654715 -112.37746392   1 
111  33.41645970 -112.37754645 
111  33.41664986 -112.37763158   1 
111  33.41655900 -112.37770759 
111  33.41674964 -112.37779439   1 
111  33.41666083 -112.37787249 
111  33.41680126 -112.37787848   1 
111  33.41688458 -112.37779408 
111  33.41670007 -112.37771352   1 
111  33.41678526 -112.37763073 
111  33.41659709 -112.37754553   1 
111  33.41668392 -112.37746406 
111  33.41649763 -112.37738309   1 
111  33.41658228 -112.37730485 
111  33.41639715 -112.37721918   1 
111  33.41648164 -112.37713797 
111  33.41629638 -112.37705484   1 
111  33.41637935 -112.37697345 
111  33.41619275 -112.37688540   1 
115  33.41627227 -112.37681307 
120 TL
111  33.41685170 -112.37838139   1 
112  33.41673056 -112.37837380  33.41668411 -112.37829994 
111  33.41673056 -112.37837380   1 
111  33.41661548 -112.37818630 
112  33.41661548 -112.37818630  33.41666995 -112.37826933   1 
111  33.41673920 -112.37820700 
111  33.41661548 -112.37818630   1 
111  33.41656963 -112.37811137   1 
111  33.41651801 -112.37802728   1 
111  33.41646844 -112.37794641   1 
111  33.41641823 -112.37786447   1 
111  33.41636546 -112.37777842   1 
111  33.41631552 -112.37769681   1 
111  33.41626600 -112.37761598   1 
111  33.41621161 -112.37752733   1 
111  33.41616551 -112.37745207   1 
111  33.41611283 -112.37736584   1 
111  33.41606475 -112.37728773   1 
111  33.41601387 -112.37720437   1 
111  33.41596112 -112.37711830   1 
111  33.41591172 -112.37703789   1 
111  33.41582107 -112.37712274 
111  33.41601387 -112.37720437   1 
111  33.41592122 -112.37728102 
111  33.41611283 -112.37736584   1 
111  33.41602568 -112.37745322 
111  33.41621161 -112.37752733   1 
111  33.41612171 -112.37760888 
111  33.41631552 -112.37769681   1 
111  33.41622807 -112.37777934 
111  33.41641823 -112.37786447   1 
111  33.41632737 -112.37794048 
111  33.41651801 -112.37802728   1 
111  33.41642920 -112.37810538 
111  33.41656963 -112.37811137   1 
111  33.41665295 -112.37802697 
111  33.41646844 -112.37794641   1 
111  33.41655363 -112.37786363 
111  33.41636546 -112.37777842   1 
111  33.41645229 -112.37769695 
111  33.41626600 -112.37761598   1 
111  33.41635065 -112.37753775 
111  33.41616551 -112.37745207   1 
111  33.41625001 -112.37737086 
111  33.41606475 -112.37728773   1 
111  33.41614772 -112.37720634 
111  33.41596112 -112.37711830   1 
115  33.41604064 -112.37704596 
120 TL
111  33.41661522 -112.37861624   1 
112  33.41649786 -112.37861181  33.41644974 -112.37854330 
111  33.41649786 -112.37861181   1 
111  33.41638279 -112.37842431 
112  33.41638279 -112.37842431  33.41643726 -112.37850735   1 
111  33.41650261 -112.37844197 
111  33.41638279 -112.37842431   1 
111  33.41633694 -112.37834939   1 
111  33.41628532 -112.37826529   1 
111  33.41623575 -112.37818443   1 
111  33.41618553 -112.37810248   1 
111  33.41613277 -112.37801643   1 
111  33.41608283 -112.37793483   1 
111  33.41603331 -112.37785400   1 
111  33.41597892 -112.37776534   1 
111  33.41593282 -112.37769008   1 
111  33.41588014 -112.37760385   1 
111  33.41583205 -112.37752575   1 
111  33.41578118 -112.37744239   1 
111  33.41572842 -112.37735631   1 
111  33.41567902 -112.37727590   1 
111  33.41558838 -112.37735866 
111  33.41578118 -112.37744239   1 
111  33.41568853 -112.37751904 
111  33.41588014 -112.37760385   1 
111  33.41579298 -112.37769123 
111  33.41597892 -112.37776534   1 
111  33.41588901 -112.37784689 
111  33.41608283 -112.37793483   1 
111  33.41599538 -112.37801736 
111  33.41618553 -112.37810248   1 
111  33.41609467 -112.37817849 
111  33.41628532 -112.37826529   1 
111  33.41619651 -112.37834339 
111  33.41633694 -112.37834939   1 
111  33.41642025 -112.37826498 
111  33.41623575 -112.37818443   1 
111  33.41632094 -112.37810164 
111  33.41613277 -112.37801643   1 
111  33.41621960 -112.37793497 
111  33.41603331 -112.37785400   1 
111  33.41611796 -112.37777576 
111  33.41593282 -112.37769008   1 
111  33.41601732 -112.37760887 
111  33.41583205 -112.37752575   1 
111  33.41591503 -112.37744436 
111  33.41572842 -112.37735631   1 
115  33.41580795 -112.37728398 
120 TL
111  33.41637465 -112.37885525   1 
112  33.41625435 -112.37884821  33.41620790 -112.37877436 
111  33.41625435 -112.37884821   1 
111  33.41613928 -112.37866071 
112  33.41613928 -112.37866071  33.41619375 -112.37874375   1 
111  33.41626168 -112.37868125 
111  33.41613928 -112.37866071   1 
111  33.41609343 -112.37858579   1 
111  33.41604181 -112.37850169   1 
111  33.41599224 -112.37842083   1 
111  33.41594202 -112.37833888   1 
111  33.41588926 -112.37825283   1 
111  33.41583932 -112.37817123   1 
111  33.41578980 -112.37809040   1 
111  33.41573541 -112.37800174   1 
111  33.41568931 -112.37792648   1 
111  33.41563663 -112.37784025   1 
111  33.41558854 -112.37776215   1 
111  33.41553767 -112.37767878   1 
111  33.41548491 -112.37759271   1 
111  33.41543551 -112.37751230   1 
111  33.41534487 -112.37759506 
111  33.41553767 -112.37767878   1 
111  33.41544502 -112.37775544 
111  33.41563663 -112.37784025   1 
111  33.41554947 -112.37792763 
111  33.41573541 -112.37800174   1 
111  33.41564550 -112.37808329 
111  33.41583932 -112.37817123   1 
111  33.41575187 -112.37825376 
111  33.41594202 -112.37833888   1 
111  33.41585116 -112.37841489 
111  33.41604181 -112.37850169   1 
111  33.41595300 -112.37857979 
111  33.41609343 -112.37858579   1 
111  33.41617674 -112.37850138 
111  33.41599224 -112.37842083   1 
111  33.41607742 -112.37833804 
111  33.41588926 -112.37825283   1 
111  33.41597609 -112.37817136 
111  33.41578980 -112.37809040   1 
111  33.41587445 -112.37801216 
111  33.41568931 -112.37792648   1 
111  33.41577381 -112.37784527 
111  33.41558854 -112.37776215   1 
111  33.41567152 -112.37768075 
111  33.41548491 -112.37759271   1 
115  33.41556444 -112.37752038 
120 TL
111  33.41590288 -112.37890005   1 
112  33.41602750 -112.37891365  33.41608943 -112.37885497 
111  33.41602750 -112.37891365   1 
111  33.41626168 -112.37868125   1 
111  33.41650261 -112.37844197   1 
111  33.41673920 -112.37820700   1 
111  33.41697225 -112.37797563   1 
111  33.41723670 -112.37771303   1 
111  33.41731091 -112.37763923 
112  33.41731091 -112.37763923  33.41739348 -112.37755883   1 
111  33.41748873 -112.37762927   1 
115  33.41759086 -112.37779743 
120 TL
111  33.41782453 -112.37818437   1 
111  33.41759086 -112.37779743   1 
112  33.41744144 -112.37779580  33.41737094 -112.37786445 
111  33.41744144 -112.37779580   1 
111  33.41735019 -112.37788642   1 
111  33.41708752 -112.37814734   1 
111  33.41685170 -112.37838139   1 
111  33.41661522 -112.37861624   1 
111  33.41637465 -112.37885525   1 
111  33.41617374 -112.37905502   1 
112  33.41598989 -112.37904374  33.41591808 -112.37893022 
111  33.41598989 -112.37904374   1 
111  33.41590288 -112.37890005   1 
111  33.41585353 -112.37881952   1 
111  33.41575422 -112.37865670   1 
111  33.41565261 -112.37848956   1 
111  33.41555404 -112.37832778   1 
111  33.41545086 -112.37815870   1 
111  33.41535274 -112.37799750   1 
111  33.41525379 -112.37783503   1 
111  33.41533272 -112.37775629 
111  33.41535274 -112.37799750   1 
111  33.41543125 -112.37791978 
111  33.41545086 -112.37815870   1 
111  33.41552780 -112.37807871 
111  33.41555404 -112.37832778   1 
111  33.41563357 -112.37824935 
111  33.41565261 -112.37848956   1 
111  33.41573024 -112.37841392 
111  33.41575422 -112.37865670   1 
111  33.41583461 -112.37858174 
111  33.41585353 -112.37881952   1 
115  33.41593339 -112.37874661 
120 TL
111  33.41811638 -112.37824152  51 
111  33.41778760 -112.37856590 
111  33.41768147 -112.37867140  51 
111  33.41432152 -112.38198033 
112  33.41432152 -112.38198033  33.41414193 -112.38217243  51 
111  33.41426166 -112.38244136  51  59 
111  33.41443588 -112.38271778  51 
111  33.41455884 -112.38291265  51 
116  33.41474698 -112.38302279  33.41486380 -112.38304903 
120 TL
111  33.41838422 -112.37910758  51 
111  33.41820313 -112.37880610  51  59 
112  33.41791394 -112.37860584  33.41774673 -112.37860045 
111  33.41791394 -112.37860584 
112  33.41791394 -112.37860584  33.41777375 -112.37860045  51 
111  33.41768147 -112.37867140  51 
111  33.41778760 -112.37856590  51 
112  33.41782453 -112.37818437  33.41774474 -112.37801589 
111  33.41782453 -112.37818437 
112  33.41782453 -112.37818437  33.41794023 -112.37832538  51 
111  33.41811638 -112.37824152  51 
111  33.41821727 -112.37814355  51 
112  33.41811802 -112.37838696  33.41809988 -112.37853144 
111  33.41811802 -112.37838696 
112  33.41811802 -112.37838696  33.41808810 -112.37860639  51  59 
115  33.41820313 -112.37880610 
120 TL
111  33.43240067 -112.36467552   1 
111  33.43325200 -112.36383891   1 
111  33.43356534 -112.36307364   1 
112  33.43403121 -112.36304937  33.43428287 -112.36339137 
111  33.43403121 -112.36304937 
112  33.43403121 -112.36304937  33.43416011 -112.36328473   1 
111  33.43397382 -112.36350647   1 
115  33.43353299 -112.36393945 
120 TL
111  33.42434083 -112.36434173  20 
115  33.42407175 -112.36461084 
120 TL
111  33.42446933 -112.36591428  20 
115  33.42491970 -112.36546546 
120 TL
111  33.42579326 -112.36740730  20 
111  33.42626479 -112.36817467  20 
111  33.42600905 -112.36842833  20 
111  33.42549454 -112.36758851 
111  33.42512238 -112.36760455  20 
111  33.42503387 -112.36746155  20 
111  33.42422366 -112.36615912  20 
111  33.42446933 -112.36591428  20 
111  33.42526790 -112.36721755  20 
111  33.42536000 -112.36737011 
111  33.42561059 -112.36711171  20 
111  33.42552577 -112.36697376  20 
111  33.42407175 -112.36461084  20 
111  33.42382893 -112.36485412  20 
111  33.42425067 -112.36554519 
111  33.42400085 -112.36578788  20 
111  33.42357887 -112.36510431  20 
115  33.42382893 -112.36485412 
120 TB
111  33.43029555 -112.36601018  53 
115  33.43173283 -112.36466168 
120 TB
111  33.41825085 -112.37952019  53 102 
112  33.41828221 -112.37914452  33.41817334 -112.37892428 
111  33.41828221 -112.37914452  53 102 
111  33.41812543 -112.37888155 
112  33.41812543 -112.37888155  33.41798622 -112.37868055  53 102 
111  33.41781186 -112.37880954  53 102 
111  33.41723176 -112.37926661 
111  33.41878166 -112.37773574  53 102 
111  33.41829266 -112.37833995  53 102 
112  33.41827698 -112.37873128  33.41839299 -112.37894938 
111  33.41827698 -112.37873128  53 102 
111  33.41843638 -112.37898486 
112  33.41843638 -112.37898486  33.41857559 -112.37916233  53 102 
115  33.41874211 -112.37904434 
120 TB
111  33.42759717 -112.37032691  53 102 
112  33.42763404 -112.36988015  33.42754079 -112.36963881 
111  33.42763404 -112.36988015  53 102 
111  33.42738374 -112.36946988 
112  33.42738374 -112.36946988  33.42729795 -112.36933879  53 102 
111  33.42718942 -112.36943363 
111  33.42762384 -112.36900106  53 102 
112  33.42752991 -112.36929714  33.42760700 -112.36941483 
111  33.42752991 -112.36929714  53 102 
111  33.42786155 -112.36984020 
112  33.42786155 -112.36984020  33.42791875 -112.36989234  53 102 
115  33.42809058 -112.36984177 
120 RM
111  33.42911881 -112.36653105  20 
112  33.42916073 -112.36638035  33.42919953 -112.36633290 
111  33.42916073 -112.36638035  20 
111  33.42948907 -112.36605833  20 
112  33.42968788 -112.36594895  33.42976869 -112.36592958 
111  33.42968788 -112.36594895  20 
111  33.42978577 -112.36592369  20 
112  33.42999295 -112.36584074  33.43007700 -112.36577295 
111  33.42999295 -112.36584074  20 
111  33.43199677 -112.36386596 
112  33.43199677 -112.36386596  33.43210864 -112.36378218  20 
111  33.43218924 -112.36389108  20 
111  33.43261848 -112.36446648  20 
112  33.43285096 -112.36447105  33.43296283 -112.36436794 
111  33.43285096 -112.36447105  20 
111  33.43390398 -112.36342753  20 
111  33.43438658 -112.36243143  20 
111  33.43447996 -112.36192925 
111  33.43451807 -112.36193610  20 
111  33.43442279 -112.36244074  20 
111  33.43393877 -112.36345230  20 
111  33.43288379 -112.36449343 
112  33.43288379 -112.36449343  33.43274719 -112.36464036  20 
111  33.43259033 -112.36449571  20 
111  33.43215961 -112.36392287  20 
112  33.43203135 -112.36389746  33.43196143 -112.36394515 
111  33.43203135 -112.36389746  20 
111  33.43001381 -112.36586440 
112  33.43001381 -112.36586440  33.42993623 -112.36592153  20 
111  33.42984688 -112.36594961  20 
111  33.42972080 -112.36597918 
112  33.42972080 -112.36597918  33.42959392 -112.36601404  20 
111  33.42951338 -112.36609315  20 
111  33.42918581 -112.36640241 
112  33.42918581 -112.36640241  33.42916075 -112.36643146  20 
115  33.42915535 -112.36649172 
14   33.42652791 -112.36819266  100 0 Tower Viewpoint
15   33.42512664 -112.36697075 311.00 East T Hanger
15   33.43212679 -112.36475603 309.97 Hold SHort Rwy21
15   33.41426166 -112.38244136 307.76 Hold Short Rwy3
15   33.43003224 -112.36520130 130.56 Lux Air Jet Center
15   33.41591291 -112.37829848 310.00 West T Hanger
18   33.42738472 -112.36732029 1 Rotating Beacon
19   33.42802701 -112.36901477 0 Windsock
19   33.41573749 -112.38128717 0 Windsock
19   33.42210879 -112.37322474 1 Windsock
20   33.41702755 -112.38155147 219.50  0 2 {@B}1
20   33.43082245 -112.36794892  39.50  0 2 {@B}1
20   33.41914405 -112.37946094 219.50  0 2 {@B}2
20   33.42868928 -112.37005446  39.50  0 2 {@B}2
20   33.42124695 -112.37737677 219.50  0 2 {@B}3
20   33.42656994 -112.37213977  39.50  0 2 {@B}3
20   33.42336464 -112.37529471 219.50  0 2 {@B}4
20   33.42445085 -112.37422704  39.50  0 2 {@B}4
20   33.42547342 -112.37321321 219.50  0 2 {@B}5
20   33.42233162 -112.37631907  39.50  0 2 {@B}5
20   33.42758522 -112.37113429 219.50  0 2 {@B}6
20   33.42020925 -112.37841142  39.50  0 2 {@B}6
20   33.42971574 -112.36903743 219.50  0 2 {@B}7
20   33.41808483 -112.38050358  39.50  0 2 {@B}7
20   33.43183354 -112.36695147 219.50  0 2 {@B}8
20   33.41596310 -112.38259647  39.50  0 2 {@B}8
20   33.43174243 -112.36525657  39.50  0 2 {@L}A{@Y,^l}A1{^r}
20   33.42981216 -112.36700937  39.50  0 2 {@L}A{@Y,^l}A2{^r}
20   33.42715036 -112.36960980  39.50  0 2 {@L}A{@Y,^l}A3{^r}
20   33.41771263 -112.37899780  39.50  0 2 {@L}A{@Y,^l}A7{^r}
20   33.43015412 -112.36599251 219.50  0 2 {@L}A{@Y,^r}A2{^l}
20   33.42745049 -112.36862309 219.50  0 2 {@L}A{@Y,^r}A3{^l}
20   33.42390650 -112.37220320 219.50  0 2 {@L}A{@Y,^r}A4
20   33.41812110 -112.37796248 219.50  0 2 {@L}A{@Y,^r}A7{^l}
20   33.42036379 -112.37568135 219.50  0 2 {@L}A{@Y,^rd}A6
20   33.42185014 -112.37423372 219.50  0 2 {@L}A{@Y,^ru}A5
20   33.43218392 -112.36526443 309.50  0 2 {@L}A1{@R}3-21{@@,@Y,safety}{@L}A1
20   33.43017417 -112.36722552 309.50  0 2 {@L}A2{@R}3-21{@@,@Y,safety}{@L}A2
20   33.43031052 -112.36659677 129.50  0 2 {@L}A2{@Y,^l}A{^r}
20   33.42966806 -112.36630065 309.50  0 2 {@L}A2{@Y,^l}A{^r}
20   33.42749693 -112.36986085 308.61  0 2 {@L}A3{@R}3-21{@@,@Y,safety}{@L}A3
20   33.42762422 -112.36927813 129.50  0 2 {@L}A3{@Y,^l}A{^r}
20   33.42688517 -112.36881136 309.50  0 2 {@L}A3{@Y,^l}A{^r}
20   33.42404455 -112.37330192 327.20  0 2 {@L}A4{@R}3-21{@@,@Y,safety}{@L}A4
20   33.42405460 -112.37275892 129.50  0 2 {@L}A4{@Y,^l}A{^r}
20   33.42150223 -112.37556003 265.67  0 2 {@L}A5{@R}3-21{@@,@Y,safety}{@L}A5
20   33.42183090 -112.37513980  83.46  0 2 {@L}A5{@Y,^lu}A{^rd}
20   33.42074341 -112.37664750 352.97  0 2 {@L}A6{@R}3-21{@@,@Y,safety}{@L}A6
20   33.42058276 -112.37626580 178.47  0 2 {@L}A6{@Y,^ld}A{^ru}
20   33.41804175 -112.37896788 309.50  0 2 {@L}A7{@R}3-21{@@,@Y,safety}{@L}A7
20   33.41835622 -112.37852103 129.50  0 2 {@L}A7{@Y,^l}A{^r}
20   33.41759944 -112.37817179 309.50  0 2 {@L}A7{@Y,^l}A{^r}
20   33.41427764 -112.38286970 309.50  0 2 {@L}A8{@R}3-21{@@,@Y,safety}{@L}A8
20   33.43077549 -112.36700916 219.50  0 2 {@Y,^l}A2
20   33.42368486 -112.37303140  39.50  0 2 {@Y,^l}A4{@L}A
20   33.42133132 -112.37531922  39.50  0 2 {@Y,^l}A5{@L}A
20   33.42003343 -112.37660672  39.50  0 2 {@Y,^lu}A6{@L}A
20   33.43223765 -112.36558814  39.50  0 2 {@Y}A1{^r}
20   33.43020069 -112.36758611  39.50  0 2 {@Y}A2{^r}
20   33.42805921 -112.36966945 213.93  0 2 {@Y}A3{^l}
20   33.42751567 -112.37022198  39.50  0 2 {@Y}A3{^r}
20   33.42471743 -112.37296714 219.50  0 2 {@Y}A4{^lu}
20   33.42070029 -112.37693151  39.50  0 2 {@Y}A5{^ru}
20   33.42205951 -112.37557900 219.50  0 2 {@Y}A6{^lu}
20   33.41886213 -112.37873499 213.93  0 2 {@Y}A7{^l}
20   33.41807299 -112.37953855  40.88  0 2 {@Y}A7{^r}
20   33.41518914 -112.38237127 219.50  0 2 {@Y}A8{^l}
50 11835 ATIS
51 12295 UNICOM
53 12170 GND
54 12010 GOODYEAR TWR
55 12545 LUKE APP/DEP

99
