I
1050 Generated by WorldEditor 2.3.0r2

1   1100 0 0 CBB9 Osoyoos
100 18.29 1 0 0.00 0 0 0 12  49.04050615 -119.49492325    0    0 0 0 0 0 30  49.03519532 -119.48815123    0    0 0 0 0 0
110 1 0.00 0.0000 New Taxiway 397
112  49.04034229 -119.49506063  49.04028189 -119.49510237
111  49.04034229 -119.49506063
111  49.04031479 -119.49503681
111  49.04023970 -119.49511733
111  49.04016684 -119.49503568
111  49.04011405 -119.49469658
111  49.04000031 -119.49440511
111  49.04055732 -119.49482662
112  49.04055732 -119.49482662  49.04066587 -119.49498993
111  49.04059317 -119.49525465
111  49.04027743 -119.49567421
111  49.04013828 -119.49549255
111  49.04042482 -119.49519896
114  49.04042482 -119.49519896  49.04046251 -119.49510130
110 1 0.00 0.0000 New Taxiway 396
111  49.03542252 -119.48858459
111  49.03516157 -119.48857552
111  49.03503875 -119.48843768
113  49.03515277 -119.48822864
110 1 0.00 0.0000 New Taxiway 395
111  49.03737218 -119.49107796
111  49.03724457 -119.49109869
111  49.03707678 -119.49140504
111  49.03700306 -119.49131224
111  49.03717085 -119.49100589
113  49.03715449 -119.49078815
130 Airport Boundary 398
111  49.03364441 -119.48630391
111  49.03356117 -119.48529094
111  49.03366476 -119.48408890
111  49.03411060 -119.48413123
111  49.03428635 -119.48434850
111  49.03456939 -119.48446983
111  49.03481358 -119.48476045
111  49.03495233 -119.48495515
111  49.03503557 -119.48538405
111  49.03519097 -119.48561543
111  49.03603269 -119.48637729
111  49.03629353 -119.48679773
111  49.03655623 -119.48683441
111  49.03683927 -119.48669330
111  49.03709456 -119.48666226
111  49.03737760 -119.48696702
111  49.03747935 -119.48718712
111  49.03758665 -119.48797724
111  49.03761439 -119.48810422
111  49.03798993 -119.48851056
111  49.03817678 -119.48856418
111  49.03905365 -119.48820579
111  49.03922385 -119.48821708
111  49.03960050 -119.48869792
111  49.03962980 -119.48878326
111  49.03962713 -119.48922619
111  49.03967775 -119.48955128
111  49.03967508 -119.48969350
111  49.03942734 -119.49014862
111  49.03945664 -119.49037212
111  49.04149987 -119.49341985
111  49.04152651 -119.49404566
111  49.04077795 -119.49507783
111  49.03936341 -119.49703239
111  49.03444918 -119.48864269
113  49.03384615 -119.48726656
1300  49.03710022 -119.49124517  50.25 tie_down props Apron
1301 A general_aviation 
19  49.03728464 -119.49155039 0 New Windsock 7
51 12320 Osoyoos Traffic
99
