A
1000 Generated by Infinite Flight Airport Editing (World Parser)/AB

1      948 1 1 SPAP Picota
100   15.54   2   0 0.25 0 2 0 01  -06.90475176 -076.38407397    0.00    0.00 2 10 0 0 19  -06.89524844 -076.38203923    0.00    0.00 2 10 0 0
21  -06.90294115 -076.38393441  1  12.00   3.00 01  VASI
21  -06.89705905 -076.38217878  1 192.00   3.00 19  VASI
110   2 0.30  12.00 Default taxiway for RWY 01
111 -06.90476584 -076.38400727  53 102 
111 -06.90483902 -076.38366047  53 102 
111 -06.89533570 -076.38162569  53 102 
111 -06.89526252 -076.38197249 
112 -06.89539936 -076.38200179 -06.89533140 -076.38198492  53 102 
111 -06.89534885 -076.38190222  53 102 
112 -06.89537212 -076.38179196 -06.89538957 -076.38170926  53 102 
111 -06.89545799 -076.38172391  53 102 
111 -06.90003860 -076.38270468  53 102 
111 -06.89997997 -076.38298256 
111 -06.90004839 -076.38299720  53 102 
111 -06.90010702 -076.38271932  53 102 
112 -06.90468764 -076.38370008 -06.90475605 -076.38371473  53 102 
111 -06.90473860 -076.38379743  53 102 
112 -06.90471533 -076.38390770 -06.90469788 -076.38399040  53 102 
113 -06.90462901 -076.38397797 
120 Default hold RWY 01 (near)
111 -06.90479539 -076.38386722  54 
115 -06.90472697 -076.38385257 
120 Default hold RWY 01 (centre)
111 -06.90007794 -076.38285715  54 
115 -06.90000952 -076.38284251 
120 Default hold RWY 01 (far)
111 -06.89536049 -076.38184709  54 
115 -06.89529207 -076.38183244 
18  -06.89989859 -076.38353766 1 BCN
19  -06.90484525 -076.38430867 1 WS
19  -06.89515494 -076.38180453 1 WS


130 Airport Boundary
111 -006.90483904 -076.38365936
111 -006.90476561 -076.38401031
111 -006.90475178 -076.38407135
111 -006.89524841 -076.38204193
113 -006.89533567 -076.38162231
99
