A
1000 Generated by Infinite Flight Airport Editing (World Parser)/AB

1      233 1 1 ZBSJ ZHENGDING
100   45.11   2   0 0.25 1 3 0 15   38.29359200  114.68681100    0.00   57.91 3  1 0 1 33   38.26778100  114.70778600    0.00   60.96 3  1 0 1
21   38.29170229  114.68895333  2 147.46   3.00 15  PAPI-4L
21   38.27016708  114.70524208  2 327.47   3.00 33  PAPI-4L
110   2 0.30 147.46 Default taxiway for RWY 15
111  38.29348403  114.68659539  53 102 
111  38.29293690  114.68550286  53 102 
111  38.26712777  114.70648579  53 102 
111  38.26767490  114.70757793 
112  38.26801713  114.70729970  38.26784480  114.70743639  53 102 
111  38.26771378  114.70717486  53 102 
112  38.26753909  114.70682614  38.26740807  114.70656461  53 102 
111  38.26757919  114.70642550  53 102 
111  38.28005597  114.69628187  53 102 
111  38.28049391  114.69715622 
111  38.28066502  114.69701710  53 102 
111  38.28022708  114.69614275  53 102 
112  38.29270386  114.68599912  38.29287498  114.68586000  53 102 
111  38.29300600  114.68612162  53 102 
112  38.29318069  114.68647046  38.29331171  114.68673209  53 102 
113  38.29314180  114.68687362 
120 Default hold RWY 15 (near)
111  38.29326445  114.68615693  54 
115  38.29309334  114.68629604 
120 Default hold RWY 15 (centre)
111  38.28044544  114.69657872  54 
115  38.28027433  114.69671784 
120 Default hold RWY 15 (far)
111  38.26762643  114.70700050  54 
115  38.26745532  114.70713962 
18   38.28145331  114.69882682 1 BCN
19   38.29426178  114.68718684 1 WS
19   38.26711129  114.70741010 1 WS
54 11835 SHIJIAZHUANG TWR
54 13000 SHIJIAZHUANG TWR


130 Airport Boundary
111  038.26712799  114.70648193
111  038.29293823  114.68550110
111  038.29348373  114.68659210
111  038.29359055  114.68681335
111  038.26778030  114.70778656
113  038.26767349  114.70758057
99
