A
1000 Generated by Infinite Flight Airport Editing (World Parser)/AB

1      674 0 1 6M6  LEWIS CO RGNL
100   18.29   2   0 0.25 0 2 0 18   40.13397800 -091.67811700    0.00    0.00 2  0 0 1 36   40.12437500 -091.67842200    0.00    0.00 2  0 0 1
21   40.13217188 -091.67780769  2 181.39   3.00 18  PAPI-4L
21   40.12618112 -091.67873130  2   1.39   3.00 36  PAPI-4L
110   2 0.30 181.39 Default taxiway for RWY 18
111  40.13397994 -091.67822166  53 102 
111  40.13398999 -091.67876261  53 102 
111  40.12438699 -091.67906755  53 102 
111  40.12437694 -091.67852668 
112  40.12454147 -091.67852146  40.12445927 -091.67852702  53 102 
111  40.12446167 -091.67865612  53 102 
112  40.12446486 -091.67882826  40.12446726 -091.67895736  53 102 
111  40.12454952 -091.67895475  53 102 
111  40.12914536 -091.67880880  53 102 
111  40.12913731 -091.67837548 
111  40.12921957 -091.67837286  53 102 
111  40.12922762 -091.67880618  53 102 
112  40.13382346 -091.67866023  40.13390572 -091.67865761  53 102 
111  40.13390332 -091.67852849  53 102 
112  40.13390013 -091.67835633  40.13389773 -091.67822721  53 102 
113  40.13381541 -091.67822689 
120 Default hold RWY 18 (near)
111  40.13398399 -091.67843980  54 
115  40.13390172 -091.67844241 
120 Default hold RWY 18 (centre)
111  40.12922362 -091.67859099  54 
115  40.12914136 -091.67859361 
120 Default hold RWY 18 (far)
111  40.12446326 -091.67874219  54 
115  40.12438099 -091.67874480 
18   40.12916521 -091.67751629 1 BCN
19   40.13413654 -091.67778897 1 WS
19   40.12421646 -091.67874998 1 WS
51 12270 CTAF/UNICOM


130 Airport Boundary
111  040.12437439 -091.67842102
111  040.12438583 -091.67906952
111  040.13399124 -091.67876434
113  040.13397980 -091.67811584
99
