A
1000 Generated by Infinite Flight Airport Editing (World Parser)

1      643 1 0 KBEH SOUTHWEST MICHIGAN RGNL
100   30.48   1   0 0.25 0 3 0 09   42.12793600 -086.43679700    0.00    0.00 2  0 0 1 27   42.12783100 -086.41796900  174.04    0.00 3  8 0 0
100   30.48   1   0 0.25 0 2 0 13   42.13266700 -086.43377800    0.00    0.00 2  0 0 1 31   42.12596900 -086.42371400    0.00    0.00 2  0 0 1
100   30.48   1   0 0.25 0 2 0 18   42.13267800 -086.43027500    0.00    0.00 2  0 0 0 36   42.12583300 -086.43027500    0.00    0.00 2  0 0 0
21   42.12823079 -086.43436716  1  90.43   3.00 09  VASI
21   42.13169431 -086.43169410  1 131.90   3.00 13  VASI
21   42.12694187 -086.42579754  1 311.91   3.00 31  VASI
110   2 0.00   0.00 xxx
111  42.12444796 -086.42541454 
111  42.12636804 -086.42541454 
111  42.12636804 -086.42559946 
113  42.12444796 -086.42559946 
110   2 0.00   0.00 xxx
111  42.12558755 -086.43484454 
111  42.12641045 -086.43484454 
111  42.12641045 -086.43502946 
113  42.12558755 -086.43502946 
110   2 0.00 179.29 xxx
111  42.12561972 -086.43051278 
111  42.12479689 -086.43049903 
111  42.12480028 -086.43012922 
113  42.12562311 -086.43014297 
110   2 0.00  90.00 xxx
111  42.12514143 -086.43195267 
111  42.12514143 -086.43047333 
111  42.12527857 -086.43047333 
113  42.12527857 -086.43195267 
110   2 0.00   0.00 xxx
111  42.12511525 -086.43524854 
111  42.12648675 -086.43524854 
111  42.12648675 -086.43543346 
113  42.12511525 -086.43543346 
110   2 0.00   0.00 xxx
111  42.12650425 -086.43550708 
111  42.12787575 -086.43550708 
111  42.12787575 -086.43587692 
113  42.12650425 -086.43587692 
110   2 0.00   0.00 xxx
111  42.12650425 -086.41943208 
111  42.12787575 -086.41943208 
111  42.12787575 -086.41980192 
113  42.12650425 -086.41980192 
110   2 0.00   0.00 xxx
111  42.12650425 -086.43650608 
111  42.12787575 -086.43650608 
111  42.12787575 -086.43687592 
113  42.12650425 -086.43687592 
110   2 0.00   0.00 xxx
111  42.12650425 -086.41794408 
111  42.12787575 -086.41794408 
111  42.12787575 -086.41831392 
113  42.12650425 -086.41831392 
110   2 0.00 127.00 xxx
111  42.12627146 -086.42409133 
111  42.12602385 -086.42364828 
111  42.12633054 -086.42333667 
113  42.12657815 -086.42377972 
110   2 0.00   0.00 xxx
111  42.12566181 -086.43290508 
111  42.12785619 -086.43290508 
111  42.12785619 -086.43327492 
113  42.12566181 -086.43327492 
110   2 0.00  90.44 xxx
111  42.12573567 -086.42964069 
111  42.12571461 -086.42594241 
111  42.12640033 -086.42593531 
113  42.12642139 -086.42963359 
110   2 0.00  90.44 xxx
111  42.12641564 -086.43686702 
111  42.12630807 -086.41797982 
111  42.12658236 -086.41797698 
113  42.12668993 -086.43686418 
110   2 0.00   0.00 xxx
111  42.12502425 -086.43187733 
111  42.12639575 -086.43187733 
111  42.12639575 -086.43335667 
113  42.12502425 -086.43335667 
130 Airport Boundary 4
111  42.12915601 -086.44240938 
111  42.12652776 -086.44232226 
111  42.12655410 -086.43718824 
111  42.12332265 -086.43705917 
111  42.12320297 -086.43457444 
111  42.12171890 -086.43470352 
111  42.12040238 -086.43367091 
111  42.12188645 -086.43025038 
111  42.12219763 -086.42287210 
111  42.12315510 -086.42283984 
111  42.12617111 -086.41722501 
111  42.12645835 -086.41706367 
111  42.12641048 -086.40987900 
111  42.12957011 -086.40997581 
111  42.12954617 -086.42168949 
111  42.12906744 -086.42323841 
111  42.12916319 -086.42604582 
111  42.13292124 -086.42953089 
111  42.13543458 -086.42940181 
111  42.13553033 -086.43149930 
111  42.13395896 -086.43356972 
111  42.13582841 -086.43637393 
111  42.13432758 -086.43811325 
111  42.13182620 -086.43449262 
111  42.13072033 -086.43474110 
111  42.13014106 -086.43687088 
113  42.12914051 -086.43683538 
18   42.12925750 -086.42898050 1 BCN
19   42.12834947 -086.43716273 1 WS
19   42.13315643 -086.43368277 1 WS
19   42.13295230 -086.42972018 1 WS
19   42.12555870 -086.43082975 1 WS
19   42.12547958 -086.42380930 1 WS
19   42.12741747 -086.41760339 1 WS
50 12155 ASOS
51 12300 CTAF/UNICOM
52 11970 SOUTH BEND CLNC DEL
55 11855 SOUTH BEND APP/DEP

99
