A
1000 Generated by Infinite Flight Airport Editing (World Parser)/AB

1      209 1 0 GCTS Tenerife Sur
100   45.11   1   1 0.00 0 2 1 08   28.03920303 -016.58763669    0.00    0.00 3  4 0 1 26   28.04974697 -016.55733931    0.00    0.00 3  4 0 1
102 H1   28.05060841 -016.56252910  69.32   25.91   27.13   2 0   0 0.00 1
21   28.04016385 -016.58349973  3  68.47   3.00 08  PAPI-4R
21   28.04097879 -016.58384500  2  70.81   3.00 08  PAPI-4L
21   28.04866000 -016.56181872  3 248.49   3.00 26  PAPI-4R
21   28.04784243 -016.56144479  2 248.49   3.00 26  PAPI-4L
110   2 0.00  68.50 APRON TERM
111  28.04407237 -016.58528085 
111  28.04369510 -016.58510599 
111  28.04331783 -016.58618430 
111  28.04217744 -016.58566943 
111  28.04712017 -016.57123730 
111  28.04897411 -016.57203935 
111  28.04537085 -016.58245201 
111  28.04548893 -016.58250380 
113  28.04462112 -016.58505390 
110   2 0.00  70.00 Taxiway 2
111  28.04190148 -016.58589953  53 
112  28.04167726 -016.58686589  28.04166274 -016.58692072  53 
112  28.04171735 -016.58710678  28.04174639 -016.58717258  53 
112  28.04205887 -016.58775327  28.04208013 -016.58779846  53 
112  28.04209353 -016.58808535  28.04204675 -016.58821030  53 
112  28.04133386 -016.59035170  28.04117886 -016.59080445  53 
112  28.04027063 -016.59063911  28.03992724 -016.59038787  53 
112  28.03951494 -016.58989996  28.03939295 -016.58974434  53 
111  28.03922767 -016.58949331 
111  28.03915103 -016.58962777 102 
112  28.03904202 -016.58947053  28.03900835 -016.58941901 102 
111  28.03893880 -016.58926348 
111  28.03887159 -016.58946984 
111  28.03832976 -016.58922700 
111  28.03892141 -016.58750518 
111  28.03939620 -016.58772195 
111  28.03949022 -016.58817395 102 
111  28.03939496 -016.58817171 102 
112  28.03936530 -016.58866545  28.03941215 -016.58881851 102 
111  28.03951164 -016.58899392 
111  28.03942144 -016.58915338  53 
112  28.03958697 -016.58935574  28.03964237 -016.58940879  53 
112  28.03992044 -016.58969722  28.03998273 -016.58974210  53 
112  28.04019831 -016.58960663  28.04029336 -016.58943236  53 
112  28.04040449 -016.58921262  28.04043643 -016.58914276  53 
112  28.04034163 -016.58903719  28.04031758 -016.58902016  53 
111  28.04010041 -016.58884185 
111  28.04014696 -016.58878129 
112  28.04054434 -016.58885322  28.04069133 -016.58883407 
114  28.04106229 -016.58836847  28.04120330 -016.58796060 
110   1 0.00  70.00 Taxiway 1
112  28.04226309 -016.58572262  28.04220718 -016.58569689 102 
112  28.04197595 -016.58602683  28.04191974 -016.58622821 102 
112  28.04175823 -016.58690362  28.04174273 -016.58697518 102 
112  28.04214147 -016.58772077  28.04222659 -016.58789652 102 
112  28.04218528 -016.58815834  28.04212653 -016.58832603 102 
112  28.04142263 -016.59041635  28.04128310 -016.59083730 102 
112  28.04030747 -016.59087296  28.03982394 -016.59056121 102 
112  28.03949005 -016.59010817  28.03937099 -016.58996100 102 
111  28.03915149 -016.58962764 
111  28.03951134 -016.58899351 102 
112  28.03968408 -016.58921733  28.03974812 -016.58929225 102 
112  28.03996719 -016.58952104  28.04003601 -016.58956087 102 
112  28.04010178 -016.58942462  28.04016219 -016.58932774 102 
112  28.04021640 -016.58923301  28.04025894 -016.58915045 102 
112  28.04005027 -016.58899367  28.03993284 -016.58888059 102 
112  28.03969533 -016.58852137  28.03955437 -016.58832265 102 
111  28.03949030 -016.58817442 
111  28.03939120 -016.58771973 
111  28.04038170 -016.58487838 
112  28.04025229 -016.58540783  28.04021006 -016.58560102 102 
112  28.04017722 -016.58635482  28.04023530 -016.58684834 102 
112  28.04029885 -016.58728528  28.04031412 -016.58735864 102 
112  28.04037345 -016.58747380  28.04042185 -016.58749573 102 
112  28.04064648 -016.58759867  28.04067920 -016.58761203 102 
112  28.04082279 -016.58750268  28.04087527 -016.58740311 102 
112  28.04128050 -016.58647955  28.04133757 -016.58631146 102 
112  28.04244142 -016.58312550  28.04250401 -016.58294373 102 
112  28.04255567 -016.58239784  28.04256163 -016.58220424 102 
112  28.04272950 -016.57873793  28.04274390 -016.57848721 102 
111  28.04254723 -016.57867852 
111  28.04363766 -016.57562173 102 
112  28.04343815 -016.57637484  28.04339169 -016.57655809 102 
112  28.04326921 -016.57728866  28.04325679 -016.57762027 102 
112  28.04310326 -016.58064796  28.04309424 -016.58080171 102 
112  28.04320140 -016.58075202  28.04325342 -016.58063169 102 
112  28.04356203 -016.57986673  28.04363208 -016.57965787 102 
112  28.04745472 -016.56860333  28.04755456 -016.56829468 102 
112  28.04705182 -016.56846436  28.04675547 -016.56882659 102 
112  28.04605589 -016.56981576  28.04587811 -016.57004420 102 
112  28.04532637 -016.57098497  28.04527615 -016.57108461 102 
111  28.04494429 -016.57177298 
111  28.04621912 -016.56810794 102 
112  28.04626694 -016.56838594  28.04631409 -016.56848211 102 
112  28.04658907 -016.56840099  28.04676030 -016.56818471 102 
112  28.04807197 -016.56649803  28.04820004 -016.56631867 102 
112  28.04832251 -016.56609008  28.04837910 -016.56594047 102 
112  28.04883087 -016.56462951  28.04889318 -016.56445044 102 
112  28.04896819 -016.56405844  28.04897298 -016.56402583 102 
112  28.04892683 -016.56401648  28.04889130 -016.56403932 102 
112  28.04853789 -016.56430948  28.04844556 -016.56440883 102 
112  28.04769948 -016.56524170  28.04752898 -016.56544690 102 
112  28.04707328 -016.56615811  28.04695935 -016.56638124 102 
111  28.04669152 -016.56694416 
111  28.04741501 -016.56467061 102 
112  28.04753511 -016.56476107  28.04775143 -016.56452769 102 
112  28.04945110 -016.56267383  28.04948228 -016.56262967 102 
112  28.04963799 -016.56235711  28.04970570 -016.56216363 102 
112  28.05047510 -016.55997894  28.05052187 -016.55984743 102 
112  28.05050256 -016.55964533  28.05049763 -016.55947296 102 
112  28.05048409 -016.55906536  28.05047998 -016.55898546 102 
112  28.05037800 -016.55886243  28.05030992 -016.55883873 102 
112  28.04997598 -016.55870395  28.04986881 -016.55866598 102 
112  28.04953979 -016.55890740  28.04942107 -016.55906720 102 
111  28.04925401 -016.55938140 
111  28.04993432 -016.55742773 
111  28.04955534 -016.55725829 
111  28.04975447 -016.55667298 
111  28.05013077 -016.55684692 
111  28.04999446 -016.55725131 102 
112  28.05056747 -016.55709103  28.05088574 -016.55699356 102 
112  28.05156143 -016.55828231  28.05112757 -016.55953265 102 
111  28.05024852 -016.56207166 
111  28.05084266 -016.56233026  20 
111  28.05079562 -016.56246812 
111  28.05020279 -016.56220784 102 
112  28.04766693 -016.56954239  28.04763168 -016.56965475 102 
112  28.04768715 -016.56985122  28.04780907 -016.56990494 
112  28.04950196 -016.57066559  28.04957105 -016.57069443 
112  28.04957161 -016.57092072  28.04953888 -016.57101961  20 
111  28.04523180 -016.58370021 
111  28.04568339 -016.58390034 
111  28.04537153 -016.58483036 
111  28.04490635 -016.58463151  20 
112  28.04474554 -016.58510123  28.04473072 -016.58514207  20 
112  28.04466668 -016.58520096  28.04462701 -016.58522344  20 
112  28.04391589 -016.58553411  28.04379589 -016.58559591  20 
112  28.04372674 -016.58582955  28.04368310 -016.58594903  20 
112  28.04353301 -016.58637753  28.04348937 -016.58649289  20 
112  28.04328939 -016.58646377  28.04318393 -016.58642257  20 
112  28.04269436 -016.58621317  28.04261930 -016.58617820 
112  28.04262594 -016.58609736  28.04264174 -016.58604947 
113  28.04269010 -016.58590898 102 
111  28.05090001 -016.55876405 102 
112  28.05109245 -016.55820055  28.05114205 -016.55805328 102 
112  28.05099925 -016.55764528  28.05083798 -016.55754532 102 
112  28.05061238 -016.55762338  28.05049831 -016.55767742 102 
112  28.05017781 -016.55790124  28.05008985 -016.55797280 102 
111  28.04991005 -016.55820709 102 
112  28.05013563 -016.55823241  28.05022998 -016.55827326 102 
114  28.05061701 -016.55843583  28.05077468 -016.55850140 102 
112  28.04059184 -016.58814030  28.04056050 -016.58812741 102 
112  28.04014802 -016.58794094  28.04000134 -016.58787691 102 
112  28.03984670 -016.58754616  28.03979914 -016.58749228 102 
112  28.03981208 -016.58769163  28.03983522 -016.58777777 102 
112  28.03997960 -016.58816901  28.04003249 -016.58828887 102 
112  28.04028506 -016.58843128  28.04051564 -016.58853638 102 
114  28.04070235 -016.58826969  28.04072565 -016.58818519 102 
111  28.04805050 -016.57129047 
111  28.04788460 -016.57121307 
111  28.04790091 -016.57116563 
112  28.04785471 -016.57115640  28.04783079 -016.57116539 
112  28.04781407 -016.57123582  28.04779827 -016.57128301 
112  28.04791482 -016.57140271  28.04796726 -016.57142727 
113  28.04800056 -016.57143960 
111  28.04755190 -016.57104917 
112  28.04758167 -016.57096212  28.04759401 -016.57092717 
112  28.04754179 -016.57093995  28.04753036 -016.57097073 
112  28.04749815 -016.57106146  28.04747276 -016.57113558 
112  28.04755727 -016.57123475  28.04764099 -016.57127049 
112  28.04769106 -016.57118097  28.04770483 -016.57114132 
112  28.04771836 -016.57109960  28.04772961 -016.57106449 
112  28.04768367 -016.57107290  28.04767611 -016.57109573 
113  28.04767276 -016.57110524 
112  28.04738254 -016.57099102  28.04744331 -016.57081557 
112  28.04748843 -016.57068649  28.04750419 -016.57063672 
112  28.04746035 -016.57061282  28.04744095 -016.57060383 
112  28.04739440 -016.57058407  28.04736897 -016.57057261 102 
112  28.04733147 -016.57060165  28.04731683 -016.57064119 102 
114  28.04720914 -016.57094648  28.04715674 -016.57110654 
112  28.04767232 -016.57015416  28.04768464 -016.57011534 
112  28.04764973 -016.57009419  28.04762193 -016.57008072 
112  28.04756382 -016.57005428  28.04753188 -016.57004102 102 
112  28.04750882 -016.57007841  28.04749742 -016.57010764 102 
112  28.04745066 -016.57024639  28.04743939 -016.57028293 102 
112  28.04746634 -016.57032270  28.04749152 -016.57033459 
112  28.04755058 -016.57036053  28.04757247 -016.57036978 
114  28.04761479 -016.57032692  28.04763137 -016.57028672 
120 Linear Feature 2
111  28.04499506 -016.58395818  22 
115  28.04367751 -016.58336368 
120 Linear Feature 3
111  28.04438201 -016.58359733  22 
115  28.04785458 -016.57353612 
120 Linear Feature 5
111  28.04843640 -016.57380735  22 
112  28.04830972 -016.57374914  28.04828030 -016.57373247  22 
112  28.04818546 -016.57360984  28.04811192 -016.57357889  22 
115  28.04729135 -016.57321970 
120 Linear Feature 6
111  28.04773088 -016.57562814  22 
115  28.04726641 -016.57540613 
120 Linear Feature 7
111  28.04716958 -016.57537244  22 
115  28.04660983 -016.57512702 
120 Linear Feature 8
111  28.04637563 -016.57957983  22 
111  28.04598110 -016.57915089 
111  28.04598093 -016.57882754  22 
115  28.04530773 -016.57852175 
120 Linear Feature 9
111  28.04534138 -016.58064735  22 
115  28.04467356 -016.58034326 
120 Linear Feature 1
111  28.04274157 -016.58614904  22 
112  28.04333608 -016.58639882  28.04339860 -016.58642177  22 
112  28.04348522 -016.58630057  28.04352169 -016.58619744  22 
112  28.04369860 -016.58571120  28.04373509 -016.58561860  22 
112  28.04393680 -016.58543209  28.04407549 -016.58537186  22 
112  28.04463294 -016.58512582  28.04467584 -016.58510323  22 
112  28.04471026 -016.58501139  28.04473457 -016.58493564  22 
112  28.04604703 -016.58108471  28.04608764 -016.58096218  22 
112  28.04636447 -016.57987472  28.04638733 -016.57978803  22 
112  28.04651264 -016.57939850  28.04656188 -016.57925504  22 
112  28.04768578 -016.57602048  28.04771216 -016.57594575  22 
112  28.04786419 -016.57551138  28.04788815 -016.57544213  22 
112  28.04809085 -016.57504493  28.04812592 -016.57494226  22 
112  28.04948654 -016.57097939  28.04952461 -016.57086769  22 
112  28.04939770 -016.57070026  28.04927249 -016.57064292  22 
112  28.04858720 -016.57034344  28.04852042 -016.57031536  22 
112  28.04842330 -016.57039323  28.04839054 -016.57047210  22 
115  28.04805371 -016.57145622 
120 Linear Feature 4
111  28.04906213 -016.57197846  22 
112  28.04817119 -016.57158089  28.04808738 -016.57154559  22 
112  28.04795996 -016.57152219  28.04790542 -016.57149780  22 
112  28.04775252 -016.57142838  28.04771382 -016.57141013  22 
112  28.04767172 -016.57148494  28.04765403 -016.57153467  22 
112  28.04746182 -016.57210749  28.04743702 -016.57218318  22 
112  28.04745168 -016.57257849  28.04742385 -016.57265871  22 
112  28.04605755 -016.57660701  28.04597913 -016.57683901  22 
112  28.04553715 -016.57768499  28.04546058 -016.57790955  22 
112  28.04371393 -016.58295827  28.04366494 -016.58310290  22 
112  28.04355841 -016.58353106  28.04350218 -016.58369477  22 
115  28.04268785 -016.58604837 
120 Linear Feature 27
111  28.04399306 -016.58377039  51 
115  28.04539579 -016.58438927 
120 Linear Feature 24
112  28.04190184 -016.58589978  28.04200955 -016.58557349  53 
112  28.04229273 -016.58562527  28.04247172 -016.58570744  53 
115  28.04333194 -016.58608540 
120 Linear Feature 25
112  28.04180852 -016.58566591  28.04186250 -016.58553661  51 101 
112  28.04224464 -016.58543285  28.04250308 -016.58555336  51 101 
112  28.04284522 -016.58570761  28.04308938 -016.58581686  51 101 
112  28.04342303 -016.58534991  28.04352681 -016.58503990  51 101 
112  28.04397977 -016.58374065  28.04406700 -016.58349200  51 101 
112  28.04419826 -016.58276222  28.04427772 -016.58253988  51 101 
112  28.04446000 -016.58200839  28.04455069 -016.58174158  51 101 
112  28.04429911 -016.58151457  28.04412392 -016.58143222  51 101 
112  28.04363828 -016.58120608  28.04348470 -016.58114035  51 101 
116  28.04330141 -016.58135839  28.04322478 -016.58156509 
120 Linear Feature 17
112  28.04687433 -016.57105110  28.04680074 -016.57127163  51 101 
112  28.04703858 -016.57148426  28.04719186 -016.57155481  51 101 
112  28.04765493 -016.57176039  28.04787853 -016.57186558  51 101 
112  28.04781779 -016.57234869  28.04773833 -016.57258574  51 101 
115  28.04445978 -016.58200776 
120 Linear Feature 18
112  28.04703848 -016.57148414  28.04688255 -016.57141555  51 101 
116  28.04667105 -016.57163773  28.04660498 -016.57182188 
120 Linear Feature 19
111  28.04772046 -016.57149396  20 
112  28.04751328 -016.57210801  28.04746841 -016.57225349  20 
112  28.04749244 -016.57258354  28.04746083 -016.57267010  20 
112  28.04732532 -016.57306845  28.04729060 -016.57316399  20 
112  28.04737943 -016.57320802  28.04742308 -016.57322802  20 
112  28.04821250 -016.57357363  28.04827494 -016.57360212  20 
112  28.04833487 -016.57371072  28.04835595 -016.57371991  20 
112  28.04842520 -016.57375040  28.04844051 -016.57375449  20 
112  28.04846976 -016.57371676  28.04848416 -016.57367599  20 
112  28.04902262 -016.57210402  28.04903826 -016.57205811  20 
112  28.04897306 -016.57198845  28.04891803 -016.57196426  20 
112  28.04815704 -016.57163477  28.04807756 -016.57159954  20 
114  28.04795031 -016.57159541  28.04791614 -016.57157893  20 
120 Linear Feature 20
111  28.04713102 -016.57224894  51 
115  28.04659684 -016.57201798 
120 Linear Feature 20
111  28.04716635 -016.57282613  51 
115  28.04642304 -016.57249692 
120 Linear Feature 20
111  28.04698895 -016.57334452  51 
115  28.04624336 -016.57301884 
120 Linear Feature 20
111  28.04681357 -016.57384141  51 
115  28.04606726 -016.57351828 
120 Linear Feature 20
111  28.04285610 -016.58499488  51 
115  28.04219456 -016.58470750 
120 Linear Feature 20
111  28.04306298 -016.58464552  51 
115  28.04233147 -016.58431924 
120 Linear Feature 20
111  28.04325370 -016.58410617  51 
115  28.04252204 -016.58377701 
120 Linear Feature 20
111  28.04340772 -016.58365142  51 
115  28.04267606 -016.58332227 
120 Linear Feature 20
111  28.04356235 -016.58320478  51 
115  28.04282590 -016.58288110 
120 Linear Feature 20
111  28.04370001 -016.58281274  51 
115  28.04296202 -016.58248104 
120 Linear Feature 20
111  28.04384817 -016.58239147  51 
115  28.04310522 -016.58206270 
120 Linear Feature 20
111  28.04443257 -016.58069063  51 
115  28.04369111 -016.58036866 
120 Linear Feature 20
111  28.04457488 -016.58029239  51 
115  28.04382036 -016.57996486 
120 Linear Feature 20
111  28.04472824 -016.57984177  51 
115  28.04397915 -016.57950606 
120 Linear Feature 20
111  28.04492038 -016.57929437  51 
115  28.04417264 -016.57896161 
120 Linear Feature 20
111  28.04508480 -016.57882177  51 
115  28.04433370 -016.57849170 
120 Linear Feature 20
111  28.04520376 -016.57848228  51 
115  28.04445333 -016.57814706 
120 Linear Feature 20
111  28.04532909 -016.57812075  51 
115  28.04457251 -016.57778195 
120 Linear Feature 20
111  28.04545883 -016.57774730  51 
115  28.04470465 -016.57741442 
120 Linear Feature 20
111  28.04589756 -016.57648550  51 
115  28.04516181 -016.57615764 
120 Linear Feature 20
111  28.04607486 -016.57597389  51 
115  28.04533333 -016.57564663 
120 Linear Feature 20
111  28.04625631 -016.57544412  51 
115  28.04550204 -016.57511117 
120 Linear Feature 20
111  28.04666575 -016.57427285  51 
115  28.04591760 -016.57394456 
120 Linear Feature 20
111  28.04799547 -016.57462863  51 
115  28.04718451 -016.57426949 
120 Linear Feature 20
111  28.04486692 -016.58362342  51 
115  28.04411038 -016.58328895 
120 Linear Feature 20
111  28.04503197 -016.58313286  51 
115  28.04422100 -016.58277372 
120 Linear Feature 20
111  28.04520753 -016.58263994  51 
115  28.04439657 -016.58228080 
120 Linear Feature 20
111  28.04536042 -016.58213412  51 
115  28.04454946 -016.58177499 
120 Linear Feature 20
111  28.04557663 -016.58156901  51 
115  28.04476567 -016.58120987 
120 Linear Feature 20
111  28.04589795 -016.58063587  51 
115  28.04508699 -016.58027674 
120 Linear Feature 20
111  28.04614540 -016.57992274  51 
115  28.04533443 -016.57956361 
120 Linear Feature 20
111  28.04663829 -016.57851765  51 
115  28.04582733 -016.57815852 
120 Linear Feature 20
111  28.04682276 -016.57796410  51 
115  28.04601180 -016.57760496 
120 Linear Feature 20
111  28.04702142 -016.57740317  51 
115  28.04621045 -016.57704403 
120 Linear Feature 20
111  28.04719702 -016.57688097  51 
115  28.04638605 -016.57652183 
120 Linear Feature 20
111  28.04737435 -016.57636110  51 
115  28.04656339 -016.57600197 
120 Linear Feature 20
111  28.04756978 -016.57585013  51 
115  28.04675881 -016.57549100 
120 Linear Feature 20
111  28.04815515 -016.57415915  51 
115  28.04734419 -016.57380002 
120 Linear Feature 20
111  28.04879567 -016.57231203  51 
115  28.04798471 -016.57195289 
120 Linear Feature 20
111  28.04859378 -016.57290185  51 
115  28.04778282 -016.57254272 
120 Linear Feature 20
111  28.04842358 -016.57338797  51 
115  28.04761262 -016.57302883 
120 Linear Feature 21
111  28.04442711 -016.58220549  51 
115  28.04505152 -016.58308066 
120 Linear Feature 22
112  28.04429879 -016.58151459  28.04450056 -016.58160750  51 101 
116  28.04470732 -016.58129621  28.04477873 -016.58110487 
120 Linear Feature 23
111  28.04650149 -016.57894368  51 
115  28.04549534 -016.57909176 
120 Linear Feature 23
111  28.04604247 -016.57996580  51 
115  28.04520208 -016.57992968 
120 Linear Feature 23
111  28.04547930 -016.58159736  51 
115  28.04463891 -016.58156124 
120 Linear Feature 24
111  28.04612741 -016.57982249  51 
115  28.04549099 -016.57913638 
120 Linear Feature 24
111  28.04555656 -016.58145694  51 
115  28.04492014 -016.58077082 
120 Linear Feature 26
111  28.04599152 -016.57766674  51 
115  28.04698794 -016.57742608 
120 Linear Feature 25
111  28.04666105 -016.57840971  51 
115  28.04579400 -016.57831219 
120 Linear Feature 27
112  28.04674424 -016.57543993  28.04687357 -016.57504647  51 101 
112  28.04654886 -016.57489598  28.04639945 -016.57482876  51 101 
112  28.04597506 -016.57463269  28.04584853 -016.57457749  51 101 
116  28.04555073 -016.57486866  28.04545258 -016.57514667 
120 Linear Feature 27
112  28.04594751 -016.57773077  28.04607683 -016.57733730  51 101 
112  28.04575212 -016.57718681  28.04560271 -016.57711960  51 101 
112  28.04517833 -016.57692353  28.04505179 -016.57686832  51 101 
116  28.04475764 -016.57715674  28.04465949 -016.57743475 
120 Linear Feature 28
112  28.04575188 -016.57718669  28.04590445 -016.57725714  51 101 
116  28.04619196 -016.57702846  28.04628683 -016.57677258 
120 Linear Feature 28
112  28.04654802 -016.57489546  28.04670059 -016.57496591  51 101 
116  28.04698852 -016.57473733  28.04708339 -016.57448144 
120 Linear Feature 29
112  28.04597493 -016.57463264  28.04582292 -016.57455950  51 101 
116  28.04578527 -016.57419326  28.04586444 -016.57395881 
120 Linear Feature 29
112  28.04517806 -016.57692317  28.04502605 -016.57685003  51 101 
116  28.04499236 -016.57647989  28.04507153 -016.57624544 
120 Linear Feature 30
111  28.04654876 -016.57489568  51 
112  28.04694736 -016.57507768  28.04704802 -016.57512209  51 
112  28.04732164 -016.57517656  28.04743586 -016.57514817  51 
115  28.04784558 -016.57500309 
120 Linear Feature 32
112  28.04224470 -016.58543249  28.04208009 -016.58535543  51 101 
116  28.04206492 -016.58492567  28.04214229 -016.58470141 
120 Linear Feature 34
111  28.04360620 -016.58487906  51 
112  28.04403302 -016.58507000  28.04409542 -016.58509661  51 
112  28.04423551 -016.58503060  28.04429495 -016.58500121  51 
112  28.04444018 -016.58492188  28.04452667 -016.58487330  51 
112  28.04440914 -016.58469387  28.04435655 -016.58467003  51 
115  28.04376822 -016.58440527 
120 Linear Feature 35
112  28.04439765 -016.58468894  28.04444856 -016.58471196  51 
112  28.04453932 -016.58466648  28.04457212 -016.58464158  51 
112  28.04466182 -016.58455925  28.04468427 -016.58449329  51 
112  28.04477810 -016.58422453  28.04479789 -016.58416745  51 
116  28.04470391 -016.58408398  28.04466804 -016.58406823 
120 Linear Feature 36
111  28.04417320 -016.58458577  51 
115  28.04439496 -016.58394838 
120 Linear Feature 36
111  28.04396825 -016.58504192  51 
115  28.04413270 -016.58457069 
120 Linear Feature 36
111  28.04437974 -016.58467929  51 
115  28.04460080 -016.58404032 
120 Linear Feature 39
112  28.04380855 -016.58336330  28.04375773 -016.58333771  20 
112  28.04374643 -016.58299269  28.04384808 -016.58269837  20 
112  28.04460923 -016.58050149  28.04463435 -016.58042537  20 
112  28.04476023 -016.58044439  28.04481448 -016.58046442  20 
112  28.04525786 -016.58067024  28.04530320 -016.58069045  20 
112  28.04529756 -016.58079811  28.04527627 -016.58085723  20 
112  28.04438044 -016.58349038  28.04435859 -016.58355388  20 
114  28.04424298 -016.58355969  28.04416223 -016.58352700  20 
120 Linear Feature 41
112  28.04448959 -016.58366473  28.04444500 -016.58364198  20 
112  28.04445125 -016.58351468  28.04447824 -016.58343813  20 
112  28.04589596 -016.57932553  28.04592396 -016.57925679  20 
112  28.04607032 -016.57932030  28.04613475 -016.57939591  20 
112  28.04628654 -016.57958432  28.04633912 -016.57965708  20 
112  28.04629666 -016.57989419  28.04625551 -016.58004273  20 
112  28.04599863 -016.58104411  28.04593277 -016.58123937  20 
112  28.04504051 -016.58383851  28.04501863 -016.58389922  20 
114  28.04495208 -016.58387189  28.04490965 -016.58385113  20 
120 Linear Feature 42
112  28.04479530 -016.58033556  28.04474044 -016.58030923  20 
112  28.04472642 -016.58017817  28.04475857 -016.58008634  20 
112  28.04525528 -016.57864059  28.04528459 -016.57856504  20 
112  28.04538271 -016.57860775  28.04543244 -016.57863066  20 
112  28.04588991 -016.57884347  28.04593815 -016.57886989  20 
112  28.04592504 -016.57898763  28.04590964 -016.57903416  20 
112  28.04539600 -016.58050408  28.04537862 -016.58055516  20 
114  28.04528857 -016.58055401  28.04521761 -016.58052044  20 
120 Linear Feature 43
112  28.04541274 -016.57851071  28.04536795 -016.57849030  20 
112  28.04534853 -016.57838568  28.04538040 -016.57829899  20 
112  28.04558109 -016.57770320  28.04562710 -016.57757289  20 
112  28.04609235 -016.57663032  28.04617476 -016.57638409  20 
112  28.04656035 -016.57526168  28.04658453 -016.57519214  20 
112  28.04667526 -016.57519878  28.04673220 -016.57522295  20 
112  28.04707251 -016.57538150  28.04713820 -016.57541395  20 
112  28.04712226 -016.57554101  28.04709874 -016.57561359  20 
112  28.04603013 -016.57869065  28.04600446 -016.57874882  20 
114  28.04591719 -016.57874882  28.04587945 -016.57872997  20 
120 Linear Feature 44
112  28.04670724 -016.57512382  28.04667258 -016.57511035  20 
112  28.04664146 -016.57501889  28.04665976 -016.57496227  20 
112  28.04723299 -016.57334140  28.04725796 -016.57327195  20 
112  28.04735831 -016.57329757  28.04740389 -016.57331839  20 
112  28.04774018 -016.57346848  28.04778849 -016.57349284  20 
112  28.04779764 -016.57359871  28.04777859 -016.57366035  20 
112  28.04722379 -016.57524294  28.04719997 -016.57531299  20 
114  28.04710124 -016.57530069  28.04704014 -016.57527577  20 
120 Linear Feature 45
112  28.04735236 -016.57539381  28.04730116 -016.57536747  20 
112  28.04730358 -016.57525963  28.04732466 -016.57519098  20 
112  28.04785637 -016.57364588  28.04786954 -016.57360707  20 
112  28.04798451 -016.57357122  28.04805726 -016.57360085  20 
112  28.04817720 -016.57365778  28.04821938 -016.57367825  20 
112  28.04829765 -016.57380397  28.04833523 -016.57382048  20 
112  28.04840267 -016.57391183  28.04837581 -016.57399201  20 
112  28.04802587 -016.57501848  28.04800263 -016.57508256  20 
112  28.04779694 -016.57544862  28.04777370 -016.57552583  20 
114  28.04766202 -016.57553945  28.04760007 -016.57550998  20 
120 Linear Feature 46
112  28.04612317 -016.57921976  28.04608156 -016.57916376  20 
112  28.04603594 -016.57895001  28.04606861 -016.57883897  20 
112  28.04719847 -016.57555788  28.04723628 -016.57546269  20 
112  28.04732356 -016.57549148  28.04737702 -016.57551607  20 
112  28.04767682 -016.57566625  28.04771185 -016.57568583  20 
112  28.04769664 -016.57575511  28.04767797 -016.57581437  20 
112  28.04644548 -016.57940541  28.04641768 -016.57948487  20 
114  28.04632441 -016.57944185  28.04625237 -016.57936104  20 
120 Linear Feature 47
112  28.04942543 -016.57095174  28.04940409 -016.57101798  20 
112  28.04911920 -016.57184046  28.04909986 -016.57189560  20 
112  28.04901381 -016.57190090  28.04893496 -016.57186670  20 
112  28.04821646 -016.57154389  28.04817213 -016.57152672  20 
112  28.04814344 -016.57136047  28.04817706 -016.57125450  20 
112  28.04843159 -016.57052593  28.04846511 -016.57043488  20 
112  28.04856833 -016.57042096  28.04861789 -016.57044293  20 
114  28.04940024 -016.57079480  28.04944055 -016.57081426  20 
120 Linear Feature 9
112  28.03920486 -016.58763616  28.03894933 -016.58836170  51 101 
112  28.03911620 -016.58890054  28.03924162 -016.58922142  51 101 
112  28.03955763 -016.58963786  28.03964609 -016.58974757  51 101 
112  28.03985443 -016.58994735  28.03997280 -016.59003546  51 101 
112  28.04040215 -016.58972560  28.04052374 -016.58936811  51 101 
112  28.05133490 -016.55818110  28.05157912 -016.55747204  51 101 
112  28.05069758 -016.55735176  28.05041653 -016.55744627  51 101 
112  28.05000915 -016.55771849  28.04971959 -016.55794273  51 101 
116  28.04916622 -016.55900388  28.04894436 -016.55961236 
120 Linear Feature 10
112  28.04147026 -016.58664211  28.04142064 -016.58679631  51 101 
112  28.04144875 -016.58709860  28.04151898 -016.58722729  51 101 
112  28.04189945 -016.58786271  28.04192526 -016.58791790  51 101 
112  28.04193541 -016.58814621  28.04188780 -016.58831358  51 101 
112  28.04123294 -016.59021991  28.04107967 -016.59067008  51 101 
112  28.04029134 -016.59040905  28.04006025 -016.59023514  51 101 
116  28.03972987 -016.58983778  28.03964591 -016.58974933 
120 Linear Feature 11
112  28.04167840 -016.58891919  28.04159576 -016.58915125  51 101 
112  28.04120062 -016.58918332  28.04099768 -016.58906628  51 101 
112  28.04012502 -016.58860408  28.04000380 -016.58853296  51 101 
112  28.03984377 -016.58834510  28.03977041 -016.58819485  51 101 
112  28.03952887 -016.58751115  28.03946838 -016.58727165  51 101 
116  28.03963806 -016.58638784  28.03978460 -016.58593761 
120 Linear Feature 12
112  28.04086472 -016.58838967  28.04076008 -016.58868965  51 101 
116  28.04012511 -016.58860417  28.03989539 -016.58846211 
120 Linear Feature 13
112  28.04116393 -016.58752546  28.04109148 -016.58771805  51 101 
112  28.04065942 -016.58789214  28.04045181 -016.58779928  51 101 
112  28.04025218 -016.58771111  28.04014296 -016.58766012  51 101 
112  28.04007904 -016.58734616  28.04004185 -016.58718606  51 101 
112  28.03991314 -016.58624804  28.03988687 -016.58602711  51 101 
116  28.04001497 -016.58530180  28.04013523 -016.58494737 
120 Linear Feature 14
111  28.03922850 -016.58949517  53 
112  28.03892857 -016.58891699  28.03880250 -016.58859772  53 
112  28.03889012 -016.58793357  28.03898050 -016.58765100  53 
115  28.03901231 -016.58755025 
120 Linear Feature 15
112  28.03942124 -016.58915313  28.03940721 -016.58912987  53 
112  28.03925403 -016.58876269  28.03918768 -016.58854402  53 
112  28.03927459 -016.58809191  28.03932459 -016.58792435  53 
112  28.03939030 -016.58772972  28.03941811 -016.58764833  53 
112  28.03947167 -016.58783937  28.03951922 -016.58798889  53 
112  28.03964395 -016.58825364  28.03971023 -016.58837927  53 
112  28.03984298 -016.58857179  28.03992410 -016.58866980  53 
115  28.04010049 -016.58884192 
120 Linear Feature 16
111  28.03923465 -016.58803455  53 
111  28.03914235 -016.58783485  53 
115  28.03893713 -016.58790517 
120 Linear Feature 16
111  28.03915651 -016.58828651  53 
111  28.03906422 -016.58808681  53 
115  28.03885899 -016.58815713 
120 Linear Feature 16
111  28.03907192 -016.58853830  53 
111  28.03897963 -016.58833861  53 
115  28.03877440 -016.58840892 
120 Linear Feature 16
111  28.03897720 -016.58881051  53 
111  28.03888490 -016.58861081  53 
115  28.03867968 -016.58868113 
120 Linear Feature 16
111  28.03878943 -016.58932144  53 
111  28.03869713 -016.58912174  53 
115  28.03849191 -016.58919205 
120 Linear Feature 16
111  28.03887730 -016.58907038  53 
111  28.03878500 -016.58887068  53 
115  28.03857978 -016.58894099 
120 Linear stop C0
111  28.03974943 -016.58953282  54 104 
115  28.03946843 -016.58982591 
120 Linear Feature 22
111  28.04156569 -016.58887111  57 
115  28.04179116 -016.58897013 
120 Linear Feature 23
111  28.04027742 -016.59062352  57 
115  28.04053269 -016.59026849 
120 Linear Feature 17
112  28.04077162 -016.58826880  28.04071244 -016.58841467  53 
112  28.04029868 -016.58852102  28.04008622 -016.58845349  53 
112  28.03994197 -016.58825139  28.03987552 -016.58812714  53 
112  28.03965415 -016.58739064  28.03961281 -016.58717457  53 
112  28.03969411 -016.58684626  28.03972640 -016.58675058  53 
112  28.03980487 -016.58653361  28.03981917 -016.58649210  53 
112  28.03991358 -016.58732000  28.03995157 -016.58750785  53 
112  28.04019630 -016.58786300  28.04036463 -016.58794245  53 
114  28.04064386 -016.58806370  28.04074141 -016.58811109  53 
120 Linear Feature 18
112  28.04011194 -016.58567063  28.03998501 -016.58624855  53 
112  28.04019695 -016.58721793  28.04023905 -016.58743131  53 
112  28.04033113 -016.58756494  28.04042248 -016.58760723  53 
112  28.04063201 -016.58769933  28.04069220 -016.58772421  53 
112  28.04088793 -016.58754587  28.04095918 -016.58739479  53 
112  28.04128089 -016.58664395  28.04130314 -016.58658853  53 
112  28.04138026 -016.58638333  28.04140515 -016.58630570  53 
112  28.04249663 -016.58320622  28.04255644 -016.58303440  53 
112  28.04263800 -016.58243474  28.04265293 -016.58222394  53 
112  28.04284556 -016.57834401  28.04284996 -016.57820941  53 
116  28.04267641 -016.57829523  28.04262410 -016.57834739 
120 Linear stop  C1
111  28.03996889 -016.58830139  54 104 
115  28.03975663 -016.58844187 
120 Linear Feature 21
111  28.04025052 -016.58747242  54 104 
115  28.04001511 -016.58763638 
120 Linear Feature 26
112  28.04276816 -016.58608914  28.04273716 -016.58607519  20 
112  28.04274812 -016.58597396  28.04276638 -016.58592251  20 
112  28.04360211 -016.58352863  28.04363115 -016.58344638  20 
112  28.04373615 -016.58345530  28.04379162 -016.58348019  20 
112  28.04491883 -016.58398652  28.04495935 -016.58400448  20 
112  28.04496090 -016.58406373  28.04495122 -016.58409663  20 
112  28.04464122 -016.58501546  28.04462670 -016.58505932  20 
112  28.04458934 -016.58507377  28.04455546 -016.58509022  20 
112  28.04389156 -016.58535741  28.04379768 -016.58539872  20 
112  28.04365701 -016.58565114  28.04360732 -016.58578420  20 
112  28.04344703 -016.58623704  28.04342501 -016.58630290  20 
114  28.04331056 -016.58632229  28.04325488 -016.58629909  20 
120 Linear Feature 28
111  28.04516977 -016.58460650  51 
115  28.04536766 -016.58401576 
120 Linear Feature 28
111  28.04530287 -016.58465920  51 
115  28.04550075 -016.58406846 
120 Linear Feature 28
111  28.04503564 -016.58455371  51 
115  28.04523353 -016.58396297 
120 Linear Feature 1
112  28.04338489 -016.57624670  28.04322605 -016.57671139  53 
112  28.04317996 -016.57775631  28.04316410 -016.57816438  53 
112  28.04302863 -016.58076988  28.04301662 -016.58095420  53 
112  28.04322874 -016.58087144  28.04329780 -016.58071083  53 
112  28.04361962 -016.57990409  28.04368137 -016.57971833  53 
112  28.04735346 -016.56921086  28.04743481 -016.56895799  53 
112  28.04755535 -016.56852909  28.04762284 -016.56827622  53 
112  28.04709542 -016.56830245  28.04682363 -016.56860925  53 
112  28.04606734 -016.56960060  28.04590686 -016.56981228  53 
116  28.04521760 -016.57100849  28.04503521 -016.57143664 
120 Linear Feature 2
112  28.04272164 -016.58303247  28.04288597 -016.58254742  51 101 
112  28.04287786 -016.58110106  28.04289284 -016.58038225  51 101 
112  28.04301762 -016.57779103  28.04304431 -016.57724290  51 101 
116  28.04327210 -016.57594701  28.04342164 -016.57551778 
120 Linear Feature 3
112  28.04288176 -016.58095018  28.04287581 -016.58123397  51 101 
116  28.04341419 -016.58103294  28.04355744 -016.58063299 
120 Linear Feature 4
112  28.04363793 -016.58120621  28.04349104 -016.58114256  51 101 
116  28.04348747 -016.58082187  28.04355360 -016.58062575 
120 Linear Feature 1
112  28.04711488 -016.57123744  28.04704303 -016.57120216  53 
112  28.04704327 -016.57100805  28.04709935 -016.57084917  53 
112  28.05149835 -016.55817311  28.05177688 -016.55734251  53 
112  28.05062041 -016.55721620  28.05022158 -016.55736024  53 
116  28.05002530 -016.55745532  28.04986646 -016.55754140 
120 Linear Feature 2
112  28.04970721 -016.55839042  28.04967106 -016.55847862 
111  28.04970721 -016.55839042 
112  28.04970721 -016.55839042  28.04977921 -016.55834215  53 
112  28.05009889 -016.55833984  28.05026786 -016.55840357  53 
112  28.05057223 -016.55852834  28.05074291 -016.55860267  53 
112  28.05081104 -016.55886289  28.05082292 -016.55897502  53 
112  28.05092386 -016.55897278  28.05094959 -016.55889204  53 
112  28.05110970 -016.55837821  28.05114661 -016.55826248  53 
112  28.05119535 -016.55792437  28.05121750 -016.55766857  53 
112  28.05061259 -016.55753245  28.05029201 -016.55767637  53 
114  28.04994356 -016.55803528  28.04986381 -016.55813797  53 
120 Linear Feature 3
112  28.05071798 -016.55996207  28.05077026 -016.55980651  51 101 
112  28.05074136 -016.55947028  28.05073818 -016.55937247  51 101 
112  28.05071466 -016.55895288  28.05070112 -016.55881348  51 101 
112  28.05051400 -016.55865749  28.05036544 -016.55859182  51 101 
112  28.05004656 -016.55846008  28.04985131 -016.55838394  51 101 
116  28.04910409 -016.55919560  28.04886459 -016.55979532 
120 Linear Feature 4
112  28.04733985 -016.56488335  28.04733859 -016.56497733  53 
112  28.04756479 -016.56484230  28.04767509 -016.56471793  53 
112  28.04942954 -016.56282247  28.04953851 -016.56269954  53 
112  28.04968366 -016.56241624  28.04976748 -016.56218015  53 
112  28.05053145 -016.56008051  28.05057282 -016.55995223  53 
112  28.05059655 -016.55975458  28.05059278 -016.55962387  53 
112  28.05056654 -016.55902714  28.05055645 -016.55887060  53 
112  28.05042213 -016.55876580  28.05032198 -016.55872140  53 
112  28.05000056 -016.55860081  28.04984828 -016.55855625  53 
116  28.04942231 -016.55890299  28.04929167 -016.55911829 
120 Linear Feature 5
112  28.04507012 -016.57078293  28.04532118 -016.57024576  51 101 
112  28.04610952 -016.56924130  28.04629882 -016.56902223  51 101 
112  28.04713097 -016.56807554  28.04735144 -016.56783807  51 101 
116  28.04770037 -016.56866817  28.04750620 -016.56924698 
120 Linear Feature 6
112  28.04615978 -016.56828057  28.04617729 -016.56846487  53 
112  28.04660000 -016.56849696  28.04682350 -016.56823086  53 
112  28.04810579 -016.56659302  28.04825210 -016.56640328  53 
112  28.04845920 -016.56595663  28.04858857 -016.56558124  53 
112  28.04888992 -016.56472454  28.04897523 -016.56448449  53 
112  28.04907841 -016.56394045  28.04909386 -016.56383755  53 
112  28.04895226 -016.56385158  28.04887538 -016.56391058  53 
112  28.04850791 -016.56422669  28.04840184 -016.56433246  53 
112  28.04767000 -016.56513858  28.04748466 -016.56535924  53 
116  28.04679405 -016.56647498  28.04655139 -016.56703040 
120 Linear Feature 7
112  28.04653059 -016.56659582  28.04673979 -016.56600597  51 101 
112  28.04764429 -016.56495107  28.04790782 -016.56467694  51 101 
112  28.04890496 -016.56363289  28.04909933 -016.56343544  51 101 
116  28.04931647 -016.56400541  28.04917421 -016.56443227 
120 Linear Stop C7
111  28.05056664 -016.55724061  54 104 
115  28.05064164 -016.55751658 
120 Linear Stop C6
111  28.05023638 -016.55839380  54 104 
115  28.05016018 -016.55865282 
120 Linear Feature 10
111  28.05043642 -016.56230432  20 
115  28.05048009 -016.56217613 
120 Linear Feature 11
112  28.04890503 -016.56363292  28.04951363 -016.56301421  51 101 
116  28.04982271 -016.56254483  28.04992123 -016.56226813 
120 Linear Stop C5
111  28.04834915 -016.56400617  54 104 
115  28.04850300 -016.56423007 
120 Linear Feature 13
112  28.04713339 -016.56807203  28.04798363 -016.56701051  51 101 
116  28.04856220 -016.56618190  28.04865321 -016.56592411 
120 Linear Stop C4
111  28.04684251 -016.56820328  54 104 
115  28.04700604 -016.56840583 
120 Linear Feature 15
111  28.04747391 -016.56971259   8 
115  28.04722123 -016.56959505 
120 Linear Feature 16
111  28.04679184 -016.57169028   8 
115  28.04653125 -016.57157471 
120 Linear Feature 31
111  28.04221757 -016.58497787   8 
115  28.04193036 -016.58484592 
120 Linear Feature 31
111  28.04184306 -016.58601442   8 
115  28.04156509 -016.58588361 
120 Linear Feature 31
111  28.04591917 -016.57425501   8 
115  28.04564795 -016.57413171 
120 Linear Feature 31
111  28.04567012 -016.57492963   8 
115  28.04540312 -016.57480621 
120 Linear Feature 31
111  28.04514144 -016.57655377   8 
115  28.04484607 -016.57641994 
120 Linear Feature 31
111  28.04489363 -016.57722082   8 
115  28.04460699 -016.57708811 
120 Linear Feature 31
111  28.04364217 -016.58087887   8 
115  28.04331459 -016.58072584 
120 Linear Feature 31
111  28.04333107 -016.58160999   8 
115  28.04309777 -016.58150476 
120 Linear Stop C3
111  28.04307335 -016.57988034  54 104 
115  28.04277592 -016.57985974 
120 Linear Feature 38
111  28.04265471 -016.58602827  20 
112  28.04352484 -016.58351845  28.04356932 -016.58338359  20 
112  28.04364959 -016.58302990  28.04368430 -016.58293376  20 
112  28.04550607 -016.57765552  28.04557992 -016.57744506  20 
112  28.04601316 -016.57660698  28.04610852 -016.57634282  20 
112  28.04740041 -016.57259104  28.04744835 -016.57244850  20 
112  28.04742176 -016.57207859  28.04746756 -016.57194576  20 
115  28.04763205 -016.57145765 
14   28.04827600 -016.57514600  100 0 ATC Tower
15   28.04535531 -016.58405781 251.27 GA Ramp 2
15   28.04505952 -016.58448258  66.32 GA Ramp4
15   28.04709493 -016.57223224 340.00 Gate E 13
15   28.04528700 -016.57766800 340.00 Gate E 21
15   28.04518000 -016.57805300 340.00 Gate E 22
15   28.04502900 -016.57840300 340.00 Gate E 23
15   28.04492800 -016.57875200 340.00 Gate E 24
15   28.04477100 -016.57922300 340.00 Gate E 25
15   28.04458200 -016.57977300 340.00 Gate E 26
15   28.04441800 -016.58022200 340.00 Gate E 27
15   28.04426100 -016.58061500 340.00 Gate E 28
15   28.04372600 -016.58233400 340.00 Gate E 29
15   28.04360600 -016.58276900 340.00 Gate E 30
15   28.04346700 -016.58316200 340.00 Gate E 31
15   28.04331600 -016.58361100 340.00 Gate E 32
15   28.04739100 -016.57577000 340.00 Gate F 2
15   28.04720200 -016.57627700 340.00 Gate F 3
15   28.04701300 -016.57679700 340.00 Gate F 4
15   28.04646500 -016.57843800 340.00 Gate F 7
15   28.04632600 -016.57896600  10.00 Gate F 8
15   28.04433160 -016.58497898  26.12 Gate G 1
15   28.04404680 -016.58482732 250.00 Gate G 2
15   28.04447610 -016.58440205  71.29 Gate G 3
15   28.04427083 -016.58430580  65.93 Gate G 4
15   28.04471566 -016.58440473  69.22 Gate G 5
15   28.04493208 -016.58308876 340.00 Gate H 10
15   28.04706900 -016.57278100 340.00 Gate H 14
15   28.04687400 -016.57329400 340.00 Gate H 15
15   28.04840200 -016.57281700 340.00 Gate H 2
15   28.04823256 -016.57330105 340.00 Gate H 3
15   28.04798900 -016.57408600 340.00 Gate H 4
15   28.04862500 -016.57223500 340.00 Gate I 1
15   28.04600500 -016.57985800 340.00 Gate I 6
15   28.04576000 -016.58057200 340.00 Gate I 7
15   28.04510400 -016.58259200 340.00 Gate I 9
15   28.04315900 -016.58406100 340.00 Gate J 33
15   28.04295700 -016.58459500 340.00 Gate J 34
15   28.04280000 -016.58496700 340.00 Gate J 35
15   28.04655300 -016.57422200 340.00 Gate T 17
18   28.03946700 -016.58357600 1 Light beacon
19   28.03967000 -016.58356100 1 WS
19   28.04767276 -016.56053647 1 WS
20   28.03987451 -016.58938953 111.97  0 2 {@L}C0{@R}08|STOP
20   28.04012013 -016.59077116 185.48  0 2 {@L}C0{@R}STOP
20   28.03960208 -016.59026299 306.47  0 2 {@L}C0{@Y}T|TERM{^r}
20   28.04003275 -016.58824197 122.50  0 2 {@L}C1{@R}08|STOP
20   28.03987776 -016.58883481 308.74  0 2 {@L}C1{@Y}T|TERM{^r}
20   28.04034512 -016.58737186 122.50  0 2 {@L}C2{@R}08|STOP
20   28.04032113 -016.58802714 322.56  0 2 {@L}C2{@Y}T|TERM{^r}
20   28.04318565 -016.57986784  74.74  0 2 {@L}C3{@R}08|STOP
20   28.04680600 -016.56805140 200.78  0 2 {@L}C4{@R}26|STOP
20   28.04831907 -016.56388604 200.78  0 2 {@L}C5{@R}26|STOP
20   28.05028633 -016.55826550 146.71  0 2 {@L}C6{@R}26|STOP
20   28.05054231 -016.55705031 167.24  0 2 {@L}C7{@R}26|STOP
20   28.04236262 -016.58315349  71.94  0 2 {@L}T{@Y}C3{^ru}
20   28.04722127 -016.56920851  71.94  0 2 {@L}T{@Y}C4{^rd}
20   28.04874846 -016.56475829  71.94  0 2 {@L}T{@Y}C5{^rd}
20   28.05041759 -016.56009008  71.94  0 2 {@L}T{@Y}C6{^r}
20   28.05104825 -016.55824220  71.94  0 2 {@L}T{@Y}C7{^r}
20   28.03934456 -016.58992673 154.66  0 2 {@R}STOP|08{@L}C0
20   28.03967122 -016.58852257 154.66  0 2 {@R}STOP|08{@L}C1
20   28.03992964 -016.58774223 173.78  0 2 {@R}STOP|08{@L}C2
20   28.04263668 -016.57986076  99.86  0 2 {@R}STOP|08{@L}C3
20   28.04710146 -016.56847412 227.95  0 2 {@R}STOP|26{@L}C4
20   28.04857650 -016.56434136 227.95  0 2 {@R}STOP|26{@L}C5
20   28.05014853 -016.55877764 171.13  0 2 {@R}STOP|26{@L}C6
20   28.05067499 -016.55765054 208.20  0 2 {@R}STOP|26{@L}C7
20   28.04017056 -016.58921906 235.02  0 2 {@Y,^l}C0{@L}T
20   28.04067745 -016.58824732 249.02  0 2 {@Y,^l}C1{@L}T
20   28.04189943 -016.58899710 252.67  0 2 {@Y,^l}C1{@R}STOP
20   28.04086863 -016.58734625 249.02  0 2 {@Y,^l}C2{@L}T
20   28.04324752 -016.58055822 237.66  0 2 {@Y,^l}C3{@L}T
20   28.04510047 -016.57170792  52.18  0 2 {@Y,^l}C4
20   28.04838746 -016.56576306 245.35  0 2 {@Y,^l}C4{@L}T{@Y,^u}TERM
20   28.04688191 -016.56663820  52.18  0 2 {@Y,^l}C5
20   28.04963169 -016.56221742 245.35  0 2 {@Y,^l}C5{@L}T{@Y,^u}TERM
20   28.04940649 -016.55928966  52.18  0 2 {@Y,^l}C6{@Y,^lu}C7
20   28.04631592 -016.57176869  71.94  0 2 {@Y,^l}TERM{@L}T
20   28.04523043 -016.57494084  71.94  0 2 {@Y,^l}TERM{@L}T
20   28.04440116 -016.57733725  71.94  0 2 {@Y,^l}TERM{@L}T
20   28.04254835 -016.58089404 272.30  0 2 {@Y,^lu}T{@L}C3{@Y}T|TERM{^r}
20   28.03941086 -016.58811600 254.41  0 2 {@Y}C0{^ru}
20   28.03977341 -016.58702873 254.41  0 2 {@Y}C1{^ru}
20   28.04033074 -016.58544391 254.41  0 2 {@Y}C2{^ru}
20   28.04370425 -016.57567964 254.41  0 2 {@Y}C3{^ru}
50 11867 ATIS
53 12190 GND
54 11900 TWR
55 12030 APP
55 12770 APP


130 Airport Boundary
111  028.03833008 -016.58922768
111  028.04030800 -016.59087372
111  028.04142189 -016.59041595
111  028.04537201 -016.58483124
111  028.04568291 -016.58390045
111  028.04957199 -016.57092094
111  028.05156136 -016.55828285
111  028.05149841 -016.55817223
111  028.05056763 -016.55709076
111  028.05013084 -016.55684662
111  028.04975510 -016.55667305
113  028.03892136 -016.58750534
99
