I
1050 Generated by WorldEditor

1    742 1 0 KRFD CHICAGO ROCKFORD INTL
100 45.72 1 2 0.25 1 3 0 07  42.19024336 -089.11999009    0  121 3 2 1 0 25  42.20164518 -089.08642992    0  122 2 0 0 1
100 45.72 1 2 0.25 0 0 0 01  42.18347462 -089.09142682    0  121 3 0 0 0 19  42.20592245 -089.08854372    0  117 2 0 0 0
110 1 0.00 0.0000 building33
111  42.19753602 -089.08639834
111  42.19749442 -089.08587140
111  42.19806719 -089.08579366
111  42.19807517 -089.08591137
111  42.19816319 -089.08590163
111  42.19819838 -089.08643289
111  42.19793280 -089.08647177
113  42.19792354 -089.08635410
110 1 0.00 0.0000 building32
111  42.19877203 -089.08614376
111  42.19875555 -089.08588187
111  42.19892038 -089.08586497
113  42.19893493 -089.08612413
110 1 0.00 0.0000 building31
111  42.20279926 -089.09468629
111  42.20284784 -089.09462983
111  42.20293503 -089.09468574
111  42.20304881 -089.09439032
111  42.20347037 -089.09463301
113  42.20332774 -089.09504681
110 1 0.00 0.0000 building30
111  42.20502885 -089.08442037
111  42.20517747 -089.08421969
111  42.20540150 -089.08450220
113  42.20524959 -089.08471461
110 1 0.00 0.0000 building29
111  42.20529129 -089.08302892
111  42.20550785 -089.08270705
111  42.20571647 -089.08297259
111  42.20554396 -089.08321773
113  42.20548997 -089.08329446
110 1 0.00 0.0000 building28
111  42.20674295 -089.08412804
111  42.20689634 -089.08390390
111  42.20707669 -089.08412008
113  42.20691825 -089.08434991
110 1 0.00 0.0000 building27
111  42.20614604 -089.08394530
111  42.20630651 -089.08370913
111  42.20652749 -089.08399325
113  42.20636965 -089.08422142
110 1 0.00 0.0000 building26
111  42.20665893 -089.08321645
111  42.20642655 -089.08355804
111  42.20627274 -089.08336387
113  42.20650512 -089.08303217
110 1 0.00 0.0000 building25
111  42.20700778 -089.08339811
111  42.20697342 -089.08289115
111  42.20793865 -089.08277334
111  42.20794394 -089.08284376
111  42.20825599 -089.08280547
113  42.20828366 -089.08321603
110 1 0.00 0.0000 building24
111  42.20856641 -089.08404109
111  42.20856350 -089.08391937
111  42.20841711 -089.08392591
111  42.20841517 -089.08357776
111  42.20883786 -089.08356729
113  42.20883883 -089.08403978
110 1 0.00 0.0000 building23
111  42.21010403 -089.08387569
111  42.20989278 -089.08387569
111  42.20989709 -089.08288328
113  42.21011318 -089.08288836
110 1 0.00 0.0000 building22
111  42.21009872 -089.08500030
111  42.20988775 -089.08499654
111  42.20989612 -089.08396764
113  42.21010337 -089.08397015
110 1 0.00 0.0000 building21
111  42.21045562 -089.08388999
111  42.21026431 -089.08388275
111  42.21027683 -089.08287375
113  42.21046992 -089.08288100
110 1 0.00 0.0000 building20
111  42.21024435 -089.08500579
111  42.21026100 -089.08397447
111  42.21045852 -089.08397768
113  42.21044186 -089.08500900
110 1 0.00 0.0000 building19
111  42.21059458 -089.08389022
111  42.21060835 -089.08287327
111  42.21078732 -089.08286795
113  42.21077355 -089.08389553
110 1 0.00 0.0000 building18
111  42.21061818 -089.08487000
111  42.21062408 -089.08401767
111  42.21077552 -089.08402033
113  42.21077158 -089.08487266
110 1 0.00 0.0000 building17
111  42.20898681 -089.08512616
111  42.20849091 -089.08513744
111  42.20848673 -089.08449991
113  42.20897706 -089.08449427
110 1 0.00 0.0000 building16
111  42.18949208 -089.08751346
111  42.18916164 -089.08755503
111  42.18914117 -089.08721644
113  42.18947245 -089.08717470
110 1 0.00 0.0000 building15
111  42.19415227 -089.09765609
111  42.19400308 -089.09751794
111  42.19423121 -089.09705549
113  42.19438213 -089.09719598
110 1 0.00 0.0000 building14
111  42.19388067 -089.09580999
111  42.19376695 -089.09591881
111  42.19369643 -089.09577750
113  42.19381188 -089.09567259
110 1 0.00 0.0000 building13
111  42.19281755 -089.09571300
111  42.19273676 -089.09537537
111  42.19337536 -089.09508338
113  42.19346551 -089.09543007
110 1 0.00 0.0000 building12
111  42.19242081 -089.09545436
111  42.19206405 -089.09550579
111  42.19204535 -089.09514726
113  42.19239747 -089.09510313
110 1 0.00 0.0000 building11
111  42.19178680 -089.09563575
111  42.19137973 -089.09569176
111  42.19135363 -089.09522586
113  42.19176667 -089.09518259
110 1 0.00 0.0000 building10
111  42.18993310 -089.09568118
111  42.18991866 -089.09542162
111  42.19096649 -089.09528957
113  42.19098146 -089.09554329
110 1 0.00 0.0000 building09
111  42.18957697 -089.09621192
111  42.18926146 -089.09626217
111  42.18920071 -089.09546870
113  42.18952798 -089.09542903
110 1 0.00 0.0000 building07
111  42.20298218 -089.09325303
111  42.20272971 -089.09289240
111  42.20330671 -089.09217557
113  42.20355414 -089.09254984
110 1 0.00 0.0000 building06
111  42.20303453 -089.09439897
111  42.20280058 -089.09468572
111  42.20260702 -089.09440284
113  42.20283299 -089.09410861
110 1 0.00 0.0000 building04
111  42.20161440 -089.10069209
111  42.20141041 -089.10056757
111  42.20172558 -089.09968174
113  42.20192660 -089.09980611
110 1 0.00 0.0000 building03
111  42.19971912 -089.10552334
111  42.20091807 -089.10205463
111  42.20224323 -089.10287806
113  42.20105830 -089.10635151
110 1 0.00 0.0000 building02
111  42.19894574 -089.10782170
111  42.19943058 -089.10635143
111  42.19986892 -089.10662486
113  42.19938076 -089.10809065
110 1 0.00 0.0000 building01
111  42.19415812 -089.11489773
111  42.19435253 -089.11430729
111  42.19547737 -089.11499613
113  42.19527601 -089.11560999
110 1 0.00 0.0000 International
111  42.20120882 -089.09926329
111  42.20092220 -089.09925357
111  42.20092384 -089.09881424
111  42.20069815 -089.09879437
111  42.20070441 -089.09870289
111  42.20088295 -089.09870606
111  42.20088459 -089.09867516
111  42.20088949 -089.09837271
111  42.20093038 -089.09837050
111  42.20094183 -089.09808350
113  42.20123663 -089.09809764
110 2 0.00 0.0000 NW AREA   ---------------------------------------------------------------
111  42.20229921 -089.08512932
111  42.20238816 -089.08517918
111  42.20196841 -089.08642458
112  42.20231968 -089.08662083  42.20237381 -089.08663301
112  42.20248977 -089.08656436  42.20252786 -089.08645962
111  42.20255153 -089.08639532
112  42.20539025 -089.08602976  42.20549656 -089.08600181
111  42.20539025 -089.08602976
112  42.20539025 -089.08602976  42.20546481 -089.08602604
111  42.20546096 -089.08576130
111  42.20555272 -089.08577200
111  42.20556870 -089.08648421
111  42.20604640 -089.08639503
112  42.20585449 -089.08677825  42.20586396 -089.08696367
111  42.20585449 -089.08677825
112  42.20585449 -089.08677825  42.20590975 -089.08771213
112  42.20606096 -089.08972367  42.20607128 -089.08995992
111  42.20606096 -089.08972367
112  42.20606096 -089.08972367  42.20607733 -089.09081999
111  42.20527333 -089.09113301
112  42.20315122 -089.09139807  42.20307976 -089.09140879
111  42.20304248 -089.09146496
111  42.20289436 -089.09165919
111  42.20330671 -089.09217557
111  42.20272971 -089.09289240
111  42.20298218 -089.09325303
111  42.20288272 -089.09338362
111  42.20311441 -089.09373113
111  42.20318134 -089.09368248
111  42.20368077 -089.09440530
111  42.20347037 -089.09463301
111  42.20304881 -089.09439032
111  42.20303453 -089.09439897
111  42.20283299 -089.09410861
111  42.20260702 -089.09440284
111  42.20243478 -089.09452346
111  42.20208292 -089.09431417
111  42.20194963 -089.09470009
111  42.20188525 -089.09493347
111  42.20174225 -089.09485598
111  42.20161547 -089.09523044
111  42.20159539 -089.09521689
111  42.20155271 -089.09534736
111  42.20157029 -089.09535752
111  42.20144351 -089.09573029
111  42.20121968 -089.09637913
111  42.20102403 -089.09630963
111  42.20096057 -089.09785824
111  42.20094812 -089.09808519
111  42.20093667 -089.09837219
111  42.20089578 -089.09837440
111  42.20089088 -089.09867685
111  42.20088924 -089.09870775
111  42.20071070 -089.09870458
111  42.20070444 -089.09879606
111  42.20093013 -089.09881593
111  42.20092849 -089.09925526
111  42.20067044 -089.09910623
111  42.20063176 -089.09921067
111  42.20154829 -089.09977105
111  42.20162413 -089.09954694
111  42.20245961 -089.09955111
111  42.20241771 -089.10119456
111  42.20261011 -089.10120340
111  42.20268034 -089.10255773
111  42.20111041 -089.10689668
111  42.20105377 -089.10685498
111  42.20094390 -089.10710948
111  42.20025038 -089.10668209
111  42.19944717 -089.10910078
111  42.19804295 -089.10824924
111  42.19771309 -089.10920667
111  42.19656979 -089.10850479
111  42.19640318 -089.10839415
111  42.19572704 -089.10799763
111  42.19472242 -089.11106490
111  42.19449221 -089.11200907
112  42.19455066 -089.11222780  42.19465172 -089.11228869
111  42.19653692 -089.11346209
111  42.19591995 -089.11530147
111  42.19553524 -089.11505750
111  42.19435882 -089.11430898
111  42.19431161 -089.11427620
111  42.19465876 -089.11324285
112  42.19462422 -089.11317937  42.19454467 -089.11311801
111  42.19424009 -089.11294365
112  42.19408246 -089.11306716  42.19401208 -089.11321087
111  42.19372664 -089.11389240
111  42.19137903 -089.12077321
111  42.19051604 -089.12025926
111  42.19045037 -089.12028778
111  42.19005617 -089.12143142
113  42.18990665 -089.12134925
112  42.19151004 -089.11886660  42.19153715 -089.11878243
112  42.19144974 -089.11864767  42.19139415 -089.11860559
112  42.19127949 -089.11854395  42.19123204 -089.11854212
112  42.19118620 -089.11851856  42.19115095 -089.11852771
112  42.19105064 -089.11859065  42.19101268 -089.11867299
112  42.19075232 -089.11945335  42.19074554 -089.11954301
111  42.19075232 -089.11945335
112  42.19075232 -089.11945335  42.19074825 -089.11952837
112  42.19081447 -089.11965500  42.19082531 -089.11968245
112  42.19086660 -089.11975252  42.19089779 -089.11979277
112  42.19102729 -089.11986644  42.19106302 -089.11986644
114  42.19120850 -089.11976413  42.19126210 -089.11961678
111  42.19466417 -089.10984490
111  42.19489379 -089.10894558
112  42.19482029 -089.10868782  42.19471743 -089.10861231
111  42.19465216 -089.10859381
112  42.19438004 -089.10877176  42.19427440 -089.10900536
111  42.19438004 -089.10877176
112  42.19438004 -089.10877176  42.19426815 -089.10909816
111  42.19143435 -089.11739812
112  42.19151045 -089.11787027  42.19170697 -089.11807362
111  42.19151045 -089.11787027
112  42.19151045 -089.11787027  42.19158687 -089.11792921
112  42.19170332 -089.11797939  42.19178299 -089.11801187
111  42.19170332 -089.11797939
112  42.19170332 -089.11797939  42.19167986 -089.11798403
112  42.19184177 -089.11788487  42.19190509 -089.11777877
113  42.19221718 -089.11700982
111  42.19654877 -089.10409301
112  42.19652789 -089.10381227  42.19645233 -089.10374951
111  42.19652789 -089.10381227
112  42.19652789 -089.10381227  42.19644426 -089.10370593
112  42.19624518 -089.10366678  42.19613755 -089.10369947
112  42.19603186 -089.10388007  42.19596211 -089.10398991
111  42.19603186 -089.10388007
112  42.19603186 -089.10388007  42.19598826 -089.10401737
112  42.19477332 -089.10762258  42.19475891 -089.10774578
112  42.19486700 -089.10798601  42.19491023 -089.10801194
111  42.19505697 -089.10812154
112  42.19522067 -089.10795226  42.19527677 -089.10778533
111  42.19522067 -089.10795226
112  42.19522067 -089.10795226  42.19523292 -089.10791580
111  42.19555123 -089.10720201
113  42.19635067 -089.10485661
111  42.19727335 -089.10215683
112  42.19774641 -089.10079931  42.19779152 -089.10065072
112  42.19798093 -089.09980329  42.19800191 -089.09966775
112  42.19792001 -089.09957489  42.19785889 -089.09950888
112  42.19766985 -089.09945913  42.19760488 -089.09945426
112  42.19746900 -089.09963904  42.19744091 -089.09971448
111  42.19746900 -089.09963904
112  42.19746900 -089.09963904  42.19740764 -089.09981686
112  42.19650289 -089.10249023  42.19646710 -089.10259893
111  42.19653491 -089.10285524
112  42.19676552 -089.10307669  42.19684198 -089.10309760
112  42.19691674 -089.10299880  42.19695720 -089.10292836
111  42.19691674 -089.10299880
112  42.19691674 -089.10299880  42.19693507 -089.10295342
114  42.19702427 -089.10271855  42.19707647 -089.10257965
111  42.19871582 -089.09788651
111  42.19950083 -089.09558251
112  42.19973381 -089.09471215  42.19973605 -089.09466980
111  42.19973381 -089.09471215
112  42.19973381 -089.09471215  42.19973942 -089.09465619
112  42.19968215 -089.09449664  42.19962612 -089.09445126
111  42.19968215 -089.09449664
112  42.19968215 -089.09449664  42.19961940 -089.09446033
111  42.19947871 -089.09436506
112  42.19936276 -089.09435775  42.19930682 -089.09438454
112  42.19920342 -089.09454039  42.19916552 -089.09464514
111  42.19801133 -089.09804016
112  42.19797814 -089.09832104  42.19799909 -089.09841587
112  42.19818100 -089.09872357  42.19820934 -089.09876516
114  42.19836600 -089.09868444  42.19841653 -089.09857629
111  42.20106149 -089.09104751
112  42.20128245 -089.09010594  42.20129977 -089.09002619
112  42.20130090 -089.08983387  42.20129072 -089.08974449
112  42.20123559 -089.08967529  42.20120757 -089.08962386
112  42.20111664 -089.08958808  42.20102588 -089.08956237
112  42.20095409 -089.08958444  42.20093280 -089.08959049
112  42.20084926 -089.08972539  42.20079435 -089.08988270
112  42.19951926 -089.09361903  42.19949830 -089.09368059
112  42.19954003 -089.09372700  42.19957208 -089.09375529
112  42.19985753 -089.09390496  42.19991670 -089.09391827
112  42.19994472 -089.09389782  42.19998910 -089.09388618
112  42.20010589 -089.09373733  42.20014287 -089.09367910
113  42.20016930 -089.09360180
112  42.20215284 -089.08760406  42.20218996 -089.08743015
111  42.20213047 -089.08732687
112  42.20188105 -089.08718564  42.20173307 -089.08716859
111  42.20164651 -089.08736712
111  42.20122766 -089.08861226
112  42.20126063 -089.08873456  42.20133970 -089.08871712
111  42.20126063 -089.08873456
112  42.20126063 -089.08873456  42.20134364 -089.08872238
111  42.20181793 -089.08865718
112  42.20192458 -089.08854792  42.20195526 -089.08845048
111  42.20192458 -089.08854792
114  42.20192458 -089.08854792  42.20195526 -089.08843830
112  42.20554051 -089.08926326  42.20552730 -089.08915626
111  42.20554051 -089.08926326
112  42.20554051 -089.08926326  42.20551145 -089.08920976
112  42.20534411 -089.08903636  42.20523283 -089.08903946
112  42.20216642 -089.08944278  42.20208588 -089.08945486
112  42.20199798 -089.08956791  42.20196368 -089.08962227
112  42.20168191 -089.09055618  42.20163860 -089.09069991
111  42.20168191 -089.09055618
112  42.20168191 -089.09055618  42.20166206 -089.09060734
112  42.20203485 -089.09100209  42.20235426 -089.09098016
111  42.20203485 -089.09100209
112  42.20203485 -089.09100209  42.20222975 -089.09098016
112  42.20444249 -089.09070428  42.20460310 -089.09067261
112  42.20522188 -089.09047013  42.20527060 -089.09045307
112  42.20550141 -089.09014844  42.20560427 -089.08993893
111  42.20550141 -089.09014844
112  42.20550141 -089.09014844  42.20554284 -089.09005332
114  42.20557405 -089.08983382  42.20558462 -089.08967331
112  42.20537040 -089.08682008  42.20536318 -089.08672750
111  42.20537040 -089.08682008
112  42.20537040 -089.08682008  42.20536318 -089.08672750
112  42.20509173 -089.08668680  42.20492931 -089.08669411
111  42.20509173 -089.08668680
112  42.20509173 -089.08668680  42.20499067 -089.08668193
112  42.20460295 -089.08667681  42.20446580 -089.08668412
112  42.20378169 -089.08676310  42.20368785 -089.08678503
111  42.20307765 -089.08695110
112  42.20291855 -089.08709300  42.20285539 -089.08721967
112  42.20259324 -089.08783678  42.20254271 -089.08796589
111  42.20236152 -089.08848113
112  42.20240912 -089.08858806  42.20251559 -089.08857344
111  42.20527388 -089.08821739
112  42.20544655 -089.08785640  42.20542974 -089.08752566
111  42.20544655 -089.08785640
114  42.20544655 -089.08785640  42.20543454 -089.08761645
112  42.20146697 -089.09191101  42.20153452 -089.09179837
111  42.20146697 -089.09191101
112  42.20146697 -089.09191101  42.20156297 -089.09163359
112  42.20124265 -089.09173864  42.20116914 -089.09193711
111  42.20124265 -089.09173864
112  42.20124265 -089.09173864  42.20119695 -089.09186738
112  42.20107377 -089.09221873  42.20101814 -089.09237428
111  42.20107377 -089.09221873
112  42.20107377 -089.09221873  42.20104397 -089.09233156
114  42.20119298 -089.09230992  42.20125351 -089.09223259
111  42.19938705 -089.10809234
111  42.19987521 -089.10662655
111  42.19943687 -089.10635312
113  42.19895203 -089.10782339
111  42.20162069 -089.10069378
111  42.20193289 -089.09980780
111  42.20173188 -089.09968344
113  42.20141670 -089.10056926
111  42.20224952 -089.10287975
111  42.20092436 -089.10205632
111  42.19972541 -089.10552503
113  42.20106459 -089.10635320
110 2 0.00 0.0000 S AREA
111  42.19729136 -089.09852895
111  42.19720295 -089.09846486
112  42.19723244 -089.09818078  42.19718371 -089.09801716
111  42.19723244 -089.09818078
112  42.19723244 -089.09818078  42.19720632 -089.09811213
112  42.19691941 -089.09740478  42.19688843 -089.09734205
112  42.19499594 -089.09374831  42.19497810 -089.09373155
112  42.19496248 -089.09379661  42.19493829 -089.09380682
112  42.19433020 -089.09440773  42.19423540 -089.09450651
112  42.19416381 -089.09474637  42.19413720 -089.09484291
112  42.19414741 -089.09508442  42.19415739 -089.09517646
112  42.19430182 -089.09597490  42.19431289 -089.09605857
111  42.19430182 -089.09597490
112  42.19430182 -089.09597490  42.19437444 -089.09608194
111  42.19443144 -089.09614942
111  42.19498283 -089.09666795
111  42.19424801 -089.09801843
111  42.19368605 -089.09749568
112  42.19418861 -089.09653519  42.19420690 -089.09646110
112  42.19419454 -089.09634825  42.19418350 -089.09625918
111  42.19415792 -089.09610203
112  42.19395073 -089.09497139  42.19393560 -089.09487343
111  42.19395073 -089.09497139
112  42.19395073 -089.09497139  42.19393409 -089.09488363
112  42.19383580 -089.09488089  42.19381765 -089.09489109
111  42.19364078 -089.09506579
111  42.19364697 -089.09517452
111  42.19369814 -089.09532970
111  42.19346551 -089.09543007
111  42.19337536 -089.09508338
111  42.19273676 -089.09537537
111  42.19268815 -089.09521016
111  42.19347452 -089.09486567
111  42.19350295 -089.09490061
112  42.19356752 -089.09490458  42.19360508 -089.09487163
111  42.19382459 -089.09466003
111  42.19380626 -089.09461046
111  42.19245039 -089.09464216
111  42.19252937 -089.09561816
111  42.19205269 -089.09567798
111  42.19117774 -089.09581523
111  42.19116446 -089.09560595
111  42.19098744 -089.09563518
111  42.19098146 -089.09554329
111  42.19096649 -089.09528957
111  42.18991866 -089.09542162
111  42.18993310 -089.09568118
111  42.18987213 -089.09569194
111  42.18989012 -089.09628574
111  42.18957697 -089.09621192
111  42.18952798 -089.09542903
111  42.18920071 -089.09546870
111  42.18926146 -089.09626217
111  42.18897572 -089.09630954
111  42.18888389 -089.09533710
111  42.18917041 -089.09528545
111  42.18908190 -089.09413593
111  42.18940479 -089.09408691
111  42.18940115 -089.09396496
112  42.18952797 -089.09377700  42.18951467 -089.09360639
111  42.18952797 -089.09377700
112  42.18952797 -089.09377700  42.18951467 -089.09360639
112  42.18949812 -089.09338966  42.18948481 -089.09327293
111  42.18938327 -089.09326999
112  42.18864525 -089.09324656  42.18856375 -089.09325330
112  42.18415402 -089.09382526  42.18391741 -089.09385588
112  42.18350740 -089.09316819  42.18347175 -089.09274391
111  42.18350740 -089.09316819
112  42.18350740 -089.09316819  42.18348147 -089.09277890
111  42.18341143 -089.09183472
111  42.18335485 -089.09102846
112  42.18939750 -089.09024524  42.18943530 -089.09022075
112  42.18945251 -089.09017315  42.18945323 -089.09015654
112  42.18929231 -089.08785830  42.18928481 -089.08777903
111  42.18929231 -089.08785830
112  42.18929231 -089.08785830  42.18927982 -089.08776891
111  42.18918750 -089.08773484
111  42.18916164 -089.08755503
111  42.18949208 -089.08751346
111  42.18947245 -089.08717470
111  42.18961281 -089.08716020
111  42.18963792 -089.08763126
112  42.18949132 -089.08769127  42.18939584 -089.08774927
111  42.18949132 -089.08769127
112  42.18949132 -089.08769127  42.18943582 -089.08775769
112  42.18942312 -089.08787296  42.18942811 -089.08792187
111  42.18942312 -089.08787296
112  42.18942312 -089.08787296  42.18942686 -089.08792693
112  42.18957755 -089.09012937  42.18957067 -089.09011826
112  42.18964332 -089.09021242  42.18968773 -089.09022357
112  42.20036374 -089.08885263  42.20042861 -089.08884457
111  42.20036374 -089.08885263
112  42.20036374 -089.08885263  42.20054267 -089.08883488
111  42.20053569 -089.08867472
113  42.20063493 -089.08872175
111  42.19878543 -089.09382732
111  42.19660413 -089.09248242
112  42.19640411 -089.09242419  42.19627933 -089.09242900
112  42.19486588 -089.09249604  42.19483295 -089.09249851
112  42.19481861 -089.09264422  42.19486618 -089.09274053
111  42.19481861 -089.09264422
112  42.19481861 -089.09264422  42.19488813 -089.09277758
112  42.19672076 -089.09630775  42.19680632 -089.09644731
112  42.19729470 -089.09711813  42.19735324 -089.09720209
111  42.19729470 -089.09711813
112  42.19729470 -089.09711813  42.19731848 -089.09715517
112  42.19765111 -089.09714708  42.19783108 -089.09698449
111  42.19765111 -089.09714708
114  42.19765111 -089.09714708  42.19772978 -089.09692729
112  42.20013006 -089.08987193  42.20012535 -089.08987429
111  42.20013006 -089.08987193
112  42.20013006 -089.08987193  42.20021421 -089.08964867
112  42.20005226 -089.08971028  42.20001105 -089.08970704
111  42.20005226 -089.08971028
112  42.20005226 -089.08971028  42.20000849 -089.08971626
112  42.19667175 -089.09015877  42.19658693 -089.09017224
111  42.19659131 -089.09028951
111  42.19666782 -089.09169934
111  42.19671872 -089.09169934
111  42.19672542 -089.09183191
112  42.19682709 -089.09200485  42.19692771 -089.09206659
113  42.19895184 -089.09333635
111  42.19482971 -089.09369485
112  42.19483215 -089.09351346  42.19476831 -089.09341462
111  42.19429087 -089.09268812
112  42.19420837 -089.09263642  42.19414637 -089.09263438
112  42.19350130 -089.09262737  42.19341496 -089.09263036
111  42.19201587 -089.09282577
112  42.19191602 -089.09298024  42.19192702 -089.09313052
111  42.19196304 -089.09359870
112  42.19210766 -089.09375217  42.19219509 -089.09374359
111  42.19238835 -089.09371388
112  42.19242721 -089.09428678  42.19243134 -089.09434951
111  42.19244350 -089.09434185
112  42.19261225 -089.09451038  42.19266389 -089.09453547
111  42.19270901 -089.09454954
111  42.19393148 -089.09452503
114  42.19399533 -089.09449844  42.19401714 -089.09447507
112  42.19167232 -089.09297453  42.19166858 -089.09292562
112  42.19156537 -089.09288266  42.19147903 -089.09289163
112  42.19085427 -089.09297712  42.19070957 -089.09300631
111  42.19014120 -089.09318710
112  42.19005299 -089.09335443  42.19006630 -089.09352279
112  42.19008546 -089.09370382  42.19009579 -089.09385993
111  42.19023450 -089.09384923
111  42.19023609 -089.09398623
111  42.19162719 -089.09381363
114  42.19171357 -089.09361478  42.19170259 -089.09343946
112  42.19013507 -089.09097958  42.19002167 -089.09099386
111  42.19013507 -089.09097958
112  42.19013507 -089.09097958  42.19009553 -089.09096702
112  42.18990684 -089.09129867  42.18988068 -089.09157083
111  42.18990684 -089.09129867
112  42.18990684 -089.09129867  42.18992045 -089.09158234
112  42.18995711 -089.09222641  42.18996948 -089.09240080
111  42.19007910 -089.09240477
112  42.19086462 -089.09242134  42.19104172 -089.09241047
112  42.19388229 -089.09202546  42.19394267 -089.09201732
112  42.19419370 -089.09198892  42.19429231 -089.09197805
111  42.19627702 -089.09189756
112  42.19632778 -089.09185499  42.19632640 -089.09179191
111  42.19632351 -089.09176323
111  42.19637823 -089.09175091
111  42.19632162 -089.09095439
112  42.19628970 -089.09087084  42.19628331 -089.09081966
112  42.19625035 -089.09045306  42.19624811 -089.09042812
111  42.19625035 -089.09045306
112  42.19625035 -089.09045306  42.19624869 -089.09037449
112  42.19600655 -089.09021973  42.19589700 -089.09022666
111  42.19600655 -089.09021973
114  42.19600655 -089.09021973  42.19588868 -089.09023564
112  42.18942871 -089.09121366  42.18942720 -089.09118509
111  42.18942871 -089.09121366
112  42.18942871 -089.09121366  42.18941813 -089.09117488
112  42.18929596 -089.09109349  42.18921582 -089.09110166
111  42.18929596 -089.09109349
112  42.18929596 -089.09109349  42.18920221 -089.09110370
112  42.18414319 -089.09175410  42.18385453 -089.09179120
111  42.18389641 -089.09211754
111  42.18396578 -089.09301497
112  42.18415080 -089.09319883  42.18428414 -089.09319698
112  42.18489494 -089.09318284  42.18502777 -089.09317388
112  42.18943943 -089.09259319  42.18951248 -089.09258004
113  42.18949798 -089.09243084
111  42.19415227 -089.09765609
111  42.19438213 -089.09719598
111  42.19423121 -089.09705549
113  42.19400308 -089.09751794
111  42.19242081 -089.09545436
111  42.19239747 -089.09510313
111  42.19204535 -089.09514726
113  42.19206405 -089.09550579
111  42.19178680 -089.09563575
111  42.19176667 -089.09518259
111  42.19135363 -089.09522586
113  42.19137973 -089.09569176
110 2 0.00 0.0000 N AREA
111  42.20604640 -089.08639503
111  42.20556870 -089.08648421
111  42.20555272 -089.08577200
111  42.20559451 -089.08544036
112  42.20556956 -089.08532204  42.20553794 -089.08528493
111  42.20524959 -089.08471461
111  42.20540150 -089.08450220
111  42.20552280 -089.08452154
111  42.20553619 -089.08448538
112  42.20561352 -089.08445041  42.20561976 -089.08440318
111  42.20561352 -089.08445041
112  42.20561352 -089.08445041  42.20561976 -089.08440318
111  42.20570471 -089.08358521
112  42.20578263 -089.08359179  42.20580358 -089.08358446
112  42.20580455 -089.08353590  42.20578903 -089.08351705
111  42.20554396 -089.08321773
111  42.20571647 -089.08297259
111  42.20584755 -089.08313438
111  42.20595775 -089.08298561
111  42.20597072 -089.08272745
111  42.20625367 -089.08272657
111  42.20665656 -089.08318383
111  42.20665559 -089.08273212
111  42.20711155 -089.08273029
111  42.20711649 -089.08287468
111  42.20697342 -089.08289115
111  42.20700778 -089.08339811
111  42.20828366 -089.08321603
111  42.20825599 -089.08280547
111  42.20869687 -089.08279436
111  42.20872596 -089.08296073
111  42.20973072 -089.08278019
111  42.21099082 -089.08279727
111  42.21098415 -089.08360116
111  42.21176179 -089.08361555
111  42.21174901 -089.08434223
111  42.21222485 -089.08434621
111  42.21222487 -089.08490415
111  42.21187946 -089.08490245
111  42.21188123 -089.08513588
111  42.21174331 -089.08513558
111  42.21174309 -089.08556687
112  42.20840244 -089.08598342  42.20822613 -089.08600588
112  42.20807086 -089.08593946  42.20800100 -089.08591700
111  42.20807086 -089.08593946
112  42.20807086 -089.08593946  42.20800100 -089.08590959
112  42.20786457 -089.08588705  42.20780369 -089.08585494
111  42.20786457 -089.08588705
112  42.20786457 -089.08588705  42.20777414 -089.08586467
112  42.20759978 -089.08584902  42.20748104 -089.08584359
112  42.20732475 -089.08584912  42.20719192 -089.08588173
111  42.20613430 -089.08623913
113  42.20604078 -089.08627584
111  42.20678287 -089.08535637
111  42.20579429 -089.08549479
111  42.20576133 -089.08582476
112  42.20584686 -089.08581780  42.20584686 -089.08582028
111  42.20584686 -089.08581780
112  42.20584686 -089.08581780  42.20585238 -089.08594185
111  42.20596418 -089.08591666
111  42.20597795 -089.08600740
112  42.20673547 -089.08576254  42.20699604 -089.08567706
111  42.20673547 -089.08576254
112  42.20673547 -089.08576254  42.20693089 -089.08568382
112  42.20692500 -089.08536257  42.20691951 -089.08534773
111  42.20692500 -089.08536257
114  42.20692500 -089.08536257  42.20691283 -089.08532969
112  42.20924518 -089.08544860  42.20918621 -089.08547105
112  42.20913687 -089.08546919  42.20907336 -089.08546919
111  42.20827563 -089.08547085
112  42.20833326 -089.08571510  42.20841986 -089.08580974
111  42.20849666 -089.08578020
112  42.20908865 -089.08570425  42.20918542 -089.08567159
111  42.20908865 -089.08570425
112  42.20908865 -089.08570425  42.20916470 -089.08566118
112  42.20920383 -089.08562469  42.20927036 -089.08556141
113  42.20935652 -089.08537516
112  42.20963133 -089.08509279  42.20959260 -089.08509110
111  42.20963133 -089.08509279
112  42.20963133 -089.08509279  42.20960134 -089.08509616
112  42.20956802 -089.08512238  42.20954428 -089.08513756
112  42.20948766 -089.08519799  42.20946392 -089.08521992
112  42.20945844 -089.08526703  42.20945844 -089.08531807
112  42.20946331 -089.08551690  42.20946936 -089.08560263
112  42.20959481 -089.08563525  42.20964773 -089.08562505
111  42.20959481 -089.08563525
112  42.20959481 -089.08563525  42.20964168 -089.08562709
112  42.20970195 -089.08547744  42.20970195 -089.08537538
113  42.20969952 -089.08509936
111  42.20984973 -089.08510368
112  42.20980018 -089.08517532  42.20979924 -089.08524757
111  42.20980018 -089.08517532
112  42.20980018 -089.08517532  42.20980018 -089.08523109
111  42.20980112 -089.08544322
112  42.20994669 -089.08560511  42.21007850 -089.08561195
111  42.20994669 -089.08560511
112  42.20994669 -089.08560511  42.20999328 -089.08560638
112  42.21003451 -089.08558782  42.21007575 -089.08556926
112  42.21012233 -089.08543221  42.21012783 -089.08533570
111  42.21012233 -089.08543221
112  42.21012233 -089.08543221  42.21012646 -089.08533385
112  42.21012599 -089.08518520  42.21012462 -089.08510540
113  42.21006836 -089.08510306
112  42.21040995 -089.08508347  42.21035772 -089.08508532
111  42.21025078 -089.08508841
112  42.21019406 -089.08517733  42.21019269 -089.08525899
111  42.21019406 -089.08517733
112  42.21019406 -089.08517733  42.21019406 -089.08524785
112  42.21019589 -089.08539717  42.21019864 -089.08544728
112  42.21023065 -089.08549104  42.21025677 -089.08552258
112  42.21033677 -089.08554785  42.21040687 -089.08554228
112  42.21047764 -089.08539223  42.21050376 -089.08525676
111  42.21047764 -089.08539223
112  42.21047764 -089.08539223  42.21047902 -089.08526604
113  42.21047811 -089.08515694
111  42.21088506 -089.08508786
111  42.21059898 -089.08509010
112  42.21054742 -089.08515971  42.21054617 -089.08523226
111  42.21054742 -089.08515971
112  42.21054742 -089.08515971  42.21054867 -089.08521876
111  42.21054908 -089.08537753
112  42.21066717 -089.08550553  42.21076863 -089.08549206
111  42.21080688 -089.08548981
112  42.21097321 -089.08527873  42.21097321 -089.08508786
111  42.21097321 -089.08527873
112  42.21097321 -089.08527873  42.21097321 -089.08521585
114  42.21097155 -089.08517543  42.21097030 -089.08508264
112  42.20971328 -089.08399306  42.20971328 -089.08395681
112  42.20966916 -089.08392102  42.20965367 -089.08390847
112  42.20961080 -089.08388842  42.20958704 -089.08388284
111  42.20950212 -089.08388026
112  42.20944876 -089.08394959  42.20944876 -089.08402209
112  42.20945382 -089.08497797  42.20945382 -089.08502858
112  42.20949206 -089.08504589  42.20951080 -089.08506108
112  42.20955042 -089.08503502  42.20957042 -089.08501984
112  42.20963495 -089.08501329  42.20967493 -089.08501329
113  42.20970337 -089.08501601
111  42.20691825 -089.08434991
111  42.20707669 -089.08412008
111  42.20689634 -089.08390390
113  42.20674295 -089.08412804
111  42.20636965 -089.08422142
111  42.20652749 -089.08399325
111  42.20630651 -089.08370913
113  42.20614604 -089.08394530
111  42.20665893 -089.08321645
111  42.20650512 -089.08303217
111  42.20627274 -089.08336387
113  42.20642655 -089.08355804
111  42.20883883 -089.08403978
111  42.20883786 -089.08356729
111  42.20841517 -089.08357776
111  42.20841711 -089.08392591
111  42.20856350 -089.08391937
113  42.20856641 -089.08404109
111  42.21010403 -089.08387569
111  42.21011318 -089.08288836
111  42.20989709 -089.08288328
113  42.20989278 -089.08387569
111  42.21009872 -089.08500030
111  42.21010337 -089.08397015
111  42.20989612 -089.08396764
113  42.20988775 -089.08499654
111  42.21045562 -089.08388999
111  42.21046992 -089.08288100
111  42.21027683 -089.08287375
113  42.21026431 -089.08388275
111  42.21044186 -089.08500900
111  42.21045852 -089.08397768
111  42.21026100 -089.08397447
113  42.21024435 -089.08500579
111  42.21077355 -089.08389553
111  42.21078732 -089.08286795
111  42.21060835 -089.08287327
113  42.21059458 -089.08389022
111  42.21077158 -089.08487266
111  42.21077552 -089.08402033
111  42.21062408 -089.08401767
113  42.21061818 -089.08487000
111  42.20898681 -089.08512616
111  42.20897706 -089.08449427
111  42.20848673 -089.08449991
113  42.20849091 -089.08513744
110 1 0.00 0.0000 New Taxiway 28
111  42.20144047 -089.09572860
111  42.20156725 -089.09535752
111  42.20154968 -089.09534736
111  42.20159235 -089.09521689
111  42.20161244 -089.09523044
111  42.20173921 -089.09485598
111  42.20188221 -089.09493347
111  42.20191745 -089.09495256
111  42.20184590 -089.09516267
111  42.20196640 -089.09523891
111  42.20189988 -089.09544224
111  42.20191368 -089.09545410
111  42.20188858 -089.09551849
111  42.20187603 -089.09551171
111  42.20173293 -089.09591498
111  42.20155219 -089.09580146
111  42.20154089 -089.09583534
111  42.20147311 -089.09578960
113  42.20148566 -089.09576248
130 Airport Boundary
111  42.20405976 -089.09956416
111  42.20040184 -089.11440925
111  42.19367574 -089.12199989
111  42.18848341 -089.12266004
111  42.19167303 -089.10089013
111  42.18191549 -089.09659518
111  42.18111809 -089.09044169
111  42.18388428 -089.08525991
111  42.19376321 -089.08502857
111  42.19643922 -089.08370188
111  42.20005490 -089.08092759
111  42.21299711 -089.07967029
113  42.21292961 -089.09023548
120 Linear Feature 22
111  42.19470758 -089.10746973 53 102
112  42.19467725 -089.10780896  42.19469874 -089.10794431 53 102
111  42.19480725 -089.10810140 53 102
111  42.19498058 -089.10824177 53 102
112  42.19516201 -089.10822626  42.19523363 -089.10817792 53 102
111  42.19529691 -089.10806046 53 102
111  42.19564358 -089.10726502 53 102
111  42.19647110 -089.10480919 53 102
111  42.19666036 -089.10402846 53 102
112  42.19667110 -089.10378677  42.19665320 -089.10368526 53 102
111  42.19656725 -089.10363692 53 102
111  42.19641325 -089.10354508 53 102
112  42.19621987 -089.10354024  42.19610527 -089.10357408 53 102
115  42.19599067 -089.10371426
120 Linear Feature 13
111  42.19633468 -089.10834640 53 102
111  42.19631905 -089.10733823 53 102
112  42.19615654 -089.10710201  42.19603300 -089.10708348 53 102
111  42.19595966 -089.10727918 53 102
111  42.19564089 -089.10794145 53 102
111  42.19456584 -089.11107557 53 102
112  42.19433457 -089.11203730  42.19427509 -089.11227198 53 102
111  42.19445333 -089.11239163 53 102
115  42.19644093 -089.11360649
120 Hold
111  42.20692437 -089.08536844 54
115  42.20818968 -089.08557761
120 Linear Feature 61
112  42.20575915 -089.08582888  42.20575425 -089.08612937 53 102
115  42.20597195 -089.08601380
120 Hold
111  42.20559649 -089.08551841 54
115  42.20579265 -089.08550095
120 Hold
111  42.21089591 -089.08558092 1
115  42.21134722 -089.08551490
120 Hold
111  42.21092261 -089.08509208 54
111  42.21107647 -089.08509208 54
111  42.21114611 -089.08516424 54
115  42.21114449 -089.08548348
120 Hold
111  42.21012381 -089.08525334 54
115  42.21019445 -089.08525446
120 Hold
111  42.20970045 -089.08531752 54
115  42.20980101 -089.08531629
120 Linear Feature 81
111  42.20722482 -089.08572541 51
112  42.20785830 -089.08582040  42.20817685 -089.08601264 51
111  42.20850852 -089.08587545 51
112  42.21089591 -089.08558092  42.21101447 -089.08556345 51
111  42.21102215 -089.08535082 51
112  42.21102531 -089.08515481  42.21102531 -089.08501924 51
112  42.21092431 -089.08491193  42.21088058 -089.08483540 51
112  42.21086119 -089.08474149  42.21084180 -089.08464758
111  42.21086119 -089.08474149
112  42.21086119 -089.08474149  42.21085957 -089.08464965 51
115  42.21087611 -089.08307310
120 Linear Feature 87
111  42.21047895 -089.08521906 54
115  42.21054793 -089.08521906
120 Linear Feature 84
111  42.20964842 -089.08573588 51
112  42.20974978 -089.08541851  42.20975184 -089.08513012 51
115  42.20977439 -089.08319941
120 Linear Feature 83
111  42.21004629 -089.08568698 51
112  42.21015365 -089.08539421  42.21015721 -089.08514406 51
115  42.21018505 -089.08324645
120 Linear Feature 82
112  42.21039578 -089.08564430  42.21050687 -089.08562984 51
111  42.21051021 -089.08538429 51
115  42.21053464 -089.08325683
120 Linear Feature 76
111  42.20722482 -089.08572541 51
112  42.20738399 -089.08535510  42.20738289 -089.08507607
111  42.20738399 -089.08535510
112  42.20738399 -089.08535510  42.20738399 -089.08511937 51
115  42.20737845 -089.08440748
120 Linear Feature 75
111  42.20524863 -089.08631511 51
111  42.20550319 -089.08628665 51 101
111  42.20561056 -089.08628223 51
111  42.20594951 -089.08615860 51
111  42.20722482 -089.08572541 51
112  42.20793415 -089.08542243  42.20812638 -089.08536045
111  42.20793415 -089.08542243
112  42.20793415 -089.08542243  42.20811778 -089.08536433 51
111  42.20812351 -089.08508544 51
115  42.20812351 -089.08426813
120 Linear Feature 74
111  42.19467218 -089.11425378 51
112  42.19522137 -089.11378456  42.19542968 -089.11357157
111  42.19522137 -089.11378456
112  42.19522137 -089.11378456  42.19544686 -089.11341518 51
115  42.19514448 -089.11303785
120 Linear Feature 73
111  42.19386765 -089.11280392 51
116  42.19432184 -089.11259985  42.19458625 -089.11275643
120 Linear Feature 72
111  42.19477011 -089.11283959 51
112  42.19538852 -089.11440268  42.19550846 -089.11473496
111  42.19538852 -089.11440268
112  42.19538852 -089.11440268  42.19559500 -089.11471332 51
112  42.19589561 -089.11440055  42.19595796 -089.11425146
111  42.19589561 -089.11440055
112  42.19589561 -089.11440055  42.19592411 -089.11431398 51
112  42.19601565 -089.11394728  42.19613145 -089.11357937 51
111  42.19585807 -089.11341215 51
112  42.19514448 -089.11303785  42.19477750 -089.11284435
111  42.19514448 -089.11303785
112  42.19514448 -089.11303785  42.19501764 -089.11297097 51
112  42.19477011 -089.11283959  42.19465186 -089.11277662
111  42.19477011 -089.11283959
112  42.19477011 -089.11283959  42.19456957 -089.11273279 51
112  42.19432941 -089.11259985  42.19425805 -089.11255811
111  42.19432941 -089.11259985
112  42.19432941 -089.11259985  42.19406191 -089.11235756 51
116  42.19418069 -089.11188012  42.19422092 -089.11176067
120 Linear Feature 65
111  42.19579490 -089.10711205 51
116  42.19624577 -089.10687244  42.19650162 -089.10701745
120 Linear Feature 56
111  42.19776415 -089.10882121 51
112  42.19669441 -089.10816733  42.19649070 -089.10804727 51
111  42.19650557 -089.10775302 51
112  42.19648406 -089.10719115  42.19647534 -089.10700906
111  42.19648406 -089.10719115
112  42.19648406 -089.10719115  42.19647717 -089.10703251 51
115  42.19639537 -089.10696239
120 Linear Feature 8
111  42.19692109 -089.10813008 51
115  42.19701229 -089.10784196
120 Linear Feature 7
111  42.19729172 -089.10835272 51
115  42.19739069 -089.10808031
120 Linear Feature 6
111  42.19766624 -089.10858059 51
115  42.19776326 -089.10829771
120 Linear Feature 12
111  42.19732527 -089.10704224 51
115  42.19741825 -089.10677729
120 Linear Feature 11
111  42.19769460 -089.10727582 51
115  42.19778242 -089.10702132
120 Linear Feature 10
111  42.19807169 -089.10749895 51
115  42.19816725 -089.10722353
120 Linear Feature 9
111  42.19844103 -089.10774647 51
115  42.19853659 -089.10746757
120 Linear Feature 55
111  42.19788609 -089.10828379 20
115  42.19666716 -089.10753131
120 Linear Feature 54
111  42.19823487 -089.10769835 20
115  42.19689443 -089.10686781
120 Linear Feature 53
111  42.19848066 -089.10834758 51
115  42.19639537 -089.10696239
120 Curve
111  42.19875882 -089.10751773 51
111  42.19714723 -089.10651691 51
112  42.19681165 -089.10653383  42.19668667 -089.10666973 51
112  42.19643402 -089.10693600  42.19633681 -089.10703441 51
111  42.19624890 -089.10687244 51
116  42.19609486 -089.10623465  42.19617998 -089.10588391
120 Linear Feature 15
111  42.19890426 -089.10654816 51
115  42.19900519 -089.10624054
120 Linear Feature 15
111  42.19846800 -089.10627570 51
115  42.19856893 -089.10596808
120 Linear Feature 15
111  42.19805128 -089.10600763 51
115  42.19815220 -089.10570001
120 Linear Feature 15
111  42.19759223 -089.10572638 51
115  42.19769315 -089.10541876
120 Linear Feature 15
111  42.19796988 -089.10460577 51
115  42.19807081 -089.10429815
120 Linear Feature 15
111  42.19841265 -089.10487383 51
115  42.19851358 -089.10456621
120 Linear Feature 15
111  42.19929785 -089.10541621 51
115  42.19939877 -089.10510859
120 Linear Feature 15
111  42.19885217 -089.10513311 51
115  42.19895310 -089.10482549
120 Curve
111  42.19903494 -089.10676153 51
112  42.19748746 -089.10581008  42.19733264 -089.10572015 51
111  42.19730924 -089.10543797 51
112  42.19727583 -089.10480038  42.19727160 -089.10464365 51
115  42.19714509 -089.10458121
120 Line
111  42.19932536 -089.10593336 51
115  42.19714509 -089.10458121
120 Line
111  42.19880617 -089.10580423 20
115  42.19778761 -089.10517681
120 Line
111  42.19892171 -089.10546780 20
115  42.19790315 -089.10484426
120 Curve
111  42.19951358 -089.10505799 51
111  42.19806966 -089.10415032 51
112  42.19777340 -089.10414550  42.19764406 -089.10428226 51
112  42.19740459 -089.10453734  42.19730741 -089.10463572 51
111  42.19714509 -089.10458121 51
112  42.19696276 -089.10440358  42.19689312 -089.10430031
111  42.19696276 -089.10440358
112  42.19696276 -089.10440358  42.19683486 -089.10419145 51
115  42.19685729 -089.10401605
120 Linear Feature 18
111  42.19800887 -089.10216777 51
112  42.19819261 -089.10214351  42.19823109 -089.10210756 51
112  42.19864545 -089.10165212  42.19873424 -089.10156023 51
111  42.19888814 -089.10161217 51
115  42.20040055 -089.10254702
120 Curve
111  42.19973680 -089.10436759 51
111  42.19835003 -089.10347400 51
112  42.19814420 -089.10318247  42.19813294 -089.10296619
111  42.19814420 -089.10318247
112  42.19814420 -089.10318247  42.19814028 -089.10294968 51
112  42.19812083 -089.10246828  42.19811846 -089.10226023
111  42.19812083 -089.10246828
112  42.19812083 -089.10246828  42.19810750 -089.10220439 51
115  42.19800887 -089.10216777
120 Line
111  42.19957536 -089.10354908 20
115  42.19855393 -089.10292166
120 Line
111  42.20004382 -089.10346452 51
115  42.19800887 -089.10216777
120 Line
111  42.20037664 -089.10098636 20
115  42.19937615 -089.10037287
120 Line
111  42.20061867 -089.10031175 20
115  42.19960402 -089.09968855
120 Line
111  42.20050550 -089.10167667 51
112  42.19926539 -089.10091681  42.19907569 -089.10080333 51
111  42.19904394 -089.10053562 51
112  42.19902994 -089.10001915  42.19902807 -089.09975747 51
115  42.19882433 -089.09962622
120 Curve
111  42.20097188 -089.09990592 51
112  42.19978734 -089.09914288  42.19962806 -089.09904531
111  42.19978734 -089.09914288
112  42.19978734 -089.09914288  42.19964630 -089.09906580 51
112  42.19948154 -089.09918599  42.19944942 -089.09921670
111  42.19948154 -089.09918599
112  42.19948154 -089.09918599  42.19943737 -089.09922574 51
112  42.19911915 -089.09957698  42.19898664 -089.09972152 51
115  42.19882433 -089.09962622
120 Line
111  42.20098891 -089.10095194 51
115  42.19882433 -089.09962622
120 Curve
111  42.20022121 -089.09824987 51
112  42.19994930 -089.09807422  42.19974090 -089.09794225 51
112  42.19980242 -089.09766393  42.19974067 -089.09746945 51
115  42.19961940 -089.09733336
120 Linear Feature 18
112  42.20163273 -089.09273795  42.20158506 -089.09268015 51
115  42.20161779 -089.09251983
120 Linear Feature 19
111  42.20256320 -089.09387556 51
116  42.20240840 -089.09382995  42.20233643 -089.09372625
120 Linear Feature 17
111  42.20242253 -089.09404612 51
112  42.20240840 -089.09382995  42.20234774 -089.09374146 51
112  42.20163273 -089.09273795  42.20155739 -089.09263625 51
115  42.20146631 -089.09270924
120 Linear Feature 16
112  42.20134147 -089.09310096  42.20127465 -089.09300419 51
115  42.20132445 -089.09288663
120 Linear Feature 11
112  42.20080143 -089.09315467  42.20063830 -089.09306495 51 101
115  42.20049563 -089.09330912
120 Linear Feature 10
112  42.20117134 -089.09307809  42.20105210 -089.09323220 51 101
111  42.20080143 -089.09315467 51 101
116  42.20069240 -089.09273220  42.20075090 -089.09252986
120 Linear Feature 13
112  42.20189902 -089.09239694  42.20183391 -089.09229945 51
115  42.20175145 -089.09235269
120 Linear Feature 15
112  42.20270781 -089.09369781  42.20275696 -089.09363444 51
115  42.20281960 -089.09368992
120 Linear Feature 14
111  42.20117134 -089.09307809 51
112  42.20134147 -089.09310096  42.20139977 -089.09318604 51
112  42.20192620 -089.09394103  42.20197777 -089.09402032 51
111  42.20208552 -089.09407223 51
112  42.20220281 -089.09413723  42.20229859 -089.09418953 51
111  42.20236776 -089.09411232 51
112  42.20270781 -089.09369781  42.20275696 -089.09363444 51
115  42.20272139 -089.09355105
120 Linear Feature 12
111  42.20302870 -089.09398559 51
112  42.20189902 -089.09239694  42.20183462 -089.09230509 51
115  42.20189891 -089.09216014
120 Linear Feature 9
112  42.20175145 -089.09235269  42.20196977 -089.09200880 51 101
112  42.20160524 -089.09140437  42.20127196 -089.09119708
111  42.20160524 -089.09140437
112  42.20160524 -089.09140437  42.20131508 -089.09123830 51 101
115  42.20136544 -089.09075322
120 Linear Feature 8
111  42.20267443 -089.09119356 51 101
112  42.20243999 -089.09138520  42.20232463 -089.09152958
111  42.20243999 -089.09138520
112  42.20243999 -089.09138520  42.20239076 -089.09144682 51 101
111  42.20189891 -089.09216014 51 101
111  42.20175145 -089.09235269 51 101
111  42.20161779 -089.09251983 51 101
111  42.20146631 -089.09270924 51 101
111  42.20132445 -089.09288663 51 101
115  42.20117134 -089.09307809
120 Linear Feature 5
111  42.20275861 -089.09168725 55
111  42.20150534 -089.09193655 55
111  42.20142691 -089.09200565 55
115  42.19595093 -089.10810968
120 Linear Feature 3
112  42.19178086 -089.11894295  42.19191697 -089.11853250 57 105
115  42.19158014 -089.11827983
120 Linear Feature 2
111  42.19208958 -089.11803920 57 105
112  42.19158014 -089.11827983  42.19128715 -089.11812103
111  42.19158014 -089.11827983
112  42.19158014 -089.11827983  42.19140711 -089.11817396 51 101
112  42.19135535 -089.11814027  42.19108900 -089.11797043
111  42.19135535 -089.11814027
112  42.19135535 -089.11814027  42.19126429 -089.11808221 51 101
112  42.19116521 -089.11784709  42.19112699 -089.11772106
111  42.19116521 -089.11784709
112  42.19116521 -089.11784709  42.19109163 -089.11760449 51
116  42.19114193 -089.11717435  42.19120275 -089.11698470
120 Linear Feature 19
112  42.19515801 -089.10899404  42.19519382 -089.10875675 57 105
111  42.19500463 -089.10849749 57 105
116  42.19539857 -089.10829974  42.19546368 -089.10814155
120 Linear Feature 21
111  42.19468395 -089.10830226 51 101
112  42.19451702 -089.10799836  42.19445022 -089.10782773
111  42.19451702 -089.10799836
112  42.19451702 -089.10799836  42.19447663 -089.10789518 51
112  42.19446192 -089.10766904  42.19447541 -089.10755975
111  42.19446192 -089.10766904
112  42.19446192 -089.10766904  42.19449773 -089.10737902 51
115  42.19475200 -089.10671196
120 Linear Feature 20
111  42.19500250 -089.10850430 51 101
111  42.19468395 -089.10830226 51 101
112  42.19447266 -089.10818625  42.19433299 -089.10812824 51
111  42.19421481 -089.10832643 51
115  42.19394980 -089.10908049
120 Linear Feature 25
112  42.19685729 -089.10401605  42.19690464 -089.10366849 57 105
111  42.19671536 -089.10345189 57 105
116  42.19713268 -089.10320021  42.19722147 -089.10293654
120 Linear Feature 37
111  42.19659641 -089.10476400 51
112  42.19683523 -089.10454044  42.19700778 -089.10449210 51
115  42.19714509 -089.10458121
120 Linear Feature 38
112  42.19742610 -089.10234959  42.19757293 -089.10193387 51
111  42.19800887 -089.10216777 51
116  42.19770902 -089.10151763  42.19779497 -089.10103906
120 Linear Feature 77
112  42.20000373 -089.09475138  42.20006424 -089.09449064 57 105
111  42.19987213 -089.09421375 57 105
115  42.20014010 -089.09436721
120 Linear Feature 1
111  42.20136544 -089.09075322 51 101
111  42.20107490 -089.09161071 51 101
111  42.20069240 -089.09273220 51 101
111  42.20049563 -089.09330912 51 101
111  42.20020503 -089.09416117 51 101
111  42.20000373 -089.09475138 51 101
111  42.19937991 -089.09658045 51 101
111  42.19902736 -089.09762943 51 101
111  42.19856598 -089.09899874 51 101
112  42.19830746 -089.09975381  42.19821825 -089.10001776
111  42.19830746 -089.09975381
112  42.19830746 -089.09975381  42.19815301 -089.10021079 51 101
111  42.19770902 -089.10151763 51 101
111  42.19742610 -089.10234959 51 101
111  42.19659641 -089.10476400 51 101
111  42.19609173 -089.10623465 51 101
112  42.19579490 -089.10711205  42.19569621 -089.10740373
111  42.19579490 -089.10711205
112  42.19579490 -089.10711205  42.19558060 -089.10774544 51 101
111  42.19515801 -089.10899404 51 101
112  42.19418069 -089.11188012  42.19386724 -089.11280530
111  42.19418069 -089.11188012
112  42.19418069 -089.11188012  42.19407459 -089.11219329 51 101
112  42.19386765 -089.11280392  42.19376514 -089.11310638
111  42.19386765 -089.11280392
112  42.19386765 -089.11280392  42.19315214 -089.11491502 51 101
112  42.19208958 -089.11803920  42.19164886 -089.11933177
111  42.19208958 -089.11803920
112  42.19208958 -089.11803920  42.19197360 -089.11837936 51 101
112  42.19178086 -089.11894295  42.19169156 -089.11920372
111  42.19178086 -089.11894295
112  42.19178086 -089.11894295  42.19155605 -089.11959943 51 101
112  42.19140067 -089.12003718  42.19138050 -089.12008503
111  42.19140067 -089.12003718
112  42.19140067 -089.12003718  42.19127823 -089.12032762 57 105
112  42.19099203 -089.12022146  42.19088537 -089.12015928
111  42.19099203 -089.12022146
112  42.19099203 -089.12022146  42.19093820 -089.12019007 51 101
112  42.19069163 -089.12001826  42.19054648 -089.11992030 51 101
115  42.19050386 -089.11971679
120 Linear Feature 45
111  42.20228502 -089.08702021 57 105
116  42.20268022 -089.08688064  42.20277013 -089.08667880
120 Linear Feature 43
111  42.20150876 -089.09034383 51 101
115  42.20183939 -089.08936068
120 Linear Feature 42
112  42.20150876 -089.09034383  42.20167003 -089.08986402 51 101
112  42.20144474 -089.08938803  42.20129676 -089.08920698
111  42.20144474 -089.08938803
112  42.20144474 -089.08938803  42.20123022 -089.08912556 51
115  42.20086717 -089.08910246
120 Linear Feature 41
111  42.20086717 -089.08910246 51
112  42.20160770 -089.08902465  42.20193810 -089.08898748 51
111  42.20205114 -089.08874940 51
111  42.20234145 -089.08789717 57 105
112  42.20243324 -089.08763115  42.20245751 -089.08755961
111  42.20243324 -089.08763115
112  42.20243324 -089.08763115  42.20248663 -089.08732069 57 105
115  42.20228502 -089.08702021
120 Linear Feature 40
111  42.19453063 -089.11230154 55
115  42.19430669 -089.11295423
120 Linear Feature 39
111  42.19108169 -089.11997259 54
115  42.19093995 -089.12037650
120 Linear Feature 38
111  42.19172336 -089.11800732 54
115  42.19152084 -089.11860928
120 Linear Feature 37
111  42.19512173 -089.10816120 54
115  42.19492081 -089.10874659
120 Linear Feature 36
111  42.19684722 -089.10311049 54 104
115  42.19660558 -089.10380468
120 Linear Feature 33
111  42.19814122 -089.09921644 51 101
111  42.19788985 -089.09905818 51 101
112  42.19757470 -089.09904755  42.19732652 -089.09909540 51
111  42.19725955 -089.09935063 51
115  42.19703895 -089.09999402
120 Linear Feature 35
111  42.19826618 -089.09885180 54 104
115  42.19803164 -089.09953939
120 Linear Feature 80
111  42.19957651 -089.09402195 51 101
112  42.19926825 -089.09402679  42.19910697 -089.09406480 51
111  42.19895183 -089.09435711 51
115  42.19882639 -089.09471995
120 Linear Feature 79
111  42.19986835 -089.09421201 51 101
111  42.19957651 -089.09402195 51 101
115  42.19933074 -089.09385953
120 Linear Feature 34
111  42.19994084 -089.09400004 54 104
115  42.19978501 -089.09447003
120 Linear Feature 33
111  42.20552516 -089.08750609 54 104
115  42.20579894 -089.08746929
120 Linear Feature 46
111  42.20589282 -089.08884723 53 102
111  42.20595142 -089.08965153 53 102
112  42.20517516 -089.09100563  42.20433520 -089.09118143
111  42.20517516 -089.09100563
112  42.20517516 -089.09100563  42.20517191 -089.09100123 53 102
111  42.20300781 -089.09128139 53 102
115  42.20261121 -089.09178880
120 Linear Feature 51
111  42.20573234 -089.08799794 51 101
116  42.20564855 -089.08830996  42.20560550 -089.08832086
120 Linear Feature 48
111  42.20575225 -089.08828100 51 101
111  42.20573234 -089.08799794 51 101
115  42.20569691 -089.08749428
120 Linear Feature 50
111  42.20580838 -089.08911792 51 101
116  42.20567303 -089.08886154  42.20561642 -089.08884243
120 Linear Feature 47
111  42.20585050 -089.08968669 51 101
111  42.20580838 -089.08911792 51 101
115  42.20578806 -089.08884356
120 Linear Feature 32
111  42.20595142 -089.08965153 54 104
115  42.20567619 -089.08968562
120 Linear Feature 54
111  42.20183939 -089.08936068 2
115  42.20205075 -089.08874721
120 Linear Feature 31
111  42.20220433 -089.08782622 54
115  42.20243293 -089.08795521
120 Linear Feature 30
111  42.20241504 -089.08676493 54
115  42.20221729 -089.08731569
120 Linear Feature 42
111  42.20107490 -089.09161071 51 101
112  42.20137802 -089.09135794  42.20158569 -089.09130585 51 101
111  42.20267443 -089.09119356 51 101
111  42.20384868 -089.09103855 51 101
111  42.20423868 -089.09098590 51 101
112  42.20521800 -089.09086889  42.20531567 -089.09084692 51 101
116  42.20578133 -089.09023712  42.20588966 -089.08984518
120 Linear Feature 29
111  42.20160930 -089.09040811 54 104
115  42.20133993 -089.09023626
120 Linear Feature 26
111  42.20050830 -089.09045212 54
115  42.20012343 -089.09020989
120 Linear Feature 28
111  42.20158577 -089.08880385 54 104
111  42.20162103 -089.08939940 54 104
115  42.20130246 -089.08990315
120 Linear Feature 76
111  42.19663734 -089.08999299 53 102
112  42.19651272 -089.09024218  42.19651345 -089.09045132
111  42.19651272 -089.09024218
112  42.19651272 -089.09024218  42.19652232 -089.09026766 53 102
112  42.19662939 -089.09181707  42.19663763 -089.09183933
111  42.19662939 -089.09181707
112  42.19662939 -089.09181707  42.19664176 -089.09201185 53 102
112  42.19678788 -089.09215434  42.19683131 -089.09218951
111  42.19678788 -089.09215434
112  42.19678788 -089.09215434  42.19696249 -089.09229575 53 102
115  42.19890554 -089.09346470
120 Linear Feature 27
111  42.20087010 -089.08797334 54
115  42.20125901 -089.08822186
120 Linear Feature 25
111  42.19972476 -089.08962273 54
115  42.19968811 -089.08906058
120 Linear Feature 24
112  42.19673491 -089.09224898  42.19653239 -089.09212305 51
116  42.19650895 -089.09183267  42.19648098 -089.09160401
120 Linear Feature 23
111  42.19632105 -089.09214485 51
112  42.19673491 -089.09224898  42.19693743 -089.09237491
111  42.19673491 -089.09224898
112  42.19673491 -089.09224898  42.19684335 -089.09231641 51
112  42.19802864 -089.09307064  42.19858988 -089.09342179
111  42.19802864 -089.09307064
112  42.19802864 -089.09307064  42.19816174 -089.09315392 57
112  42.19840957 -089.09330666  42.19852774 -089.09337922
111  42.19840957 -089.09330666
112  42.19840957 -089.09330666  42.19872367 -089.09349953 51
115  42.19895648 -089.09363851
120 Linear Feature 22
112  42.19641624 -089.09023972  42.19638044 -089.08972685 51
115  42.19666998 -089.08966963
120 Linear Feature 21
111  42.19411887 -089.09226438 51
112  42.19632105 -089.09214485  42.19648861 -089.09213089 51
112  42.19650895 -089.09183267  42.19650482 -089.09176008 51
112  42.19641624 -089.09023972  42.19638044 -089.08972685 51
115  42.19603730 -089.08977178
120 Linear Feature 20
111  42.19836484 -089.09342934 54
115  42.19844857 -089.09318126
120 Linear Feature 19
111  42.19662329 -089.09082359 54
115  42.19628671 -089.09084808
120 Linear Feature 18
111  42.19688696 -089.09737360 54
115  42.19723335 -089.09703515
120 Linear Feature 17
112  42.19489603 -089.09376373  42.19500715 -089.09365527 51
116  42.19518352 -089.09372861  42.19523438 -089.09382778
120 Linear Feature 16
111  42.19411086 -089.09450398 51
115  42.19353371 -089.09505959
120 Linear Feature 15
111  42.19499386 -089.09337167 51
112  42.19489603 -089.09376373  42.19470797 -089.09394372 51
112  42.19411086 -089.09450398  42.19397751 -089.09464705 51
111  42.19403169 -089.09501070 51
112  42.19419442 -089.09594428  42.19422262 -089.09613100 51
111  42.19437096 -089.09628836 51
115  42.19482689 -089.09669392
120 Linear Feature 14
111  42.19456037 -089.09420636 52
115  42.19448446 -089.09406641
120 Linear Feature 13
111  42.19499110 -089.09237405 52
115  42.19498468 -089.09209839
120 Linear Feature 12
111  42.19475356 -089.09267893 52
115  42.19454961 -089.09288946
120 Linear Feature 11
111  42.19154299 -089.09262018 51
111  42.19411887 -089.09226438 51
112  42.19453986 -089.09251375  42.19469505 -089.09281781
111  42.19453986 -089.09251375
112  42.19453986 -089.09251375  42.19457400 -089.09258064 51
111  42.19499386 -089.09337167 51
111  42.19518352 -089.09372861 51
112  42.19704591 -089.09722197  42.19741930 -089.09792334
111  42.19704591 -089.09722197
112  42.19704591 -089.09722197  42.19744629 -089.09797147 51
115  42.19794077 -089.09725063
120 Linear Feature 10
112  42.19012466 -089.09279875  42.18984491 -089.09283441 51
116  42.18970729 -089.09236043  42.18969643 -089.09226820
120 Linear Feature 9
112  42.18964528 -089.09122700  42.18960949 -089.09058840 51
115  42.19009594 -089.09051087
120 Linear Feature 8
111  42.18940279 -089.08948904 54
115  42.18953559 -089.08947183
120 Linear Feature 7
111  42.18952503 -089.09021592 51
115  42.18934225 -089.08766329
120 Linear Feature 6
112  42.19178644 -089.09295589  42.19175738 -089.09257808 1
115  42.19196570 -089.09256182
120 Linear Feature 5
112  42.19068368 -089.09485211  42.19096909 -089.09481016 51
116  42.19061606 -089.09412395  42.19030389 -089.09419159
120 Linear Feature 4
112  42.19112054 -089.09480071  42.19086735 -089.09483828 51
116  42.19108005 -089.09406398  42.19142095 -089.09399472
120 Linear Feature 2
111  42.18982341 -089.09389564 51
112  42.19009198 -089.09418690  42.19032694 -089.09419934
111  42.19009198 -089.09418690
112  42.19009198 -089.09418690  42.19016449 -089.09417681 51
112  42.19056105 -089.09412680  42.19080362 -089.09409815
111  42.19056105 -089.09412680
112  42.19056105 -089.09412680  42.19072935 -089.09410692 51
112  42.19108005 -089.09406398  42.19124630 -089.09404306
111  42.19108005 -089.09406398
112  42.19108005 -089.09406398  42.19127706 -089.09403918 51
112  42.19159214 -089.09399672  42.19168079 -089.09398038
111  42.19159214 -089.09399672
112  42.19159214 -089.09399672  42.19186341 -089.09394670 51
115  42.19183704 -089.09363591
120 Linear Feature 1
111  42.18982341 -089.09389564 51
112  42.18954235 -089.09446401  42.18928256 -089.09462146
111  42.18954235 -089.09446401
112  42.18954235 -089.09446401  42.18947902 -089.09448928 51
115  42.18928299 -089.09458516
120 Linear Feature 3
112  42.18986854 -089.09453382  42.18986198 -089.09429269 51
115  42.19009198 -089.09418690
120 Linear Feature 12
111  42.18986854 -089.09453382 51
112  42.19024855 -089.09491443  42.19060842 -089.09485015
111  42.19024855 -089.09491443
112  42.19024855 -089.09491443  42.19036406 -089.09489380 51
112  42.19068368 -089.09485211  42.19084924 -089.09483153
111  42.19068368 -089.09485211
112  42.19068368 -089.09485211  42.19082650 -089.09483436 51
112  42.19112054 -089.09480071  42.19126318 -089.09478441
111  42.19112054 -089.09480071
112  42.19112054 -089.09480071  42.19132771 -089.09477704 51
112  42.19163344 -089.09473834  42.19175050 -089.09472111
111  42.19163344 -089.09473834
112  42.19163344 -089.09473834  42.19192452 -089.09469548 51
111  42.19188170 -089.09432728 51
112  42.19183704 -089.09363591  42.19181186 -089.09327159
111  42.19183704 -089.09363591
112  42.19183704 -089.09363591  42.19181701 -089.09334603 51
112  42.19178644 -089.09295589  42.19178206 -089.09290126
111  42.19178644 -089.09295589
112  42.19178644 -089.09295589  42.19177903 -089.09279927 51
112  42.19154299 -089.09262018  42.19136835 -089.09264161
111  42.19154299 -089.09262018
112  42.19154299 -089.09262018  42.19136835 -089.09264161 51
112  42.19012466 -089.09279875  42.18985808 -089.09285586 51
115  42.18977831 -089.09327754
120 Linear Feature 11
112  42.18937027 -089.09289905  42.18967070 -089.09288477 51
111  42.18977831 -089.09327754 51
111  42.18982341 -089.09389564 51
112  42.18986854 -089.09453382  42.18988463 -089.09475100
111  42.18986854 -089.09453382
112  42.18986854 -089.09453382  42.18990140 -089.09497732 51
112  42.18946213 -089.09497630  42.18933725 -089.09504726 51
111  42.18932970 -089.09523867 51
115  42.18934667 -089.09544570
120 LB
111  42.18410245 -089.09130354 51
112  42.18363716 -089.09207289  42.18365699 -089.09271911
111  42.18363716 -089.09207289
112  42.18363716 -089.09207289  42.18364641 -089.09220720 51
112  42.18365487 -089.09243596  42.18366160 -089.09254116
111  42.18365487 -089.09243596
112  42.18365487 -089.09243596  42.18368285 -089.09287292 57
111  42.18369680 -089.09306089 51
112  42.18419909 -089.09355573  42.18467623 -089.09350207 51
112  42.18937027 -089.09289905  42.18972451 -089.09285026
111  42.18937027 -089.09289905
112  42.18937027 -089.09289905  42.18976534 -089.09283622 51
111  42.18970729 -089.09236043 51
112  42.18964528 -089.09122700  42.18960949 -089.09058840
111  42.18964528 -089.09122700
112  42.18964528 -089.09122700  42.18960949 -089.09058840 51
115  42.18910849 -089.09063670
120 HB
111  42.18341109 -089.09247367 54
115  42.18388325 -089.09240540
120 Linear Feature 3
111  42.20175202 -089.09445358 51
115  42.20148401 -089.09408093
120 Linear Feature 3
111  42.20046120 -089.09839223 51
115  42.20022121 -089.09824987
120 Linear Feature 29
111  42.20044048 -089.09563290 51
112  42.20053549 -089.09593034  42.20063858 -089.09605859 51
111  42.20082658 -089.09598219 51
115  42.20119854 -089.09569566
120 Linear Feature 3
111  42.20071269 -089.09699888 51
115  42.20038081 -089.09680014
120 Linear Feature 3
111  42.20056567 -089.09763936 51
115  42.20023379 -089.09744062
120 Linear Feature 3
111  42.20151830 -089.09477373 51
115  42.20111931 -089.09453231
120 Linear Feature 3
111  42.20132435 -089.09528679 51
115  42.20095661 -089.09517965
120 Line
111  42.19979030 -089.10284663 20
115  42.19877174 -089.10222695
120 Linear Feature 5
112  42.19130505 -089.11743040  42.19120439 -089.11772064 53 102
111  42.19146662 -089.11799180 53 102
111  42.19162132 -089.11808924 53 102
112  42.19192727 -089.11794540  42.19201878 -089.11775397 53 102
111  42.19229510 -089.11707778 53 102
111  42.19475304 -089.10986278 53 102
112  42.19497993 -089.10894406  42.19502805 -089.10874918 53 102
111  42.19491805 -089.10861926 53 102
111  42.19468429 -089.10848470 53 102
116  42.19429583 -089.10867494  42.19419957 -089.10894406
120 Linear Feature 3
111  42.19064180 -089.11941626 53 102
112  42.19084146 -089.11989906  42.19103696 -089.12002257
111  42.19084146 -089.11989906
112  42.19084146 -089.11989906  42.19084842 -089.11989359 53 102
111  42.19100784 -089.11998327 53 102
112  42.19127821 -089.11984292  42.19136086 -089.11963028
111  42.19127821 -089.11984292
112  42.19127821 -089.11984292  42.19127563 -089.11983944 53 102
111  42.19157770 -089.11892784 53 102
112  42.19148619 -089.11851240  42.19131573 -089.11838342
111  42.19148619 -089.11851240
112  42.19148619 -089.11851240  42.19148361 -089.11850543 53 102
112  42.19128653 -089.11838889  42.19120647 -089.11833312 53 102
115  42.19107855 -089.11842257
120 Linear Feature 2
111  42.19007993 -089.09085494 53 102
112  42.18981429 -089.09137373  42.18983418 -089.09179552 53 102
112  42.18987367 -089.09226792  42.18988504 -089.09252099 53 102
111  42.19012681 -089.09256317 53 102
111  42.19082059 -089.09258005 53 102
111  42.19420514 -089.09214143 53 102
111  42.19629900 -089.09204021 53 102
112  42.19642088 -089.09185039  42.19643026 -089.09166478 53 102
112  42.19633338 -089.09051320  42.19629900 -089.09012934 53 102
115  42.19600836 -089.09009559
120 Linear Feature 1
111  42.19162464 -089.09289841 53 102
112  42.19152218 -089.09284079  42.19140948 -089.09279960 53 102
111  42.19110381 -089.09280046 53 102
111  42.19083913 -089.09283503 53 102
112  42.19014754 -089.09302517  42.18997892 -089.09306838 53 102
111  42.18994903 -089.09334495 53 102
111  42.18996824 -089.09369929 53 102
112  42.19004295 -089.09389807  42.19008351 -089.09394993 53 102
115  42.19019664 -089.09399890
120 Linear Feature 4
111  42.19443990 -089.11420738 53 102
111  42.19473054 -089.11331735 53 102
112  42.19467116 -089.11305582  42.19454332 -089.11296379 53 102
112  42.19430268 -089.11283571  42.19412085 -089.11273984 53 102
111  42.19400863 -089.11297146 53 102
111  42.19363049 -089.11381929 53 102
111  42.19131474 -089.12059339 53 102
115  42.19050533 -089.12009989
120 Linear Feature 16
111  42.19918163 -089.10079624 51
115  42.19928291 -089.10050917
120 Linear Feature 16
111  42.19963091 -089.10107311 51
115  42.19973220 -089.10078604
120 Linear Feature 16
111  42.19967649 -089.09955255 51
115  42.19977778 -089.09926547
120 Linear Feature 16
111  42.20012577 -089.09982502 51
115  42.20022706 -089.09953794
120 Linear Feature 16
111  42.20055226 -089.10010628 51
115  42.20065355 -089.09981920
120 Linear Feature 16
111  42.19833190 -089.10331878 51
115  42.19842667 -089.10302731
120 Linear Feature 16
111  42.19876816 -089.10361762 51
115  42.19886293 -089.10332615
120 Linear Feature 16
111  42.19966672 -089.10420210 51
115  42.19976150 -089.10391064
120 Linear Feature 16
111  42.19922395 -089.10390327 51
115  42.19932524 -089.10361620
120 Linear Feature 16
111  42.19881048 -089.10208389 51
115  42.19891177 -089.10179682
120 Linear Feature 16
111  42.19926628 -089.10234317 51
115  42.19936756 -089.10205610
120 Linear Feature 16
111  42.19970254 -089.10265080 51
115  42.19980382 -089.10236373
120 Linear Feature 16
111  42.20013880 -089.10287933 51
115  42.20024008 -089.10259225
120 Linear Feature 16
111  42.20008670 -089.10136755 51
115  42.20018799 -089.10108048
120 Linear Feature 16
111  42.19977416 -089.10114342 51
115  42.19997963 -089.10096182
120 Linear Feature 16
111  42.20042529 -089.10153895 51
115  42.20063076 -089.10135735
120 Linear Feature 14
112  42.19632551 -089.10663118  42.19638999 -089.10675724 53 102
111  42.19657011 -089.10664919 53 102
111  42.19698816 -089.10616895 53 102
112  42.19712825 -089.10595885  42.19715716 -089.10586580 53 102
111  42.19714159 -089.10568871 53 102
111  42.19712825 -089.10498036 53 102
112  42.19699705 -089.10475824  42.19686586 -089.10472523 53 102
111  42.19675023 -089.10491132 53 102
113  42.19627214 -089.10628900 53 102
120 Linear Feature 26
111  42.19671536 -089.10345189 51 101
111  42.19645100 -089.10328627 51 101
112  42.19613585 -089.10326210  42.19598544 -089.10330077 51
111  42.19581354 -089.10359081 51
115  42.19555927 -089.10435455
120 Linear Feature 27
111  42.19645100 -089.10328627 51 101
112  42.19623971 -089.10296724  42.19615018 -089.10277872 51
111  42.19621106 -089.10244518 51
115  42.19646533 -089.10168627
120 Linear Feature 23
111  42.19789678 -089.10153764 53 102
112  42.19797965 -089.10192116  42.19809804 -089.10204102
111  42.19797965 -089.10192116
112  42.19797965 -089.10192116  42.19807140 -089.10200107 53 102
111  42.19821050 -089.10183727 53 102
111  42.19863966 -089.10130992 53 102
111  42.19871957 -089.10121404 53 102
111  42.19878765 -089.10101428 53 102
111  42.19881132 -089.10001152 53 102
112  42.19858047 -089.09981176  42.19840880 -089.09985970
111  42.19858047 -089.09981176
112  42.19858047 -089.09981176  42.19844432 -089.09984772 53 102
113  42.19839993 -089.10005546 53 102
120 Linear Feature 35
111  42.19790548 -089.09804663 53 102
112  42.19792827 -089.09850366  42.19803185 -089.09869942 53 102
112  42.19808779 -089.09880689  42.19812627 -089.09886681
111  42.19808779 -089.09880689
112  42.19808779 -089.09880689  42.19828313 -089.09901064 53 102
111  42.19844266 -089.09874536 53 102
111  42.19880730 -089.09794995 53 102
111  42.19959191 -089.09563840 53 102
112  42.19982957 -089.09467158  42.19986864 -089.09451337 53 102
111  42.19974493 -089.09439032 53 102
112  42.19949424 -089.09424090  42.19935750 -089.09419696
111  42.19949424 -089.09424090
112  42.19949424 -089.09424090  42.19927286 -089.09418377 53 102
115  42.19911984 -089.09449140
120 Linear Feature 34
111  42.19788985 -089.09905818 51 101
112  42.19767319 -089.09872319  42.19763379 -089.09856367 51
112  42.19763379 -089.09825526  42.19764561 -089.09817550 51
115  42.19800015 -089.09712799
120 Linear Feature 36
111  42.19707830 -089.10392775 53 102
112  42.19713211 -089.10432725  42.19722978 -089.10441514 53 102
111  42.19736448 -089.10429754 53 102
111  42.19785858 -089.10372305 53 102
111  42.19792462 -089.10354806 53 102
111  42.19795887 -089.10256416 53 102
112  42.19777786 -089.10232314  42.19763461 -089.10233632 53 102
113  42.19755772 -089.10251793 53 102
120 Linear Feature 30
111  42.20077481 -089.09886740 20
111  42.19987645 -089.09830308 20
112  42.20006991 -089.09769674  42.20008767 -089.09757289 20
112  42.20012995 -089.09616590  42.20013883 -089.09606602 20
111  42.20063917 -089.09466506 20
111  42.20071477 -089.09451797 20
111  42.20125957 -089.09383958 20
111  42.20165093 -089.09383058 20
111  42.20189109 -089.09418778 20
115  42.20208232 -089.09430785
120 Linear Feature 17
111  42.19932459 -089.09897614 53 102
112  42.19956226 -089.09829497  42.19961435 -089.09808843 53 102
111  42.19949063 -089.09796098 53 102
111  42.19925623 -089.09781156 53 102
112  42.19905112 -089.09790385  42.19897624 -089.09808843 53 102
111  42.19889485 -089.09838287 53 102
111  42.19875160 -089.09902448 53 102
112  42.19880694 -089.09931453  42.19889485 -089.09947713 53 102
111  42.19902833 -089.09937605 53 102
113  42.19928878 -089.09905524 53 102
120 Linear Feature 24
111  42.19639336 -089.10251337 53 102
112  42.19641408 -089.10284895  42.19643480 -089.10294883 53 102
111  42.19654134 -089.10308066 53 102
111  42.19668341 -089.10319652 53 102
112  42.19687579 -089.10319252  42.19692907 -089.10315257 53 102
111  42.19699714 -089.10302873 53 102
111  42.19736118 -089.10221375 53 102
111  42.19787321 -089.10070764 53 102
111  42.19809223 -089.09980876 53 102
112  42.19808631 -089.09961700  42.19806559 -089.09952911 53 102
111  42.19799160 -089.09946519 53 102
111  42.19778146 -089.09934134 53 102
112  42.19758612 -089.09935333  42.19751805 -089.09938529 53 102
115  42.19741742 -089.09950913
120 Linear Feature 32
112  42.19830746 -089.09975381  42.19838231 -089.09947731 57 105
111  42.19814122 -089.09921644 57 105
116  42.19856683 -089.09900194  42.19868107 -089.09878393
120 Linear Feature 31
112  42.19830746 -089.09975381  42.19843139 -089.09949002 51
111  42.19882433 -089.09962622 51
116  42.19856683 -089.09900194  42.19866693 -089.09862877
120 Linear Feature 49
111  42.20531150 -089.08834119 53 102
112  42.20554550 -089.08786151  42.20551590 -089.08748992
111  42.20554550 -089.08786151
112  42.20554550 -089.08786151  42.20554254 -089.08786550 53 102
111  42.20546750 -089.08682610 53 102
112  42.20521617 -089.08655701  42.20498827 -089.08656500
111  42.20521617 -089.08655701
112  42.20521617 -089.08655701  42.20521617 -089.08655301 53 102
111  42.20451851 -089.08655120 53 102
111  42.20369518 -089.08665650 53 102
111  42.20301485 -089.08685539 53 102
112  42.20282852 -089.08702503  42.20274973 -089.08720584 53 102
111  42.20248075 -089.08779527 53 102
112  42.20226229 -089.08846241  42.20219425 -089.08868962 53 102
115  42.20238047 -089.08871863
120 Linear Feature 45
111  42.20578133 -089.09023712 57 105
116  42.20585050 -089.08968669  42.20582771 -089.08938343
120 Linear Feature 44
111  42.20136544 -089.09075322 57 105
115  42.20150876 -089.09034383
120 Linear Feature 40
111  42.20044048 -089.09563290 51
111  42.20046892 -089.09487260 51
112  42.20034521 -089.09450784  42.20023451 -089.09440237 51
115  42.20014010 -089.09436721
120 Linear Feature 39
112  42.19902736 -089.09762943  42.19915987 -089.09724270 51
111  42.19961940 -089.09733336 51
116  42.19937991 -089.09658045  42.19949451 -089.09605354
120 Linear Feature 41
111  42.19942152 -089.09359487 53 102
112  42.19950493 -089.09382005  42.19961443 -089.09389996 53 102
111  42.19981973 -089.09401618 53 102
112  42.20006727 -089.09395806  42.20016494 -089.09387417 53 102
111  42.20022871 -089.09376194 53 102
111  42.20116774 -089.09104155 53 102
111  42.20139375 -089.08995194 53 102
112  42.20129689 -089.08959236  42.20121886 -089.08948703 53 102
115  42.20108164 -089.08945434
120 Linear Feature 64
112  42.20550319 -089.08628665  42.20559012 -089.08626482 51
115  42.20562095 -089.08613462
120 Linear Feature 63
112  42.20564296 -089.08671909  42.20570026 -089.08626948 51
111  42.20594951 -089.08615860 51
116  42.20564296 -089.08591668  42.20560357 -089.08555892
120 Linear Feature 62
112  42.20524863 -089.08631511  42.20549684 -089.08628310 51 101
115  42.20564296 -089.08671909
120 Linear Feature 60
111  42.20565746 -089.08694707 51 101
111  42.20564296 -089.08671909 51 101
111  42.20560872 -089.08628982 51
111  42.20562095 -089.08613462 51
111  42.20564296 -089.08591668 51
111  42.20569678 -089.08541146 51
115  42.20586779 -089.08369800
120 Linear Feature 59
111  42.20569691 -089.08749428 57 105
115  42.20565746 -089.08694707
120 Linear Feature 56
111  42.20251749 -089.08739108 51
111  42.20268790 -089.08688590 51
111  42.20281394 -089.08668362 51
111  42.20296462 -089.08662187 51
115  42.20524863 -089.08631511
120 Linear Feature 55
111  42.20243324 -089.08763115 57 105
115  42.20251427 -089.08739439
120 Linear Feature 58
111  42.20193165 -089.08653977 53 102
111  42.20228143 -089.08675770 53 102
112  42.20251136 -089.08672799  42.20260186 -089.08663223
111  42.20251136 -089.08672799
112  42.20251136 -089.08672799  42.20258229 -089.08665204 53 102
111  42.20261899 -089.08653317 53 102
112  42.20541128 -089.08617136  42.20540240 -089.08616736
111  42.20541128 -089.08617136
112  42.20541128 -089.08617136  42.20551783 -089.08615138 53 102
111  42.20553262 -089.08601553 53 102
115  42.20555038 -089.08576781
120 Linear Feature 57
111  42.20228502 -089.08702021 51 101
112  42.20193583 -089.08680844  42.20182928 -089.08674451 51 101
115  42.20171220 -089.08682739
120 Linear Feature 69
111  42.19704591 -089.09722197 51
115  42.19746701 -089.09804830
120 Linear Feature 68
111  42.19486344 -089.09367165 53 102
112  42.19493103 -089.09355763  42.19493103 -089.09349301 53 102
111  42.19488879 -089.09339799 53 102
111  42.19440725 -089.09264921 53 102
112  42.19419323 -089.09250858  42.19405524 -089.09249337
111  42.19419323 -089.09250858
112  42.19419323 -089.09250858  42.19420168 -089.09249717 53 102
111  42.19350048 -089.09248959 53 102
111  42.19242758 -089.09262642 53 102
115  42.19195449 -089.09282786
120 Linear Feature 66
111  42.19882819 -089.09370744 53 102
111  42.19664984 -089.09235978 53 102
111  42.19639850 -089.09230638 53 102
112  42.19486015 -089.09237549  42.19485550 -089.09237234
111  42.19486015 -089.09237549
112  42.19486015 -089.09237549  42.19465303 -089.09241946 53 102
111  42.19475775 -089.09266448 53 102
111  42.19673843 -089.09642451 53 102
112  42.19726502 -089.09721475  42.19726812 -089.09721475
111  42.19726502 -089.09721475
112  42.19726502 -089.09721475  42.19750664 -089.09747398 53 102
115  42.19773896 -089.09717293
120 Linear Feature 65
111  42.19729876 -089.09847352 53 102
112  42.19732901 -089.09830389  42.19732436 -089.09822849 53 102
111  42.19729410 -089.09811540 53 102
111  42.19695897 -089.09730178 53 102
112  42.19513386 -089.09384254  42.19509366 -089.09377686 53 102
115  42.19500269 -089.09377686
120 Linear Feature 52
111  42.20602210 -089.08628083 53 102
112  42.20574980 -089.08680025  42.20577940 -089.08725973
111  42.20574980 -089.08680025
112  42.20574980 -089.08680025  42.20574980 -089.08680424 53 102
115  42.20585339 -089.08827059
120 Linear Feature 53
111  42.20183731 -089.08880122 53 102
112  42.20196108 -089.08868862  42.20198530 -089.08859782
111  42.20196108 -089.08868862
112  42.20196108 -089.08868862  42.20196646 -089.08867772 53 102
111  42.20206871 -089.08831815 53 102
112  42.20225167 -089.08760988  42.20224629 -089.08760988
111  42.20225167 -089.08760988
112  42.20225167 -089.08760988  42.20231355 -089.08737380 53 102
111  42.20218978 -089.08723941 53 102
112  42.20199337 -089.08710139  42.20198799 -089.08709776
111  42.20199337 -089.08710139
112  42.20199337 -089.08710139  42.20172969 -089.08693068 53 102
115  42.20158170 -089.08727936
120 Linear Feature 81
111  42.19933074 -089.09385953 2
115  42.19895648 -089.09363851
120 Linear Feature 78
111  42.20020503 -089.09416117 57 105
116  42.19987213 -089.09421375  42.19962777 -089.09407238
120 Linear Feature 75
111  42.18982866 -089.09173540 54
115  42.18957033 -089.09176367
120 Linear Feature 74
111  42.19012466 -089.09279875 51
115  42.18937027 -089.09289905
120 Linear Feature 73
111  42.18977831 -089.09327754 51
115  42.18970729 -089.09236043
120 Linear Feature 72
111  42.18406973 -089.09162384 53 102
112  42.18380784 -089.09211788  42.18383510 -089.09254553
111  42.18380784 -089.09211788
112  42.18380784 -089.09211788  42.18381124 -089.09212708 53 102
111  42.18387132 -089.09304101 53 102
112  42.18413243 -089.09333347  42.18438458 -089.09336106
111  42.18413243 -089.09333347
112  42.18413243 -089.09333347  42.18413924 -089.09333807 53 102
111  42.18483382 -089.09334102 53 102
111  42.18943999 -089.09273487 53 102
112  42.18960417 -089.09250075  42.18960107 -089.09228335
111  42.18960417 -089.09250075
112  42.18960417 -089.09250075  42.18960107 -089.09249239 53 102
112  42.18952363 -089.09120056  42.18952053 -089.09120474
111  42.18952363 -089.09120056
112  42.18952363 -089.09120056  42.18949885 -089.09094554 53 102
115  42.18933777 -089.09095390
120 Linear Feature 71
111  42.18945240 -089.09408544 53 102
111  42.18963625 -089.09374935 53 102
111  42.18960832 -089.09341326 53 102
111  42.18935698 -089.09312742 53 102
111  42.18866344 -089.09311801 53 102
111  42.18415635 -089.09369066 53 102
112  42.18360022 -089.09313441  42.18354902 -089.09257819
111  42.18360022 -089.09313441
112  42.18360022 -089.09313441  42.18359766 -089.09313096 53 102
115  42.18349782 -089.09170067
120 Linear Feature 70
111  42.19018121 -089.09399067 55
115  42.18944060 -089.09408569
120 Linear Feature 43
111  42.20210089 -089.08932186 53 102
112  42.20189210 -089.08953457  42.20182764 -089.08969893 53 102
112  42.20157302 -089.09054494  42.20157302 -089.09055944
111  42.20157302 -089.09054494
112  42.20157302 -089.09054494  42.20156585 -089.09108155 53 102
111  42.20201422 -089.09115116 53 102
111  42.20435026 -089.09083741 53 102
112  42.20525238 -089.09059278  42.20564631 -089.09040665 53 102
111  42.20567389 -089.08990676 53 102
112  42.20564631 -089.08928456  42.20559116 -089.08891231 53 102
115  42.20529965 -089.08889635
21  42.19127222 -089.11528916 3 65.3300 3.00 07  PAPI-4R
21  42.20399945 -089.08802225 2 185.4200 3.00 19  PAPI-4L
21  42.20037472 -089.08820508 2 245.3600 3.00 25  PAPI-4L
14  42.19884403 -089.08598694  82.02 0 New Tower Viewpoint 1
1300  42.20526770 -089.08451570 316.62 hangar props North Ramp 01
1301 A none 
1300  42.20557084 -089.08305595 316.62 hangar props North Ramp 03
1301 A none 
1300  42.20645747 -089.08328608 135.46 hangar props North Ramp 03
1301 A none 
1300  42.20630799 -089.08392137 135.46 hangar props North Ramp 04
1301 A none 
1300  42.20742081 -089.08315902 275.57 hangar props North Ramp 05
1301 A none 
1300  42.20761144 -089.08312527 275.57 hangar props North Ramp 06
1301 A none 
1300  42.20781770 -089.08310417 275.57 hangar props North Ramp 07
1301 A none 
1300  42.20800209 -089.08309574 275.57 hangar props North Ramp 08
1301 A none 
1300  42.20812709 -089.08428973  89.93 tie_down props North Ramp 09
1301 A general_aviation 
1300  42.20855332 -089.08421302 174.86 tie_down props North Ramp 10
1301 A general_aviation 
1300  42.20976920 -089.08347686 -91.43 tie_down props North Ramp 11
1301 A general_aviation 
1300  42.21017890 -089.08352171 -91.43 tie_down props North Ramp 12
1301 A general_aviation 
1300  42.21053323 -089.08352171 -91.43 tie_down props North Ramp 13
1301 A general_aviation 
1300  42.21087356 -089.08354955 -91.43 tie_down props North Ramp 14
1301 A general_aviation 
1300  42.19472568 -089.09660478 143.75 tie_down jets|turboprops FBO Straight Shot Express
1301 B cargo 
1300  42.19032836 -089.09493958  95.14 tie_down jets|turboprops South Cargo 02
1301 B cargo 
1300  42.19084153 -089.09489410  92.58 tie_down jets|turboprops South Cargo 01
1301 B cargo 
1300  42.20175202 -089.09445358 -47.59 gate jets|turboprops GATE 01
1301 C airline 
1300  42.20151830 -089.09477373 -21.41 gate jets|turboprops GATE 02
1301 C airline 
1300  42.20132435 -089.09528679 -14.14 gate jets|turboprops GATE 03
1301 C airline 
1300  42.20119854 -089.09569566  29.64 gate jets|turboprops GATE 04
1301 C airline 
1300  42.20046120 -089.09839223 -21.73 gate jets|turboprops GATE INTL
1301 C airline 
1300  42.20330702 -089.09428440 -25.80 tie_down jets|turboprops GA 11
1301 B general_aviation 
1300  42.20211914 -089.09387827 -138.79 tie_down props GA 06
1301 A general_aviation 
1300  42.20241780 -089.09349690 -138.79 tie_down props GA 01
1301 A general_aviation 
1300  42.20196847 -089.09366034 -138.79 tie_down props GA 07
1301 A general_aviation 
1300  42.20226713 -089.09327897 -138.79 tie_down props GA 02
1301 A general_aviation 
1300  42.20180165 -089.09340973 -138.79 tie_down props GA 08
1301 A general_aviation 
1300  42.20210031 -089.09302836 -138.79 tie_down props GA 03
1301 A general_aviation 
1300  42.20166173 -089.09320996 -138.79 tie_down props GA 09
1301 A general_aviation 
1300  42.20196039 -089.09282859 -138.79 tie_down props GA 04
1301 A general_aviation 
1300  42.20151375 -089.09298114 -138.79 tie_down props GA 10
1301 A general_aviation 
1300  42.20181241 -089.09259977 -138.79 tie_down props GA 05
1301 A general_aviation 
1300  42.19928291 -089.10050917  64.98 tie_down jets|turboprops CARGO UPS 06
1301 D cargo 
1300  42.19973220 -089.10078604  64.98 tie_down jets|turboprops CARGO UPS 05
1301 D cargo 
1300  42.19842667 -089.10302731  64.98 tie_down jets|turboprops CARGO UPS 14
1301 D cargo 
1300  42.19886293 -089.10332615  64.98 tie_down jets|turboprops CARGO UPS 13
1301 D cargo 
1300  42.19932524 -089.10361620  64.98 tie_down jets|turboprops CARGO UPS 12
1301 D cargo 
1300  42.19732527 -089.10704224 241.97 tie_down jets|turboprops CARGO UPS 26
1301 D cargo 
1300  42.19769460 -089.10727582 241.97 tie_down jets|turboprops CARGO UPS 25
1301 D cargo 
1300  42.19807169 -089.10749895 241.97 tie_down jets|turboprops CARGO UPS 24
1301 D cargo 
1300  42.19844103 -089.10774647 241.97 tie_down jets|turboprops CARGO UPS 23
1301 D cargo 
1300  42.19769315 -089.10541876  64.98 tie_down jets|turboprops CARGO UPS 22
1301 D cargo 
1300  42.19815220 -089.10570001  64.98 tie_down jets|turboprops CARGO UPS 21
1301 D cargo 
1300  42.19856893 -089.10596808  64.98 tie_down jets|turboprops CARGO UPS 20
1301 D cargo 
1300  42.19900519 -089.10624054  64.98 tie_down jets|turboprops CARGO UPS 19
1301 D cargo 
1300  42.19976150 -089.10391064  64.98 tie_down jets|turboprops CARGO UPS 11
1301 D cargo 
1300  42.20018799 -089.10108048  64.98 tie_down jets|turboprops CARGO UPS 04
1301 D cargo 
1300  42.19967649 -089.09955255 244.52 tie_down jets|turboprops CARGO UPS 03
1301 D cargo 
1300  42.20012577 -089.09982502 244.52 tie_down jets|turboprops CARGO UPS 02
1301 D cargo 
1300  42.19881048 -089.10208389 244.52 tie_down jets|turboprops CARGO UPS 10
1301 D cargo 
1300  42.19926628 -089.10234317 244.52 tie_down jets|turboprops CARGO UPS 09
1301 D cargo 
1300  42.19970254 -089.10265080 244.52 tie_down jets|turboprops CARGO UPS 08
1301 D cargo 
1300  42.19796988 -089.10460577 244.52 tie_down jets|turboprops CARGO UPS 18
1301 D cargo 
1300  42.19841265 -089.10487383 244.52 tie_down jets|turboprops CARGO UPS 17
1301 D cargo 
1300  42.19885217 -089.10513311 244.52 tie_down jets|turboprops CARGO UPS 16
1301 D cargo 
1300  42.19929785 -089.10541621 244.52 tie_down jets|turboprops CARGO UPS 15
1301 D cargo 
1300  42.20013880 -089.10287933 244.52 tie_down jets|turboprops CARGO UPS 07
1301 D cargo 
1300  42.20055226 -089.10010628 244.52 tie_down jets|turboprops CARGO UPS 01
1301 D cargo 
1300  42.19467218 -089.11425378 207.41 gate jets|turboprops International Cargo
1301 C cargo 
18  42.19884102 -089.08627042 1 BCN
50 12670 ATIS
51 12295 UNICOM
52 11925 CLNC DEL
53 12190 GND
54 11830 ROCKFORD TWR
55 12100 ROCKFORD APP/DEP
55 12600 ROCKFORD APP/DEP
99
