I
1050 Generated by WorldEditor

1   2034 0 0 EDNH Bad Woerishofen-Nord
100 32.00 3 0 0.00 0 0 1 08  48.01559979  010.61001223    0    0 0 0 0 0 26  48.01667719  010.62003736    0    0 0 0 0 0
110 2 0.00 0.0000 New Taxiway 15
111  48.01650795  010.61372614
111  48.01668644  010.61368231
111  48.01664631  010.61332376
113  48.01646625  010.61336968
110 2 0.00 0.0000 New Taxiway 14
111  48.01644695  010.61319287
111  48.01662139  010.61314631
111  48.01658241  010.61279116
113  48.01640639  010.61283761
110 2 0.00 0.0000 New Taxiway 13
111  48.01638045  010.61261043
111  48.01654858  010.61257016
111  48.01650813  010.61220291
111  48.01631984  010.61225459
111  48.01632687  010.61231656
113  48.01634638  010.61231198
110 2 0.00 0.0000 New Taxiway 12
111  48.01631162  010.61144630
111  48.01641942  010.61141797
111  48.01629816  010.61037616
113  48.01618962  010.61040862
110 3 0.00 0.0000 New Taxiway 11
111  48.01615408  010.61155787
111  48.01622871  010.61148172
111  48.01610552  010.61042810
112  48.01605800  010.61030476  48.01602785  010.61028383
111  48.01605800  010.61030476
112  48.01605800  010.61030476  48.01600200  010.61028544
112  48.01603491  010.61015418  48.01607153  010.61010105
111  48.01604331  010.60997537
111  48.01608528  010.60986557
111  48.01599924  010.60937619
112  48.01599924  010.60937619  48.01595983  010.60920885
111  48.01584185  010.60917543
111  48.01525008  010.60902485
111  48.01585733  010.61482056
111  48.01591145  010.61486168
111  48.01623260  010.61783163
111  48.01682227  010.61757753
111  48.01651730  010.61460901
111  48.01676072  010.61454313
111  48.01667678  010.61373377
111  48.01642706  010.61379023
111  48.01642586  010.61374952
111  48.01638677  010.61339111
111  48.01635941  010.61322748
111  48.01625517  010.61233341
111  48.01622148  010.61233934
111  48.01614347  010.61160663
111  48.01607709  010.61162339
113  48.01607353  010.61158266
110 1 0.00 0.0000 New Taxiway 10
111  48.01646625  010.61336968
111  48.01638677  010.61339111
111  48.01642586  010.61374952
113  48.01650795  010.61372614
110 1 0.00 0.0000 New Taxiway 9
111  48.01634638  010.61231198
111  48.01632687  010.61231656
111  48.01625517  010.61233341
111  48.01635941  010.61322748
111  48.01644801  010.61320216
111  48.01644695  010.61319287
111  48.01640639  010.61283761
113  48.01638045  010.61261043
110 1 0.00 0.0000 New Taxiway 8
111  48.01618962  010.61040862
111  48.01610552  010.61042810
111  48.01622871  010.61148172
111  48.01615408  010.61155787
111  48.01607353  010.61158266
111  48.01607709  010.61162339
111  48.01614347  010.61160663
111  48.01643482  010.61153307
111  48.01641942  010.61141797
113  48.01631162  010.61144630
130 Airport Boundary 16
111  48.01654909  010.61468503
111  48.01681332  010.61460695
111  48.01635246  010.61048249
112  48.01635246  010.61048249  48.01627962  010.61005989
112  48.01609745  010.60960066  48.01605930  010.60932584
111  48.01609745  010.60960066
111  48.01604215  010.60911381
111  48.01523411  010.60897143
111  48.01517574  010.60896684
111  48.01583044  010.61482739
111  48.01591145  010.61486168
111  48.01623260  010.61783163
111  48.01617119  010.61787546
111  48.01644491  010.62032227
113  48.01709291  010.62009262
14  48.01633250  010.61228188  29.53 0 New Tower Viewpoint 7
1300  48.01630911  010.61130995 169.38 hangar props Hangar 04
1301 A none 
1300  48.01628392  010.61108721 171.38 hangar props Hangar 05
1301 A none 
1300  48.01655983  010.61398202 135.88 tie_down props Grass 01
1301 A general_aviation 
1300  48.01592176  010.60931723 137.12 tie_down props Grass 03
1301 A general_aviation 
1300  48.01598935  010.60971636 137.91 tie_down props Grass 02
1301 A general_aviation 
1300  48.01626504  010.61087703 168.39 hangar props Hangar 06
1301 A none 
1300  48.01623776  010.61066998 170.25 hangar props Hangar 07
1301 A none 
1300  48.01621677  010.61047549 170.98 hangar props Hangar 08
1301 A none 
1300  48.01638465  010.61243929 170.05 hangar props Hangar 03
1301 A none 
1300  48.01651895  010.61353726 169.54 hangar props Hangar 01
1301 A none 
1300  48.01645600  010.61300083 169.11 hangar props Hangar 02
1301 A none 
51 12260 Bad Woerishofen Info
99
