A
1000 Generated by Infinite Flight Airport Editing (World Parser)/AB

1     4874 0 1 KAZC COLORADO CITY MUNI
100   22.86   1   0 0.25 0 2 0 11   36.96470300 -113.02388900    0.00    0.00 2  0 0 1 29   36.95539400 -113.00571900    0.00    0.00 2  0 0 1
100   18.29   1   0 0.25 0 2 0 01   36.95360600 -113.01683600    0.00    0.00 2  0 0 0 19   36.96597200 -113.00865000    0.00    0.00 2  0 0 0
21   36.96398494 -113.02178938  2 122.66   3.00 11  PAPI-4L
21   36.95611238 -113.00781820  2 302.67   3.00 29  PAPI-4L
110   1 0.30  27.87 Default taxiway for RWY 01
111  36.95356858 -113.01674746   3 102 
111  36.95337516 -113.01628984   3 102 
111  36.96574144 -113.00810508   3 102 
111  36.96593486 -113.00856278 
112  36.96578938 -113.00865907  36.96586107 -113.00860843   3 102 
111  36.96581490 -113.00849918   3 102 
112  36.96575334 -113.00835351  36.96570717 -113.00824426   3 102 
111  36.96563443 -113.00829241   3 102 
111  36.95963314 -113.01226442   3 102 
111  36.95978809 -113.01263104 
111  36.95971535 -113.01267919   3 102 
111  36.95956040 -113.01231257   3 102 
112  36.95355911 -113.01628457  36.95348637 -113.01633272   3 102 
111  36.95353254 -113.01644196   3 102 
112  36.95359410 -113.01658760  36.95364027 -113.01669683   3 102 
113  36.95371406 -113.01665117 
110   1 0.30 122.66 Default taxiway for RWY 11
111  36.96461830 -113.02395696   3 102 
111  36.96418342 -113.02430585   3 102 
111  36.95487580 -113.00613358   3 102 
111  36.95531068 -113.00578473 
112  36.95542171 -113.00600149  36.95536430 -113.00589463   3 102 
111  36.95526039 -113.00597799   3 102 
112  36.95512183 -113.00608914  36.95501792 -113.00617250   3 102 
111  36.95507343 -113.00628088   3 102 
111  36.95958846 -113.01509606   3 102 
111  36.95993674 -113.01481665 
111  36.95999225 -113.01492503   3 102 
111  36.95964397 -113.01520444   3 102 
112  36.96415900 -113.02401962  36.96421451 -113.02412800   3 102 
111  36.96431842 -113.02404463   3 102 
112  36.96445698 -113.02393347  36.96456089 -113.02385010   3 102 
113  36.96450728 -113.02374020 
120 Default hold RWY 11 (near)
111  36.96444321 -113.02409743   4 
115  36.96438770 -113.02398905 
120 Default hold RWY 01 (near)
111  36.95349058 -113.01656292   4 
115  36.95356332 -113.01651478 
120 Default hold RWY 11 (centre)
111  36.95981716 -113.01506549   4 
115  36.95976165 -113.01495711 
120 Default hold RWY 01 (centre)
111  36.95963735 -113.01249464   4 
115  36.95971009 -113.01244649 
120 Default hold RWY 11 (far)
111  36.95519111 -113.00603356   4 
115  36.95513559 -113.00592518 
120 Default hold RWY 01 (far)
111  36.96578412 -113.00842634   4 
115  36.96585686 -113.00837820 
18   36.96065542 -113.01431988 1 BCN
19   36.95357594 -113.01720537 1 WS
19   36.96507266 -113.02389826 1 WS
19   36.95502434 -113.00570983 1 WS
19   36.96600204 -113.00828057 1 WS
50 11837 AWOS 3
51 12270 CTAF/UNICOM


130 Airport Boundary
111  036.95337677 -113.01628876
111  036.95360565 -113.01683807
111  036.96418381 -113.02430725
111  036.96461868 -113.02395630
111  036.96470261 -113.02388763
111  036.96597290 -113.00865173
111  036.96585846 -113.00837708
111  036.96574020 -113.00810242
111  036.95539474 -113.00572205
111  036.95531082 -113.00578308
113  036.95487595 -113.00613403
99
