A
1050 Generated by WorldEditor

1    632 0 0 KFKS FRANKFORT DOW MEM FLD
100 22.86 1 0 0.25 0 2 0 15  44.62939037 -086.20593411  334   92 1 0 0 0 33  44.62065171 -086.19541695   81    0 1 0 0 1
110 2 0.00 0.0000 New Taxiway 8
111  44.62432146 -086.19654471
111  44.62429023 -086.19650658
111  44.62425230 -086.19646026
111  44.62418817 -086.19638195
111  44.62414928 -086.19633445
111  44.62408713 -086.19625856
111  44.62404378 -086.19620563
111  44.62401089 -086.19616547
111  44.62410486 -086.19601471
113  44.62441810 -086.19639582
110 2 0.00 0.0000 New Taxiway 7
111  44.62408622 -086.19691438
111  44.62406153 -086.19688456
111  44.62402682 -086.19684261
111  44.62397758 -086.19678314
111  44.62394276 -086.19674089
111  44.62389471 -086.19668288
111  44.62386032 -086.19664135
111  44.62380908 -086.19657947
111  44.62377515 -086.19653849
111  44.62372438 -086.19647719
111  44.62369249 -086.19643868
111  44.62361785 -086.19634855
111  44.62371454 -086.19620273
111  44.62374621 -086.19624091
111  44.62378203 -086.19628410
111  44.62382802 -086.19633956
111  44.62386645 -086.19638590
111  44.62391269 -086.19644166
111  44.62394909 -086.19648555
111  44.62399629 -086.19654247
111  44.62403288 -086.19658659
111  44.62408599 -086.19665062
111  44.62411852 -086.19668985
113  44.62418379 -086.19676856
110 2 0.00 0.0000 New Taxiway 6
111  44.62251758 -086.19565827
111  44.62263781 -086.19545988
111  44.62276887 -086.19562245
113  44.62264608 -086.19582535
110 2 0.00 0.0000 New Taxiway 5
111  44.62280131 -086.19599425
111  44.62283326 -086.19594550
111  44.62286783 -086.19599004
111  44.62290049 -086.19594105
111  44.62293049 -086.19598284
111  44.62289800 -086.19603004
111  44.62292881 -086.19606972
111  44.62290127 -086.19611073
113  44.62282448 -086.19602125
110 2 0.00 0.0000 New Taxiway 4
111  44.62335024 -086.19665329
111  44.62326067 -086.19654270
111  44.62323201 -086.19650732
111  44.62314720 -086.19640260
111  44.62311654 -086.19636475
111  44.62302332 -086.19624965
111  44.62300059 -086.19622159
111  44.62296316 -086.19617537
111  44.62303134 -086.19607546
111  44.62311158 -086.19617456
111  44.62315422 -086.19622723
111  44.62322833 -086.19631875
111  44.62327265 -086.19637349
111  44.62334296 -086.19646032
111  44.62338674 -086.19651439
113  44.62341915 -086.19655441
110 2 0.00 0.0000 New Taxiway 3
111  44.62357815 -086.19692978
111  44.62364745 -086.19682020
111  44.62373398 -086.19693014
113  44.62366664 -086.19703762
110 2 0.00 0.0000 New Taxiway 2
111  44.62378965 -086.19718771
111  44.62386098 -086.19707293
111  44.62394540 -086.19717816
113  44.62387578 -086.19729451
110 2 0.00 0.0000 New Taxiway 1
111  44.62461667 -086.19706838
111  44.62448006 -086.19688878
111  44.62454056 -086.19679144
113  44.62467912 -086.19697378
110 1 0.00 0.0000 New Taxiway 6
111  44.62090328 -086.19590194
111  44.62070791 -086.19592779
111  44.62049764 -086.19567668
113  44.62058513 -086.19552672
110 1 0.00 0.0000 New Taxiway 5
111  44.62914278 -086.20546174
111  44.62935078 -086.20543862
111  44.62954891 -086.20567355
113  44.62945452 -086.20582960
110 1 0.00 0.0000 New Taxiway 4
111  44.62969939 -086.20661905
111  44.62969981 -086.20648573
111  44.62982201 -086.20627883
111  44.62993841 -086.20626792
111  44.63012834 -086.20651460
113  44.62990989 -086.20687207
110 1 0.00 0.0000 New Taxiway 3
111  44.62849870 -086.20504820 3
112  44.62832555 -086.20511231  44.62828799 -086.20519388 3
111  44.62830165 -086.20529943 54
111  44.62825266 -086.20530203 54
111  44.62821117 -086.20530423 3
112  44.62825043 -086.20505234  44.62830336 -086.20497317
111  44.62825043 -086.20505234
112  44.62825043 -086.20505234  44.62832214 -086.20493479 3
113  44.62826755 -086.20477143
110 1 0.00 0.0000 New Taxiway 2
111  44.62547438 -086.20103329
112  44.62547438 -086.20103329  44.62558624 -086.20112408 3
111  44.62566242 -086.20102682 3
111  44.62574885 -086.20088661 3
111  44.62585022 -086.20072217
112  44.62585022 -086.20072217  44.62587792 -086.20063909 3
111  44.62583711 -086.20057720 3
111  44.62578509 -086.20051196
111  44.62587236 -086.20037331
111  44.62595778 -086.20023760
111  44.62598572 -086.20027227
111  44.62620139 -086.20053987
111  44.62614828 -086.20062731
111  44.62606443 -086.20076536
111  44.62603405 -086.20081536 3
112  44.62592022 -086.20079893  44.62584519 -086.20084481
111  44.62592022 -086.20079893 3
111  44.62581518 -086.20096433 3
111  44.62572218 -086.20111078
112  44.62572218 -086.20111078  44.62568674 -086.20121718 3
113  44.62572666 -086.20134293
110 1 0.00 0.0000 New Taxiway 1
111  44.62179477 -086.19661440 3
112  44.62199902 -086.19660975  44.62206986 -086.19651776
111  44.62199902 -086.19660975 3
111  44.62212042 -086.19640641 3
111  44.62232084 -086.19607073 3
111  44.62236500 -086.19598523 3
111  44.62236112 -086.19593115
111  44.62251758 -086.19565827
111  44.62264608 -086.19582535
111  44.62254731 -086.19601098
111  44.62286158 -086.19623265
111  44.62276409 -086.19612271
111  44.62282448 -086.19602125
111  44.62290127 -086.19611073
111  44.62288630 -086.19613557
111  44.62297939 -086.19625569
111  44.62300059 -086.19622159
111  44.62302332 -086.19624965
111  44.62300187 -086.19628469
111  44.62309324 -086.19640259
111  44.62311654 -086.19636475
111  44.62314720 -086.19640260
111  44.62312315 -086.19644117
111  44.62320576 -086.19654777
111  44.62323201 -086.19650732
111  44.62326067 -086.19654270
111  44.62323381 -086.19658395
111  44.62325894 -086.19661713
111  44.62323469 -086.19665532
111  44.62330412 -086.19674267
112  44.62330412 -086.19674267  44.62335193 -086.19679613
111  44.62340685 -086.19672585
111  44.62348789 -086.19659731
112  44.62346919 -086.19643660  44.62341065 -086.19636669
111  44.62346919 -086.19643660
111  44.62344935 -086.19641259
111  44.62338674 -086.19651439
111  44.62334296 -086.19646032
111  44.62340450 -086.19635829
111  44.62333260 -086.19627127
111  44.62327265 -086.19637349
111  44.62322833 -086.19631875
111  44.62328940 -086.19621898
111  44.62321509 -086.19612904
111  44.62315422 -086.19622723
111  44.62311158 -086.19617456
111  44.62317046 -086.19607502
111  44.62288082 -086.19572443
111  44.62292700 -086.19564693
111  44.62364529 -086.19651280
111  44.62369249 -086.19643868
111  44.62372438 -086.19647719
111  44.62367838 -086.19655269
111  44.62372715 -086.19661147
111  44.62377515 -086.19653849
111  44.62380908 -086.19657947
111  44.62376266 -086.19665428
111  44.62381090 -086.19671243
111  44.62386032 -086.19664135
111  44.62389471 -086.19668288
111  44.62384600 -086.19675475
111  44.62389580 -086.19681477
111  44.62394276 -086.19674089
111  44.62397758 -086.19678314
111  44.62393080 -086.19685696
111  44.62398085 -086.19691730
111  44.62402682 -086.19684261
111  44.62406153 -086.19688456
111  44.62401423 -086.19695754
111  44.62402885 -086.19697516 3
112  44.62420843 -086.19695173  44.62428229 -086.19684133
111  44.62420843 -086.19695173
112  44.62420843 -086.19695173  44.62430900 -086.19678393 3
111  44.62419304 -086.19664535
111  44.62416515 -086.19661208
111  44.62411852 -086.19668985
111  44.62408599 -086.19665062
111  44.62413331 -086.19657407
111  44.62407955 -086.19650992
111  44.62403288 -086.19658659
111  44.62399629 -086.19654247
111  44.62404223 -086.19646539
111  44.62399604 -086.19641027
111  44.62394909 -086.19648555
111  44.62391269 -086.19644166
111  44.62395918 -086.19636628
111  44.62391224 -086.19631027
111  44.62386645 -086.19638590
111  44.62382802 -086.19633956
111  44.62387405 -086.19626470
111  44.62382700 -086.19620856
111  44.62378203 -086.19628410
111  44.62374621 -086.19624091
111  44.62379050 -086.19616500
111  44.62323100 -086.19549734
111  44.62328103 -086.19541804
111  44.62399499 -086.19628483
111  44.62404378 -086.19620563
111  44.62408713 -086.19625856
111  44.62403650 -086.19633523
111  44.62409946 -086.19641166
111  44.62414928 -086.19633445
111  44.62418817 -086.19638195
111  44.62413959 -086.19646038
111  44.62420478 -086.19653952
111  44.62425230 -086.19646026
111  44.62429023 -086.19650658
111  44.62424255 -086.19658538
111  44.62440545 -086.19678315 3
111  44.62383711 -086.19768651
112  44.62383711 -086.19768651  44.62377436 -086.19779818 3
111  44.62386849 -086.19792779
111  44.62397572 -086.19775715
111  44.62405587 -086.19762962
111  44.62413987 -086.19749594
111  44.62421870 -086.19737051
111  44.62429885 -086.19724296
111  44.62447189 -086.19696760
111  44.62487067 -086.19746244
111  44.62470742 -086.19772104
111  44.62462394 -086.19785329
111  44.62454122 -086.19798433
111  44.62445703 -086.19811770
111  44.62437109 -086.19825385
111  44.62420624 -086.19851500
111  44.62381119 -086.19803306 3
112  44.62360604 -086.19807479  44.62351250 -086.19821832
111  44.62360604 -086.19807479 3
111  44.62357000 -086.19813771 3
111  44.62343386 -086.19837540
112  44.62343386 -086.19837540  44.62339694 -086.19848608 3
111  44.62346401 -086.19861638
111  44.62318037 -086.19827211
112  44.62318037 -086.19827211  44.62329386 -086.19835597 3
111  44.62336315 -086.19826126 3
111  44.62349670 -086.19805560 3
111  44.62397633 -086.19731698
112  44.62397633 -086.19731698  44.62406119 -086.19716242 3
111  44.62396803 -086.19703304
111  44.62363487 -086.19663502
112  44.62351396 -086.19662846  44.62344859 -086.19670661
111  44.62351396 -086.19662846
111  44.62340437 -086.19679801
112  44.62340437 -086.19679801  44.62338778 -086.19682817
111  44.62341101 -086.19685758
111  44.62353482 -086.19700373
111  44.62357815 -086.19692978
111  44.62366664 -086.19703762
111  44.62362414 -086.19710917
111  44.62374731 -086.19725457
111  44.62378965 -086.19718771
111  44.62387578 -086.19729451
111  44.62380607 -086.19740724
111  44.62288423 -086.19630792
111  44.62252584 -086.19606409 3
112  44.62242989 -086.19610674  44.62239763 -086.19615772
111  44.62242989 -086.19610674 3
111  44.62220120 -086.19649158 3
111  44.62207681 -086.19670091
112  44.62207681 -086.19670091  44.62202099 -086.19681552 3
113  44.62209125 -086.19697005
130 Airport Boundary
111  44.62027973 -086.19641922
111  44.62502676 -086.20213203
111  44.62626682 -086.20522047
111  44.62626257 -086.20632085
111  44.62818550 -086.20628845
111  44.62818246 -086.20732267
111  44.62996436 -086.20733858
111  44.62999752 -086.20795549
111  44.63132089 -086.20725626
111  44.63000242 -086.20575014
111  44.62976364 -086.20540912
111  44.62973673 -086.20432848
111  44.62947340 -086.20338736
111  44.62715447 -086.20172353
111  44.62621174 -086.20014459
111  44.62608421 -086.19507339
111  44.62175296 -086.19509510
111  44.62020488 -086.19295551
111  44.61915179 -086.19291002
113  44.61914153 -086.19636958
120 Linear Feature 12
111  44.62433170 -086.19728878 1
115  44.62429885 -086.19724296
120 Linear Feature 12
111  44.62425087 -086.19741542 1
115  44.62421870 -086.19737051
120 Linear Feature 12
111  44.62417237 -086.19754124 1
115  44.62413987 -086.19749594
120 Linear Feature 12
111  44.62408864 -086.19767523 1
115  44.62405587 -086.19762962
120 Linear Feature 12
111  44.62400839 -086.19780268 1
115  44.62397572 -086.19775715
120 Linear Feature 11
111  44.62431058 -086.19732052 1
111  44.62433170 -086.19728878 1
115  44.62435245 -086.19725761
120 Linear Feature 11
111  44.62422975 -086.19744716 1
111  44.62425087 -086.19741542 1
115  44.62427162 -086.19738425
120 Linear Feature 11
111  44.62415125 -086.19757298 1
111  44.62417237 -086.19754124 1
115  44.62419312 -086.19751007
120 Linear Feature 11
111  44.62406752 -086.19770697 1
111  44.62408864 -086.19767523 1
115  44.62410938 -086.19764406
120 Linear Feature 11
111  44.62398727 -086.19783442 1
111  44.62400839 -086.19780268 1
115  44.62402914 -086.19777151
120 Linear Feature 10
111  44.62201759 -086.19668011 1
115  44.62243747 -086.19598985
120 Linear Feature 9
111  44.62349670 -086.19805560 54
115  44.62357000 -086.19813771
120 Linear Feature 7
111  44.62404052 -086.19728483 1
112  44.62399967 -086.19700852  44.62390857 -086.19688891
111  44.62399967 -086.19700852
112  44.62399967 -086.19700852  44.62410524 -086.19709704 1
115  44.62419759 -086.19703164
120 Linear Feature 8
111  44.62362508 -086.19795449 1
112  44.62384166 -086.19799075  44.62396621 -086.19809075
111  44.62384166 -086.19799075
112  44.62384166 -086.19799075  44.62375176 -086.19788943 1
115  44.62379250 -086.19768462
120 Linear Feature 6
111  44.62339093 -086.19833192 1
111  44.62362508 -086.19795449 1
111  44.62379250 -086.19768462 1
111  44.62404052 -086.19728483 1
111  44.62419759 -086.19703164 1
111  44.62427528 -086.19690641 1
116  44.62424446 -086.19663925  44.62413689 -086.19650934
120 Linear Feature 5
111  44.62587236 -086.20037331 1
111  44.62590331 -086.20040934 1
115  44.62598572 -086.20027227
120 Linear Feature 3
111  44.62574885 -086.20088661 54
115  44.62581518 -086.20096433
120 Linear Feature 2
111  44.62567859 -086.20108957 1
115  44.62592932 -086.20068523
120 Linear Feature 1
111  44.62232490 -086.19740856 1
111  44.62203691 -086.19706033 1
112  44.62201759 -086.19668011  44.62209569 -086.19647448
111  44.62201759 -086.19668011
112  44.62201759 -086.19668011  44.62188461 -086.19682346 1
111  44.62171627 -086.19667670 1
115  44.62138121 -086.19627271
120 Linear Feature 1
111  44.62369710 -086.19906399 1
111  44.62340911 -086.19871576 1
112  44.62338979 -086.19833554  44.62346789 -086.19812991
111  44.62338979 -086.19833554
112  44.62338979 -086.19833554  44.62325681 -086.19847888 1
111  44.62308848 -086.19833212 1
115  44.62275342 -086.19792813
120 Linear Feature 1
111  44.62598591 -086.20181803 1
111  44.62569791 -086.20146979 1
112  44.62567859 -086.20108957  44.62575669 -086.20088394
111  44.62567859 -086.20108957
112  44.62567859 -086.20108957  44.62554561 -086.20123292 1
111  44.62537728 -086.20108616 1
115  44.62504222 -086.20068217
120 Linear Feature 9
111  44.62825266 -086.20530203 1
112  44.62827290 -086.20511399  44.62830076 -086.20503982
111  44.62827290 -086.20511399 1
111  44.62833515 -086.20500540
112  44.62833515 -086.20500540  44.62836741 -086.20493947 1
115  44.62835340 -086.20486967
120 Linear Feature 14
111  44.62467932 -086.19768517 1
115  44.62470742 -086.19772104
120 Linear Feature 14
111  44.62459421 -086.19781515 1
115  44.62462394 -086.19785329
120 Linear Feature 14
111  44.62451122 -086.19794587 1
115  44.62454122 -086.19798433
120 Linear Feature 14
111  44.62442611 -086.19807808 1
115  44.62445703 -086.19811770
120 Linear Feature 14
111  44.62433889 -086.19821251 1
115  44.62437109 -086.19825385
120 Linear Feature 13
111  44.62465866 -086.19771765 1
111  44.62467932 -086.19768517 1
115  44.62470307 -086.19764784
120 Linear Feature 13
111  44.62457355 -086.19784763 1
111  44.62459421 -086.19781515 1
115  44.62461796 -086.19777782
120 Linear Feature 13
111  44.62449056 -086.19797836 1
111  44.62451122 -086.19794587 1
115  44.62453497 -086.19790854
120 Linear Feature 13
111  44.62440545 -086.19811056 1
111  44.62442611 -086.19807808 1
115  44.62444986 -086.19804075
120 Linear Feature 13
111  44.62431823 -086.19824500 1
111  44.62433889 -086.19821251 1
115  44.62436263 -086.19817518
120 Linear Feature 15
111  44.62212042 -086.19640641 54
115  44.62220120 -086.19649158
120 Linear Feature 4
111  44.62606443 -086.20076536 1
111  44.62602851 -086.20072276 1
111  44.62611370 -086.20058465 1
115  44.62614828 -086.20062731
21  44.62275262 -086.19743003 2 319.2300 3.00 33  PAPI-2L
14  44.62566814 -086.20010300  82.02 0 New Tower Viewpoint 1
1300  44.62260371 -086.19570211 228.44 hangar turboprops|props Hangar 14
1301 A none 
1300  44.62312393 -086.19621302  49.76 hangar props Hangar 13
1301 A none 
1300  44.62323971 -086.19635861  49.76 hangar props Hangar 12
1301 A none 
1300  44.62335548 -086.19650689  49.76 hangar props Hangar 11
1301 A none 
1300  44.62363361 -086.19696415 228.87 hangar props Hangar 10
1301 A none 
1300  44.62384527 -086.19722559 228.87 hangar props Hangar 09
1301 A none 
1300  44.62372036 -086.19643321 228.87 hangar props Hangar 08
1301 A none 
1300  44.62380600 -086.19653719 228.87 hangar props Hangar 07
1301 A none 
1300  44.62389058 -086.19663969 228.87 hangar props Hangar 06
1301 A none 
1300  44.62397199 -086.19674070 228.87 hangar props Hangar 05
1301 A none 
1300  44.62405342 -086.19684191 228.87 hangar props Hangar 04
1301 A none 
1300  44.62408086 -086.19620626 228.87 hangar props Hangar 03
1301 A none 
1300  44.62418499 -086.19633379 228.87 hangar props Hangar 02
1301 A none 
1300  44.62428420 -086.19645736 228.87 hangar props Hangar 01
1301 A none 
1300  44.62433170 -086.19728878 -43.76 tie_down props GA 10
1301 A general_aviation 
1300  44.62425087 -086.19741542 -43.76 tie_down props GA 09
1301 A general_aviation 
1300  44.62417237 -086.19754124 -43.76 tie_down props GA 08
1301 A general_aviation 
1300  44.62408864 -086.19767523 -43.76 tie_down props GA 07
1301 A general_aviation 
1300  44.62400839 -086.19780268 -43.76 tie_down props GA 06
1301 A general_aviation 
1300  44.62467932 -086.19768517 137.09 tie_down props GA 05
1301 A general_aviation 
1300  44.62459421 -086.19781515 137.09 tie_down props GA 04
1301 A general_aviation 
1300  44.62451122 -086.19794587 137.09 tie_down props GA 03
1301 A general_aviation 
1300  44.62442611 -086.19807808 137.09 tie_down props GA 02
1301 A general_aviation 
1300  44.62433889 -086.19821251 137.09 tie_down props GA 01
1301 A general_aviation 
18  44.62566814 -086.20010300 1 BCN
19  44.62541431 -086.20256705 1 WS
50 11832 AWOS 3
51 12305 CTAF/UNICOM
99
