A
1000 Generated by Infinite Flight Airport Editing (World Parser)/AB

1      730 0 0 YLYN LYNDON STN
100   64.92   4   0 0.25 0 0 0 16  -23.63741924  115.23430931    0.00    0.00 0  0 0 0 34  -23.64861675  115.23734289    0.00    0.00 0  0 0 0
100   31.09   4   0 0.00 0 0 0 10  -23.64070691  115.23282522    0.00    0.00 0  0 0 0 28  -23.64417859  115.24574090    0.00    0.00 0  0 0 0
110   4 0.25   0.00 New Taxiway 21
111 -23.64363110  115.23621380 
112 -23.64377603  115.23649691 -23.64381417  115.23661348 
112 -23.64385231  115.23674670 -23.64383705  115.23682997 
112 -23.64369213  115.23674670 -23.64365399  115.23673838 
112 -23.64340227  115.23670507 -23.64331837  115.23669674 
112 -23.64324972  115.23650523 -23.64321158  115.23646360 
113 -23.64298274  115.23601396 
14  -23.64323446  115.23634703    6 0 New Tower Viewpoint 21
15  -23.64362348  115.23658850 273.68 New Ramp Start 19
19  -23.64351669  115.23536449 0 New Windsock 20


130 Airport Boundary
111 -023.64861679  115.23734283
111 -023.64070702  115.23282623
111 -023.63741875  115.23430634
113 -023.64417839  115.24574280
99
