A
1000 Generated by Infinite Flight Airport Editing (World Parser)/AB

1      952 0 0 YWBV West Beverley
100   20.12   3   0 0.25 0 0 0 16  -32.13428343  116.73093242    0.00    0.00 0  0 0 0 34  -32.14071597  116.73473648    0.00    0.00 0  0 0 0
110   3 0.25 153.40 New Taxiway 27
112 -32.13934626  116.73438119 -32.13938597  116.73426864 
112 -32.13929861  116.73411858 -32.13928273  116.73408107 
111 -32.13625681  116.73228972 
112 -32.13562145  116.73192395 -32.13551026  116.73188643 
112 -32.13539908  116.73202712 -32.13532760  116.73211152 
112 -32.13527200  116.73249605 -32.13523229  116.73254295 
112 -32.13451138  116.73214084 -32.13426518  116.73210332 
112 -32.13420165  116.73135302 -32.13415399  116.73092160 
112 -32.13466228  116.73020881 -32.13472582  116.73005875 
112 -32.13499585  116.73011502 -32.13510704  116.73019005 
112 -32.13583373  116.73041339 -32.13596369  116.73045602 
112 -32.13579763  116.73083970 -32.13579763  116.73095055 
112 -32.13603589  116.73142801 -32.13615863  116.73160707 
112 -32.13667870  116.73154232 -32.13678611  116.73134501 
112 -32.13739474  116.73171848 -32.13763342  116.73184532 
112 -32.13788403  116.73138025 -32.13790193  116.73114771 
112 -32.13780049  116.73111952 -32.13787806  116.73116180 
112 -32.13874919  116.73158950 -32.13886126  116.73165833 
112 -32.13889713  116.73211364 -32.13891506  116.73220894 
112 -32.13882988  116.73344251 -32.13886575  116.73347957 
112 -32.13965925  116.73380252 -32.13973994  116.73380252 
111 -32.13988788  116.73377076 
112 -32.14086071  116.73444313 -32.14095485  116.73451725 
111 -32.14092796  116.73472373 
112 -32.14051771  116.73572582 -32.14045046  116.73587406 
111 -32.14031148  116.73577347 
113 -32.13909657  116.73502168 
14  -32.13950800  116.73309700    4 0 West Beverley Tower
15  -32.14046900  116.73358700  63.91 GA Ramp 5
15  -32.13992998  116.73394278 355.76 New Ramp Start 6
19  -32.13809600  116.73268500 0 New Windsock 5
51 12270 YWBV traffic MULT


130 Airport Boundary
111 -032.14092636  116.73472595
111 -032.14086151  116.73444366
111 -032.13874817  116.73159027
111 -032.13780212  116.73111725
111 -032.13583374  116.73041534
111 -032.13499451  116.73011780
111 -032.13466263  116.73020935
111 -032.13428497  116.73093414
111 -032.13420105  116.73135376
111 -032.13451004  116.73213959
111 -032.13909531  116.73502350
111 -032.14031219  116.73577118
113 -032.14051819  116.73572540
99
