I
1050 Generated by WorldEditor 2.1.0r1

1     11 1 0 ORMM Basrah International
100 44.21 2 0 0.00 0 2 0 14  30.56211646  047.64844747    0  119 3 1 0 0 32  30.53541552  047.67649700    0  120 3 1 0 0
102 H11  30.55983033  047.65827957 135.98 14.60 11.50 15 0 0 0.00 0
102 H10  30.56021756  047.65786287 135.98 14.60 11.50 15 0 0 0.00 0
102 H9  30.55964564  047.65799703 121.94 10.00 6.20 15 0 0 0.00 0
102 H8  30.55997539  047.65764996 121.95 10.00 6.20 15 0 0 0.00 0
102 H7  30.56031147  047.65730000 121.95 10.00 6.20 15 0 0 0.00 0
102 H6  30.56064293  047.65694542 121.95 10.00 6.20 15 0 0 0.00 0
102 H5  30.55889674  047.65703556 121.95 10.00 6.20 15 0 0 0.00 0
102 H4  30.55922475  047.65668405 121.95 10.00 6.20 15 0 0 0.00 0
102 H3  30.55956309  047.65633319 121.96 10.00 6.20 15 0 0 0.00 0
102 H2  30.55989504  047.65597936 121.96 10.00 6.20 15 0 0 0.00 0
102 H1  30.56022567  047.65562914 121.96 10.00 6.20 15 0 0 0.00 0
110 2 0.00 0.0000 New Taxiway 24
111  30.56229701  047.65270178
111  30.56267159  047.65318658
111  30.56285459  047.65299331
113  30.56263401  047.65271994
110 2 0.00 0.0000 New Taxiway 22
111  30.56022652  047.65403211
111  30.56051755  047.65442093
111  30.56042161  047.65472301
111  30.56129184  047.65507309
111  30.56130975  047.65511568
111  30.56287896  047.65575080
111  30.56322435  047.65461577
111  30.56335057  047.65454743
111  30.56339236  047.65440283
111  30.56300518  047.65424238
111  30.56307852  047.65400765
111  30.56295401  047.65395912
111  30.56287640  047.65419385
111  30.56274251  047.65413839
111  30.56281841  047.65389969
111  30.56269155  047.65384954
111  30.56261515  047.65408958
111  30.56248426  047.65403525
111  30.56255948  047.65379864
111  30.56243274  047.65374843
111  30.56235575  047.65398228
111  30.56222605  047.65393001
111  30.56230008  047.65369135
111  30.56217334  047.65364458
111  30.56209575  047.65388049
111  30.56196191  047.65382753
111  30.56203535  047.65358956
111  30.56190920  047.65353660
111  30.56183280  047.65377320
111  30.56118785  047.65352412
111  30.56098391  047.65324623
111  30.56092230  047.65330892
111  30.56121748  047.65369748
111  30.56176316  047.65391284
111  30.56177809  047.65395410
111  30.56317109  047.65451434
111  30.56304103  047.65493692
111  30.56268427  047.65479496
111  30.56275889  047.65455561
111  30.56263381  047.65450774
111  30.56255563  047.65474131
111  30.56242344  047.65468849
111  30.56249522  047.65445079
111  30.56237085  047.65440292
111  30.56229694  047.65464227
111  30.56216262  047.65458697
111  30.56223582  047.65434762
111  30.56211074  047.65430058
111  30.56203683  047.65453663
111  30.56190037  047.65448463
111  30.56197500  047.65424280
111  30.56185134  047.65419741
111  30.56177245  047.65443098
111  30.56163884  047.65438064
111  30.56171133  047.65414046
111  30.56158767  047.65409176
111  30.56151376  047.65432946
111  30.56137517  047.65427169
111  30.56145264  047.65403564
111  30.56132827  047.65398695
111  30.56125080  047.65421969
111  30.56077292  047.65402663
111  30.56052944  047.65370885
113  30.56037813  047.65387032
111  30.56263794  047.65544390
111  30.56270950  047.65520795
111  30.56257665  047.65515398
111  30.56250427  047.65539041
111  30.56237801  047.65533739
111  30.56245039  047.65510096
111  30.56231302  047.65504699
111  30.56224023  047.65528246
111  30.56211849  047.65523661
111  30.56218841  047.65499875
111  30.56205639  047.65494287
111  30.56198071  047.65517929
111  30.56185897  047.65513153
111  30.56192804  047.65489182
111  30.56178946  047.65484065
111  30.56171981  047.65507752
111  30.56159046  047.65502718
111  30.56166509  047.65479278
111  30.56153290  047.65473500
111  30.56146112  047.65497435
111  30.56133177  047.65492153
111  30.56145899  047.65450556
111  30.56294587  047.65509577
111  30.56297252  047.65516318
113  30.56285704  047.65553459
110 2 0.00 0.0000 New Taxiway 21
111  30.55991315  047.65826916
111  30.55984171  047.65818180
111  30.55974715  047.65828865
113  30.55981860  047.65837601
110 2 0.00 0.0000 New Taxiway 21
111  30.56030073  047.65785329
111  30.56022929  047.65776593
111  30.56013473  047.65787279
113  30.56020618  047.65796015
110 2 0.00 135.1700 New Taxiway 20
111  30.56027362  047.65560170
111  30.56022558  047.65556767
111  30.56017771  047.65565630
113  30.56022575  047.65569033
110 2 0.00 135.1700 New Taxiway 20
111  30.55994272  047.65595230
111  30.55989468  047.65591827
111  30.55984682  047.65600689
113  30.55989485  047.65604093
110 2 0.00 135.1700 New Taxiway 20
111  30.55961097  047.65630587
111  30.55956293  047.65627184
111  30.55951506  047.65636046
113  30.55956310  047.65639450
110 2 0.00 135.1700 New Taxiway 20
111  30.55927240  047.65665647
111  30.55922436  047.65662244
111  30.55917649  047.65671106
113  30.55922453  047.65674509
110 2 0.00 135.1700 New Taxiway 20
111  30.55894491  047.65700805
111  30.55889688  047.65697402
111  30.55884901  047.65706265
113  30.55889704  047.65709668
110 2 0.00 135.1700 New Taxiway 20
111  30.55969355  047.65796985
111  30.55964551  047.65793582
111  30.55959764  047.65802444
113  30.55964568  047.65805848
110 2 0.00 135.1700 New Taxiway 20
111  30.56002316  047.65762244
111  30.55997512  047.65758841
111  30.55992725  047.65767703
113  30.55997529  047.65771106
110 2 0.00 0.0000 New Taxiway 20
111  30.56035918  047.65727283
111  30.56031114  047.65723880
111  30.56026327  047.65732742
113  30.56031131  047.65736146
110 2 0.00 0.0000 New Taxiway 20
111  30.56069093  047.65691827
111  30.56064289  047.65688423
111  30.56059502  047.65697286
113  30.56064306  047.65700689
110 2 0.00 0.0000 New Taxiway 19
111  30.56084840  047.65589105
111  30.56079973  047.65594280
111  30.56082578  047.65597941
111  30.56081011  047.65599651
111  30.56084259  047.65603811
111  30.56089312  047.65598564
111  30.56086348  047.65594718
113  30.56087791  047.65593113
110 2 0.00 0.0000 New Taxiway 19
111  30.56107324  047.65617455
111  30.56102457  047.65622629
111  30.56105062  047.65626291
111  30.56103494  047.65628000
111  30.56106743  047.65632161
111  30.56111796  047.65626913
111  30.56108832  047.65623067
113  30.56110275  047.65621462
110 2 0.00 0.0000 New Taxiway 19
111  30.56129552  047.65646121
111  30.56124685  047.65651295
111  30.56127290  047.65654957
111  30.56125723  047.65656666
111  30.56128972  047.65660827
111  30.56134024  047.65655579
111  30.56131060  047.65651733
113  30.56132503  047.65650128
110 2 0.00 320.5100 New Taxiway 18
111  30.56158333  047.65664092
111  30.56147920  047.65675054
111  30.56087449  047.65738710
111  30.56091515  047.65744044
111  30.56093313  047.65742075
111  30.56120228  047.65775332
111  30.56159425  047.65733123
111  30.56133290  047.65700808
111  30.56142447  047.65691395
111  30.56164094  047.65718963
111  30.56193277  047.65688549
111  30.56171038  047.65661793
111  30.56183260  047.65648955
113  30.56178490  047.65642781
110 2 0.00 320.5100 New Taxiway 18
111  30.56146238  047.65648788
111  30.56151147  047.65655000
111  30.56162666  047.65642893
113  30.56157820  047.65636777
110 2 0.00 320.5100 New Taxiway 18
111  30.56127945  047.65625645
111  30.56132640  047.65631584
111  30.56144158  047.65619477
113  30.56139527  047.65613633
110 2 0.00 320.5100 New Taxiway 18
111  30.56109727  047.65602607
111  30.56114491  047.65608633
111  30.56126010  047.65596527
113  30.56121309  047.65590596
110 2 0.00 320.5100 New Taxiway 18
111  30.56091447  047.65579483
111  30.56096372  047.65585713
111  30.56108055  047.65573749
113  30.56103029  047.65567472
110 2 0.00 320.5100 New Taxiway 18
111  30.56073189  047.65556387
111  30.56077670  047.65562055
111  30.56089393  047.65550125
113  30.56084847  047.65544431
110 2 0.00 320.5100 New Taxiway 18
111  30.56028297  047.65624458
111  30.56038777  047.65637542
111  30.56044167  047.65631788
113  30.56033822  047.65618548
110 2 0.00 320.5100 New Taxiway 18
111  30.56008403  047.65645506
111  30.56018464  047.65658603
111  30.56023854  047.65652849
113  30.56014033  047.65640011
110 2 0.00 320.5100 New Taxiway 18
111  30.55988030  047.65666779
111  30.55998192  047.65680066
111  30.56003582  047.65674311
113  30.55993891  047.65661135
110 2 0.00 320.5100 New Taxiway 18
111  30.55967857  047.65687748
111  30.55978043  047.65700877
111  30.55983434  047.65695123
113  30.55973133  047.65682046
110 2 0.00 0.0000 New Taxiway 18
111  30.55948183  047.65709052
111  30.55958560  047.65722212
111  30.55963950  047.65716458
113  30.55953680  047.65703365
110 2 0.00 0.0000 New Taxiway 17
111  30.55902411  047.65757263
111  30.55918506  047.65776954
111  30.55943440  047.65750373
111  30.55928323  047.65730532
113  30.55927693  047.65729788
110 2 0.00 0.0000 New Taxiway 12
111  30.53551142  047.67662023
111  30.53554845  047.67666765 53 102
111  30.53603946  047.67728795 53 102
111  30.53646500  047.67782553 53 102
111  30.53742474  047.67903798 53 102
111  30.53895737  047.67742964 53 102
111  30.53897457  047.67697479 53 102
111  30.53906373  047.67628592 53 102
112  30.53911048  047.67616159  30.53914134  047.67610938
111  30.53911048  047.67616159 53 102
111  30.53954069  047.67561732 53 102
111  30.54480173  047.67009423 53 102
111  30.54501264  047.66987280 53 102
112  30.54510835  047.66988112  30.54515736  047.66992807
111  30.54510835  047.66988112 53 102
111  30.54536054  047.67020187 102
111  30.54750235  047.67293445
111  30.54918434  047.67116285 102
111  30.54849269  047.67027509 102
111  30.54850483  047.67026099 102
111  30.54844739  047.67017948 102
111  30.54851492  047.67010537 102
111  30.54850492  047.67009011 102
111  30.54910282  047.66946084 102
111  30.54934307  047.66920798 53 102
111  30.55016838  047.67026894
111  30.55145146  047.66892234
111  30.55134742  047.66878521
111  30.55139575  047.66873482
111  30.55151123  047.66888612
111  30.55187941  047.66849011
111  30.55177478  047.66834741
111  30.55182315  047.66829640
111  30.55192825  047.66843446
111  30.55236725  047.66797615
111  30.55225552  047.66782842
111  30.55230432  047.66777843
111  30.55241537  047.66793078
111  30.55285372  047.66746073
111  30.55274652  047.66731906
111  30.55279331  047.66726611
111  30.55290110  047.66741259
111  30.55327620  047.66701567
111  30.55316760  047.66687096
111  30.55321202  047.66682351
111  30.55332396  047.66697618
111  30.55553167  047.66463756 53 102
111  30.55453350  047.66337294
112  30.55453350  047.66337294  30.55440487  047.66344144 53 102
111  30.55428107  047.66336205 53 102
111  30.55373898  047.66280242 53 102
111  30.55351424  047.66251720 53 102
111  30.55316551  047.66198789 53 102
111  30.55308015  047.66185832 53 102
112  30.55308773  047.66149319  30.55319263  047.66131395
111  30.55308773  047.66149319 53 102
111  30.55319242  047.66135687 53 102
111  30.55355125  047.66088964 53 102
111  30.55431485  047.66008907 53 102
111  30.55507338  047.65929382 53 102
111  30.55703455  047.65723771 53 102
111  30.55747485  047.65686190 53 102
111  30.55760476  047.65675102 53 102
112  30.55790748  047.65677256  30.55805984  047.65689078
111  30.55790748  047.65677256 53 102
111  30.55802560  047.65689350
111  30.55844225  047.65732555
111  30.55951127  047.65869495
112  30.55951127  047.65869495  30.55956063  047.65879096
111  30.55954212  047.65889508
111  30.55939280  047.65904277
111  30.56000505  047.65981132
111  30.56095135  047.65879525
111  30.56038229  047.65807200
111  30.55997587  047.65849244
111  30.55987267  047.65856771
112  30.55987267  047.65856771  30.55974475  047.65861624
111  30.55966288  047.65853106
111  30.55858616  047.65715845
111  30.55825545  047.65665483 53 102
111  30.55816007  047.65650959 53 102
112  30.55817116  047.65616196  30.55826710  047.65600378
111  30.55817116  047.65616196 53 102
111  30.55827831  047.65602208 53 102
111  30.55863851  047.65555189 53
111  30.56099964  047.65307359 53 102
111  30.56149304  047.65265027 53 102
112  30.56159935  047.65261176  30.56165933  047.65260513
111  30.56159935  047.65261176 53 102
111  30.56221655  047.65257882 53 102
111  30.56260065  047.65259853 53 102
111  30.56410821  047.65099652 53 102
111  30.56315871  047.64978167 53 102
111  30.56273991  047.64924583 53 102
111  30.56224938  047.64861821
111  30.56219808  047.64855231
111  30.56182897  047.64895628
111  30.56187573  047.64901071 53 102
112  30.56216428  047.64899374  30.56232961  047.64909748
111  30.56216428  047.64899374 53 102
111  30.56257969  047.64941546 53 102
111  30.56268486  047.64952223 53 102
111  30.56296861  047.64997883 53 102
111  30.56305850  047.65012349
112  30.56305850  047.65012349  30.56314675  047.65030919 53 102
111  30.56305655  047.65047222 53 102
111  30.56254981  047.65111610 53 102
111  30.55810083  047.65579939 53 102
111  30.55730155  047.65664077 53 102
111  30.55535585  047.65868893 53 102
111  30.55490353  047.65908237 53 102
111  30.55481754  047.65915717
112  30.55481754  047.65915717  30.55465298  047.65927125 53 102
111  30.55449825  047.65915835 53 102
111  30.55442027  047.65907788 53 102
111  30.55400190  047.65864615 53 102
111  30.55360467  047.65800177 53 102
112  30.55361652  047.65768705  30.55368972  047.65753272
111  30.55361652  047.65768705
111  30.55357677  047.65763716
111  30.55302236  047.65821246
111  30.55306849  047.65826278 53 102
112  30.55334047  047.65828266  30.55346328  047.65838129
111  30.55334047  047.65828266 53 102
111  30.55384450  047.65880951 53 102
111  30.55417836  047.65932987 53 102
111  30.55423257  047.65941437
112  30.55423257  047.65941437  30.55432555  047.65961243 53 102
111  30.55421689  047.65977831 53 102
111  30.55414191  047.65987417 53 102
111  30.55375514  047.66036870 53 102
111  30.55342479  047.66071381 53 102
111  30.55298637  047.66109283 53 102
111  30.55286885  047.66119442
112  30.55286885  047.66119442  30.55274540  047.66127508 53 102
111  30.55264268  047.66123400 53 102
111  30.55246141  047.66113179 53 102
111  30.55225277  047.66101415 53 102
112  30.55199460  047.66097681  30.55186135  047.66098942
111  30.55199460  047.66097681 53 102
111  30.55029037  047.66140157 53 102
112  30.55021217  047.66126334  30.55023720  047.66111468
111  30.55021217  047.66126334
111  30.55016311  047.66120629
111  30.54907154  047.66238031
111  30.54910554  047.66242585 53 102
112  30.55048934  047.66159202  30.55123630  047.66135820
111  30.55048934  047.66159202 53 102
111  30.55134025  047.66137715 53 102
111  30.55204640  047.66128048 53 102
112  30.55224491  047.66136640  30.55234011  047.66145646
111  30.55224491  047.66136640
112  30.55224491  047.66136640  30.55226425  047.66138661 53 102
112  30.55229781  047.66144220  30.55231809  047.66147798
111  30.55229781  047.66144220
112  30.55229781  047.66144220  30.55238627  047.66163995 53 102
111  30.55229430  047.66179693 53 102
111  30.55218530  047.66193884 53 102
111  30.55182562  047.66240714 53 102
111  30.55087820  047.66340101 53 102
111  30.55004815  047.66427176 53 102
111  30.54842361  047.66597596 53 102
111  30.54798020  047.66635137 53 102
111  30.54786719  047.66644705 53 102
112  30.54756100  047.66645487  30.54740626  047.66635362
111  30.54756100  047.66645487
112  30.54756100  047.66645487  30.54752523  047.66643146 53 102
112  30.54747904  047.66636966  30.54745939  047.66633767
111  30.54747904  047.66636966
112  30.54747904  047.66636966  30.54741369  047.66626326 53 102
111  30.54742443  047.66613264 53 102
111  30.54758559  047.66532088 53 102
111  30.54787230  047.66433233 53 102
112  30.54868691  047.66286563  30.54920933  047.66225416
111  30.54868691  047.66286563
111  30.54864602  047.66281942
111  30.54755593  047.66395076
111  30.54760555  047.66400161 53 102
112  30.54771609  047.66409804  30.54772259  047.66422023
111  30.54771609  047.66409804 53 102
111  30.54717374  047.66603452
112  30.54717374  047.66603452  30.54714827  047.66616311 53 102
111  30.54717198  047.66631850 53 102
111  30.54725756  047.66659809 53 102
111  30.54732073  047.66680447
112  30.54732073  047.66680447  30.54734442  047.66694544 53 102
111  30.54728204  047.66705251 53 102
111  30.54717052  047.66719684 53 102
111  30.54681299  047.66765954 53 102
111  30.54649062  047.66800514 53 102
111  30.54603027  047.66840291 53 102
111  30.54594396  047.66847749
112  30.54594396  047.66847749  30.54579858  047.66858850 53 102
111  30.54563438  047.66848838 53 102
111  30.54555075  047.66840266 53 102
111  30.54512524  047.66796652 53 102
111  30.54472740  047.66733913 53 102
112  30.54474180  047.66701001  30.54483348  047.66684415
111  30.54474180  047.66701001
111  30.54451464  047.66662570
112  30.54451464  047.66662570  30.54436185  047.66677424 53 102
111  30.54422193  047.66667670 53 102
111  30.54374404  047.66620424 53 102
111  30.54368607  047.66614693 53 102
111  30.54366136  047.66611561 53 102
111  30.54099759  047.66273936 53 102
111  30.54030876  047.66345627 53 102
111  30.54104884  047.66438623 53 102
111  30.54135927  047.66440207 53 102
111  30.54198364  047.66450090 53 102
112  30.54209008  047.66456150  30.54213601  047.66460599
111  30.54209008  047.66456150 53 102
111  30.54350970  047.66627152 53 102
111  30.54357726  047.66638001 53 102
111  30.54393759  047.66696223 53 102
112  30.54389151  047.66728024  30.54377993  047.66743373
111  30.54389151  047.66728024
111  30.54418839  047.66759134 53 102
112  30.54446135  047.66761394  30.54460377  047.66772089
111  30.54446135  047.66761394 53 102
111  30.54497100  047.66812871 53 102
111  30.54530991  047.66865433 53 102
111  30.54536240  047.66873573
112  30.54536240  047.66873573  30.54544709  047.66894272 53 102
111  30.54535174  047.66909056 53 102
111  30.54488140  047.66969234 53 102
111  30.54466264  047.66992217 53 102
111  30.53767431  047.67726467 53 102
111  30.53709118  047.67776823
112  30.53709118  047.67776823  30.53694335  047.67787302 53 102
111  30.53680008  047.67777384 53 102
111  30.53665472  047.67762504 53 102
111  30.53627347  047.67723479 53 102
111  30.53620176  047.67712084 53 102
111  30.53589064  047.67662646 53 102
112  30.53587131  047.67636574  30.53591381  047.67621851
111  30.53587131  047.67636574 53 102
111  30.53592500  047.67627220
113  30.53589773  047.67623331
111  30.54520726  047.66977857
112  30.54520726  047.66977857  30.54517642  047.66972053 53 102
111  30.54520416  047.66967696 53 102
111  30.54620390  047.66861807 53 102
111  30.54693742  047.66784115 53 102
111  30.54737997  047.66746183 53 102
111  30.54750289  047.66735647
112  30.54750289  047.66735647  30.54767642  047.66724919 53 102
111  30.54782349  047.66737827 53 102
111  30.54793442  047.66749156 53 102
111  30.54834231  047.66790815 53 102
111  30.54920767  047.66903316 102
111  30.54925566  047.66909554 102
111  30.54921207  047.66914102 53 102
111  30.54901360  047.66934807 102
111  30.54830466  047.67008771 102
111  30.54832319  047.67011378 102
111  30.54828271  047.67015507 102
111  30.54830385  047.67017970 102
111  30.54828127  047.67020557 102
111  30.54831325  047.67024710 102
111  30.54829440  047.67027098 102
111  30.54869000  047.67076601 102
111  30.54720701  047.67232566 102
113  30.54545892  047.67009910 53 102
111  30.55184985  047.66586854
112  30.55184985  047.66586854  30.55193918  047.66604276 53 102
111  30.55185653  047.66621109 53 102
111  30.55148434  047.66670071 53 102
111  30.55011273  047.66814269 53 102
111  30.54955285  047.66862090
112  30.54955285  047.66862090  30.54938166  047.66872171 53 102
111  30.54923655  047.66859875 53 102
111  30.54874146  047.66807567 53 102
111  30.54848931  047.66775433 53 102
111  30.54816166  047.66725259 53 102
111  30.54806861  047.66711010
112  30.54806861  047.66711010  30.54798373  047.66692328 53 102
111  30.54807643  047.66676103 53 102
111  30.54819037  047.66661700 53 102
111  30.54857004  047.66613707 53 102
111  30.54979524  047.66484752 53 102
111  30.55021239  047.66448530 53 102
111  30.55034541  047.66436980
112  30.55034541  047.66436980  30.55050887  047.66426183 53 102
111  30.55065734  047.66438549 53 102
111  30.55077118  047.66450347 53 102
111  30.55116241  047.66490900 53 102
111  30.55140409  047.66521017 53 102
113  30.55175630  047.66573037 53 102
111  30.55400428  047.66360344
112  30.55400428  047.66360344  30.55409608  047.66379944 53 102
111  30.55399481  047.66395762 53 102
111  30.55350841  047.66457663 53 102
111  30.55295151  047.66515597 53 102
111  30.55240772  047.66562684
112  30.55240772  047.66562684  30.55224130  047.66573275 53 102
111  30.55209388  047.66561199 53 102
111  30.55197760  047.66549513 53 102
111  30.55156383  047.66507932 53 102
111  30.55131576  047.66476987 53 102
111  30.55099777  047.66426515 53 102
111  30.55090067  047.66411104 53 102
112  30.55090955  047.66378115  30.55099763  047.66361001
111  30.55090955  047.66378115 53 102
111  30.55104235  047.66361479 53 102
111  30.55141598  047.66314676 53 102
111  30.55195742  047.66257995 53 102
111  30.55239560  047.66220187 53 102
111  30.55252689  047.66208859
112  30.55252689  047.66208859  30.55269660  047.66199154 53 102
111  30.55282822  047.66211170 53 102
111  30.55293967  047.66222628 53 102
111  30.55333497  047.66263270 53 102
113  30.55358979  047.66295475 53 102
110 1 0.00 0.0000 New Taxiway 2
111  30.56425016  047.65100713
111  30.56236777  047.64859920
111  30.56309053  047.64783994
111  30.56272745  047.64737395
111  30.54445587  047.66657689
112  30.54445587  047.66657689  30.54435074  047.66663477
111  30.54427289  047.66658402
111  30.54373499  047.66605072
111  30.54100167  047.66257679
111  30.54017960  047.66345098
111  30.54098539  047.66447536
112  30.54098539  047.66447536  30.54099764  047.66448727
111  30.54101857  047.66449176
111  30.54142961  047.66452106
111  30.54195571  047.66460490
112  30.54195571  047.66460490  30.54199227  047.66461518
111  30.54202711  047.66464335
111  30.54248667  047.66513259
111  30.54344604  047.66635089
111  30.54385139  047.66700905
112  30.54385139  047.66700905  30.54389235  047.66714027
111  30.54382273  047.66723125
111  30.53524349  047.67624848
111  30.53518861  047.67618030
111  30.53512761  047.67624768
111  30.53518037  047.67631209
111  30.53442775  047.67710108
111  30.53479340  047.67757112
111  30.53552671  047.67680671
111  30.53741802  047.67919657
111  30.53902928  047.67750777
112  30.53902928  047.67750777  30.53905041  047.67747892
111  30.53905593  047.67743556
111  30.53907795  047.67697977
111  30.53915900  047.67631193
112  30.53915900  047.67631193  30.53916928  047.67625901
111  30.53919595  047.67622117
111  30.53961558  047.67570050
111  30.54503086  047.67001219
112  30.54503086  047.67001219  30.54507943  047.66998881
111  30.54511658  047.67001893
111  30.54751966  047.67306254
111  30.54930433  047.67117802
111  30.54853534  047.67021828
112  30.54853534  047.67021828  30.54852413  047.67018512
111  30.54854482  047.67015777
111  30.54931991  047.66934508
111  30.55011069  047.67032801
111  30.55016838  047.67026894
111  30.55145146  047.66892234
111  30.55134742  047.66878521
111  30.55139575  047.66873482
111  30.55151123  047.66888612
111  30.55187941  047.66849011
111  30.55177478  047.66834741
111  30.55182315  047.66829640
111  30.55192825  047.66843446
111  30.55236725  047.66797615
111  30.55225552  047.66782842
111  30.55230432  047.66777843
111  30.55241537  047.66793078
111  30.55285372  047.66746073
111  30.55274652  047.66731906
111  30.55279331  047.66726611
111  30.55290110  047.66741259
111  30.55327620  047.66701567
111  30.55316760  047.66687096
111  30.55321202  047.66682351
111  30.55332396  047.66697618
111  30.55553167  047.66463756
111  30.55560116  047.66456395
111  30.55454603  047.66322132
112  30.55454603  047.66322132  30.55441863  047.66333687
111  30.55430751  047.66325253
111  30.55378195  047.66269629
111  30.55315540  047.66178088
112  30.55315540  047.66178088  30.55310920  047.66166466
111  30.55316748  047.66156136
111  30.55364598  047.66094969
111  30.55712356  047.65730843
111  30.55764871  047.65685323
112  30.55764871  047.65685323  30.55774346  047.65680165
111  30.55783963  047.65685573
111  30.55835886  047.65739046
111  30.55947216  047.65881766
111  30.55939379  047.65894106
111  30.55940650  047.65895633
111  30.55932754  047.65905434
111  30.55992821  047.65980883
111  30.56000505  047.65981132
111  30.56095135  047.65879525
111  30.56101432  047.65872764
111  30.56037031  047.65791644
111  30.56087449  047.65738710
111  30.56147920  047.65675054
111  30.56158333  047.65664092
111  30.56151147  047.65655000
111  30.56146238  047.65648788
111  30.56132640  047.65631584
111  30.56127945  047.65625645
111  30.56114491  047.65608633
111  30.56109727  047.65602607
111  30.56096372  047.65585713
111  30.56091447  047.65579483
111  30.56077670  047.65562055
111  30.56073189  047.65556387
111  30.56066747  047.65548239
111  30.56046069  047.65522081
111  30.55867263  047.65710342
111  30.55823639  047.65644004
112  30.55823639  047.65644004  30.55819972  047.65629445
111  30.55825727  047.65620758
111  30.55872520  047.65562071
111  30.56022652  047.65403211
111  30.56037813  047.65387032
111  30.56052944  047.65370885
111  30.56092230  047.65330892
111  30.56098391  047.65324623
111  30.56152511  047.65275378
112  30.56152511  047.65275378  30.56156595  047.65272559
111  30.56162336  047.65272169
111  30.56222350  047.65269782
111  30.56229701  047.65270178
113  30.56263401  047.65271994
111  30.55918506  047.65776954
111  30.55902411  047.65757263
111  30.55927693  047.65729788
111  30.55928323  047.65730532
111  30.55941007  047.65716814
111  30.55948183  047.65709052
111  30.55953680  047.65703365
111  30.55967857  047.65687748
111  30.55973133  047.65682046
111  30.55988030  047.65666779
111  30.55993891  047.65661135
111  30.56008403  047.65645506
111  30.56014033  047.65640011
111  30.56028297  047.65624458
111  30.56033822  047.65618548
111  30.56041009  047.65610811
111  30.56042279  047.65609443
111  30.56082068  047.65659689
113  30.55941813  047.65805936
111  30.54489911  047.66821427
111  30.54527384  047.66878749
112  30.54527384  047.66878749  30.54533165  047.66890872
111  30.54528121  047.66900566
111  30.54479920  047.66960955
111  30.53761814  047.67716134
111  30.53705373  047.67766023
112  30.53705373  047.67766023  30.53694144  047.67774522
111  30.53683166  047.67766261
111  30.53633633  047.67715169
111  30.53596382  047.67655097
112  30.53597917  047.67632224  30.53604827  047.67622340
111  30.53597917  047.67632224
111  30.54420425  047.66769117
112  30.54439017  047.66769612  30.54449109  047.66776213
113  30.54439017  047.66769612
111  30.54760318  047.66412647
111  30.54707962  047.66600379
112  30.54707962  047.66600379  30.54704211  047.66617284
111  30.54707530  047.66633905
111  30.54722850  047.66681846
112  30.54722850  047.66681846  30.54724770  047.66691631
111  30.54720521  047.66698488
111  30.54672756  047.66758440
111  30.54647999  047.66785544
111  30.54588646  047.66838162
112  30.54588646  047.66838162  30.54577936  047.66846414
111  30.54567973  047.66838637
111  30.54519260  047.66788254
111  30.54480427  047.66726204
112  30.54482426  047.66704323  30.54489397  047.66694079
113  30.54482426  047.66704323
111  30.55174406  047.66233039
111  30.54838733  047.66585587
111  30.54780322  047.66636233
112  30.54757412  047.66633631  30.54746363  047.66623508
111  30.54757412  047.66633631
112  30.54757412  047.66633631  30.54750887  047.66626891
111  30.54751912  047.66615313
111  30.54767907  047.66536793
111  30.54797826  047.66430908
112  30.54869897  047.66299038  30.54916584  047.66239694
111  30.54869897  047.66299038
111  30.54908852  047.66256890
111  30.54953324  047.66219177
112  30.55043606  047.66172217  30.55086289  047.66157980
111  30.55043606  047.66172217
111  30.55132247  047.66150061
111  30.55205024  047.66139043
112  30.55221644  047.66149540  30.55228155  047.66161145
113  30.55221483  047.66173208
111  30.55309328  047.65836217
112  30.55328858  047.65838198  30.55338435  047.65846957
111  30.55328858  047.65838198
111  30.55376532  047.65888209
111  30.55415312  047.65947543
112  30.55415312  047.65947543  30.55419768  047.65960318
111  30.55414217  047.65970751
111  30.55369457  047.66026233
111  30.55338657  047.66059603
111  30.55279784  047.66111110
112  30.55279784  047.66111110  30.55273158  047.66115455
111  30.55266043  047.66112291
111  30.55227879  047.66090409
112  30.55198397  047.66085880  30.55182227  047.66086356
111  30.55198397  047.66085880
113  30.55030375  047.66128179
111  30.56246305  047.65105166
111  30.55529446  047.65859013
111  30.55474968  047.65906934
112  30.55474968  047.65906934  30.55464011  047.65914041
111  30.55455353  047.65906357
111  30.55406834  047.65856021
111  30.55368877  047.65794706
112  30.55370754  047.65771235  30.55377869  047.65760059
111  30.55370754  047.65771235
111  30.56190280  047.64909401
112  30.56210628  047.64908757  30.56220152  047.64916185
111  30.56210628  047.64908757
111  30.56261076  047.64960261
111  30.56298089  047.65020479
112  30.56298089  047.65020479  30.56302572  047.65032706
113  30.56296895  047.65041971
111  30.54696467  047.66797001
111  30.54754912  047.66745722
112  30.54774684  047.66745579  30.54783962  047.66752055
111  30.54774684  047.66745579
111  30.54826017  047.66797485
111  30.54912953  047.66910257
111  30.54830681  047.66997305
112  30.54830681  047.66997305  30.54818809  047.67015725
111  30.54828065  047.67035859
111  30.54859108  047.67076262
111  30.54721166  047.67220111
111  30.54532836  047.66979852
112  30.54533670  047.66968135  30.54537787  047.66962362
113  30.54533670  047.66968135
111  30.55128970  047.66677520
111  30.55010165  047.66800571
111  30.54949424  047.66852340
112  30.54949424  047.66852340  30.54939474  047.66858461
111  30.54931376  047.66852703
111  30.54879285  047.66797326
111  30.54856630  047.66768438
111  30.54814855  047.66703783
112  30.54815715  047.66683249  30.54821469  047.66673059
111  30.54815715  047.66683249
111  30.54864681  047.66621686
111  30.54984772  047.66495751
111  30.55039342  047.66446425
112  30.55059401  047.66447495  30.55068816  047.66455338
111  30.55059401  047.66447495
111  30.55108012  047.66497881
111  30.55136872  047.66533712
111  30.55177296  047.66593605
112  30.55177296  047.66593605  30.55182182  047.66606672
113  30.55176477  047.66616303
111  30.55343790  047.66449384
111  30.55289335  047.66505518
111  30.55235932  047.66553123
112  30.55235932  047.66553123  30.55226286  047.66559962
111  30.55217576  047.66554329
111  30.55163718  047.66500590
111  30.55139054  047.66469811
111  30.55097506  047.66403806
112  30.55099724  047.66383108  30.55105350  047.66374168
111  30.55099724  047.66383108
111  30.55149162  047.66322809
111  30.55200593  047.66268562
111  30.55256230  047.66219627
112  30.55274669  047.66219132  30.55284095  047.66225321
111  30.55274669  047.66219132
111  30.55328335  047.66273464
111  30.55353142  047.66305266
111  30.55392346  047.66366900
112  30.55392346  047.66366900  30.55397775  047.66380139
113  30.55390783  047.66389925
130 Airport Boundary 1
111  30.57292572  047.64472096
111  30.57290951  047.64466450
111  30.57365062  047.64426829
111  30.57373164  047.64424749
111  30.57273213  047.64025791
111  30.57269887  047.64015093
111  30.57266135  047.64004692
111  30.57258715  047.63990825
111  30.57250699  047.63980028
111  30.56741302  047.63331648
111  30.56739241  047.63329915
111  30.56736327  047.63328429
111  30.56730216  047.63325622
111  30.56726520  047.63324302
111  30.56721474  047.63323972
111  30.56715717  047.63324549
111  30.56708682  047.63326696
111  30.54531104  047.64516605
111  30.54525578  047.64520289
111  30.54516674  047.64528369
111  30.51415341  047.67786991
111  30.51411077  047.67795504
111  30.51409542  047.67801839
111  30.51408518  047.67814906
111  30.51409627  047.67822232
111  30.51415085  047.67833220
111  30.52738512  047.69514114
111  30.52741861  047.69511867
111  30.52744171  047.69506779
111  30.54875159  047.67268746
111  30.54866034  047.67257357
111  30.54894859  047.67227154
111  30.54904070  047.67238641
111  30.55145959  047.66981569
111  30.55159036  047.66967787
111  30.55157209  047.66965200
111  30.55162050  047.66959907
111  30.55160490  047.66958017
111  30.55190053  047.66927549
111  30.55195416  047.66935159
111  30.55205904  047.66924174
111  30.55212020  047.66931522
111  30.55218066  047.66924215
111  30.55229993  047.66937587
111  30.55358231  047.66797950
111  30.55348807  047.66786059
111  30.55370414  047.66763732
111  30.55359498  047.66750462
111  30.55384230  047.66724416
111  30.55387641  047.66729467
111  30.55427499  047.66686877
111  30.55429795  047.66686957
111  30.55541520  047.66570558
111  30.55542322  047.66566632
111  30.55589930  047.66517003
111  30.55591380  047.66513438
111  30.55695362  047.66404216
111  30.55705801  047.66396253
111  30.56006225  047.66079506
111  30.56013560  047.66088816
111  30.56034836  047.66065754
111  30.56044388  047.66077243
111  30.56146830  047.65965760
111  30.56130967  047.65944763
111  30.56447297  047.65613803
111  30.56340861  047.65492160
111  30.56338645  047.65489442
111  30.56337519  047.65485638
111  30.56337304  047.65480417
113  30.56338390  047.65475717
120 Linear Feature 21
111  30.55239560  047.66220187 52
115  30.55218530  047.66193884
120 Linear Feature 18
111  30.55224491  047.66136640 54
115  30.55246141  047.66113179
120 Linear Feature 21
111  30.55293967  047.66222628 52
115  30.55316551  047.66198789
120 Linear Feature 21
111  30.55319242  047.66135687 52
115  30.55298637  047.66109283
120 Linear Feature 24
111  30.55431485  047.66008907 52
115  30.55414191  047.65987417
120 Linear Feature 24
111  30.55507338  047.65929382 52
115  30.55490353  047.65908237
120 Linear Feature 20
111  30.55442027  047.65907788 52
115  30.55417836  047.65932987
120 Linear Feature 18
111  30.55384450  047.65880951 54
115  30.55400190  047.65864615
120 Linear Feature 21
111  30.55747485  047.65686190 52
115  30.55730155  047.65664077
120 Linear Feature 21
111  30.55827831  047.65602208 52
115  30.55810083  047.65579939
120 Linear Feature 21
111  30.55802560  047.65689350 52
115  30.55825545  047.65665483
120 Linear Feature 20
111  30.56315871  047.64978167 56
115  30.56296861  047.64997883
120 Linear Feature 18
111  30.56257969  047.64941546 54
115  30.56273991  047.64924583
120 Linear Feature 23
111  30.54366136  047.66611561 56
115  30.54350970  047.66627152
120 Linear Feature 22
111  30.54374404  047.66620424 54
115  30.54357726  047.66638001
120 Linear Feature 21
111  30.54816166  047.66725259 52
115  30.54793442  047.66749156
120 Linear Feature 21
111  30.55175630  047.66573037 52
115  30.55197760  047.66549513
120 Linear Feature 21
111  30.54910282  047.66946084 52
115  30.54901360  047.66934807
120 Linear Feature 21
111  30.54480173  047.67009423 52
115  30.54466264  047.66992217
120 Linear Feature 21
111  30.54536054  047.67020187 52
115  30.54545892  047.67009910
120 Linear Feature 21
111  30.54603027  047.66840291 52
115  30.54620390  047.66861807
120 Linear Feature 21
111  30.54717052  047.66719684 52
115  30.54737997  047.66746183
120 Linear Feature 21
111  30.54798020  047.66635137 52
115  30.54819037  047.66661700
120 Linear Feature 21
111  30.55004815  047.66427176 52
115  30.55021239  047.66448530
120 Linear Feature 21
111  30.55099777  047.66426515 52
115  30.55077118  047.66450347
120 Linear Feature 21
111  30.55104235  047.66361479 52
115  30.55087820  047.66340101
120 Linear Feature 20
111  30.53665472  047.67762504 56
115  30.53646500  047.67782553
120 Linear Feature 20
111  30.54555075  047.66840266 52
115  30.54530991  047.66865433
120 Linear Feature 18
111  30.53603946  047.67728795 54
115  30.53620176  047.67712084
120 Linear Feature 18
111  30.54497100  047.66812871 54
115  30.54512524  047.66796652
120 Linear Feature 18
111  30.54725756  047.66659809 54
115  30.54747904  047.66636966
120 Linear Feature 17
112  30.56152384  047.65448417  30.56153724  047.65448399 2
111  30.56154402  047.65446530 2
111  30.56158768  047.65431836 2
115  30.56163347  047.65416427
120 Linear Feature 17
112  30.56177960  047.65458786  30.56180024  047.65458691 2
111  30.56180668  047.65456773 2
111  30.56184972  047.65441473 2
115  30.56189352  047.65425934
120 Linear Feature 17
112  30.56204184  047.65469435  30.56206248  047.65469340 2
111  30.56206999  047.65467314 2
111  30.56210976  047.65453192 2
115  30.56215683  047.65436476
120 Linear Feature 17
112  30.56230219  047.65479932  30.56232282  047.65479837 2
111  30.56233034  047.65477811 2
111  30.56237294  047.65462682 2
115  30.56241718  047.65446973
120 Linear Feature 17
112  30.56225013  047.65544917  30.56227201  047.65544822 2
111  30.56227853  047.65542666 2
111  30.56232025  047.65527852 2
115  30.56236537  047.65511827
120 Linear Feature 17
112  30.56198780  047.65534460  30.56200968  047.65534364 2
111  30.56201887  047.65532261 2
111  30.56206015  047.65517451 2
115  30.56210571  047.65501423
120 Linear Feature 17
112  30.56172562  047.65524008  30.56174750  047.65523912 2
111  30.56175411  047.65521797 2
111  30.56179684  047.65506622 2
115  30.56184095  047.65490958
120 Linear Feature 17
112  30.56147195  047.65513895  30.56148934  047.65513257 2
111  30.56149531  047.65511404 2
111  30.56154002  047.65495527 2
115  30.56158215  047.65480566
120 Linear Feature 16
111  30.56053688  047.65408461 2
111  30.56109441  047.65491552 2
111  30.56147195  047.65513895 2
111  30.56172562  047.65524008 2
111  30.56198780  047.65534460 2
111  30.56225013  047.65544917 2
111  30.56251169  047.65555344 2
112  30.56253624  047.65553820  30.56254352  047.65551997
111  30.56253624  047.65553820 2
111  30.56258247  047.65537603 2
115  30.56262704  047.65521969
120 Linear Feature 15
111  30.56037813  047.65387032 2
111  30.56053688  047.65408461 2
111  30.56152384  047.65448417 2
111  30.56177960  047.65458786 2
111  30.56204184  047.65469435 2
111  30.56230219  047.65479932 2
111  30.56254718  047.65489846 2
112  30.56258886  047.65488035  30.56260204  047.65485288
111  30.56258886  047.65488035 2
111  30.56263558  047.65472522 2
115  30.56268478  047.65456185
120 Linear Feature 13
111  30.56066747  047.65548239 22
111  30.56056390  047.65558794 22
115  30.56147920  047.65675054
120 Linear Feature 12
111  30.55941007  047.65716814 22
111  30.55933332  047.65707036 22
111  30.56033594  047.65601605 22
115  30.56041009  047.65610811
120 Linear Feature 11
111  30.56077141  047.65679353 20
115  30.55953659  047.65809297
120 Linear Feature 10
111  30.56030304  047.65552455 20
115  30.55879532  047.65711824
120 Linear Feature 9
112  30.56106464  047.65659112  30.56105455  047.65655713 1
115  30.56107356  047.65653017
120 Linear Feature 9
112  30.56088409  047.65636052  30.56087338  047.65632557 1
115  30.56089278  047.65629870
120 Linear Feature 9
112  30.56070238  047.65612843  30.56069240  047.65609517 1
115  30.56071123  047.65606813
120 Linear Feature 9
112  30.56052439  047.65590085  30.56051440  047.65586759 1
115  30.56053035  047.65584085
120 Linear Feature 9
112  30.56006871  047.65595781  30.56009910  047.65594453 1
115  30.56012080  047.65597033
120 Linear Feature 9
112  30.55986884  047.65616433  30.55989888  047.65615439 1
115  30.55992048  047.65618030
120 Linear Feature 9
112  30.55966605  047.65637740  30.55969264  047.65636659 1
115  30.55971564  047.65639057
120 Linear Feature 9
112  30.55946437  047.65658651  30.55949355  047.65657721 1
115  30.55951632  047.65659834
120 Linear Feature 9
112  30.55926364  047.65680146  30.55929317  047.65678693 1
115  30.55931517  047.65680899
120 Linear Feature 8
111  30.55936721  047.65833749 1
115  30.55968089  047.65873873
120 Linear Feature 7
112  30.56101602  047.65652961  30.56104757  047.65654930 1
111  30.56107356  047.65653017 1
115  30.56140746  047.65617466
120 Linear Feature 7
112  30.56083525  047.65629814  30.56086680  047.65631783 1
111  30.56089278  047.65629870 1
115  30.56122669  047.65594320
120 Linear Feature 7
112  30.56065708  047.65607057  30.56068647  047.65608776 1
111  30.56071123  047.65606813 1
115  30.56104514  047.65571262
120 Linear Feature 7
112  30.56048118  047.65584592  30.56050907  047.65586135 1
111  30.56053035  047.65584085 1
115  30.56086038  047.65548535
120 Linear Feature 6
112  30.56011739  047.65590736  30.56010443  047.65593924 1
111  30.56012080  047.65597033 1
115  30.56040207  047.65633097
120 Linear Feature 6
112  30.55991525  047.65611672  30.55990486  047.65615269 1
111  30.55992048  047.65618030 1
115  30.56019995  047.65654424
120 Linear Feature 6
112  30.55970974  047.65633082  30.55970220  047.65636379 1
111  30.55971564  047.65639057 1
115  30.55999510  047.65675451
120 Linear Feature 6
112  30.55951087  047.65654031  30.55950332  047.65657327 1
111  30.55951632  047.65659834 1
115  30.55979579  047.65696229
120 Linear Feature 6
112  30.55930924  047.65675317  30.55930169  047.65678614 1
111  30.55931517  047.65680899 1
115  30.55959463  047.65717293
120 Linear Feature 5
112  30.56104187  047.65680994  30.56113262  047.65673621 1
115  30.56121925  047.65673561
120 Linear Feature 4
112  30.55877953  047.65731650  30.55871284  047.65742164 1
115  30.55874969  047.65754184
120 Linear Feature 3
112  30.55882744  047.65764202  30.55891921  047.65770769 1
111  30.55901059  047.65763104 1
111  30.55908783  047.65754789 1
111  30.55920063  047.65742649
112  30.55920063  047.65742649  30.55928486  047.65726264 1
116  30.55897202  047.65711016  30.55878532  047.65717246
120 Linear Feature 2
112  30.56105444  047.65657810  30.56110970  047.65671392 1
111  30.56104187  047.65680994 1
111  30.55958411  047.65835687
112  30.55958411  047.65835687  30.55947101  047.65844407 1
111  30.55936721  047.65833749 1
111  30.55882744  047.65764202 1
111  30.55874969  047.65754184 1
115  30.55858060  047.65732398
120 Linear Feature 40
111  30.54514937  047.66982133 51
116  30.54493492  047.66979705  30.54482068  047.66988237
120 Linear Feature 39
112  30.54749508  047.67248603  30.54737586  047.67261159 51
111  30.54724714  047.67249111 51
111  30.54514937  047.66982133
112  30.54514937  047.66982133  30.54508391  047.66970358 51
115  30.54514183  047.66957952
120 Linear Feature 38
111  30.54910705  047.66871992 51
111  30.54928355  047.66895352
112  30.54928355  047.66895352  30.54933438  047.66904116 51
111  30.54929519  047.66913252 51
111  30.54842727  047.67006049
112  30.54842727  047.67006049  30.54834893  047.67016501 51
111  30.54840255  047.67028446 51
111  30.54884173  047.67083614
112  30.54884173  047.67083614  30.54890549  047.67097672 51
111  30.54882975  047.67108416 51
115  30.54875005  047.67116744
120 Linear Feature 37
111  30.55310385  047.66688095 20
111  30.55308666  047.66689963 20
111  30.55310754  047.66692538 20
113  30.55312459  047.66690686 20
120 Linear Feature 37
111  30.55264453  047.66735069 20
111  30.55262734  047.66736938 20
111  30.55264822  047.66739512 20
113  30.55266528  047.66737660 20
120 Linear Feature 37
111  30.55215553  047.66786548 20
111  30.55213834  047.66788417 20
111  30.55215922  047.66790991 20
113  30.55217627  047.66789139 20
120 Linear Feature 37
111  30.55166813  047.66837645 20
111  30.55165095  047.66839513 20
111  30.55167182  047.66842088 20
113  30.55168888  047.66840236 20
120 Linear Feature 37
111  30.55123950  047.66882213 20
111  30.55122232  047.66884082 20
111  30.55124319  047.66886656 20
113  30.55126025  047.66884804 20
120 Linear Feature 37
111  30.55126901  047.66865951 20
111  30.55124487  047.66868440 20
111  30.55126067  047.66870549 20
113  30.55128468  047.66868076 20
120 Linear Feature 37
111  30.55169456  047.66821643 20
111  30.55167042  047.66824132 20
111  30.55168622  047.66826241 20
113  30.55171023  047.66823768 20
120 Linear Feature 37
111  30.55218325  047.66770388 20
111  30.55215911  047.66772877 20
111  30.55217490  047.66774986 20
113  30.55219891  047.66772513 20
120 Linear Feature 37
111  30.55266996  047.66719105 20
111  30.55264582  047.66721594 20
111  30.55266162  047.66723703 20
113  30.55268563  047.66721229 20
120 Linear Feature 37
111  30.55312124  047.66679174 20
111  30.55309709  047.66681664 20
111  30.55311289  047.66683773 20
113  30.55313690  047.66681299 20
120 Linear Feature 36
111  30.55306858  047.66674071 20
111  30.55316760  047.66687096 20
115  30.55306212  047.66697819
120 Linear Feature 35
111  30.55261237  047.66716258 20
111  30.55274652  047.66731906 20
115  30.55261701  047.66745562
120 Linear Feature 35
111  30.55213172  047.66767168 20
111  30.55225552  047.66782842 20
115  30.55213199  047.66796722
120 Linear Feature 35
111  30.55164562  047.66818756 20
111  30.55177478  047.66834741 20
115  30.55164110  047.66848758
120 Linear Feature 35
111  30.55122388  047.66862745 20
111  30.55134742  047.66878521 20
115  30.55120820  047.66892680
120 Linear Feature 34
111  30.55144282  047.66869265 20
111  30.55132714  047.66855330 20
111  30.55121805  047.66854633 20
111  30.55120837  047.66858838 20
111  30.55122876  047.66862222 20
111  30.55122388  047.66862745 20
111  30.55108860  047.66877229 20
111  30.55110283  047.66879038 20
111  30.55111298  047.66877965 20
111  30.55114637  047.66882183 20
111  30.55113481  047.66883561 20
115  30.55120820  047.66892680
120 Linear Feature 34
111  30.55195979  047.66818039 20
111  30.55181900  047.66801287 20
111  30.55168410  047.66802109 20
111  30.55166572  047.66816539 20
111  30.55164562  047.66818756 20
111  30.55151685  047.66832957 20
111  30.55153108  047.66834766 20
111  30.55154123  047.66833693 20
111  30.55157462  047.66837911 20
111  30.55156306  047.66839290 20
115  30.55164110  047.66848758
120 Linear Feature 34
111  30.55243859  047.66767248 20
111  30.55229779  047.66750496 20
111  30.55216289  047.66751318 20
111  30.55214567  047.66765614 20
111  30.55213172  047.66767168 20
111  30.55200835  047.66780914 20
111  30.55202258  047.66782723 20
111  30.55203273  047.66781650 20
111  30.55206612  047.66785868 20
111  30.55205456  047.66787247 20
115  30.55213199  047.66796722
120 Linear Feature 34
111  30.55286439  047.66718257 20
111  30.55274466  047.66703875 20
111  30.55264570  047.66704232 20
111  30.55262413  047.66714951 20
111  30.55261237  047.66716258 20
111  30.55249015  047.66729839 20
111  30.55250411  047.66731648 20
111  30.55251460  047.66730492 20
111  30.55254810  047.66734751 20
111  30.55253700  047.66736050 20
115  30.55261701  047.66745562
120 Linear Feature 34
111  30.55326034  047.66673757 20
111  30.55314405  047.66659180 20
111  30.55307859  047.66660790 20
111  30.55306858  047.66674071 20
111  30.55304301  047.66670820 20
111  30.55293732  047.66682067 20
111  30.55294876  047.66683424 20
111  30.55295980  047.66682270 20
111  30.55299382  047.66686604 20
111  30.55298246  047.66687919 20
115  30.55306212  047.66697819
120 Linear Feature 33
111  30.55333044  047.66646672 51
115  30.55327878  047.66652374
120 Linear Feature 33
111  30.55334800  047.66648419 51
115  30.55329634  047.66654120
120 Linear Feature 33
111  30.55338636  047.66653355 51
111  30.55334433  047.66657990 51
115  30.55333469  047.66659057
120 Linear Feature 33
111  30.55368088  047.66609398 51
115  30.55362921  047.66615100
120 Linear Feature 33
111  30.55369751  047.66611484 51
115  30.55364585  047.66617186
120 Linear Feature 33
111  30.55373743  047.66616352 51
111  30.55369284  047.66621273 51
115  30.55368577  047.66622054
120 Linear Feature 33
111  30.55416116  047.66559154 51
115  30.55410950  047.66564855
120 Linear Feature 33
111  30.55417780  047.66561461 51
115  30.55412613  047.66567163
120 Linear Feature 33
111  30.55421384  047.66566398 51
111  30.55417211  047.66571003 51
115  30.55416218  047.66572099
120 Linear Feature 33
111  30.55463307  047.66509971 51
115  30.55458140  047.66515673
120 Linear Feature 33
111  30.55465232  047.66512073 51
115  30.55460066  047.66517774
120 Linear Feature 33
111  30.55468813  047.66516679 51
111  30.55464317  047.66521642 51
115  30.55463647  047.66522380
120 Linear Feature 33
111  30.55515632  047.66467678 51
111  30.55511129  047.66472650 51
115  30.55510466  047.66473380
120 Linear Feature 33
111  30.55511717  047.66462834 51
115  30.55506551  047.66468535
120 Linear Feature 33
111  30.55510049  047.66460672 51
115  30.55504882  047.66466374
120 Linear Feature 32
111  30.54965691  047.66911699 51
116  30.54931431  047.66883856  30.54909153  047.66871802
120 Linear Feature 31
112  30.54967842  047.66874426  30.54955625  047.66894547 51
111  30.54965691  047.66911699 51
111  30.55008618  047.66967221 51
115  30.55012935  047.66972804
120 Linear Feature 30
112  30.55013089  047.66827725  30.55000225  047.66848008 51
111  30.55011690  047.66866593 51
111  30.55066948  047.66937921 51
115  30.55071769  047.66944145
120 Linear Feature 29
112  30.55058762  047.66781298  30.55047528  047.66798767 51
111  30.55057376  047.66819064 51
111  30.55111758  047.66890478 51
115  30.55116672  047.66896931
120 Linear Feature 28
112  30.55103241  047.66735950  30.55091098  047.66756426 51
111  30.55100995  047.66774049 51
111  30.55154397  047.66845158 51
115  30.55159950  047.66852553
120 Linear Feature 27
112  30.55152397  047.66684019  30.55139845  047.66704826 51
111  30.55150555  047.66722776 51
111  30.55203835  047.66794939 51
115  30.55208583  047.66801370
120 Linear Feature 26
112  30.55198958  047.66634721  30.55188418  047.66654286 51
111  30.55198801  047.66671542 51
111  30.55252298  047.66742773 51
115  30.55257509  047.66749711
120 Linear Feature 25
112  30.55242910  047.66587315  30.55233462  047.66607328 51
111  30.55243526  047.66623521 51
111  30.55297633  047.66694352 51
115  30.55302947  047.66701409
120 Linear Feature 24
112  30.55273357  047.66555237  30.55266803  047.66566853 51
111  30.55273403  047.66578927 51
111  30.55334433  047.66657990 51
115  30.55339040  047.66663954
120 Linear Feature 23
111  30.55011690  047.66866593 51
116  30.54978860  047.66862866  30.54959483  047.66874431
120 Linear Feature 23
111  30.55057376  047.66819064 51
116  30.55023571  047.66816728  30.55003849  047.66829761
120 Linear Feature 23
111  30.55100995  047.66774049 51
116  30.55069009  047.66770843  30.55050437  047.66781651
120 Linear Feature 23
111  30.55150555  047.66722776 51
116  30.55118784  047.66719608  30.55100531  047.66730138
120 Linear Feature 23
111  30.55198801  047.66671542 51
116  30.55166717  047.66668858  30.55148065  047.66680685
120 Linear Feature 23
111  30.55243526  047.66623521 51
116  30.55212684  047.66620188  30.55195987  047.66630681
120 Linear Feature 23
111  30.55273403  047.66578927 51
116  30.55252755  047.66576943  30.55240427  047.66583029
120 Linear Feature 23
111  30.55313675  047.66549577 51
116  30.55282103  047.66546022  30.55264026  047.66557337
120 Linear Feature 23
111  30.55409581  047.66450373 51
116  30.55376053  047.66447036  30.55357784  047.66459242
120 Linear Feature 23
111  30.55362375  047.66499270 51
116  30.55328703  047.66496924  30.55310897  047.66510739
120 Linear Feature 22
112  30.55313504  047.66512938  30.55302782  047.66530983 51
111  30.55313675  047.66549577 51
111  30.55369284  047.66621273 51
115  30.55373802  047.66627094
120 Linear Feature 22
112  30.55363415  047.66460351  30.55350217  047.66481085 51
111  30.55362376  047.66499267 51
111  30.55417211  047.66571003 51
115  30.55421703  047.66576880
120 Linear Feature 21
112  30.55411091  047.66410120  30.55397101  047.66430705 51
111  30.55409581  047.66450373 51
111  30.55464317  047.66521642 51
115  30.55468993  047.66527731
120 Linear Feature 20
111  30.55411091  047.66410120 51
111  30.55421360  047.66399595
112  30.55421360  047.66399595  30.55438767  047.66385779 51
115  30.55453901  047.66399627
120 Linear Feature 19
111  30.55413087  047.66348087 51
111  30.55453901  047.66399627 51
111  30.55511129  047.66472650 51
115  30.55515742  047.66478538
120 Linear Feature 18
111  30.55078824  047.66426184 51
116  30.55024136  047.66421948  30.54992899  047.66443311
120 Linear Feature 17
111  30.55196450  047.66572845 51
116  30.55195388  047.66638501  30.55173587  047.66671027
120 Linear Feature 16
112  30.55252755  047.66576943  30.55221824  047.66598440 51
111  30.55196450  047.66572845 51
111  30.55078824  047.66426184
112  30.55078824  047.66426184  30.55059948  047.66391576 51
115  30.55080042  047.66362899
120 Linear Feature 15
111  30.55298162  047.66133656 51
116  30.55294712  047.66197018  30.55312359  047.66232529
120 Linear Feature 15
111  30.54798217  047.66659107 51
116  30.54794524  047.66724183  30.54814327  047.66761548
120 Linear Feature 14
111  30.55294712  047.66197018 51
115  30.55241970  047.66130248
120 Linear Feature 14
111  30.54794524  047.66724183 51
115  30.54741656  047.66657229
120 Linear Feature 13
111  30.54739358  047.66720470 51
112  30.54794524  047.66724183  30.54821660  047.66748082
111  30.54794524  047.66724183 51
111  30.54910705  047.66871992 51
112  30.54931431  047.66883856  30.54944078  047.66887039
111  30.54931431  047.66883856
112  30.54931431  047.66883856  30.54941331  047.66886347 51
112  30.54967842  047.66874426  30.54981655  047.66863381
111  30.54967842  047.66874426 51
111  30.54978860  047.66862866 51
111  30.55013089  047.66827725 51
111  30.55023571  047.66816728 51
111  30.55058762  047.66781298 51
111  30.55069009  047.66770843 51
111  30.55103241  047.66735950 51
111  30.55118784  047.66719608 51
111  30.55152397  047.66684019 51
111  30.55166717  047.66668858 51
111  30.55195388  047.66638501 51
111  30.55198958  047.66634721 51
111  30.55212684  047.66620188 51
111  30.55242910  047.66587315 51
111  30.55252755  047.66576943 51
111  30.55273357  047.66555237 51
111  30.55282103  047.66546022 51
111  30.55313504  047.66512938 51
111  30.55328703  047.66496924 51
111  30.55363415  047.66460351 51
111  30.55376053  047.66447036 51
111  30.55411091  047.66410120 51
112  30.55413087  047.66348087  30.55395150  047.66314974
111  30.55413087  047.66348087 51
111  30.55294712  047.66197018
112  30.55294712  047.66197018  30.55266564  047.66175099 51
115  30.55239649  047.66195693
120 Linear Feature 12
111  30.56320586  047.65001918 51
111  30.56370093  047.65066136
112  30.56370093  047.65066136  30.56388950  047.65101657 51
111  30.56367631  047.65129581 51
111  30.56266421  047.65236997
112  30.56266421  047.65236997  30.56256120  047.65247291 51
111  30.56242799  047.65246966 51
111  30.56160487  047.65243257
112  30.56160487  047.65243257  30.56147317  047.65245027 51
115  30.56137685  047.65252731
120 Linear Feature 11
111  30.53666301  047.67789829 51
111  30.53718498  047.67854859 51
112  30.53773834  047.67855322  30.53800855  047.67832516
111  30.53773834  047.67855322 51
111  30.53874895  047.67748725 51
112  30.53887140  047.67714067  30.53888721  047.67692263
111  30.53887140  047.67714067 51
111  30.53890800  047.67632748
112  30.53890800  047.67632748  30.53892530  047.67615443 51
115  30.53900759  047.67602857
120 Linear Feature 10
111  30.55383337  047.65716460 51
111  30.55349960  047.65752456
112  30.55349960  047.65752456  30.55329997  047.65785651 51
115  30.55349331  047.65816911
120 Linear Feature 9
111  30.55493184  047.65929867 51
116  30.55435303  047.65927264  30.55406557  047.65899446
120 Linear Feature 8
112  30.55433651  047.65991614  30.55455176  047.65960850 51
111  30.55435303  047.65927264 51
111  30.55349331  047.65816911
112  30.55349331  047.65816911  30.55323005  047.65789800 51
111  30.55293054  047.65812612 51
115  30.55262668  047.65843753
120 Linear Feature 7
111  30.54741656  047.66657229 51
116  30.54739358  047.66720470  30.54718217  047.66752281
120 Linear Feature 6
112  30.55241970  047.66130248  30.55269375  047.66156284 51
115  30.55298162  047.66133656
120 Linear Feature 5
111  30.54864777  047.66262040 51
115  30.54835263  047.66292464
120 Linear Feature 5
111  30.54921657  047.66203410 51
115  30.54892143  047.66233834
120 Linear Feature 3
111  30.54548956  047.66859856 51
116  30.54546515  047.66923961  30.54525155  047.66954557
120 Linear Feature 2
111  30.54510366  047.66633769 51
111  30.54462856  047.66684067
112  30.54462856  047.66684067  30.54440830  047.66718372 51
115  30.54459687  047.66747919
120 Linear Feature 4
111  30.54798217  047.66659107 51
112  30.54741656  047.66657229  30.54711531  047.66630927
111  30.54741656  047.66657229 51
112  30.54733914  047.66647405  30.54732334  047.66644149
111  30.54733914  047.66647405
112  30.54733914  047.66647405  30.54723966  047.66626901 51
111  30.54726425  047.66608033 51
111  30.54782593  047.66410130
112  30.54782593  047.66410130  30.54810189  047.66327128 51
111  30.54864777  047.66262040 51
111  30.54892143  047.66233834 51
112  30.55040638  047.66149221  30.55127532  047.66123011 51
111  30.55199890  047.66109385 51
112  30.55235636  047.66122677  30.55250160  047.66138196
111  30.55235636  047.66122677 51
111  30.55241970  047.66130248
112  30.55241970  047.66130248  30.55262249  047.66166038 51
115  30.55239649  047.66195693
120 Linear Feature 1
111  30.54355984  047.66795535 51
111  30.54403628  047.66745284 51
112  30.54459687  047.66747919  30.54489491  047.66775475
111  30.54459687  047.66747919 51
111  30.54548956  047.66859856
112  30.54548956  047.66859856  30.54575780  047.66883849 51
115  30.54603811  047.66863853
120 Linear Feature 4
111  30.53629769  047.67558893 51
111  30.53578063  047.67612777
112  30.53578063  047.67612777  30.53557436  047.67646066 51
111  30.53575932  047.67675363 51
111  30.53665958  047.67789261 51
112  30.53721905  047.67790174  30.53752678  047.67767000
111  30.53721905  047.67790174 51
111  30.53900759  047.67602857 51
111  30.54493492  047.66979705 51
111  30.54514183  047.66957952 51
111  30.54546515  047.66923961 51
111  30.54603811  047.66863853 51
111  30.54739358  047.66720470 51
111  30.54798217  047.66659107 51
111  30.55024136  047.66421948 51
111  30.55080042  047.66362899 51
111  30.55239649  047.66195693 51
111  30.55298162  047.66133656 51
111  30.55433651  047.65991614 51
111  30.55493184  047.65929867 51
111  30.55750078  047.65659700 51
111  30.55802908  047.65604013 51
111  30.56137685  047.65252731 51
111  30.56314099  047.65065453 51
112  30.56320287  047.65001652  30.56303579  047.64965719
111  30.56320287  047.65001652 51
111  30.56232051  047.64886801 51
112  30.56176720  047.64883677  30.56145924  047.64905534
111  30.56176720  047.64883677 51
115  30.56133004  047.64929431
120 Linear Feature 3
112  30.54405181  047.66678802  30.54423416  047.66711470 51
111  30.54406217  047.66737225 51
115  30.54358588  047.66788966
120 Linear Feature 2
111  30.54137967  047.66377904 51
115  30.54137773  047.66386591
120 Linear Feature 2
111  30.54140205  047.66375081 51
115  30.54139984  047.66386847
120 Linear Feature 2
111  30.54142415  047.66375370 51
115  30.54142194  047.66387136
120 Linear Feature 1
111  30.55750078  047.65659700 1
112  30.55804553  047.65665649  30.55828982  047.65691228
111  30.55804553  047.65665649 1
111  30.55858060  047.65732398 1
112  30.55877953  047.65731650  30.55887069  047.65724114
111  30.55877953  047.65731650 1
111  30.55897202  047.65711016 1
111  30.55926364  047.65680146 1
111  30.55930924  047.65675317 1
111  30.55946437  047.65658651 1
111  30.55951087  047.65654031 1
111  30.55966605  047.65637740 1
111  30.55970974  047.65633082 1
111  30.55986884  047.65616433 1
111  30.55991525  047.65611672 1
111  30.56006871  047.65595781 1
111  30.56011739  047.65590736 1
111  30.56026544  047.65575061
112  30.56026544  047.65575061  30.56034322  047.65569240 1
111  30.56041322  047.65575912 1
111  30.56048118  047.65584592 1
111  30.56052439  047.65590085 1
111  30.56065708  047.65607057 1
111  30.56070238  047.65612843 1
111  30.56083525  047.65629814 1
111  30.56088409  047.65636052 1
111  30.56101602  047.65652961 1
111  30.56105444  047.65657810 1
111  30.56106464  047.65659112 1
111  30.56113801  047.65668483
112  30.56113801  047.65668483  30.56116707  047.65671662 1
112  30.56121925  047.65673561  30.56124366  047.65674031
111  30.56121925  047.65673561
112  30.56121925  047.65673561  30.56127206  047.65674577 1
111  30.56130905  047.65671093 1
115  30.56158189  047.65641352
120 Linear Feature 2
111  30.54144653  047.66375594 51
115  30.54144433  047.66387361
120 Linear Feature 2
111  30.54148246  047.66375851 51
111  30.54148101  047.66383574 51
115  30.54148025  047.66387617
120 Linear Feature 1
111  30.54505709  047.66634687 51
111  30.54456964  047.66685616
112  30.54456964  047.66685616  30.54424703  047.66700370 51
111  30.54405181  047.66678802 51
111  30.54181578  047.66395590 51
112  30.54156972  047.66384074  30.54141902  047.66381213
111  30.54156972  047.66384074 51
111  30.54148101  047.66383574 51
111  30.54078625  047.66379654 51
112  30.54062684  047.66329761  30.54081043  047.66291522
111  30.54062684  047.66329761 51
111  30.54083654  047.66307938
112  30.54083654  047.66307938  30.54102664  047.66296901 51
111  30.54115874  047.66311609 51
115  30.54181578  047.66395590
120 Linear Feature 14
111  30.55804553  047.65665649 1
116  30.55802908  047.65604013  30.55818949  047.65567504
21  30.55972487  047.65180712 2 137.8700 3.00 14 PAPI-4L
21  30.53786598  047.67321046 2 317.8700 3.00 32 PAPI-4L
14  30.55645641  047.66331519 114.83 0 New Tower Viewpoint 6
1300  30.54148101  047.66383574   2.80 gate jets|turboprops South Remote Stand
1301 E airline 
1300  30.54758307  047.67281790  47.74 gate jets|turboprops North Remote Stand 13
1301 B airline 
1300  30.54773593  047.67265291  47.74 gate jets|turboprops North Remote Stand 12
1301 B airline 
1300  30.54789201  047.67249292  47.74 gate jets|turboprops North Remote Stand 11
1301 B airline 
1300  30.54804380  047.67233292  47.74 gate jets|turboprops North Remote Stand 10
1301 B airline 
1300  30.54819603  047.67217273  47.74 gate jets|turboprops North Remote Stand 09
1301 B airline 
1300  30.54834781  047.67201274  47.74 gate jets|turboprops North Remote Stand 08
1301 B airline 
1300  30.54849765  047.67185224  47.74 gate jets|turboprops North Remote Stand 07
1301 B airline 
1300  30.54864749  047.67169625  47.74 gate jets|turboprops North Remote Stand 06
1301 B airline 
1300  30.54879899  047.67153737  47.74 gate jets|turboprops North Remote Stand 05
1301 B airline 
1300  30.54894987  047.67137652  47.74 gate jets|turboprops North Remote Stand 04
1301 B airline 
1300  30.54910362  047.67121361  47.74 gate jets|turboprops North Remote Stand 03
1301 B airline 
1300  30.55008618  047.66967221  47.74 gate jets|turboprops North Remote Stand 02
1301 D airline 
1300  30.55066948  047.66937921  47.74 gate jets|turboprops North Remote Stand 01
1301 E airline 
1300  30.55111758  047.66890478  48.80 gate jets|turboprops Gate 05
1301 E airline 
1300  30.55154397  047.66845158  48.85 gate jets|turboprops Gate 04
1301 E airline 
1300  30.55203835  047.66794939  49.39 gate jets|turboprops Gate 03
1301 E airline 
1300  30.55252298  047.66742773  48.99 gate jets|turboprops Gate 02
1301 E airline 
1300  30.55297633  047.66694352  48.40 gate jets|turboprops Gate 01
1301 E airline 
1300  30.55334433  047.66657990  47.74 gate jets|turboprops Cargo 05
1301 C cargo 
1300  30.55369284  047.66621273  47.74 gate jets|turboprops Cargo 04
1301 E cargo 
1300  30.55417211  047.66571003  48.62 gate jets|turboprops Cargo 03
1301 E cargo 
1300  30.55464317  047.66521642  47.74 gate jets|turboprops Cargo 02
1301 E cargo 
1300  30.55511129  047.66472650  47.74 gate jets|turboprops Cargo 01
1301 E cargo 
1300  30.56191347  047.65375283 109.05 tie_down jets|turboprops|props Military 01
1301 B military 
1300  30.56217075  047.65386284 109.05 tie_down jets|turboprops|props Military 02
1301 B military 
1300  30.56242802  047.65396911 109.05 tie_down jets|turboprops|props Military 03
1301 B military 
1300  30.56269283  047.65408537 109.05 tie_down jets|turboprops|props Military 04
1301 B military 
1300  30.56295170  047.65419518 109.05 tie_down jets|turboprops|props Military 05
1301 B military 
1300  30.56154002  047.65495527 109.05 tie_down jets|turboprops|props Military 12
1301 B military 
1300  30.56179684  047.65506622 109.05 tie_down jets|turboprops|props Military 13
1301 B military 
1300  30.56206015  047.65517451 109.05 tie_down jets|turboprops|props Military 14
1301 B military 
1300  30.56232025  047.65527852 109.05 tie_down jets|turboprops|props Military 15
1301 B military 
1300  30.56258247  047.65537603 109.05 tie_down jets|turboprops|props Military 16
1301 B military 
1300  30.56263558  047.65472522 109.05 tie_down jets|turboprops|props Military 11
1301 B military 
1300  30.56237294  047.65462682 109.05 tie_down jets|turboprops|props Military 10
1301 B military 
1300  30.56210976  047.65453192 109.05 tie_down jets|turboprops|props Military 09
1301 B military 
1300  30.56184972  047.65441473 109.05 tie_down jets|turboprops|props Military 08
1301 B military 
1300  30.56158768  047.65431836 109.05 tie_down jets|turboprops|props Military 07
1301 B military 
1300  30.56132793  047.65421000 109.05 tie_down jets|turboprops|props Military 06
1301 B military 
1300  30.55908783  047.65754789 137.14 gate turboprops|props Military Cargo
1301 D military 
1300  30.55971015  047.65897863 316.51 hangar jets|turboprops|props Military Hangar 02
1301 B none 
1300  30.55993621  047.65922489 316.51 hangar jets|turboprops|props Military Hangar 03
1301 B none 
1300  30.56161898  047.65683914 226.51 hangar jets|turboprops|props Military Hangar 07
1301 B none 
1300  30.56121750  047.65730566 226.51 hangar jets|turboprops|props Military Hangar 06
1301 B none 
1300  30.56063703  047.65879446 136.51 hangar jets|turboprops|props Military Hangar 05
1301 B none 
1300  30.56005742  047.65862710 136.51 hangar jets|turboprops|props Military Hangar 01
1301 B none 
1300  30.56041481  047.65855209 136.51 hangar jets|turboprops|props Military Hangar 04
1301 B none 
53 12170 Basrah Ground
54 11870 Basrah Tower
55 12020 Baghdad Approach
99
