A
1000 Generated by Infinite Flight Airport Editing (World Parser)/AB

1       18 1 0 KEWN Craven Co Rgnl
100   45.72   1   0 0.25 0 3 1 04   35.06544200 -077.04828600    0.00    0.00 3  0 0 1 22   35.07961400 -077.03804400    0.00    0.00 3  0 0 1
100   45.72   1   0 0.25 0 2 1 13   35.07704400 -077.04786700    0.00    0.00 2  0 0 1 31   35.07028600 -077.03732500    0.00    0.00 2  0 0 1
21   35.06786438 -077.04710877  2  30.60   3.00 04  PAPI-4L
21   35.07625204 -077.04583139  2 128.07   3.00 13  PAPI-4L
21   35.07785935 -077.03873918  2 210.61   3.00 22  PAPI-4L
21   35.07107814 -077.03936035  2 308.07   3.00 31  PAPI-4L
10   35.06884800 -077.04423500 xxx 210.80  3320 0.0 0.0    50 161161  1 0 0 0.25 0
10   35.07719000 -077.04097700 xxx 210.82  2192 0.0 0.0    50 161161  1 0 0 0.25 0
10   35.07249500 -077.03934500 xxx 307.65  1923 0.0 0.0    50 161161  1 0 0 0.25 0
10   35.07694200 -077.03833800 xxx 211.11  1661 0.0 0.0    60 161161  1 0 0 0.35 0
10   35.07608000 -077.04525000 xxx 307.44  1483 0.0 0.0    50 161161  1 0 0 0.25 0
10   35.07663700 -077.04445600 xxx 307.28   984 0.0 0.0   247 161161  1 0 0 0.25 0
10   35.07591200 -077.03978000 xxx 359.29   873 0.0 0.0    72 161161  1 0 0 0.25 0
10   35.07682800 -077.03918500 xxx 239.44   835 0.0 0.0    50 161161  1 0 0 0.35 0
10   35.07599300 -077.04299200 xxx 196.89   820 0.0 0.0    53 161161  1 0 0 0.25 0
10   35.07937600 -077.04237400 xxx 306.78   814 0.0 0.0    30 161161  1 0 0 0.25 0
10   35.07910900 -077.03545400 xxx  61.41   552 0.0 0.0   263 161161  1 0 0 0.35 0
10   35.07768600 -077.04219800 xxx 219.08   545 0.0 0.0   164 161161  1 0 0 0.25 0
10   35.07346700 -077.03925300 xxx 166.03   446 0.0 0.0   250 161161  1 0 0 0.25 0
10   35.07592000 -077.04380800 xxx 309.21   512 0.0 0.0    79 161161  1 0 0 0.25 0
10   35.07650800 -077.03966500 xxx 234.21   539 0.0 0.0    47 161161  1 0 0 0.35 0
10   35.07418100 -077.03978000 xxx 301.37   295 0.0 0.0   289 161161  1 0 0 0.25 0
10   35.07866300 -077.04272500 xxx 218.28   538 0.0 0.0    30 161161  1 0 0 0.25 0
10   35.07889900 -077.04309800 xxx 218.28   538 0.0 0.0    30 161161  1 0 0 0.25 0
10   35.07795700 -077.04165600 xxx 218.81   354 0.0 0.0   210 161161  1 0 0 0.25 0
10   35.07872000 -077.03584300 xxx  30.43   264 0.0 0.0   276 161161  1 0 0 0.35 0
10   35.07287200 -077.03929900 xxx 304.49   276 0.0 0.0   263 161161  1 0 0 0.25 0
10   35.07440900 -077.04012300 xxx 210.24   433 0.0 0.0    99 161161  1 0 0 0.25 0
10   35.07848700 -077.04236600 xxx 218.28   479 0.0 0.0    20 161161  1 0 0 0.25 0
10   35.07454300 -077.04273200 xxx 303.95   440 0.0 0.0    50 161161  1 0 0 0.25 0
10   35.07340600 -077.03956600 xxx 174.15   381 0.0 0.0    99 161161  1 0 0 0.25 0
10   35.06521200 -077.04750100 xxx 301.72   369 0.0 0.0   106 161161  1 0 0 0.35 0
10   35.07386400 -077.04072600 xxx 263.18   420 0.0 0.0    40 161161  1 0 0 0.25 0
10   35.07727100 -077.04168700 xxx 284.64   407 0.0 0.0    40 161161  1 0 0 0.25 0
10   35.06929800 -077.04460900 xxx 301.72   343 0.0 0.0    60 161161  1 0 0 0.35 0
10   35.07926600 -077.03745300 xxx 116.87   336 0.0 0.0    66 161161  1 0 0 0.35 0
10   35.07918500 -077.03745300 xxx 300.90   336 0.0 0.0    60 161161  1 0 0 0.35 0
10   35.07899500 -077.03636200 xxx 251.43   264 0.0 0.0   119 161161  1 0 0 0.35 0
10   35.07979600 -077.04365500 xxx 218.28   348 0.0 0.0    30 161161  1 0 0 0.25 0
10   35.07885700 -077.03666700 xxx 120.43   270 0.0 0.0    99 161161  1 0 0 0.35 0
10   35.07793400 -077.04618800 xxx 218.28   322 0.0 0.0    20 161161  1 0 0 0.25 0
10   35.07774400 -077.04587600 xxx 218.28   322 0.0 0.0    20 161161  1 0 0 0.25 0
10   35.07702300 -077.04068000 xxx 288.99   289 0.0 0.0    47 161161  1 0 0 0.25 0
10   35.07380300 -077.04064900 xxx 217.76   269 0.0 0.0    66 161161  1 0 0 0.25 0
10   35.07692700 -077.04286200 xxx 172.59   269 0.0 0.0    53 161161  1 0 0 0.25 0
10   35.07552700 -077.03958100 xxx 196.81   198 0.0 0.0   112 161161  1 0 0 0.35 0
10   35.07680500 -077.03873400 xxx 226.94   133 0.0 0.0   145 161161  1 0 0 0.35 0
10   35.07073200 -077.03704800 xxx 214.94   224 0.0 0.0    53 161161  1 0 0 0.35 0
10   35.07745000 -077.03810900 xxx 223.58   238 0.0 0.0    33 161161  1 0 0 0.35 0
10   35.07467300 -077.03974900 xxx 350.61   171 0.0 0.0    99 161161  1 0 0 0.25 0
10   35.07323100 -077.04103900 xxx 217.48   205 0.0 0.0    60 161161  1 0 0 0.35 0
10   35.07489800 -077.03965000 xxx 178.39   231 0.0 0.0    33 161161  1 0 0 0.35 0
10   35.07626000 -077.04493700 xxx 218.11   223 0.0 0.0    40 161161  1 0 0 0.25 0
10   35.07689700 -077.04595200 xxx 218.11   223 0.0 0.0    40 161161  1 0 0 0.25 0
10   35.07704200 -077.03844500 xxx 222.66   172 0.0 0.0    79 161161  1 0 0 0.35 0
10   35.07385600 -077.04035900 xxx 254.93   210 0.0 0.0    40 161161  1 0 0 0.25 0
10   35.07976900 -077.03857400 xxx 295.02   185 0.0 0.0    53 161161  1 0 0 0.35 0
10   35.07721700 -077.04644000 xxx 226.54   197 0.0 0.0    20 161161  1 0 0 0.25 0
10   35.07501600 -077.03986400 xxx  10.72   171 0.0 0.0    40 161161  1 0 0 0.25 0
10   35.07928100 -077.03797100 xxx 248.66   159 0.0 0.0    47 161161  1 0 0 0.35 0
10   35.07904100 -077.03675100 xxx 273.22   159 0.0 0.0    47 161161  1 0 0 0.35 0
10   35.07906300 -077.03688000 xxx 289.05   159 0.0 0.0    47 161161  1 0 0 0.35 0
10   35.07361600 -077.04074900 xxx 203.02   151 0.0 0.0    53 161161  1 0 0 0.25 0
10   35.07391400 -077.04184700 xxx 263.52   138 0.0 0.0    66 161161  1 0 0 0.25 0
10   35.07469600 -077.04345700 xxx 212.50   151 0.0 0.0    53 161161  1 0 0 0.25 0
10   35.07574500 -077.04321300 xxx 202.79   151 0.0 0.0    53 161161  1 0 0 0.25 0
10   35.07764400 -077.04280100 xxx 307.91   151 0.0 0.0    53 161161  1 0 0 0.25 0
10   35.07956300 -077.03843700 xxx 347.67   133 0.0 0.0    66 161161  1 0 0 0.35 0
10   35.07855200 -077.04114500 xxx 317.51   151 0.0 0.0    40 161161  1 0 0 0.25 0
10   35.07858300 -077.04144300 xxx 214.77   151 0.0 0.0    40 161161  1 0 0 0.25 0
10   35.07700000 -077.04277000 xxx 184.13   138 0.0 0.0    53 161161  1 0 0 0.25 0
10   35.07817100 -077.04058100 xxx 298.51   151 0.0 0.0    40 161161  1 0 0 0.25 0
10   35.07699600 -077.04029800 xxx 265.36   151 0.0 0.0    40 161161  1 0 0 0.25 0
10   35.07416900 -077.03926100 xxx 339.92    60 0.0 0.0   125 161161  1 0 0 0.35 0
10   35.07791900 -077.04267100 xxx 218.96   131 0.0 0.0    53 161161  1 0 0 0.25 0
10   35.07375700 -077.04099300 xxx 265.48   144 0.0 0.0    40 161161  1 0 0 0.25 0
10   35.07737700 -077.04308300 xxx 307.91   144 0.0 0.0    40 161161  1 0 0 0.25 0
10   35.07738900 -077.04649400 xxx 356.73   157 0.0 0.0    20 161161  1 0 0 0.25 0
10   35.07502700 -077.04328200 xxx 184.17   131 0.0 0.0    40 161161  1 0 0 0.25 0
10   35.07784700 -077.04544800 xxx 219.41   144 0.0 0.0    27 161161  1 0 0 0.25 0
10   35.07580200 -077.03951300 xxx 288.17   133 0.0 0.0    33 161161  1 0 0 0.35 0
10   35.07580200 -077.03940600 xxx 267.09   133 0.0 0.0    33 161161  1 0 0 0.35 0
10   35.07915500 -077.03810900 xxx 224.82   133 0.0 0.0    33 161161  1 0 0 0.35 0
10   35.07508900 -077.03959700 xxx  11.50   133 0.0 0.0    33 161161  1 0 0 0.35 0
10   35.07658400 -077.03993200 xxx 214.41   133 0.0 0.0    33 161161  1 0 0 0.35 0
10   35.07926600 -077.03781100 xxx 273.22   133 0.0 0.0    33 161161  1 0 0 0.35 0
10   35.07645400 -077.03969600 xxx 193.99   133 0.0 0.0    33 161161  1 0 0 0.35 0
10   35.07675200 -077.03904700 xxx 273.22   133 0.0 0.0    33 161161  1 0 0 0.35 0
10   35.07667200 -077.03884900 xxx 318.52   133 0.0 0.0    33 161161  1 0 0 0.35 0
10   35.07656100 -077.03878000 xxx 174.82   133 0.0 0.0    33 161161  1 0 0 0.35 0
10   35.07663700 -077.03881800 xxx 334.11   133 0.0 0.0    33 161161  1 0 0 0.35 0
10   35.07672900 -077.03920700 xxx 250.23   133 0.0 0.0    33 161161  1 0 0 0.35 0
10   35.07874700 -077.03685000 xxx 248.76   133 0.0 0.0    33 161161  1 0 0 0.35 0
10   35.07874700 -077.03675100 xxx 273.22   133 0.0 0.0    33 161161  1 0 0 0.35 0
10   35.07860900 -077.03701000 xxx 223.90   133 0.0 0.0    33 161161  1 0 0 0.35 0
10   35.07872000 -077.03685000 xxx 250.67   133 0.0 0.0    33 161161  1 0 0 0.35 0
10   35.07881500 -077.03708600 xxx   3.22   133 0.0 0.0    33 161161  1 0 0 0.35 0
10   35.07869700 -077.03711700 xxx 199.29   133 0.0 0.0    33 161161  1 0 0 0.35 0
10   35.07893000 -077.03711700 xxx 332.85   133 0.0 0.0    33 161161  1 0 0 0.35 0
10   35.07578300 -077.03947400 xxx 273.22   133 0.0 0.0    33 161161  1 0 0 0.35 0
10   35.07581700 -077.03929900 xxx 253.52   133 0.0 0.0    33 161161  1 0 0 0.35 0
10   35.07971200 -077.03862800 xxx 312.86   133 0.0 0.0    33 161161  1 0 0 0.35 0
10   35.07962400 -077.03853600 xxx 332.00   133 0.0 0.0    33 161161  1 0 0 0.35 0
10   35.07940700 -077.03849000 xxx  10.40   133 0.0 0.0    33 161161  1 0 0 0.35 0
10   35.07980700 -077.03887200 xxx 273.22   133 0.0 0.0    33 161161  1 0 0 0.35 0
10   35.07977700 -077.03900900 xxx 232.95   133 0.0 0.0    33 161161  1 0 0 0.35 0
10   35.07980000 -077.03892500 xxx 258.62   133 0.0 0.0    33 161161  1 0 0 0.35 0
10   35.07589700 -077.03966500 xxx 339.93   133 0.0 0.0    33 161161  1 0 0 0.35 0
10   35.07365400 -077.04097000 xxx 265.48    92 0.0 0.0    72 161161  1 0 0 0.25 0
10   35.06898500 -077.04426600 xxx 169.12   106 0.0 0.0    53 161161  1 0 0 0.35 0
10   35.06942000 -077.04506700 xxx 257.98   106 0.0 0.0    53 161161  1 0 0 0.35 0
10   35.07058300 -077.03732300 xxx 268.38   106 0.0 0.0    53 161161  1 0 0 0.35 0
10   35.06556700 -077.04782100 xxx 169.12   106 0.0 0.0    53 161161  1 0 0 0.35 0
10   35.06516300 -077.04703500 xxx 261.04   106 0.0 0.0    53 161161  1 0 0 0.35 0
10   35.06959200 -077.04493700 xxx 169.12   106 0.0 0.0    53 161161  1 0 0 0.35 0
10   35.06918300 -077.04414400 xxx 261.04   106 0.0 0.0    53 161161  1 0 0 0.35 0
10   35.07694200 -077.04648600 xxx 323.68   125 0.0 0.0    33 161161  1 0 0 0.25 0
10   35.07877000 -077.04149600 xxx 323.19   125 0.0 0.0    27 161161  1 0 0 0.25 0
10   35.07720200 -077.04754600 xxx  41.53    85 0.0 0.0    66 161161  1 0 0 0.25 0
10   35.07844900 -077.04161100 xxx 307.91    85 0.0 0.0    59 161161  1 0 0 0.25 0
10   35.07801400 -077.04272500 xxx 218.69    98 0.0 0.0    40 161161  1 0 0 0.25 0
10   35.07380700 -077.04190100 xxx 235.92   118 0.0 0.0    20 161161  1 0 0 0.25 0
10   35.07312000 -077.04130600 xxx 266.12    87 0.0 0.0    47 161161  1 0 0 0.35 0
10   35.07304000 -077.03970300 xxx 209.66    92 0.0 0.0    40 161161  1 0 0 0.25 0
10   35.07451200 -077.03955800 xxx 323.62    92 0.0 0.0    40 161161  1 0 0 0.25 0
10   35.07296800 -077.04002400 xxx 287.77    92 0.0 0.0    40 161161  1 0 0 0.25 0
10   35.07383300 -077.04135100 xxx 280.36    92 0.0 0.0    40 161161  1 0 0 0.25 0
10   35.07317000 -077.03966500 xxx   8.43    92 0.0 0.0    40 161161  1 0 0 0.25 0
10   35.07774400 -077.04539500 xxx  21.30    92 0.0 0.0    40 161161  1 0 0 0.25 0
10   35.07766300 -077.04548600 xxx 216.29    92 0.0 0.0    40 161161  1 0 0 0.25 0
10   35.07712900 -077.04657000 xxx  39.49    92 0.0 0.0    40 161161  1 0 0 0.25 0
10   35.07655300 -077.04287000 xxx   2.63   105 0.0 0.0    27 161161  1 0 0 0.25 0
10   35.07347100 -077.04074900 xxx 338.08    92 0.0 0.0    40 161161  1 0 0 0.25 0
10   35.07377600 -077.04057300 xxx 237.59    92 0.0 0.0    40 161161  1 0 0 0.25 0
10   35.07295200 -077.03985600 xxx 265.48    92 0.0 0.0    40 161161  1 0 0 0.25 0
10   35.07385600 -077.04161800 xxx 281.70    98 0.0 0.0    33 161161  1 0 0 0.25 0
10   35.07675900 -077.04617300 xxx 263.21    85 0.0 0.0    40 161161  1 0 0 0.25 0
10   35.07433300 -077.04219100 xxx 270.50    85 0.0 0.0    40 161161  1 0 0 0.25 0
10   35.07607300 -077.04501300 xxx 179.19    85 0.0 0.0    40 161161  1 0 0 0.25 0
10   35.07411200 -077.04171000 xxx 182.89    92 0.0 0.0    33 161161  1 0 0 0.25 0
10   35.07611800 -077.04515800 xxx 263.21    85 0.0 0.0    40 161161  1 0 0 0.25 0
10   35.07854100 -077.04219100 xxx 307.91    66 0.0 0.0    59 161161  1 0 0 0.25 0
10   35.07670200 -077.04603600 xxx 179.19    85 0.0 0.0    40 161161  1 0 0 0.25 0
10   35.07954800 -077.04274700 xxx 316.44   105 0.0 0.0    17 161161  1 0 0 0.25 0
10   35.07317000 -077.04119100 xxx 242.34    87 0.0 0.0    33 161161  1 0 0 0.35 0
10   35.07667500 -077.03958100 xxx 261.46    87 0.0 0.0    33 161161  1 0 0 0.35 0
10   35.07625600 -077.03989400 xxx 301.72    87 0.0 0.0    33 161161  1 0 0 0.35 0
10   35.07064100 -077.03721600 xxx 246.99    87 0.0 0.0    33 161161  1 0 0 0.35 0
10   35.07063300 -077.03751400 xxx 293.78    87 0.0 0.0    33 161161  1 0 0 0.35 0
10   35.07091100 -077.03702500 xxx 167.30    87 0.0 0.0    33 161161  1 0 0 0.35 0
10   35.07084700 -077.03704100 xxx 189.68    87 0.0 0.0    33 161161  1 0 0 0.35 0
10   35.07102600 -077.03708600 xxx 325.76    87 0.0 0.0    33 161161  1 0 0 0.35 0
10   35.07623300 -077.03987100 xxx 336.56    87 0.0 0.0    33 161161  1 0 0 0.35 0
10   35.07626300 -077.04000900 xxx 257.40    87 0.0 0.0    33 161161  1 0 0 0.35 0
10   35.06922500 -077.04433400 xxx 277.94    87 0.0 0.0    33 161161  1 0 0 0.35 0
10   35.07624800 -077.03989400 xxx 301.72    87 0.0 0.0    33 161161  1 0 0 0.35 0
10   35.07667900 -077.03966500 xxx 301.72    87 0.0 0.0    33 161161  1 0 0 0.35 0
10   35.07313500 -077.04045100 xxx 296.25    87 0.0 0.0    33 161161  1 0 0 0.35 0
10   35.06926300 -077.04402200 xxx 235.54    87 0.0 0.0    33 161161  1 0 0 0.35 0
10   35.06909200 -077.04435000 xxx 324.53    87 0.0 0.0    33 161161  1 0 0 0.35 0
10   35.06886300 -077.04430400 xxx   8.63    87 0.0 0.0    33 161161  1 0 0 0.35 0
10   35.06938600 -077.04493700 xxx 277.94    87 0.0 0.0    33 161161  1 0 0 0.35 0
10   35.06950400 -077.04483800 xxx 328.01    87 0.0 0.0    33 161161  1 0 0 0.35 0
10   35.06932800 -077.04518100 xxx 235.59    87 0.0 0.0    33 161161  1 0 0 0.35 0
10   35.06976300 -077.04488400 xxx 194.21    87 0.0 0.0    33 161161  1 0 0 0.35 0
10   35.07322300 -077.04070300 xxx 287.66    87 0.0 0.0    33 161161  1 0 0 0.35 0
10   35.07322300 -077.04089400 xxx 253.75    87 0.0 0.0    33 161161  1 0 0 0.35 0
10   35.06520100 -077.04723400 xxx 277.94    87 0.0 0.0    33 161161  1 0 0 0.35 0
10   35.07329600 -077.04079400 xxx 301.72    87 0.0 0.0    33 161161  1 0 0 0.35 0
10   35.06523900 -077.04691300 xxx 235.54    87 0.0 0.0    33 161161  1 0 0 0.35 0
10   35.06548300 -077.04772200 xxx 328.01    87 0.0 0.0    33 161161  1 0 0 0.35 0
10   35.06574200 -077.04776800 xxx 194.21    87 0.0 0.0    33 161161  1 0 0 0.35 0
10   35.07301700 -077.04108400 xxx 176.62    87 0.0 0.0    33 161161  1 0 0 0.35 0
10   35.07289500 -077.04102300 xxx 324.45    87 0.0 0.0    33 161161  1 0 0 0.35 0
10   35.07321900 -077.04079400 xxx 271.22    87 0.0 0.0    33 161161  1 0 0 0.35 0
10   35.07298700 -077.04106100 xxx 162.76    87 0.0 0.0    33 161161  1 0 0 0.35 0
10   35.07671700 -077.03969600 xxx 335.86    87 0.0 0.0    33 161161  1 0 0 0.35 0
10   35.07341800 -077.04102300 xxx 176.84    87 0.0 0.0    33 161161  1 0 0 0.35 0
10   35.07352100 -077.04106900 xxx 333.58    87 0.0 0.0    33 161161  1 0 0 0.35 0
10   35.07332600 -077.04104600 xxx 198.35    87 0.0 0.0    33 161161  1 0 0 0.35 0
10   35.07317700 -077.04147300 xxx 298.17    87 0.0 0.0    33 161161  1 0 0 0.35 0
10   35.07833500 -077.04088600 xxx 313.04    79 0.0 0.0    40 161161  1 0 0 0.25 0
10   35.07747300 -077.04615800 xxx 307.91    79 0.0 0.0    40 161161  1 0 0 0.25 0
10   35.07791900 -077.04278600 xxx 176.24    59 0.0 0.0    59 161161  1 0 0 0.25 0
10   35.07462700 -077.04364800 xxx 266.31    85 0.0 0.0    33 161161  1 0 0 0.25 0
10   35.07711000 -077.04747800 xxx 179.10    72 0.0 0.0    40 161161  1 0 0 0.25 0
10   35.07471800 -077.04287000 xxx 254.25    79 0.0 0.0    33 161161  1 0 0 0.25 0
10   35.07860200 -077.04130600 xxx 271.16    59 0.0 0.0    47 161161  1 0 0 0.25 0
10   35.07466500 -077.04269400 xxx 177.55    85 0.0 0.0    20 161161  1 0 0 0.25 0
10   35.07708400 -077.04589100 xxx 353.76    72 0.0 0.0    33 161161  1 0 0 0.25 0
10   35.07644700 -077.04486100 xxx 353.76    72 0.0 0.0    33 161161  1 0 0 0.25 0
10   35.07637800 -077.04473100 xxx 270.35    72 0.0 0.0    33 161161  1 0 0 0.25 0
10   35.07701100 -077.04574600 xxx 270.35    72 0.0 0.0    33 161161  1 0 0 0.25 0
10   35.07729300 -077.04740100 xxx  55.54    59 0.0 0.0    40 161161  1 0 0 0.25 0
10   35.07864000 -077.04148100 xxx 186.14    72 0.0 0.0    27 161161  1 0 0 0.25 0
10   35.07791100 -077.04573800 xxx 307.91    79 0.0 0.0    20 161161  1 0 0 0.25 0
10   35.07708400 -077.04118300 xxx 339.01    59 0.0 0.0    40 161161  1 0 0 0.25 0
10   35.07780800 -077.04583700 xxx 307.91    79 0.0 0.0    20 161161  1 0 0 0.25 0
10   35.07769800 -077.04595200 xxx 307.91    79 0.0 0.0    20 161161  1 0 0 0.25 0
10   35.07757600 -077.04605900 xxx 307.91    79 0.0 0.0    20 161161  1 0 0 0.25 0
10   35.07922700 -077.04228200 xxx 176.52    66 0.0 0.0    30 161161  1 0 0 0.25 0
10   35.07929600 -077.04233600 xxx 317.23    66 0.0 0.0    30 161161  1 0 0 0.25 0
10   35.07993700 -077.04341900 xxx 267.42    66 0.0 0.0    30 161161  1 0 0 0.25 0
10   35.08001300 -077.04334300 xxx 355.91    66 0.0 0.0    30 161161  1 0 0 0.25 0
10   35.07938400 -077.04252600 xxx 267.42    66 0.0 0.0    30 161161  1 0 0 0.25 0
10   35.07924700 -077.04229000 xxx 333.36    66 0.0 0.0    30 161161  1 0 0 0.25 0
10   35.07934600 -077.04238900 xxx 305.70    66 0.0 0.0    30 161161  1 0 0 0.25 0
10   35.07937600 -077.04248000 xxx 285.70    66 0.0 0.0    30 161161  1 0 0 0.25 0
10   35.07931500 -077.04286200 xxx 307.91    66 0.0 0.0    27 161161  1 0 0 0.25 0
10   35.07897900 -077.04317500 xxx 307.91    66 0.0 0.0    27 161161  1 0 0 0.25 0
10   35.07913200 -077.04303700 xxx 307.91    66 0.0 0.0    27 161161  1 0 0 0.25 0
10   35.07711000 -077.04592900 xxx 333.91    72 0.0 0.0    20 161161  1 0 0 0.25 0
10   35.07506600 -077.04347200 xxx 258.22    59 0.0 0.0    33 161161  1 0 0 0.25 0
10   35.07701100 -077.04592100 xxx 194.38    72 0.0 0.0    20 161161  1 0 0 0.25 0
10   35.07634700 -077.04478500 xxx 248.13    72 0.0 0.0    20 161161  1 0 0 0.25 0
10   35.07635100 -077.04464700 xxx 288.16    72 0.0 0.0    20 161161  1 0 0 0.25 0
10   35.07651900 -077.04492200 xxx 333.76    72 0.0 0.0    20 161161  1 0 0 0.25 0
10   35.07637800 -077.04489900 xxx 194.38    72 0.0 0.0    20 161161  1 0 0 0.25 0
10   35.07815200 -077.04039800 xxx 263.83    59 0.0 0.0    33 161161  1 0 0 0.25 0
10   35.07597700 -077.04496000 xxx 329.38    72 0.0 0.0    20 161161  1 0 0 0.25 0
10   35.07741900 -077.04203800 xxx 325.07    59 0.0 0.0    33 161161  1 0 0 0.25 0
10   35.07616400 -077.04510500 xxx 242.11    72 0.0 0.0    20 161161  1 0 0 0.25 0
10   35.07679400 -077.04598200 xxx 192.53    72 0.0 0.0    20 161161  1 0 0 0.25 0
10   35.07685500 -077.04036700 xxx 339.86    59 0.0 0.0    33 161161  1 0 0 0.25 0
10   35.07615300 -077.04525800 xxx 283.92    72 0.0 0.0    20 161161  1 0 0 0.25 0
10   35.07661100 -077.04598200 xxx 329.38    72 0.0 0.0    20 161161  1 0 0 0.25 0
10   35.07680100 -077.04612000 xxx 242.11    72 0.0 0.0    20 161161  1 0 0 0.25 0
10   35.07679400 -077.04627200 xxx 283.92    72 0.0 0.0    20 161161  1 0 0 0.25 0
10   35.07615300 -077.04496800 xxx 192.53    72 0.0 0.0    20 161161  1 0 0 0.25 0
10   35.07894100 -077.04321300 xxx 274.14    72 0.0 0.0    20 161161  1 0 0 0.25 0
10   35.07698400 -077.04580700 xxx 248.13    72 0.0 0.0    20 161161  1 0 0 0.25 0
10   35.07698800 -077.04566200 xxx 288.16    72 0.0 0.0    20 161161  1 0 0 0.25 0
10   35.07989900 -077.03891000 xxx 273.22    54 0.0 0.0    33 161161  1 0 0 0.35 0
10   35.07983000 -077.03907000 xxx 220.70    54 0.0 0.0    33 161161  1 0 0 0.35 0
10   35.07701500 -077.04739400 xxx 147.69    66 0.0 0.0    20 161161  1 0 0 0.25 0
10   35.07791100 -077.04531900 xxx   4.95    52 0.0 0.0    33 161161  1 0 0 0.25 0
10   35.07948700 -077.04264100 xxx 332.52    52 0.0 0.0    30 161161  1 0 0 0.25 0
10   35.07474500 -077.04329700 xxx 258.85    59 0.0 0.0    20 161161  1 0 0 0.25 0
10   35.07475300 -077.04322100 xxx 282.35    59 0.0 0.0    20 161161  1 0 0 0.25 0
10   35.07471800 -077.04335800 xxx 234.76    59 0.0 0.0    20 161161  1 0 0 0.25 0
10   35.07452800 -077.04347200 xxx 177.91    59 0.0 0.0    20 161161  1 0 0 0.25 0
10   35.07445500 -077.04342700 xxx 328.93    59 0.0 0.0    20 161161  1 0 0 0.25 0
10   35.07753800 -077.04197700 xxx 229.52    59 0.0 0.0    20 161161  1 0 0 0.25 0
10   35.07466900 -077.04376200 xxx 293.09    59 0.0 0.0    20 161161  1 0 0 0.25 0
10   35.07485200 -077.04347200 xxx 176.57    59 0.0 0.0    20 161161  1 0 0 0.25 0
10   35.07467300 -077.04357900 xxx 235.66    59 0.0 0.0    20 161161  1 0 0 0.25 0
10   35.07720200 -077.04108400 xxx 263.29    59 0.0 0.0    20 161161  1 0 0 0.25 0
10   35.07723200 -077.04101600 xxx 233.45    59 0.0 0.0    20 161161  1 0 0 0.25 0
10   35.07720200 -077.04118300 xxx 277.49    59 0.0 0.0    20 161161  1 0 0 0.25 0
10   35.07855200 -077.04138900 xxx 246.73    59 0.0 0.0    20 161161  1 0 0 0.25 0
10   35.07714100 -077.04128300 xxx 305.82    59 0.0 0.0    20 161161  1 0 0 0.25 0
10   35.07700000 -077.04120600 xxx 183.22    59 0.0 0.0    20 161161  1 0 0 0.25 0
10   35.07817500 -077.04048900 xxx 281.73    59 0.0 0.0    20 161161  1 0 0 0.25 0
10   35.07819700 -077.04032900 xxx 244.89    59 0.0 0.0    20 161161  1 0 0 0.25 0
10   35.07690400 -077.04044300 xxx 316.04    59 0.0 0.0    20 161161  1 0 0 0.25 0
10   35.07677100 -077.04038200 xxx 191.94    59 0.0 0.0    20 161161  1 0 0 0.25 0
10   35.07703000 -077.04096200 xxx 260.67    59 0.0 0.0    20 161161  1 0 0 0.25 0
10   35.07702300 -077.04086300 xxx 278.97    59 0.0 0.0    20 161161  1 0 0 0.25 0
10   35.07700000 -077.04103900 xxx 235.69    59 0.0 0.0    20 161161  1 0 0 0.25 0
10   35.07717900 -077.04087100 xxx 171.11    59 0.0 0.0    20 161161  1 0 0 0.25 0
10   35.07725100 -077.04085500 xxx 196.02    59 0.0 0.0    20 161161  1 0 0 0.25 0
10   35.07712200 -077.04082500 xxx 316.50    59 0.0 0.0    20 161161  1 0 0 0.25 0
10   35.07803300 -077.04048200 xxx 174.00    59 0.0 0.0    20 161161  1 0 0 0.25 0
10   35.07705700 -077.04019200 xxx 233.71    59 0.0 0.0    20 161161  1 0 0 0.25 0
10   35.07701900 -077.04048900 xxx 276.84    59 0.0 0.0    20 161161  1 0 0 0.25 0
10   35.07703000 -077.04025300 xxx 257.34    59 0.0 0.0    20 161161  1 0 0 0.25 0
10   35.07797200 -077.04048200 xxx  15.08    59 0.0 0.0    20 161161  1 0 0 0.25 0
10   35.07474500 -077.04266400 xxx 195.47    59 0.0 0.0    20 161161  1 0 0 0.25 0
10   35.07457700 -077.04265600 xxx 327.74    59 0.0 0.0    20 161161  1 0 0 0.25 0
10   35.07808700 -077.04051200 xxx 323.71    59 0.0 0.0    20 161161  1 0 0 0.25 0
10   35.07473800 -077.04294600 xxx 277.01    59 0.0 0.0    20 161161  1 0 0 0.25 0
10   35.07478300 -077.04280100 xxx 226.54    59 0.0 0.0    20 161161  1 0 0 0.25 0
10   35.07854800 -077.04122200 xxx 289.74    59 0.0 0.0    20 161161  1 0 0 0.25 0
10   35.07437500 -077.04231300 xxx 286.54    59 0.0 0.0    20 161161  1 0 0 0.25 0
10   35.07439000 -077.04209100 xxx 224.62    59 0.0 0.0    20 161161  1 0 0 0.25 0
10   35.07437100 -077.04214500 xxx 249.34    59 0.0 0.0    20 161161  1 0 0 0.25 0
10   35.07731200 -077.04218300 xxx 261.42    59 0.0 0.0    20 161161  1 0 0 0.25 0
10   35.07707600 -077.04653900 xxx 191.86    59 0.0 0.0    20 161161  1 0 0 0.25 0
10   35.07731600 -077.04206100 xxx 275.83    59 0.0 0.0    20 161161  1 0 0 0.25 0
10   35.07405100 -077.04166400 xxx 340.50    59 0.0 0.0    20 161161  1 0 0 0.25 0
10   35.07425300 -077.04164900 xxx 200.38    59 0.0 0.0    20 161161  1 0 0 0.25 0
10   35.07727100 -077.04227400 xxx 237.45    59 0.0 0.0    20 161161  1 0 0 0.25 0
10   35.07873500 -077.04150400 xxx 341.96    59 0.0 0.0    20 161161  1 0 0 0.25 0
10   35.07737700 -077.04195400 xxx 302.64    59 0.0 0.0    20 161161  1 0 0 0.25 0
10   35.07384100 -077.04179400 xxx 264.13    59 0.0 0.0    20 161161  1 0 0 0.25 0
10   35.07754100 -077.04197700 xxx 264.82    59 0.0 0.0    20 161161  1 0 0 0.25 0
10   35.07509200 -077.04354900 xxx 278.99    59 0.0 0.0    20 161161  1 0 0 0.25 0
10   35.07512700 -077.04338100 xxx 219.75    59 0.0 0.0    20 161161  1 0 0 0.25 0
10   35.07751800 -077.04190100 xxx 287.03    59 0.0 0.0    20 161161  1 0 0 0.25 0
10   35.07490500 -077.04321300 xxx 334.33    59 0.0 0.0    20 161161  1 0 0 0.25 0
10   35.07542000 -077.04328200 xxx 176.04    59 0.0 0.0    20 161161  1 0 0 0.25 0
10   35.07545900 -077.04329700 xxx 329.47    59 0.0 0.0    20 161161  1 0 0 0.25 0
10   35.07749200 -077.04202300 xxx 183.69    59 0.0 0.0    20 161161  1 0 0 0.25 0
10   35.07720900 -077.04741700 xxx 213.62    52 0.0 0.0    20 161161  1 0 0 0.25 0
10   35.07748000 -077.04575300 xxx 307.91    46 0.0 0.0    20 161161  1 0 0 0.25 0
10   35.07737000 -077.04585300 xxx 307.91    46 0.0 0.0    20 161161  1 0 0 0.25 0
10   35.07801400 -077.04602100 xxx 307.91    46 0.0 0.0    20 161161  1 0 0 0.25 0
10   35.07790400 -077.04612700 xxx 307.91    46 0.0 0.0    20 161161  1 0 0 0.25 0
10   35.07814800 -077.04589100 xxx 307.91    46 0.0 0.0    20 161161  1 0 0 0.25 0
10   35.07920500 -077.04270200 xxx 307.91    46 0.0 0.0    20 161161  1 0 0 0.25 0
10   35.07907100 -077.04283100 xxx 307.91    46 0.0 0.0    20 161161  1 0 0 0.25 0
10   35.07893800 -077.04296900 xxx 307.91    46 0.0 0.0    20 161161  1 0 0 0.25 0
10   35.07830400 -077.04357100 xxx 307.91    46 0.0 0.0    20 161161  1 0 0 0.25 0
10   35.07845300 -077.04343400 xxx 307.91    46 0.0 0.0    20 161161  1 0 0 0.25 0
10   35.07857900 -077.04331200 xxx 307.91    46 0.0 0.0    20 161161  1 0 0 0.25 0
10   35.07870500 -077.04319800 xxx 307.91    46 0.0 0.0    20 161161  1 0 0 0.25 0
10   35.07822800 -077.04328200 xxx 307.91    46 0.0 0.0    20 161161  1 0 0 0.25 0
10   35.07836200 -077.04315900 xxx 307.91    46 0.0 0.0    20 161161  1 0 0 0.25 0
10   35.07941400 -077.04265600 xxx 194.71    46 0.0 0.0    20 161161  1 0 0 0.25 0
10   35.07989900 -077.04350300 xxx 240.85    46 0.0 0.0    20 161161  1 0 0 0.25 0
10   35.07991000 -077.04331200 xxx 290.16    46 0.0 0.0    20 161161  1 0 0 0.25 0
10   35.07918500 -077.04216000 xxx 266.12    46 0.0 0.0    20 161161  1 0 0 0.25 0
10   35.07901800 -077.04192400 xxx 176.04    46 0.0 0.0    20 161161  1 0 0 0.25 0
10   35.07907100 -077.04194600 xxx 333.18    46 0.0 0.0    20 161161  1 0 0 0.25 0
10   35.07917800 -077.04211400 xxx 281.93    46 0.0 0.0    20 161161  1 0 0 0.25 0
10   35.07897600 -077.04184000 xxx 263.58    46 0.0 0.0    20 161161  1 0 0 0.25 0
10   35.07897200 -077.04177100 xxx 287.32    46 0.0 0.0    20 161161  1 0 0 0.25 0
10   35.07896400 -077.04187800 xxx 245.30    46 0.0 0.0    20 161161  1 0 0 0.25 0
10   35.07898300 -077.04328200 xxx 219.58    46 0.0 0.0    20 161161  1 0 0 0.25 0
10   35.07850300 -077.04299900 xxx 307.91    46 0.0 0.0    20 161161  1 0 0 0.25 0
10   35.07870500 -077.04280100 xxx 307.91    46 0.0 0.0    20 161161  1 0 0 0.25 0
10   35.07885000 -077.04266400 xxx 307.91    46 0.0 0.0    20 161161  1 0 0 0.25 0
10   35.07897900 -077.04254900 xxx 307.91    46 0.0 0.0    20 161161  1 0 0 0.25 0
10   35.07912100 -077.04241900 xxx 307.91    46 0.0 0.0    20 161161  1 0 0 0.25 0
10   35.07897600 -077.04235100 xxx 307.91    46 0.0 0.0    20 161161  1 0 0 0.25 0
10   35.07885000 -077.04248000 xxx 307.91    46 0.0 0.0    20 161161  1 0 0 0.25 0
10   35.07871600 -077.04261000 xxx 307.91    46 0.0 0.0    20 161161  1 0 0 0.25 0
10   35.07778900 -077.04624200 xxx 307.91    46 0.0 0.0    20 161161  1 0 0 0.25 0
10   35.07889900 -077.04206100 xxx 307.91    46 0.0 0.0    20 161161  1 0 0 0.25 0
10   35.07874700 -077.04219800 xxx 307.91    46 0.0 0.0    20 161161  1 0 0 0.25 0
10   35.07861700 -077.04232800 xxx 307.91    46 0.0 0.0    20 161161  1 0 0 0.25 0
10   35.07849900 -077.04244200 xxx 307.91    46 0.0 0.0    20 161161  1 0 0 0.25 0
10   35.07767900 -077.04633300 xxx 307.91    46 0.0 0.0    20 161161  1 0 0 0.25 0
10   35.07758300 -077.04564700 xxx 307.91    46 0.0 0.0    20 161161  1 0 0 0.25 0
10   35.07989100 -077.03900100 xxx 244.13    28 0.0 0.0    33 161161  1 0 0 0.35 0
10   35.07901400 -077.04187800 xxx  40.00    19 0.0 0.0    40 161161  1 0 0 0.25 0
10   35.07960100 -077.04264800 xxx 218.53    39 0.0 0.0    20 161161  1 0 0 0.25 0
10   35.07954000 -077.04254200 xxx 218.53    39 0.0 0.0    20 161161  1 0 0 0.25 0
10   35.07946800 -077.04242700 xxx 218.53    39 0.0 0.0    20 161161  1 0 0 0.25 0
10   35.07731200 -077.04726400 xxx 105.18    39 0.0 0.0    20 161161  1 0 0 0.25 0
10   35.07939900 -077.04231300 xxx 218.53    39 0.0 0.0    20 161161  1 0 0 0.25 0
10   35.07993300 -077.04320500 xxx 218.53    39 0.0 0.0    20 161161  1 0 0 0.25 0
10   35.07986500 -077.04309100 xxx 218.53    39 0.0 0.0    20 161161  1 0 0 0.25 0
10   35.07974200 -077.04287700 xxx 218.53    39 0.0 0.0    20 161161  1 0 0 0.25 0
10   35.07944900 -077.04266400 xxx 168.33    46 0.0 0.0    13 161161  1 0 0 0.25 0
10   35.07735800 -077.04723400 xxx 105.18    39 0.0 0.0    20 161161  1 0 0 0.25 0
10   35.07737700 -077.04736300 xxx  85.81    39 0.0 0.0    20 161161  1 0 0 0.25 0
10   35.07734700 -077.04746200 xxx  63.36    39 0.0 0.0    20 161161  1 0 0 0.25 0
10   35.07966200 -077.04276300 xxx 218.53    39 0.0 0.0    20 161161  1 0 0 0.25 0
10   35.07727100 -077.04727200 xxx  96.71    39 0.0 0.0    20 161161  1 0 0 0.25 0
10   35.07725100 -077.04737900 xxx  61.19    39 0.0 0.0    20 161161  1 0 0 0.25 0
10   35.07919300 -077.04299900 xxx 307.91    26 0.0 0.0    27 161161  1 0 0 0.25 0
10   35.07939100 -077.04287000 xxx 307.91    26 0.0 0.0    27 161161  1 0 0 0.25 0
10   35.07809100 -077.04548600 xxx 279.02    20 0.0 0.0    20 161161  1 0 0 0.25 0
10   35.07809100 -077.04552500 xxx  77.00    20 0.0 0.0    20 161161  1 0 0 0.25 0
10   35.07807900 -077.04544800 xxx 309.97    13 0.0 0.0    20 161161  1 0 0 0.25 0
10   35.07893800 -077.04334300 xxx 307.91    13 0.0 0.0    13 161161  1 0 0 0.25 0
14   35.07672900 -077.04354100  100 0 ATC Tower
15   35.07405100 -077.03942100  40.00 Air Cargo
15   35.07286500 -077.03908500 130.00 FEDEX
15   35.07675200 -077.04457100  40.00 General Aviation
15   35.07918500 -077.03514900 120.00 Terminal ARFF
18   35.07414200 -077.03887900 1 BCN
19   35.06586100 -077.04914900 1 WS
19   35.07919700 -077.03717800 1 WS
19   35.07768600 -077.04724900 1 WS
19   35.06964100 -077.03794100 1 WS
50 11852 ASOS
51 12425 CTAF
52 12052 CLNC DEL
52 12170 CLNC DEL
53 12170 GND
54 12425 NEW BERN TWR
55 11935 CHERRY POINT APP/DEP


130 Airport Boundary
111  035.06516266 -077.04703522
111  035.06521225 -077.04750061
111  035.06544113 -077.04828644
111  035.07704544 -077.04786682
111  035.07734680 -077.04746246
111  035.08001328 -077.04334259
111  035.07989883 -077.03890991
111  035.07910919 -077.03545380
111  035.07073212 -077.03704834
113  035.07028580 -077.03732300
99
