A
1000 Generated by Infinite Flight Airport Editing (World Parser)

1       16 0 0 CYCS Chesterfield Inlet
100   49.99   5   0 0.00 0 2 1 12   63.35024000 -090.74115300    0.00    0.00 0  0 0 0 30   63.34409400 -090.72099800    0.00    0.00 0  0 0 0
110   5 0.00 210.59 New Taxiway 3
111  63.34628667 -090.72822264 
111  63.34587550 -090.72896900 
111  63.34614612 -090.72987856 
111  63.34505648 -090.73181328 
111  63.34434542 -090.72943372 
111  63.34543654 -090.72758129 
111  63.34561531 -090.72813107 
113  63.34604481 -090.72745743 
130 Airport Boundary 4
111  63.35345372 -090.74032218 
111  63.34827090 -090.74792957 
111  63.34006682 -090.72171417 
113  63.34510226 -090.71427097 
14   63.34635104 -090.73084055   16 0 New Tower Viewpoint 5
15   63.34457857 -090.72953843   0.00 Chesterfield Inlet Ramp
18   63.34847118 -090.72910460 1 BCN
19   63.34532872 -090.72714875 0 New Windsock 4

99
