A
1000 Generated by Infinite Flight Airport Editing (World Parser)/AB

1      239 0 1 M19  NEWPORT MUNI
100   45.72   2   0 0.25 0 0 0 04   35.62996100 -091.18318300    0.00    0.00 2  0 0 0 22   35.63984400 -091.17148900    0.00    0.00 2  0 0 0
100   45.72   2   0 0.25 0 2 0 18   35.64741400 -091.17528600    0.00    0.00 2  0 0 1 36   35.63367500 -091.17558300    0.00    0.00 2  0 0 1
100   45.72   2   0 0.25 0 0 0 09   35.64645600 -091.19207200    0.00    0.00 2  0 0 0 27   35.64741400 -091.17528600    0.00    0.00 2  0 0 0
100   45.72   2   0 0.25 0 0 0 13   35.64666700 -091.18000000    0.00  411.48 2  0 0 0 31   35.64000000 -091.17083100    0.00    0.00 2  0 0 0
21   35.64560734 -091.17482820  2 181.01   3.00 18  PAPI-4L
21   35.63548166 -091.17604075  2   1.01   3.00 36  PAPI-4L
110   2 0.30 181.01 Default taxiway for RWY 18
111  35.64741757 -091.17553635  53 102 
111  35.64743568 -091.17680473  53 102 
111  35.63369668 -091.17710152  53 102 
111  35.63367857 -091.17583336 
112  35.63408995 -091.17582447  35.63388430 -091.17583168  53 102 
111  35.63388864 -091.17613537  53 102 
112  35.63389442 -091.17654030  35.63389876 -091.17684400  53 102 
111  35.63410445 -091.17683956  53 102 
111  35.64045972 -091.17670225  53 102 
111  35.64044522 -091.17568708 
111  35.64065092 -091.17568263  53 102 
111  35.64066542 -091.17669780  53 102 
112  35.64702069 -091.17656049  35.64722638 -091.17655606  53 102 
111  35.64722204 -091.17625231  53 102 
112  35.64721626 -091.17584732  35.64721192 -091.17554357  53 102 
113  35.64700619 -091.17554524 
110   2 0.30  43.88 Default taxiway for RWY 04
111  35.62981997 -091.18300255  53 
111  35.62910546 -091.18208833  53 
111  35.63898903 -091.17039565  53 
111  35.63970354 -091.17130998 
112  35.63940695 -091.17166084  35.63955368 -091.17148341  53 
111  35.63938257 -091.17126445  53 
112  35.63915443 -091.17097250  35.63898332 -091.17075354  53 
111  35.63883503 -091.17092898  53 
111  35.63426398 -091.17633673  53 
111  35.63483590 -091.17706855 
111  35.63468761 -091.17724398  53 
111  35.63411569 -091.17651216  53 
112  35.62954463 -091.18191991  35.62939634 -091.18209534  53 
111  35.62956745 -091.18231428  53 
112  35.62979559 -091.18260619  35.62996670 -091.18282512  53 
113  35.63011655 -091.18265169 
120 Default hold RWY 18 (near)
111  35.64742484 -091.17604537  54 
115  35.64721915 -091.17604981 
120 Default hold RWY 04 (near)
111  35.62953323 -091.18263567  54 
115  35.62968152 -091.18246023 
120 Default hold RWY 18 (centre)
111  35.64065819 -091.17619160  54 
115  35.64045249 -091.17619605 
120 Default hold RWY 04 (centre)
111  35.63440087 -091.17687707  54 
115  35.63454916 -091.17670164 
120 Default hold RWY 18 (far)
111  35.63389153 -091.17633784  54 
115  35.63368584 -091.17634229 
120 Default hold RWY 04 (far)
111  35.63926850 -091.17111848  54 
115  35.63941680 -091.17094305 
18   35.64052134 -091.17366278 1 BCN
19   35.63009219 -091.18408119 1 WS
19   35.64704279 -091.19263034 1 WS
19   35.64740130 -091.17987095 1 WS
19   35.64781454 -091.17451774 1 WS
19   35.63327446 -091.17635112 1 WS
19   35.64682713 -091.17472778 1 WS
19   35.63971273 -091.17059071 1 WS
19   35.63926571 -091.17096012 1 WS
50 11815 ASOS
51 12280 CTAF/UNICOM


130 Airport Boundary
111  035.62910461 -091.18209076
111  035.62995911 -091.18318176
111  035.64645767 -091.19207001
111  035.64743423 -091.17680359
111  035.64742661 -091.17604828
111  035.64741898 -091.17553711
111  035.64741516 -091.17528534
111  035.63999939 -091.17082977
111  035.63898849 -091.17039490
113  035.63367462 -091.17558289
99
