A
1000 Generated by Infinite Flight Airport Editing (World Parser)/AB

1       70 1 0 WMKK Kuala Lumpur Intl - Sepang
100   60.05   1   1 0.25 1 2 0 14R  02.74351100  101.69755300  152.40    0.00 3  1 0 1 32L  02.71313100  101.71789700  152.40    0.00 3  1 0 1
100   60.05   1   1 0.25 1 2 0 14L  02.77828100  101.70171900  152.40    0.00 3  1 0 1 32R  02.74738900  101.72248100  152.40    0.00 3  1 0 1
102 H1   02.76407800  101.70116600  56.00   23.77   23.77   1 0   0 0.25 0
21   02.77637390  101.70356531  2 146.13   3.00 14L PAPI-4L
21   02.74116981  101.69968472  2 146.22   3.00 14R PAPI-4L
21   02.71515444  101.71597816  2 326.22   3.00 32L PAPI-4L
21   02.75039681  101.71989503  2 326.13   3.00 32R PAPI-4L
10   02.76291000  101.71042300 xxx 342.70  1031 0.0 0.0   131 101101  1 0 0 0.25 0
10   02.75871700  101.71124200 xxx 236.07   842 0.0 0.0   131 101101  1 0 0 0.25 0
10   02.75959400  101.71256700 xxx  57.44   363 0.0 0.0   131 101101  1 0 0 0.25 0
10   02.75390200  101.71370200 xxx 146.31   663 0.0 0.0   131 101101  1 0 0 0.25 0
10   02.74880900  101.70720600 xxx 236.06  7874 0.0 0.0   131 101101  1 0 0 0.25 0
10   02.72867800  101.71131100 xxx 235.63  1163 0.0 0.0   131 101101  1 0 0 0.25 0
10   02.74712200  101.69846800 xxx 326.54   536 0.0 0.0   249 101101  1 0 0 0.25 0
10   02.73212600  101.70897900 xxx 236.01  1133 0.0 0.0   131 101101  1 0 0 0.25 0
10   02.72186600  101.71476900 xxx 236.64  1446 0.0 0.0   131 101101  1 0 0 0.25 0
10   02.77798000  101.70094400 xxx 235.63   772 0.0 0.0   131 101101  1 0 0 0.25 0
10   02.77555700  101.70272700 xxx 235.84   693 0.0 0.0   131 101101  1 0 0 0.25 0
10   02.74682700  101.69956000 xxx  56.00   798 0.0 0.0   131 101101  1 0 0 0.25 0
10   02.74746500  101.69845700 xxx 236.05   320 0.0 0.0   131 101101  1 0 0 0.25 0
10   02.76432600  101.70806900 xxx 146.12  3249 0.0 0.0    32 101101  1 0 0 0.25 0
10   02.76839600  101.70556600 xxx 353.59   277 0.0 0.0    32 101101  1 0 0 0.25 0
10   02.76894300  101.70580900 xxx  55.43   270 0.0 0.0    32 101101  1 0 0 0.25 0
10   02.77854700  101.69860700 xxx 342.27    69 0.0 0.0    32 101101  1 0 0 0.25 0
10   02.77913000  101.69881900 xxx  24.96   418 0.0 0.0    32 101101  1 0 0 0.25 0
10   02.78001600  101.70252200 xxx 121.01   738 0.0 0.0    32 101101  1 0 0 0.25 0
10   02.77744800  101.70443400 xxx 172.14   339 0.0 0.0    32 101101  1 0 0 0.25 0
10   02.77665800  101.70404000 xxx  55.64   455 0.0 0.0    32 101101  1 0 0 0.25 0
10   02.77487500  101.70594700 xxx 146.11  1909 0.0 0.0    32 101101  1 0 0 0.25 0
10   02.75497100  101.71887400 xxx 142.41   428 0.0 0.0    32 101101  1 0 0 0.25 0
10   02.75417100  101.71988500 xxx 117.26   547 0.0 0.0    32 101101  1 0 0 0.25 0
10   02.74994600  101.72315300 xxx 145.95  3371 0.0 0.0    32 101101  1 0 0 0.25 0
10   02.77870000  101.70387400 xxx 147.95   689 0.0 0.0    32 101101  1 0 0 0.25 0
10   02.78008900  101.70036500 xxx 251.12  1019 0.0 0.0    32 101101  1 0 0 0.25 0
10   02.77209400  101.70764000 xxx 158.32   486 0.0 0.0    32 101101  1 0 0 0.25 0
10   02.75333200  101.71987800 xxx 235.58   637 0.0 0.0    32 101101  1 0 0 0.25 0
10   02.76422600  101.71269000 xxx 326.24  6315 0.0 0.0    32 101101  1 0 0 0.25 0
10   02.74322000  101.72534900 xxx 326.18  1352 0.0 0.0    32 101101  1 0 0 0.25 0
10   02.74613600  101.72258400 xxx 146.07   481 0.0 0.0    32 101101  1 0 0 0.25 0
10   02.74538100  101.72330500 xxx 120.82   314 0.0 0.0    32 101101  1 0 0 0.25 0
10   02.74524200  101.72374700 xxx  55.98   104 0.0 0.0    32 101101  1 0 0 0.25 0
10   02.74488400  101.72418800 xxx 310.50   133 0.0 0.0    32 101101  1 0 0 0.25 0
10   02.74549800  101.72369100 xxx 323.87   451 0.0 0.0    32 101101  1 0 0 0.25 0
10   02.78140600  101.69975000 xxx 146.05  1066 0.0 0.0    32 101101  1 0 0 0.25 0
10   02.77988400  101.70068200 xxx 162.33   231 0.0 0.0    32 101101  1 0 0 0.25 0
10   02.77929400  101.70103800 xxx 140.64   322 0.0 0.0    32 101101  1 0 0 0.25 0
10   02.77867300  101.70065000 xxx 326.90   440 0.0 0.0    32 101101  1 0 0 0.25 0
10   02.77939600  101.70051300 xxx  49.92   238 0.0 0.0    32 101101  1 0 0 0.25 0
10   02.77210800  101.70286800 xxx 146.08  3595 0.0 0.0    32 101101  1 0 0 0.25 0
10   02.77733700  101.69937900 xxx 326.26   986 0.0 0.0    32 101101  1 0 0 0.25 0
10   02.77671700  101.70019500 xxx 183.48   415 0.0 0.0    32 101101  1 0 0 0.25 0
10   02.74843300  101.69829600 xxx 326.05   644 0.0 0.0    32 101101  1 0 0 0.25 0
10   02.73720800  101.69987600 xxx 137.77  1593 0.0 0.0    32 101101  1 0 0 0.25 0
10   02.72662800  101.70694500 xxx 148.09  7356 0.0 0.0    32 101101  1 0 0 0.25 0
10   02.70984200  101.71767600 xxx 139.74   340 0.0 0.0    32 101101  1 0 0 0.25 0
10   02.70944500  101.72007200 xxx  68.59   360 0.0 0.0    32 101101  1 0 0 0.25 0
10   02.71036500  101.72167300 xxx  51.90   416 0.0 0.0    32 101101  1 0 0 0.25 0
10   02.71425000  101.72507700 xxx  41.27  2275 0.0 0.0    32 101101  1 0 0 0.25 0
10   02.71777600  101.72715100 xxx 350.79   280 0.0 0.0    32 101101  1 0 0 0.25 0
10   02.71957600  101.72612500 xxx 296.92   265 0.0 0.0    32 101101  1 0 0 0.25 0
10   02.71981300  101.72551900 xxx 284.04   220 0.0 0.0    32 101101  1 0 0 0.25 0
10   02.71836500  101.72254000 xxx  55.96  1444 0.0 0.0    32 101101  1 0 0 0.25 0
10   02.71739000  101.72086300 xxx 326.49    91 0.0 0.0    32 101101  1 0 0 0.25 0
10   02.73538600  101.70147700 xxx 146.46   210 0.0 0.0    32 101101  1 0 0 0.25 0
10   02.71184400  101.71623200 xxx 145.03  1459 0.0 0.0    32 101101  1 0 0 0.25 0
10   02.71574900  101.71368500 xxx 147.97  1943 0.0 0.0    32 101101  1 0 0 0.25 0
10   02.70916800  101.71920200 xxx  77.08   302 0.0 0.0    32 101101  1 0 0 0.25 0
10   02.70928200  101.71840100 xxx 116.18   351 0.0 0.0    32 101101  1 0 0 0.25 0
10   02.70982300  101.72087200 xxx  61.98   297 0.0 0.0    32 101101  1 0 0 0.25 0
10   02.71129700  101.72256800 xxx  37.96   542 0.0 0.0    32 101101  1 0 0 0.25 0
10   02.71968000  101.72470900 xxx  68.94   422 0.0 0.0    32 101101  1 0 0 0.25 0
10   02.71846900  101.72699200 xxx 162.27   239 0.0 0.0    32 101101  1 0 0 0.25 0
10   02.71699500  101.72716400 xxx   6.56   302 0.0 0.0    32 101101  1 0 0 0.25 0
10   02.71909400  101.72667500 xxx 144.22   289 0.0 0.0    32 101101  1 0 0 0.25 0
10   02.74794600  101.69559700 xxx  55.82  1606 0.0 0.0    32 101101  1 0 0 0.25 0
10   02.74644600  101.69364300 xxx 208.02   218 0.0 0.0    32 101101  1 0 0 0.25 0
10   02.74591400  101.69361400 xxx 341.07   223 0.0 0.0    32 101101  1 0 0 0.25 0
10   02.74219700  101.69606900 xxx 145.26  3026 0.0 0.0    32 101101  1 0 0 0.25 0
10   02.74917100  101.69761400 xxx  95.29   162 0.0 0.0    32 101101  1 0 0 0.25 0
10   02.71238600  101.71888000 xxx 145.14   341 0.0 0.0    32 101101  1 0 0 0.25 0
10   02.71175600  101.71920200 xxx 165.78   199 0.0 0.0    32 101101  1 0 0 0.25 0
10   02.70964000  101.72048800 xxx 146.18  1612 0.0 0.0    32 101101  1 0 0 0.25 0
10   02.74709700  101.69553600 xxx 145.99  1699 0.0 0.0    32 101101  1 0 0 0.25 0
10   02.74499200  101.69703500 xxx 129.48   197 0.0 0.0    32 101101  1 0 0 0.25 0
10   02.74439100  101.69750000 xxx 148.55   381 0.0 0.0    32 101101  1 0 0 0.25 0
10   02.71035800  101.71907600 xxx  55.69  1009 0.0 0.0    32 101101  1 0 0 0.25 0
10   02.71149800  101.72029900 xxx  13.94   276 0.0 0.0    32 101101  1 0 0 0.25 0
10   02.71292100  101.71968100 xxx 326.61   943 0.0 0.0    32 101101  1 0 0 0.25 0
10   02.74525600  101.72586400 xxx 171.15   632 0.0 0.0    32 101101  1 0 0 0.25 0
10   02.74365100  101.72647800 xxx 147.01   657 0.0 0.0    32 101101  1 0 0 0.25 0
10   02.74246400  101.72691600 xxx 185.86   327 0.0 0.0    32 101101  1 0 0 0.25 0
10   02.74184500  101.72665600 xxx 228.95   220 0.0 0.0    32 101101  1 0 0 0.25 0
10   02.74146500  101.72607400 xxx 242.59   301 0.0 0.0    32 101101  1 0 0 0.25 0
10   02.74074300  101.72492800 xxx 235.89   690 0.0 0.0    32 101101  1 0 0 0.25 0
10   02.75185200  101.71772700 xxx  56.16  1075 0.0 0.0   131 101101  1 0 0 0.25 0
10   02.74909500  101.71890900 xxx  55.80   744 0.0 0.0   131 101101  1 0 0 0.25 0
10   02.76621200  101.70893700 xxx  98.09   244 0.0 0.0   131 101101  1 0 0 0.25 0
10   02.76600100  101.70844900 xxx 236.02   326 0.0 0.0   131 101101  1 0 0 0.25 0
10   02.76892300  101.70763000 xxx 119.01   805 0.0 0.0   131 101101  1 0 0 0.25 0
10   02.76578400  101.70985900 xxx 301.48   571 0.0 0.0   131 101101  1 0 0 0.25 0
10   02.76117000  101.71271200 xxx 349.03  1087 0.0 0.0   131 101101  1 0 0 0.25 0
10   02.75676000  101.71575600 xxx 350.66   889 0.0 0.0   131 101101  1 0 0 0.25 0
10   02.71537100  101.72115000 xxx  55.81  2617 0.0 0.0   131 101101  1 0 0 0.25 0
10   02.71683500  101.71755300 xxx  55.79  1138 0.0 0.0   131 101101  1 0 0 0.25 0
10   02.72549700  101.71059400 xxx 117.48  1008 0.0 0.0   131 101101  1 0 0 0.25 0
10   02.72996100  101.70765200 xxx 178.69   966 0.0 0.0   131 101101  1 0 0 0.25 0
10   02.73399800  101.70501700 xxx 173.77   883 0.0 0.0   131 101101  1 0 0 0.25 0
10   02.74921000  101.70691500 xxx 146.39   796 0.0 0.0   131 101101  1 0 0 0.25 0
10   02.75621500  101.71800200 xxx 146.24   684 0.0 0.0    32 101101  1 0 0 0.25 0
10   02.75494500  101.71234300 xxx  56.03   534 0.0 0.0   564 101101  1 0 0 0.25 0
10   02.75390200  101.71207700 xxx  55.96   844 0.0 0.0    32 101101  1 0 0 0.25 0
10   02.75598700  101.71364300 xxx 149.77   484 0.0 0.0    32 101101  1 0 0 0.25 0
10   02.75530700  101.71398300 xxx 174.90    86 0.0 0.0    32 101101  1 0 0 0.25 0
10   02.75864600  101.71185500 xxx 325.95   106 0.0 0.0    32 101101  1 0 0 0.25 0
10   02.75908100  101.71158000 xxx 325.90   108 0.0 0.0    32 101101  1 0 0 0.25 0
10   02.75763300  101.71260600 xxx 146.11  1136 0.0 0.0    32 101101  1 0 0 0.25 0
10   02.75492500  101.71356500 xxx  55.99   393 0.0 0.0    32 101101  1 0 0 0.25 0
10   02.75347200  101.71445800 xxx 146.23   120 0.0 0.0    32 101101  1 0 0 0.25 0
10   02.75407500  101.71405600 xxx 146.29   246 0.0 0.0    32 101101  1 0 0 0.25 0
10   02.75455400  101.71374000 xxx 326.30   295 0.0 0.0    32 101101  1 0 0 0.25 0
10   02.74694200  101.70170000 xxx  55.92   800 0.0 0.0    32 101101  1 0 0 0.25 0
10   02.74499200  101.69937400 xxx 235.88  1421 0.0 0.0    32 101101  1 0 0 0.25 0
10   02.74051400  101.71392400 xxx 325.96  1261 0.0 0.0   131 101101  1 0 0 0.25 0
10   02.74710500  101.70981000 xxx 145.73   207 0.0 0.0   131 101101  2 0 0 0.25 0
10   02.74372100  101.69771700 xxx 146.15   213 0.0 0.0   197 101101  1 0 0 0.25 0
10   02.74695900  101.72291500 xxx 146.15   805 0.0 0.0   197 101101  1 0 0 0.25 0
10   02.75711000  101.71186400 xxx 146.14  1099 0.0 0.0   639 101101  1 0 0 0.25 0
10   02.75038000  101.70271600 xxx 146.14  1697 0.0 0.0  2894 101101  1 0 0 0.25 0
10   02.72704700  101.71639700 xxx 146.14  3546 0.0 0.0  1766 101101  1 0 0 0.25 0
10   02.71292100  101.71826200 xxx 146.15   334 0.0 0.0   197 101101  1 0 0 0.25 0
10   02.71786800  101.72457600 xxx 146.14   647 0.0 0.0   587 101101  1 0 0 0.25 0
10   02.71884000  101.72154000 xxx 146.14   553 0.0 0.0  2175 101101  1 0 0 0.25 0
10   02.73720600  101.71672300 xxx 146.14  1929 0.0 0.0  5953 101101  1 0 0 0.25 0
10   02.73191300  101.71326900 xxx 146.14   948 0.0 0.0  1700 101101  1 0 0 0.25 0
10   02.74777700  101.71393400 xxx 146.14  3194 0.0 0.0  3129 101101  1 0 0 0.25 0
10   02.75753900  101.70399400 xxx 146.14   713 0.0 0.0   614 101101  1 0 0 0.25 0
10   02.75539100  101.70430300 xxx 146.14  1000 0.0 0.0  3171 101101  1 0 0 0.25 0
10   02.74730800  101.69903300 xxx 146.14   458 0.0 0.0   344 101101  1 0 0 0.25 0
10   02.77892600  101.70159400 xxx 146.15   226 0.0 0.0   197 101101  1 0 0 0.25 0
10   02.75790700  101.71068500 xxx 146.14    67 0.0 0.0    40 101101  1 0 0 0.25 0
10   02.72924200  101.70888500 xxx 326.19 13364 0.0 0.0   131 101101  1 0 0 0.25 0
10   02.73408300  101.70897900 xxx 326.19 13863 0.0 0.0   131 101101  1 0 0 0.25 0
10   02.76129200  101.71197500 xxx 326.19 14407 0.0 0.0   131 101101  1 0 0 0.25 0
10   02.76097200  101.71121800 xxx 326.19 14407 0.0 0.0   131 101101  1 0 0 0.25 0
10   02.72994200  101.70998200 xxx 326.19 13364 0.0 0.0   131 101101  1 0 0 0.25 0
10   02.74974100  101.70744800 xxx 236.06  8287 0.0 0.0   131 101101  1 0 0 0.25 0
10   02.75443400  101.70876400 xxx 146.14  1707 0.0 0.0  2546 101101  1 0 0 0.25 0
10   02.74175800  101.71292300 xxx 236.06  8294 0.0 0.0   131 101101  1 0 0 0.25 0
10   02.73883500  101.71415900 xxx 236.06  7874 0.0 0.0   131 101101  1 0 0 0.25 0
10   02.74167900  101.71569700 xxx 325.96  1261 0.0 0.0   131 101101  1 0 0 0.25 0
10   02.74363600  101.71858900 xxx 325.96  1261 0.0 0.0   131 101101  1 0 0 0.25 0
10   02.74501100  101.72026600 xxx 325.96  1261 0.0 0.0   131 101101  1 0 0 0.25 0
10   02.75085900  101.70958500 xxx 325.96  1261 0.0 0.0   131 101101  1 0 0 0.25 0
10   02.75267700  101.71233800 xxx 325.96  1261 0.0 0.0   131 101101  1 0 0 0.25 0
10   02.74992700  101.70827900 xxx 325.96  1261 0.0 0.0   131 101101  1 0 0 0.25 0
10   02.74377500  101.70800800 xxx 146.14  3194 0.0 0.0  3129 101101  1 0 0 0.25 0
10   02.73916300  101.70417300 xxx 235.63  1163 0.0 0.0   131 101101  1 0 0 0.25 0
10   02.74153900  101.70165400 xxx 235.63  1438 0.0 0.0   131 101101  1 0 0 0.25 0
10   02.75958500  101.71083600 xxx 146.14   953 0.0 0.0   316 101101  1 0 0 0.25 0
10   02.76955900  101.70675900 xxx 235.84   693 0.0 0.0   131 101101  1 0 0 0.25 0
10   02.75659100  101.71392400 xxx 235.84   693 0.0 0.0   131 101101  1 0 0 0.25 0
10   02.74652600  101.72194800 xxx 235.84   693 0.0 0.0   131 101101  1 0 0 0.25 0
10   02.72192100  101.71294400 xxx 117.48  1008 0.0 0.0   131 101101  1 0 0 0.25 0
10   02.75569500  101.71273600 xxx 236.00   641 0.0 0.0   131 101101  1 0 0 0.25 0
10   02.72578100  101.71289100 xxx 236.64  1098 0.0 0.0   131 101101  1 0 0 0.25 0
10   02.71635400  101.71635400 xxx 281.64   304 0.0 0.0   118 101101  1 0 0 0.25 0
10   02.71589500  101.71665700 xxx   8.64   304 0.0 0.0   118 101101  1 0 0 0.25 0
10   02.71656700  101.71616000 xxx 308.64   350 0.0 0.0    79 101101  1 0 0 0.25 0
10   02.71561600  101.71679900 xxx 345.84   350 0.0 0.0    79 101101  1 0 0 0.25 0
10   02.71697900  101.71729200 xxx 281.64   304 0.0 0.0   118 101101  1 0 0 0.25 0
10   02.71652000  101.71759500 xxx   8.64   304 0.0 0.0   118 101101  1 0 0 0.25 0
10   02.71719200  101.71709800 xxx 308.64   350 0.0 0.0    79 101101  1 0 0 0.25 0
10   02.71624100  101.71773700 xxx 345.84   350 0.0 0.0    79 101101  1 0 0 0.25 0
10   02.71773600  101.71835300 xxx 281.64   304 0.0 0.0   118 101101  1 0 0 0.25 0
10   02.71727700  101.71865600 xxx   8.64   304 0.0 0.0   118 101101  1 0 0 0.25 0
10   02.71794900  101.71815900 xxx 308.64   350 0.0 0.0    79 101101  1 0 0 0.25 0
10   02.71699800  101.71879800 xxx 345.84   350 0.0 0.0    79 101101  1 0 0 0.25 0
10   02.71700700  101.71832400 xxx 101.64   304 0.0 0.0   118 101101  1 0 0 0.25 0
10   02.71746600  101.71802100 xxx 188.64   304 0.0 0.0   118 101101  1 0 0 0.25 0
10   02.71679400  101.71851900 xxx 128.64   350 0.0 0.0    79 101101  1 0 0 0.25 0
10   02.71774500  101.71787900 xxx 165.84   350 0.0 0.0    79 101101  1 0 0 0.25 0
10   02.72108500  101.71315700 xxx 281.64   304 0.0 0.0   118 101101  1 0 0 0.25 0
10   02.72062600  101.71346000 xxx   8.64   304 0.0 0.0   118 101101  1 0 0 0.25 0
10   02.72129800  101.71296300 xxx 308.64   350 0.0 0.0    79 101101  1 0 0 0.25 0
10   02.72034700  101.71360200 xxx 345.84   350 0.0 0.0    79 101101  1 0 0 0.25 0
10   02.72179000  101.71411900 xxx 281.64   304 0.0 0.0   118 101101  1 0 0 0.25 0
10   02.72133100  101.71442200 xxx   8.64   304 0.0 0.0   118 101101  1 0 0 0.25 0
10   02.72200300  101.71392400 xxx 308.64   350 0.0 0.0    79 101101  1 0 0 0.25 0
10   02.72105200  101.71456400 xxx 345.84   350 0.0 0.0    79 101101  1 0 0 0.25 0
10   02.72251400  101.71522700 xxx 281.64   304 0.0 0.0   118 101101  1 0 0 0.25 0
10   02.72205500  101.71553000 xxx   8.64   304 0.0 0.0   118 101101  1 0 0 0.25 0
10   02.72272700  101.71503300 xxx 308.64   350 0.0 0.0    79 101101  1 0 0 0.25 0
10   02.72177600  101.71567200 xxx 345.84   350 0.0 0.0    79 101101  1 0 0 0.25 0
10   02.72177600  101.71745800 xxx   8.64   304 0.0 0.0   118 101101  1 0 0 0.25 0
10   02.72149700  101.71760000 xxx 345.84   350 0.0 0.0    79 101101  1 0 0 0.25 0
10   02.72612400  101.71280700 xxx 281.64   304 0.0 0.0   118 101101  1 0 0 0.25 0
10   02.72566500  101.71311000 xxx   8.64   304 0.0 0.0   118 101101  1 0 0 0.25 0
10   02.72633700  101.71261200 xxx 308.64   350 0.0 0.0    79 101101  1 0 0 0.25 0
10   02.72538600  101.71325200 xxx 345.84   350 0.0 0.0    79 101101  1 0 0 0.25 0
10   02.72533900  101.71176000 xxx 281.64   304 0.0 0.0   118 101101  1 0 0 0.25 0
10   02.72488000  101.71206300 xxx   8.64   304 0.0 0.0   118 101101  1 0 0 0.25 0
10   02.72555200  101.71156600 xxx 308.64   350 0.0 0.0    79 101101  1 0 0 0.25 0
10   02.72460100  101.71220500 xxx 345.84   350 0.0 0.0    79 101101  1 0 0 0.25 0
10   02.72879000  101.71105000 xxx 281.64   304 0.0 0.0   118 101101  1 0 0 0.25 0
10   02.72833600  101.71135300 xxx   8.64   304 0.0 0.0   118 101101  1 0 0 0.25 0
10   02.72900400  101.71085500 xxx 308.64   350 0.0 0.0    79 101101  1 0 0 0.25 0
10   02.72805900  101.71149800 xxx 345.84   350 0.0 0.0    79 101101  1 0 0 0.25 0
10   02.72804700  101.70997200 xxx 281.64   304 0.0 0.0   118 101101  1 0 0 0.25 0
10   02.72758700  101.71027500 xxx   8.64   304 0.0 0.0   118 101101  1 0 0 0.25 0
10   02.72826100  101.70977700 xxx 308.64   350 0.0 0.0    79 101101  1 0 0 0.25 0
10   02.72731000  101.71042000 xxx 345.84   350 0.0 0.0    79 101101  1 0 0 0.25 0
10   02.73227800  101.70872400 xxx 281.64   304 0.0 0.0   118 101101  1 0 0 0.25 0
10   02.73181900  101.70902700 xxx   8.64   304 0.0 0.0   118 101101  1 0 0 0.25 0
10   02.73249300  101.70852900 xxx 308.64   350 0.0 0.0    79 101101  1 0 0 0.25 0
10   02.73154200  101.70917200 xxx 345.84   350 0.0 0.0    79 101101  1 0 0 0.25 0
10   02.73152300  101.70764000 xxx 281.64   304 0.0 0.0   118 101101  1 0 0 0.25 0
10   02.73106300  101.70793600 xxx   8.64   304 0.0 0.0   118 101101  1 0 0 0.25 0
10   02.73173700  101.70744400 xxx 308.64   350 0.0 0.0    79 101101  1 0 0 0.25 0
10   02.73078600  101.70808100 xxx 345.84   350 0.0 0.0    79 101101  1 0 0 0.25 0
10   02.73532600  101.70843500 xxx 281.64   304 0.0 0.0   118 101101  1 0 0 0.25 0
10   02.73553900  101.70824100 xxx 308.64   350 0.0 0.0    79 101101  1 0 0 0.25 0
10   02.73451200  101.70724100 xxx 281.64   304 0.0 0.0   118 101101  1 0 0 0.25 0
10   02.73405300  101.70754400 xxx   8.64   304 0.0 0.0   118 101101  1 0 0 0.25 0
10   02.73472500  101.70704700 xxx 308.64   350 0.0 0.0    79 101101  1 0 0 0.25 0
10   02.73377400  101.70768600 xxx 345.84   350 0.0 0.0    79 101101  1 0 0 0.25 0
10   02.73374100  101.70619000 xxx 281.64   304 0.0 0.0   118 101101  1 0 0 0.25 0
10   02.73328200  101.70649300 xxx   8.64   304 0.0 0.0   118 101101  1 0 0 0.25 0
10   02.73395400  101.70599500 xxx 308.64   350 0.0 0.0    79 101101  1 0 0 0.25 0
10   02.73300300  101.70663500 xxx 345.84   350 0.0 0.0    79 101101  1 0 0 0.25 0
10   02.73308300  101.70515700 xxx 281.64   304 0.0 0.0   118 101101  1 0 0 0.25 0
10   02.73262400  101.70546000 xxx   8.64   304 0.0 0.0   118 101101  1 0 0 0.25 0
10   02.73366400  101.70474800 xxx 308.64   350 0.0 0.0    79 101101  1 0 0 0.25 0
10   02.73234500  101.70560200 xxx 345.84   350 0.0 0.0    79 101101  1 0 0 0.25 0
10   02.73567600  101.70346100 xxx 281.64   304 0.0 0.0   118 101101  1 0 0 0.25 0
10   02.73521700  101.70376500 xxx   8.64   304 0.0 0.0   118 101101  1 0 0 0.25 0
10   02.73588900  101.70326700 xxx 308.64   350 0.0 0.0    79 101101  1 0 0 0.25 0
10   02.73493800  101.70390700 xxx 345.84   350 0.0 0.0    79 101101  1 0 0 0.25 0
10   02.73630500  101.70444200 xxx 281.64   304 0.0 0.0   118 101101  1 0 0 0.25 0
10   02.73584600  101.70474500 xxx   8.64   304 0.0 0.0   118 101101  1 0 0 0.25 0
10   02.73651800  101.70424800 xxx 308.64   350 0.0 0.0    79 101101  1 0 0 0.25 0
10   02.73556700  101.70488700 xxx 345.84   350 0.0 0.0    79 101101  1 0 0 0.25 0
10   02.73706700  101.70553100 xxx 281.64   304 0.0 0.0   118 101101  1 0 0 0.25 0
10   02.73660800  101.70583400 xxx   8.64   304 0.0 0.0   118 101101  1 0 0 0.25 0
10   02.73728000  101.70533700 xxx 308.64   350 0.0 0.0    79 101101  1 0 0 0.25 0
10   02.73632900  101.70597700 xxx 345.84   350 0.0 0.0    79 101101  1 0 0 0.25 0
10   02.73781900  101.70677700 xxx 281.64   304 0.0 0.0   118 101101  1 0 0 0.25 0
10   02.73736000  101.70708000 xxx   8.64   304 0.0 0.0   118 101101  1 0 0 0.25 0
10   02.73803200  101.70658300 xxx 308.64   350 0.0 0.0    79 101101  1 0 0 0.25 0
10   02.73708100  101.70722200 xxx 345.84   350 0.0 0.0    79 101101  1 0 0 0.25 0
10   02.73938500  101.70398700 xxx 281.64   304 0.0 0.0   118 101101  1 0 0 0.25 0
10   02.73892600  101.70429000 xxx   8.64   304 0.0 0.0   118 101101  1 0 0 0.25 0
10   02.73959800  101.70379300 xxx 308.64   350 0.0 0.0    79 101101  1 0 0 0.25 0
10   02.73864700  101.70443200 xxx 345.84   350 0.0 0.0    79 101101  1 0 0 0.25 0
10   02.73864700  101.70290300 xxx 281.64   304 0.0 0.0   118 101101  1 0 0 0.25 0
10   02.73818800  101.70320600 xxx   8.64   304 0.0 0.0   118 101101  1 0 0 0.25 0
10   02.73886000  101.70270800 xxx 308.64   350 0.0 0.0    79 101101  1 0 0 0.25 0
10   02.73790900  101.70334800 xxx 345.84   350 0.0 0.0    79 101101  1 0 0 0.25 0
10   02.74218400  101.70212300 xxx 281.64   304 0.0 0.0   118 101101  1 0 0 0.25 0
10   02.74172400  101.70242600 xxx   8.64   304 0.0 0.0   118 101101  1 0 0 0.25 0
10   02.74239800  101.70192800 xxx 308.64   350 0.0 0.0    79 101101  1 0 0 0.25 0
10   02.74144700  101.70257100 xxx 345.84   350 0.0 0.0    79 101101  1 0 0 0.25 0
10   02.74146000  101.70103300 xxx 281.64   304 0.0 0.0   118 101101  1 0 0 0.25 0
10   02.74100000  101.70133500 xxx   8.64   304 0.0 0.0   118 101101  1 0 0 0.25 0
10   02.74167400  101.70083700 xxx 308.64   350 0.0 0.0    79 101101  1 0 0 0.25 0
10   02.74072300  101.70148000 xxx 345.84   350 0.0 0.0    79 101101  1 0 0 0.25 0
10   02.74077300  101.70008100 xxx 281.64   304 0.0 0.0   118 101101  1 0 0 0.25 0
10   02.74031400  101.70038300 xxx   8.64   304 0.0 0.0   118 101101  1 0 0 0.25 0
10   02.74098700  101.69988500 xxx 308.64   350 0.0 0.0    79 101101  1 0 0 0.25 0
10   02.74003600  101.70052800 xxx 345.84   350 0.0 0.0    79 101101  1 0 0 0.25 0
10   02.74316600  101.69846100 xxx 281.64   304 0.0 0.0   118 101101  1 0 0 0.25 0
10   02.74270600  101.69876300 xxx   8.64   304 0.0 0.0   118 101101  1 0 0 0.25 0
10   02.74338000  101.69826500 xxx 308.64   350 0.0 0.0    79 101101  1 0 0 0.25 0
10   02.74242900  101.69890800 xxx 345.84   350 0.0 0.0    79 101101  1 0 0 0.25 0
10   02.74384000  101.69943800 xxx 281.64   304 0.0 0.0   118 101101  1 0 0 0.25 0
10   02.74338000  101.69974000 xxx   8.64   304 0.0 0.0   118 101101  1 0 0 0.25 0
10   02.74405400  101.69924200 xxx 308.64   350 0.0 0.0    79 101101  1 0 0 0.25 0
10   02.74310300  101.69988500 xxx 345.84   350 0.0 0.0    79 101101  1 0 0 0.25 0
10   02.74455800  101.70053500 xxx 281.64   304 0.0 0.0   118 101101  1 0 0 0.25 0
10   02.74409800  101.70083700 xxx   8.64   304 0.0 0.0   118 101101  1 0 0 0.25 0
10   02.74477200  101.70033900 xxx 308.64   350 0.0 0.0    79 101101  1 0 0 0.25 0
10   02.74382100  101.70098200 xxx 345.84   350 0.0 0.0    79 101101  1 0 0 0.25 0
10   02.74598700  101.70141100 xxx 281.64   304 0.0 0.0   118 101101  1 0 0 0.25 0
10   02.74552800  101.70171400 xxx   8.64   304 0.0 0.0   118 101101  1 0 0 0.25 0
10   02.74620100  101.70121600 xxx 308.64   350 0.0 0.0    79 101101  1 0 0 0.25 0
10   02.74511800  101.70186500 xxx 345.84   462 0.0 0.0    79 101101  1 0 0 0.25 0
10   02.77583000  101.70257500 xxx 281.64   304 0.0 0.0   118 101101  1 0 0 0.25 0
10   02.77537200  101.70288300 xxx   8.64   304 0.0 0.0   118 101101  1 0 0 0.25 0
10   02.77604300  101.70238300 xxx 308.64   350 0.0 0.0    79 101101  1 0 0 0.25 0
10   02.77509100  101.70302300 xxx 345.84   350 0.0 0.0    79 101101  1 0 0 0.25 0
10   02.77535600  101.70192400 xxx 281.64   304 0.0 0.0   118 101101  1 0 0 0.25 0
10   02.77489800  101.70223100 xxx   8.64   304 0.0 0.0   118 101101  1 0 0 0.25 0
10   02.77557000  101.70173100 xxx 308.64   350 0.0 0.0    79 101101  1 0 0 0.25 0
10   02.77461700  101.70237200 xxx 345.84   350 0.0 0.0    79 101101  1 0 0 0.25 0
10   02.77735500  101.70060100 xxx   8.64   304 0.0 0.0   118 101101  1 0 0 0.25 0
10   02.77707400  101.70074100 xxx 345.84   350 0.0 0.0    79 101101  1 0 0 0.25 0
10   02.77778700  101.70127300 xxx   8.64   304 0.0 0.0   118 101101  1 0 0 0.25 0
10   02.77750500  101.70141300 xxx 345.84   350 0.0 0.0    79 101101  1 0 0 0.25 0
10   02.76981400  101.70658200 xxx 281.64   304 0.0 0.0   118 101101  1 0 0 0.25 0
10   02.76935600  101.70688900 xxx   8.64   304 0.0 0.0   118 101101  1 0 0 0.25 0
10   02.77002700  101.70638900 xxx 308.64   350 0.0 0.0    79 101101  1 0 0 0.25 0
10   02.76907500  101.70703000 xxx 345.84   350 0.0 0.0    79 101101  1 0 0 0.25 0
10   02.76935100  101.70591500 xxx 281.64   304 0.0 0.0   118 101101  1 0 0 0.25 0
10   02.76889300  101.70622200 xxx   8.64   304 0.0 0.0   118 101101  1 0 0 0.25 0
10   02.76956400  101.70572200 xxx 308.64   350 0.0 0.0    79 101101  1 0 0 0.25 0
10   02.76861200  101.70636300 xxx 345.84   350 0.0 0.0    79 101101  1 0 0 0.25 0
10   02.76611300  101.70809300 xxx 281.64   304 0.0 0.0   118 101101  1 0 0 0.25 0
10   02.76565600  101.70840000 xxx   8.64   304 0.0 0.0   118 101101  1 0 0 0.25 0
10   02.76632700  101.70790000 xxx 308.64   350 0.0 0.0    79 101101  1 0 0 0.25 0
10   02.76537500  101.70854100 xxx 345.84   350 0.0 0.0    79 101101  1 0 0 0.25 0
10   02.75923400  101.71158900 xxx 281.64   304 0.0 0.0   118 101101  1 0 0 0.25 0
10   02.75877600  101.71189600 xxx   8.64   304 0.0 0.0   118 101101  1 0 0 0.25 0
10   02.75944700  101.71139600 xxx 308.64   350 0.0 0.0    79 101101  1 0 0 0.25 0
10   02.75849500  101.71203700 xxx 345.84   350 0.0 0.0    79 101101  1 0 0 0.25 0
10   02.75975400  101.71233400 xxx 281.64   304 0.0 0.0   118 101101  1 0 0 0.25 0
10   02.75929600  101.71264100 xxx   8.64   304 0.0 0.0   118 101101  1 0 0 0.25 0
10   02.75996700  101.71214100 xxx 308.64   350 0.0 0.0    79 101101  1 0 0 0.25 0
10   02.75901500  101.71278200 xxx 345.84   350 0.0 0.0    79 101101  1 0 0 0.25 0
10   02.75661100  101.71339700 xxx 281.64   304 0.0 0.0   118 101101  1 0 0 0.25 0
10   02.75682400  101.71320400 xxx 308.64   350 0.0 0.0    79 101101  1 0 0 0.25 0
10   02.75704800  101.71411600 xxx 281.64   304 0.0 0.0   118 101101  1 0 0 0.25 0
10   02.75659000  101.71442300 xxx   8.64   304 0.0 0.0   118 101101  1 0 0 0.25 0
10   02.75726100  101.71392300 xxx 308.64   350 0.0 0.0    79 101101  1 0 0 0.25 0
10   02.75630900  101.71456400 xxx 345.84   350 0.0 0.0    79 101101  1 0 0 0.25 0
10   02.75535100  101.71524100 xxx 281.64   304 0.0 0.0   118 101101  1 0 0 0.25 0
10   02.75489300  101.71554800 xxx   8.64   304 0.0 0.0   118 101101  1 0 0 0.25 0
10   02.75556500  101.71504800 xxx 308.64   350 0.0 0.0    79 101101  1 0 0 0.25 0
10   02.75461200  101.71568900 xxx 345.84   350 0.0 0.0    79 101101  1 0 0 0.25 0
10   02.75578300  101.71594400 xxx 281.64   304 0.0 0.0   118 101101  1 0 0 0.25 0
10   02.75532500  101.71625200 xxx   8.64   304 0.0 0.0   118 101101  1 0 0 0.25 0
10   02.75599700  101.71575200 xxx 308.64   350 0.0 0.0    79 101101  1 0 0 0.25 0
10   02.75504400  101.71639200 xxx 345.84   350 0.0 0.0    79 101101  1 0 0 0.25 0
10   02.75249400  101.71813300 xxx 281.64   304 0.0 0.0   118 101101  1 0 0 0.25 0
10   02.75203600  101.71844000 xxx   8.64   304 0.0 0.0   118 101101  1 0 0 0.25 0
10   02.75270700  101.71794000 xxx 308.64   350 0.0 0.0    79 101101  1 0 0 0.25 0
10   02.75175500  101.71858100 xxx 345.84   350 0.0 0.0    79 101101  1 0 0 0.25 0
10   02.75197900  101.71748700 xxx 281.64   304 0.0 0.0   118 101101  1 0 0 0.25 0
10   02.75152100  101.71779400 xxx   8.64   304 0.0 0.0   118 101101  1 0 0 0.25 0
10   02.75219200  101.71729400 xxx 308.64   350 0.0 0.0    79 101101  1 0 0 0.25 0
10   02.75124000  101.71793500 xxx 345.84   350 0.0 0.0    79 101101  1 0 0 0.25 0
10   02.75147400  101.71668900 xxx 281.64   304 0.0 0.0   118 101101  1 0 0 0.25 0
10   02.75101600  101.71699700 xxx   8.64   304 0.0 0.0   118 101101  1 0 0 0.25 0
10   02.75168700  101.71649700 xxx 308.64   350 0.0 0.0    79 101101  1 0 0 0.25 0
10   02.75073500  101.71713800 xxx 345.84   350 0.0 0.0    79 101101  1 0 0 0.25 0
10   02.74905400  101.71830500 xxx 281.64   304 0.0 0.0   118 101101  1 0 0 0.25 0
10   02.74859600  101.71861200 xxx   8.64   304 0.0 0.0   118 101101  1 0 0 0.25 0
10   02.74926800  101.71811200 xxx 308.64   350 0.0 0.0    79 101101  1 0 0 0.25 0
10   02.74831500  101.71875300 xxx 345.84   350 0.0 0.0    79 101101  1 0 0 0.25 0
10   02.74953800  101.71911200 xxx 281.64   304 0.0 0.0   118 101101  1 0 0 0.25 0
10   02.74908000  101.71942000 xxx   8.64   304 0.0 0.0   118 101101  1 0 0 0.25 0
10   02.74975100  101.71891900 xxx 308.64   350 0.0 0.0    79 101101  1 0 0 0.25 0
10   02.74879900  101.71956000 xxx 345.84   350 0.0 0.0    79 101101  1 0 0 0.25 0
10   02.74677500  101.71981600 xxx 281.64   304 0.0 0.0   118 101101  1 0 0 0.25 0
10   02.74698800  101.71962300 xxx 308.64   350 0.0 0.0    79 101101  1 0 0 0.25 0
10   02.74730000  101.72059200 xxx 281.64   304 0.0 0.0   118 101101  1 0 0 0.25 0
10   02.74684200  101.72089900 xxx   8.64   304 0.0 0.0   118 101101  1 0 0 0.25 0
10   02.74751400  101.72039900 xxx 308.64   350 0.0 0.0    79 101101  1 0 0 0.25 0
10   02.74656100  101.72104000 xxx 345.84   350 0.0 0.0    79 101101  1 0 0 0.25 0
10   02.74772700  101.72129500 xxx 281.64   304 0.0 0.0   118 101101  1 0 0 0.25 0
10   02.74726900  101.72160300 xxx   8.64   304 0.0 0.0   118 101101  1 0 0 0.25 0
10   02.74794000  101.72110200 xxx 308.64   350 0.0 0.0    79 101101  1 0 0 0.25 0
10   02.74698800  101.72174300 xxx 345.84   350 0.0 0.0    79 101101  1 0 0 0.25 0
10   02.74633200  101.72125400 xxx 281.64   304 0.0 0.0   118 101101  1 0 0 0.25 0
10   02.74587400  101.72156100 xxx   8.64   304 0.0 0.0   118 101101  1 0 0 0.25 0
10   02.74654600  101.72106100 xxx 308.64   350 0.0 0.0    79 101101  1 0 0 0.25 0
10   02.74559300  101.72170200 xxx 345.84   350 0.0 0.0    79 101101  1 0 0 0.25 0
10   02.74676900  101.72192000 xxx 281.64   304 0.0 0.0   118 101101  1 0 0 0.25 0
10   02.74631200  101.72222800 xxx   8.64   304 0.0 0.0   118 101101  1 0 0 0.25 0
10   02.74698300  101.72172800 xxx 308.64   350 0.0 0.0    79 101101  1 0 0 0.25 0
10   02.74603000  101.72236800 xxx 345.84   350 0.0 0.0    79 101101  1 0 0 0.25 0
10   02.74472400  101.72232200 xxx 281.64   304 0.0 0.0   118 101101  1 0 0 0.25 0
10   02.74493800  101.72212900 xxx 308.64   350 0.0 0.0    79 101101  1 0 0 0.25 0
10   02.71846900  101.71965600 xxx 281.64   304 0.0 0.0   118 101101  1 0 0 0.25 0
10   02.71867700  101.71946200 xxx 308.64   350 0.0 0.0    79 101101  1 0 0 0.25 0
10   02.71510900  101.72015500 xxx 281.64   304 0.0 0.0   118 101101  1 0 0 0.25 0
10   02.71531700  101.71996100 xxx 308.64   350 0.0 0.0    79 101101  1 0 0 0.25 0
10   02.71625900  101.71727100 xxx 101.64   304 0.0 0.0   118 101101  1 0 0 0.25 0
10   02.71672300  101.71696500 xxx 188.64   304 0.0 0.0   118 101101  1 0 0 0.25 0
10   02.71605200  101.71746500 xxx 128.64   350 0.0 0.0    79 101101  1 0 0 0.25 0
10   02.71700000  101.71682700 xxx 165.84   350 0.0 0.0    79 101101  1 0 0 0.25 0
10   02.71836500  101.71925400 xxx 188.64   304 0.0 0.0   118 101101  1 0 0 0.25 0
10   02.71864200  101.71911500 xxx 165.84   350 0.0 0.0    79 101101  1 0 0 0.25 0
10   02.72112200  101.71405300 xxx 101.64   304 0.0 0.0   118 101101  1 0 0 0.25 0
10   02.72158600  101.71374800 xxx 188.64   304 0.0 0.0   118 101101  1 0 0 0.25 0
10   02.72091400  101.71424700 xxx 128.64   350 0.0 0.0    79 101101  1 0 0 0.25 0
10   02.72186300  101.71360900 xxx 165.84   350 0.0 0.0    79 101101  1 0 0 0.25 0
10   02.72182800  101.71519000 xxx 101.64   304 0.0 0.0   118 101101  1 0 0 0.25 0
10   02.72229300  101.71488500 xxx 188.64   304 0.0 0.0   118 101101  1 0 0 0.25 0
10   02.72162100  101.71538400 xxx 128.64   350 0.0 0.0    79 101101  1 0 0 0.25 0
10   02.72257000  101.71474600 xxx 165.84   350 0.0 0.0    79 101101  1 0 0 0.25 0
10   02.72259000  101.71638300 xxx 101.64   304 0.0 0.0   118 101101  1 0 0 0.25 0
10   02.72305400  101.71607800 xxx 188.64   304 0.0 0.0   118 101101  1 0 0 0.25 0
10   02.72238300  101.71657700 xxx 128.64   350 0.0 0.0    79 101101  1 0 0 0.25 0
10   02.72333200  101.71593900 xxx 165.84   350 0.0 0.0    79 101101  1 0 0 0.25 0
10   02.72616500  101.71396300 xxx 101.64   304 0.0 0.0   118 101101  1 0 0 0.25 0
10   02.72662900  101.71365800 xxx 188.64   304 0.0 0.0   118 101101  1 0 0 0.25 0
10   02.72595700  101.71415700 xxx 128.64   350 0.0 0.0    79 101101  1 0 0 0.25 0
10   02.72690600  101.71351900 xxx 165.84   350 0.0 0.0    79 101101  1 0 0 0.25 0
10   02.72533300  101.71274900 xxx 101.64   304 0.0 0.0   118 101101  1 0 0 0.25 0
10   02.72579800  101.71244400 xxx 188.64   304 0.0 0.0   118 101101  1 0 0 0.25 0
10   02.72512600  101.71294300 xxx 128.64   350 0.0 0.0    79 101101  1 0 0 0.25 0
10   02.72607500  101.71230500 xxx 165.84   350 0.0 0.0    79 101101  1 0 0 0.25 0
10   02.72804200  101.71096000 xxx 101.64   304 0.0 0.0   118 101101  1 0 0 0.25 0
10   02.72850600  101.71065500 xxx 188.64   304 0.0 0.0   118 101101  1 0 0 0.25 0
10   02.72783400  101.71115400 xxx 128.64   350 0.0 0.0    79 101101  1 0 0 0.25 0
10   02.72878300  101.71051600 xxx 165.84   350 0.0 0.0    79 101101  1 0 0 0.25 0
10   02.72890100  101.71217400 xxx 101.64   304 0.0 0.0   118 101101  1 0 0 0.25 0
10   02.72936500  101.71186900 xxx 188.64   304 0.0 0.0   118 101101  1 0 0 0.25 0
10   02.72869300  101.71236800 xxx 128.64   350 0.0 0.0    79 101101  1 0 0 0.25 0
10   02.72964200  101.71173000 xxx 165.84   350 0.0 0.0    79 101101  1 0 0 0.25 0
10   02.73237100  101.70983000 xxx 101.64   304 0.0 0.0   118 101101  1 0 0 0.25 0
10   02.73283500  101.70952500 xxx 188.64   304 0.0 0.0   118 101101  1 0 0 0.25 0
10   02.73216300  101.71002400 xxx 128.64   350 0.0 0.0    79 101101  1 0 0 0.25 0
10   02.73311200  101.70938600 xxx 165.84   350 0.0 0.0    79 101101  1 0 0 0.25 0
10   02.73155400  101.70863700 xxx 101.64   304 0.0 0.0   118 101101  1 0 0 0.25 0
10   02.73201800  101.70833200 xxx 188.64   304 0.0 0.0   118 101101  1 0 0 0.25 0
10   02.73134600  101.70883100 xxx 128.64   350 0.0 0.0    79 101101  1 0 0 0.25 0
10   02.73229500  101.70819300 xxx 165.84   350 0.0 0.0    79 101101  1 0 0 0.25 0
10   02.73457400  101.70838000 xxx 101.64   304 0.0 0.0   118 101101  1 0 0 0.25 0
10   02.73503800  101.70807500 xxx 188.64   304 0.0 0.0   118 101101  1 0 0 0.25 0
10   02.73436600  101.70857500 xxx 128.64   350 0.0 0.0    79 101101  1 0 0 0.25 0
10   02.73531500  101.70793700 xxx 165.84   350 0.0 0.0    79 101101  1 0 0 0.25 0
10   02.73377000  101.70718800 xxx 101.64   304 0.0 0.0   118 101101  1 0 0 0.25 0
10   02.73423400  101.70688300 xxx 188.64   304 0.0 0.0   118 101101  1 0 0 0.25 0
10   02.73356200  101.70738200 xxx 128.64   350 0.0 0.0    79 101101  1 0 0 0.25 0
10   02.73451100  101.70674400 xxx 165.84   350 0.0 0.0    79 101101  1 0 0 0.25 0
10   02.73306400  101.70614100 xxx 101.64   304 0.0 0.0   118 101101  1 0 0 0.25 0
10   02.73352800  101.70583500 xxx 188.64   304 0.0 0.0   118 101101  1 0 0 0.25 0
10   02.73285600  101.70633500 xxx 128.64   350 0.0 0.0    79 101101  1 0 0 0.25 0
10   02.73380500  101.70569700 xxx 165.84   350 0.0 0.0    79 101101  1 0 0 0.25 0
10   02.73563400  101.70442800 xxx 101.64   304 0.0 0.0   118 101101  1 0 0 0.25 0
10   02.73609800  101.70412300 xxx 188.64   304 0.0 0.0   118 101101  1 0 0 0.25 0
10   02.73537600  101.70458900 xxx 128.64   350 0.0 0.0    79 101101  1 0 0 0.25 0
10   02.73637500  101.70398400 xxx 165.84   350 0.0 0.0    79 101101  1 0 0 0.25 0
10   02.73643000  101.70549600 xxx 101.64   304 0.0 0.0   118 101101  1 0 0 0.25 0
10   02.73689400  101.70519000 xxx 188.64   304 0.0 0.0   118 101101  1 0 0 0.25 0
10   02.73622200  101.70569000 xxx 128.64   350 0.0 0.0    79 101101  1 0 0 0.25 0
10   02.73717100  101.70505200 xxx 165.84   350 0.0 0.0    79 101101  1 0 0 0.25 0
10   02.73722000  101.70666800 xxx 101.64   304 0.0 0.0   118 101101  1 0 0 0.25 0
10   02.73768400  101.70636200 xxx 188.64   304 0.0 0.0   118 101101  1 0 0 0.25 0
10   02.73701200  101.70686200 xxx 128.64   350 0.0 0.0    79 101101  1 0 0 0.25 0
10   02.73796100  101.70622400 xxx 165.84   350 0.0 0.0    79 101101  1 0 0 0.25 0
10   02.73949200  101.70508600 xxx 101.64   304 0.0 0.0   118 101101  1 0 0 0.25 0
10   02.73995600  101.70478100 xxx 188.64   304 0.0 0.0   118 101101  1 0 0 0.25 0
10   02.73928400  101.70528100 xxx 128.64   350 0.0 0.0    79 101101  1 0 0 0.25 0
10   02.74023300  101.70464300 xxx 165.84   350 0.0 0.0    79 101101  1 0 0 0.25 0
10   02.73864000  101.70397700 xxx 101.64   304 0.0 0.0   118 101101  1 0 0 0.25 0
10   02.73910400  101.70367200 xxx 188.64   304 0.0 0.0   118 101101  1 0 0 0.25 0
10   02.73843200  101.70417100 xxx 128.64   350 0.0 0.0    79 101101  1 0 0 0.25 0
10   02.73938100  101.70353300 xxx 165.84   350 0.0 0.0    79 101101  1 0 0 0.25 0
10   02.74227600  101.70318600 xxx 101.64   304 0.0 0.0   118 101101  1 0 0 0.25 0
10   02.74274000  101.70288100 xxx 188.64   304 0.0 0.0   118 101101  1 0 0 0.25 0
10   02.74206900  101.70338100 xxx 128.64   350 0.0 0.0    79 101101  1 0 0 0.25 0
10   02.74301700  101.70274300 xxx 165.84   350 0.0 0.0    79 101101  1 0 0 0.25 0
10   02.74147300  101.70205600 xxx 101.64   304 0.0 0.0   118 101101  1 0 0 0.25 0
10   02.74193700  101.70175100 xxx 188.64   304 0.0 0.0   118 101101  1 0 0 0.25 0
10   02.74126500  101.70225000 xxx 128.64   350 0.0 0.0    79 101101  1 0 0 0.25 0
10   02.74221400  101.70161200 xxx 165.84   350 0.0 0.0    79 101101  1 0 0 0.25 0
10   02.74071100  101.70099500 xxx 101.64   304 0.0 0.0   118 101101  1 0 0 0.25 0
10   02.74117500  101.70069000 xxx 188.64   304 0.0 0.0   118 101101  1 0 0 0.25 0
10   02.74050300  101.70118900 xxx 128.64   350 0.0 0.0    79 101101  1 0 0 0.25 0
10   02.74145200  101.70055100 xxx 165.84   350 0.0 0.0    79 101101  1 0 0 0.25 0
10   02.74388300  101.70046100 xxx 101.64   304 0.0 0.0   118 101101  1 0 0 0.25 0
10   02.74434700  101.70015600 xxx 188.64   304 0.0 0.0   118 101101  1 0 0 0.25 0
10   02.74367600  101.70065500 xxx 128.64   350 0.0 0.0    79 101101  1 0 0 0.25 0
10   02.74462500  101.70001700 xxx 165.84   350 0.0 0.0    79 101101  1 0 0 0.25 0
10   02.74468000  101.70164000 xxx 101.64   304 0.0 0.0   118 101101  1 0 0 0.25 0
10   02.74514400  101.70133500 xxx 188.64   304 0.0 0.0   118 101101  1 0 0 0.25 0
10   02.74447200  101.70183400 xxx 128.64   350 0.0 0.0    79 101101  1 0 0 0.25 0
10   02.74542100  101.70119600 xxx 165.84   350 0.0 0.0    79 101101  1 0 0 0.25 0
10   02.74321800  101.69940700 xxx 101.64   304 0.0 0.0   118 101101  1 0 0 0.25 0
10   02.74368200  101.69910200 xxx 188.64   304 0.0 0.0   118 101101  1 0 0 0.25 0
10   02.74301100  101.69960100 xxx 128.64   350 0.0 0.0    79 101101  1 0 0 0.25 0
10   02.74396000  101.69896300 xxx 165.84   350 0.0 0.0    79 101101  1 0 0 0.25 0
10   02.74524800  101.70132800 xxx 101.64   304 0.0 0.0   118 101101  1 0 0 0.25 0
10   02.74571200  101.70102300 xxx 188.64   304 0.0 0.0   118 101101  1 0 0 0.25 0
10   02.74504000  101.70152200 xxx 128.64   350 0.0 0.0    79 101101  1 0 0 0.25 0
10   02.74598900  101.70088400 xxx 165.84   350 0.0 0.0    79 101101  1 0 0 0.25 0
10   02.77818000  101.70180800 xxx 101.64   304 0.0 0.0   118 101101  1 0 0 0.25 0
10   02.77796700  101.70200300 xxx 128.64   350 0.0 0.0    79 101101  1 0 0 0.25 0
10   02.77748000  101.70105500 xxx 101.64   304 0.0 0.0   118 101101  1 0 0 0.25 0
10   02.77726700  101.70125000 xxx 128.64   350 0.0 0.0    79 101101  1 0 0 0.25 0
10   02.77572500  101.70344300 xxx 101.64   304 0.0 0.0   118 101101  1 0 0 0.25 0
10   02.77618400  101.70313900 xxx 188.64   304 0.0 0.0   118 101101  1 0 0 0.25 0
10   02.77551200  101.70363700 xxx 128.64   350 0.0 0.0    79 101101  1 0 0 0.25 0
10   02.77646300  101.70299700 xxx 165.84   350 0.0 0.0    79 101101  1 0 0 0.25 0
10   02.77509500  101.70259900 xxx 101.64   304 0.0 0.0   118 101101  1 0 0 0.25 0
10   02.77555400  101.70229600 xxx 188.64   304 0.0 0.0   118 101101  1 0 0 0.25 0
10   02.77488300  101.70279400 xxx 128.64   350 0.0 0.0    79 101101  1 0 0 0.25 0
10   02.77583400  101.70215400 xxx 165.84   350 0.0 0.0    79 101101  1 0 0 0.25 0
10   02.76971600  101.70740200 xxx 101.64   304 0.0 0.0   118 101101  1 0 0 0.25 0
10   02.77017500  101.70709900 xxx 188.64   304 0.0 0.0   118 101101  1 0 0 0.25 0
10   02.76950300  101.70759600 xxx 128.64   350 0.0 0.0    79 101101  1 0 0 0.25 0
10   02.77045400  101.70695700 xxx 165.84   350 0.0 0.0    79 101101  1 0 0 0.25 0
10   02.76905900  101.70659700 xxx 101.64   304 0.0 0.0   118 101101  1 0 0 0.25 0
10   02.76951800  101.70629400 xxx 188.64   304 0.0 0.0   118 101101  1 0 0 0.25 0
10   02.76884600  101.70679100 xxx 128.64   350 0.0 0.0    79 101101  1 0 0 0.25 0
10   02.76979700  101.70615200 xxx 165.84   350 0.0 0.0    79 101101  1 0 0 0.25 0
10   02.76584600  101.70865300 xxx 101.64   304 0.0 0.0   118 101101  1 0 0 0.25 0
10   02.76630500  101.70834900 xxx 188.64   304 0.0 0.0   118 101101  1 0 0 0.25 0
10   02.76563300  101.70884700 xxx 128.64   350 0.0 0.0    79 101101  1 0 0 0.25 0
10   02.76658400  101.70820700 xxx 165.84   350 0.0 0.0    79 101101  1 0 0 0.25 0
10   02.75950200  101.71287300 xxx 101.64   304 0.0 0.0   118 101101  1 0 0 0.25 0
10   02.75996100  101.71257000 xxx 188.64   304 0.0 0.0   118 101101  1 0 0 0.25 0
10   02.75928900  101.71306700 xxx 128.64   350 0.0 0.0    79 101101  1 0 0 0.25 0
10   02.76024000  101.71242800 xxx 165.84   350 0.0 0.0    79 101101  1 0 0 0.25 0
10   02.75910400  101.71224300 xxx 101.64   304 0.0 0.0   118 101101  1 0 0 0.25 0
10   02.75956300  101.71194000 xxx 188.64   304 0.0 0.0   118 101101  1 0 0 0.25 0
10   02.75889100  101.71243700 xxx 128.64   350 0.0 0.0    79 101101  1 0 0 0.25 0
10   02.75984200  101.71179800 xxx 165.84   350 0.0 0.0    79 101101  1 0 0 0.25 0
10   02.75677200  101.71470100 xxx 101.64   304 0.0 0.0   118 101101  1 0 0 0.25 0
10   02.75723100  101.71439800 xxx 188.64   304 0.0 0.0   118 101101  1 0 0 0.25 0
10   02.75655900  101.71489500 xxx 128.64   350 0.0 0.0    79 101101  1 0 0 0.25 0
10   02.75751000  101.71425600 xxx 165.84   350 0.0 0.0    79 101101  1 0 0 0.25 0
10   02.75633700  101.71403300 xxx 101.64   304 0.0 0.0   118 101101  1 0 0 0.25 0
10   02.75679600  101.71373000 xxx 188.64   304 0.0 0.0   118 101101  1 0 0 0.25 0
10   02.75612400  101.71422700 xxx 128.64   350 0.0 0.0    79 101101  1 0 0 0.25 0
10   02.75707500  101.71358800 xxx 165.84   350 0.0 0.0    79 101101  1 0 0 0.25 0
10   02.75508300  101.71588500 xxx 101.64   304 0.0 0.0   118 101101  1 0 0 0.25 0
10   02.75554200  101.71558200 xxx 188.64   304 0.0 0.0   118 101101  1 0 0 0.25 0
10   02.75487000  101.71607900 xxx 128.64   350 0.0 0.0    79 101101  1 0 0 0.25 0
10   02.75582100  101.71544000 xxx 165.84   350 0.0 0.0    79 101101  1 0 0 0.25 0
10   02.75572200  101.71677600 xxx 101.64   304 0.0 0.0   118 101101  1 0 0 0.25 0
10   02.75618100  101.71647300 xxx 188.64   304 0.0 0.0   118 101101  1 0 0 0.25 0
10   02.75550900  101.71697000 xxx 128.64   350 0.0 0.0    79 101101  1 0 0 0.25 0
10   02.75646000  101.71633000 xxx 165.84   350 0.0 0.0    79 101101  1 0 0 0.25 0
10   02.75458600  101.71518900 xxx 101.64   304 0.0 0.0   118 101101  1 0 0 0.25 0
10   02.75504500  101.71488600 xxx 188.64   304 0.0 0.0   118 101101  1 0 0 0.25 0
10   02.75437300  101.71538300 xxx 128.64   350 0.0 0.0    79 101101  1 0 0 0.25 0
10   02.75532400  101.71474400 xxx 165.84   350 0.0 0.0    79 101101  1 0 0 0.25 0
10   02.75452900  101.71620300 xxx 101.64   304 0.0 0.0   118 101101  1 0 0 0.25 0
10   02.75498800  101.71589900 xxx 188.64   304 0.0 0.0   118 101101  1 0 0 0.25 0
10   02.75431700  101.71639700 xxx 128.64   350 0.0 0.0    79 101101  1 0 0 0.25 0
10   02.75526700  101.71575700 xxx 165.84   350 0.0 0.0    79 101101  1 0 0 0.25 0
10   02.75408000  101.71551100 xxx 101.64   304 0.0 0.0   118 101101  1 0 0 0.25 0
10   02.75453900  101.71520800 xxx 188.64   304 0.0 0.0   118 101101  1 0 0 0.25 0
10   02.75386700  101.71570500 xxx 128.64   350 0.0 0.0    79 101101  1 0 0 0.25 0
10   02.75481800  101.71506600 xxx 165.84   350 0.0 0.0    79 101101  1 0 0 0.25 0
10   02.75237700  101.71896400 xxx 101.64   304 0.0 0.0   118 101101  1 0 0 0.25 0
10   02.75283600  101.71866100 xxx 188.64   304 0.0 0.0   118 101101  1 0 0 0.25 0
10   02.75216400  101.71915800 xxx 128.64   350 0.0 0.0    79 101101  1 0 0 0.25 0
10   02.75311500  101.71851900 xxx 165.84   350 0.0 0.0    79 101101  1 0 0 0.25 0
10   02.75176600  101.71806900 xxx 101.64   304 0.0 0.0   118 101101  1 0 0 0.25 0
10   02.75222500  101.71776600 xxx 188.64   304 0.0 0.0   118 101101  1 0 0 0.25 0
10   02.75155400  101.71826300 xxx 128.64   350 0.0 0.0    79 101101  1 0 0 0.25 0
10   02.75250500  101.71762300 xxx 165.84   350 0.0 0.0    79 101101  1 0 0 0.25 0
10   02.75127900  101.71749100 xxx 101.64   304 0.0 0.0   118 101101  1 0 0 0.25 0
10   02.75173800  101.71718800 xxx 188.64   304 0.0 0.0   118 101101  1 0 0 0.25 0
10   02.75106600  101.71768500 xxx 128.64   350 0.0 0.0    79 101101  1 0 0 0.25 0
10   02.75201700  101.71704600 xxx 165.84   350 0.0 0.0    79 101101  1 0 0 0.25 0
10   02.74929700  101.71966500 xxx 101.64   304 0.0 0.0   118 101101  1 0 0 0.25 0
10   02.74975600  101.71936200 xxx 188.64   304 0.0 0.0   118 101101  1 0 0 0.25 0
10   02.74908400  101.71985900 xxx 128.64   350 0.0 0.0    79 101101  1 0 0 0.25 0
10   02.75003500  101.71922000 xxx 165.84   350 0.0 0.0    79 101101  1 0 0 0.25 0
10   02.74888500  101.71903000 xxx 101.64   304 0.0 0.0   118 101101  1 0 0 0.25 0
10   02.74934400  101.71872700 xxx 188.64   304 0.0 0.0   118 101101  1 0 0 0.25 0
10   02.74867200  101.71922400 xxx 128.64   350 0.0 0.0    79 101101  1 0 0 0.25 0
10   02.74962300  101.71858500 xxx 165.84   350 0.0 0.0    79 101101  1 0 0 0.25 0
10   02.74759400  101.72211400 xxx 101.64   304 0.0 0.0   118 101101  1 0 0 0.25 0
10   02.74805300  101.72181100 xxx 188.64   304 0.0 0.0   118 101101  1 0 0 0.25 0
10   02.74738100  101.72230800 xxx 128.64   350 0.0 0.0    79 101101  1 0 0 0.25 0
10   02.74833200  101.72166800 xxx 165.84   350 0.0 0.0    79 101101  1 0 0 0.25 0
10   02.74671400  101.72271500 xxx 101.64   304 0.0 0.0   118 101101  1 0 0 0.25 0
10   02.74717300  101.72241200 xxx 188.64   304 0.0 0.0   118 101101  1 0 0 0.25 0
10   02.74650100  101.72290900 xxx 128.64   350 0.0 0.0    79 101101  1 0 0 0.25 0
10   02.74745200  101.72227000 xxx 165.84   350 0.0 0.0    79 101101  1 0 0 0.25 0
10   02.74617000  101.72185800 xxx 101.64   304 0.0 0.0   118 101101  1 0 0 0.25 0
10   02.74662900  101.72155500 xxx 188.64   304 0.0 0.0   118 101101  1 0 0 0.25 0
10   02.74595700  101.72205200 xxx 128.64   350 0.0 0.0    79 101101  1 0 0 0.25 0
10   02.74690800  101.72141300 xxx 165.84   350 0.0 0.0    79 101101  1 0 0 0.25 0
10   02.74704500  101.72125200 xxx 101.64   304 0.0 0.0   118 101101  1 0 0 0.25 0
10   02.74750400  101.72094800 xxx 188.64   304 0.0 0.0   118 101101  1 0 0 0.25 0
10   02.74683200  101.72144600 xxx 128.64   350 0.0 0.0    79 101101  1 0 0 0.25 0
10   02.74778300  101.72080600 xxx 165.84   350 0.0 0.0    79 101101  1 0 0 0.25 0
10   02.74663800  101.72050300 xxx 101.64   304 0.0 0.0   118 101101  1 0 0 0.25 0
10   02.74709700  101.72020000 xxx 188.64   304 0.0 0.0   118 101101  1 0 0 0.25 0
10   02.74642500  101.72069700 xxx 128.64   350 0.0 0.0    79 101101  1 0 0 0.25 0
10   02.74737600  101.72005800 xxx 165.84   350 0.0 0.0    79 101101  1 0 0 0.25 0
10   02.74491600  101.72258300 xxx 188.64   304 0.0 0.0   118 101101  1 0 0 0.25 0
10   02.74519500  101.72244000 xxx 165.84   350 0.0 0.0    79 101101  1 0 0 0.25 0
10   02.74444700  101.72194300 xxx 188.64   304 0.0 0.0   118 101101  1 0 0 0.25 0
10   02.74472700  101.72180100 xxx 165.84   350 0.0 0.0    79 101101  1 0 0 0.25 0
10   02.74390200  101.72208200 xxx   5.64   304 0.0 0.0   118 101101  1 0 0 0.25 0
10   02.74363100  101.72223800 xxx 342.84   350 0.0 0.0    79 101101  1 0 0 0.25 0
10   02.74606200  101.71982100 xxx  10.64   304 0.0 0.0   118 101101  1 0 0 0.25 0
10   02.74578100  101.71935200 xxx  97.64   304 0.0 0.0   118 101101  1 0 0 0.25 0
10   02.74624900  101.72004500 xxx  37.64   350 0.0 0.0    79 101101  1 0 0 0.25 0
10   02.74565600  101.71906500 xxx  74.84   350 0.0 0.0    79 101101  1 0 0 0.25 0
10   02.74489600  101.71803900 xxx  10.64   304 0.0 0.0   118 101101  1 0 0 0.25 0
10   02.74461500  101.71757000 xxx  97.64   304 0.0 0.0   118 101101  1 0 0 0.25 0
10   02.74508300  101.71826300 xxx  37.64   350 0.0 0.0    79 101101  1 0 0 0.25 0
10   02.74449000  101.71728300 xxx  74.84   350 0.0 0.0    79 101101  1 0 0 0.25 0
10   02.74292900  101.71514200 xxx  10.64   304 0.0 0.0   118 101101  1 0 0 0.25 0
10   02.74264800  101.71467300 xxx  97.64   304 0.0 0.0   118 101101  1 0 0 0.25 0
10   02.74311600  101.71536600 xxx  37.64   350 0.0 0.0    79 101101  1 0 0 0.25 0
10   02.74252300  101.71438700 xxx  74.84   350 0.0 0.0    79 101101  1 0 0 0.25 0
10   02.74176300  101.71337100 xxx  10.64   304 0.0 0.0   118 101101  1 0 0 0.25 0
10   02.74148200  101.71290200 xxx  97.64   304 0.0 0.0   118 101101  1 0 0 0.25 0
10   02.74195000  101.71359500 xxx  37.64   350 0.0 0.0    79 101101  1 0 0 0.25 0
10   02.74135700  101.71261500 xxx  74.84   350 0.0 0.0    79 101101  1 0 0 0.25 0
10   02.74924700  101.70713900 xxx   8.94   304 0.0 0.0   118 101101  1 0 0 0.25 0
10   02.74896600  101.70667000 xxx  95.94   304 0.0 0.0   118 101101  1 0 0 0.25 0
10   02.74943400  101.70736300 xxx  35.94   350 0.0 0.0    79 101101  1 0 0 0.25 0
10   02.74884100  101.70638400 xxx  73.14   350 0.0 0.0    79 101101  1 0 0 0.25 0
10   02.75012100  101.70845700 xxx   8.94   304 0.0 0.0   118 101101  1 0 0 0.25 0
10   02.74984000  101.70799400 xxx  95.94   304 0.0 0.0   118 101101  1 0 0 0.25 0
10   02.75030800  101.70868200 xxx  35.94   350 0.0 0.0    79 101101  1 0 0 0.25 0
10   02.74971500  101.70770700 xxx  73.14   350 0.0 0.0    79 101101  1 0 0 0.25 0
10   02.74647300  101.70114800 xxx   8.94   304 0.0 0.0   118 101101  1 0 0 0.25 0
10   02.74666000  101.70137200 xxx  35.94   350 0.0 0.0    79 101101  1 0 0 0.25 0
10   02.75183700  101.70922600 xxx   8.94   304 0.0 0.0   118 101101  1 0 0 0.25 0
10   02.75155800  101.70875700 xxx  95.94   304 0.0 0.0   118 101101  1 0 0 0.25 0
10   02.75202700  101.70944800 xxx  35.94   350 0.0 0.0    79 101101  1 0 0 0.25 0
10   02.75143500  101.70846800 xxx  73.14   350 0.0 0.0    79 101101  1 0 0 0.25 0
10   02.75101400  101.70981800 xxx   8.94   304 0.0 0.0   118 101101  1 0 0 0.25 0
10   02.75073500  101.70934900 xxx  95.94   304 0.0 0.0   118 101101  1 0 0 0.25 0
10   02.75120300  101.71004000 xxx  35.94   350 0.0 0.0    79 101101  1 0 0 0.25 0
10   02.75061200  101.70906000 xxx  73.14   350 0.0 0.0    79 101101  1 0 0 0.25 0
10   02.75369700  101.71196300 xxx   8.94   304 0.0 0.0   118 101101  1 0 0 0.25 0
10   02.75341800  101.71149500 xxx  95.94   304 0.0 0.0   118 101101  1 0 0 0.25 0
10   02.75388600  101.71218600 xxx  35.94   350 0.0 0.0    79 101101  1 0 0 0.25 0
10   02.75329500  101.71120600 xxx  73.14   350 0.0 0.0    79 101101  1 0 0 0.25 0
10   02.75284000  101.71249400 xxx   8.94   304 0.0 0.0   118 101101  1 0 0 0.25 0
10   02.75256100  101.71202500 xxx  95.94   304 0.0 0.0   118 101101  1 0 0 0.25 0
10   02.75303000  101.71271700 xxx  35.94   350 0.0 0.0    79 101101  1 0 0 0.25 0
10   02.75243800  101.71173600 xxx  73.14   350 0.0 0.0    79 101101  1 0 0 0.25 0
10   02.75438700  101.71298600 xxx  95.94   304 0.0 0.0   118 101101  1 0 0 0.25 0
10   02.75426400  101.71269800 xxx  73.14   350 0.0 0.0    79 101101  1 0 0 0.25 0
10   02.75356900  101.71352200 xxx  95.94   304 0.0 0.0   118 101101  1 0 0 0.25 0
10   02.75344600  101.71323300 xxx  73.14   350 0.0 0.0    79 101101  1 0 0 0.25 0
10   02.75384800  101.71399100 xxx   8.94   304 0.0 0.0   118 101101  1 0 0 0.25 0
10   02.75407500  101.71418000 xxx  35.94   350 0.0 0.0    79 101101  1 0 0 0.25 0
10   02.75394800  101.71340800 xxx 188.14   304 0.0 0.0   118 101101  1 0 0 0.25 0
10   02.75423600  101.71387200 xxx 275.14   304 0.0 0.0   118 101101  1 0 0 0.25 0
10   02.75375800  101.71318500 xxx 215.14   350 0.0 0.0    79 101101  1 0 0 0.25 0
10   02.75436400  101.71415600 xxx 252.34   350 0.0 0.0    79 101101  1 0 0 0.25 0
10   02.75291100  101.71188300 xxx 188.14   304 0.0 0.0   118 101101  1 0 0 0.25 0
10   02.75320000  101.71234700 xxx 275.14   304 0.0 0.0   118 101101  1 0 0 0.25 0
10   02.75272200  101.71166000 xxx 215.14   350 0.0 0.0    79 101101  1 0 0 0.25 0
10   02.75332800  101.71263100 xxx 252.34   350 0.0 0.0    79 101101  1 0 0 0.25 0
10   02.75105200  101.70915000 xxx 188.14   304 0.0 0.0   118 101101  1 0 0 0.25 0
10   02.75134100  101.70961400 xxx 275.14   304 0.0 0.0   118 101101  1 0 0 0.25 0
10   02.75086300  101.70892700 xxx 215.14   350 0.0 0.0    79 101101  1 0 0 0.25 0
10   02.75146800  101.70989800 xxx 252.34   350 0.0 0.0    79 101101  1 0 0 0.25 0
10   02.75017700  101.70781900 xxx 188.14   304 0.0 0.0   118 101101  1 0 0 0.25 0
10   02.75046500  101.70828300 xxx 275.14   304 0.0 0.0   118 101101  1 0 0 0.25 0
10   02.74998800  101.70760100 xxx 215.14   350 0.0 0.0    79 101101  1 0 0 0.25 0
10   02.75059300  101.70856700 xxx 252.34   350 0.0 0.0    79 101101  1 0 0 0.25 0
10   02.74933000  101.70653100 xxx 188.14   304 0.0 0.0   118 101101  1 0 0 0.25 0
10   02.74961900  101.70699500 xxx 275.14   304 0.0 0.0   118 101101  1 0 0 0.25 0
10   02.74914100  101.70630800 xxx 215.14   350 0.0 0.0    79 101101  1 0 0 0.25 0
10   02.74974600  101.70727900 xxx 252.34   350 0.0 0.0    79 101101  1 0 0 0.25 0
10   02.73929300  101.71445200 xxx 188.14   304 0.0 0.0   118 101101  1 0 0 0.25 0
10   02.73957800  101.71492200 xxx 275.14   304 0.0 0.0   118 101101  1 0 0 0.25 0
10   02.73910000  101.71423300 xxx 215.14   350 0.0 0.0    79 101101  1 0 0 0.25 0
10   02.73970400  101.71520700 xxx 252.34   350 0.0 0.0    79 101101  1 0 0 0.25 0
10   02.74054200  101.71623000 xxx 188.14   304 0.0 0.0   118 101101  1 0 0 0.25 0
10   02.74083500  101.71666700 xxx 275.14   304 0.0 0.0   118 101101  1 0 0 0.25 0
10   02.74034900  101.71601200 xxx 215.14   350 0.0 0.0    79 101101  1 0 0 0.25 0
10   02.74095300  101.71698600 xxx 252.34   350 0.0 0.0    79 101101  1 0 0 0.25 0
10   02.74244400  101.71903300 xxx 188.14   304 0.0 0.0   118 101101  1 0 0 0.25 0
10   02.74272900  101.71950300 xxx 275.14   304 0.0 0.0   118 101101  1 0 0 0.25 0
10   02.74225200  101.71881500 xxx 215.14   350 0.0 0.0    79 101101  1 0 0 0.25 0
10   02.74285500  101.71978800 xxx 252.34   350 0.0 0.0    79 101101  1 0 0 0.25 0
10   02.74363500  101.72087100 xxx 188.14   304 0.0 0.0   118 101101  1 0 0 0.25 0
10   02.74392000  101.72134100 xxx 275.14   304 0.0 0.0   118 101101  1 0 0 0.25 0
10   02.74344200  101.72065300 xxx 215.14   350 0.0 0.0    79 101101  1 0 0 0.25 0
10   02.74404500  101.72162600 xxx 252.34   350 0.0 0.0    79 101101  1 0 0 0.25 0
10   02.73433500  101.70531200 xxx 308.64   350 0.0 0.0    79 101101  1 0 0 0.25 0
10   02.72984000  101.70729700 xxx 308.64   350 0.0 0.0    79 101101  1 0 0 0.25 0
10   02.73025300  101.70799500 xxx 308.64   350 0.0 0.0    79 101101  1 0 0 0.25 0
10   02.72571200  101.71104200 xxx 338.64   350 0.0 0.0    79 101101  1 0 0 0.25 0
10   02.72519100  101.71039500 xxx 344.34   350 0.0 0.0    79 101101  1 0 0 0.25 0
10   02.72163600  101.71279600 xxx 344.34   350 0.0 0.0    98 101101  1 0 0 0.25 0
10   02.75673000  101.71605100 xxx 305.34   350 0.0 0.0    98 101101  1 0 0 0.25 0
10   02.75641200  101.71545700 xxx 293.34   350 0.0 0.0    98 101101  1 0 0 0.25 0
10   02.76130600  101.71300200 xxx 305.34   350 0.0 0.0    98 101101  1 0 0 0.25 0
10   02.76092800  101.71244300 xxx 305.34   350 0.0 0.0    98 101101  1 0 0 0.25 0
10   02.76281200  101.71080600 xxx 305.34   350 0.0 0.0    98 101101  1 0 0 0.25 0
10   02.76294100  101.71009200 xxx 305.34   350 0.0 0.0    98 101101  1 0 0 0.25 0
10   02.76622300  101.70975100 xxx 344.34   343 0.0 0.0    98 101101  1 0 0 0.25 0
10   02.76925500  101.70768900 xxx 341.34   350 0.0 0.0    98 101101  1 0 0 0.25 0
10   02.71366600  101.71804900 xxx 281.64   304 0.0 0.0   118 101101  1 0 0 0.25 0
10   02.71393600  101.71786200 xxx 308.64   350 0.0 0.0    79 101101  1 0 0 0.25 0
10   02.71435800  101.71909700 xxx 281.64   304 0.0 0.0   118 101101  1 0 0 0.25 0
10   02.71457100  101.71890400 xxx 308.64   350 0.0 0.0    79 101101  1 0 0 0.25 0
10   02.71415000  101.71876800 xxx 185.94   304 0.0 0.0   118 101101  1 0 0 0.25 0
10   02.71442500  101.71861200 xxx 163.14   350 0.0 0.0    79 101101  1 0 0 0.25 0
10   02.71487300  101.71984200 xxx 185.94   304 0.0 0.0   118 101101  1 0 0 0.25 0
10   02.71514900  101.71968500 xxx 163.14   350 0.0 0.0    79 101101  1 0 0 0.25 0
10   02.75013700  101.70666000 xxx  10.64   304 0.0 0.0   118 101101  1 0 0 0.25 0
10   02.74985700  101.70619100 xxx  97.64   304 0.0 0.0   118 101101  1 0 0 0.25 0
10   02.75032600  101.70688400 xxx  37.64   350 0.0 0.0    79 101101  1 0 0 0.25 0
10   02.74973300  101.70590600 xxx  74.84   350 0.0 0.0    79 101101  1 0 0 0.25 0
10   02.75097100  101.70786100 xxx  10.64   304 0.0 0.0   118 101101  1 0 0 0.25 0
10   02.75069200  101.70739600 xxx  97.64   304 0.0 0.0   118 101101  1 0 0 0.25 0
10   02.75116000  101.70808500 xxx  37.64   350 0.0 0.0    79 101101  1 0 0 0.25 0
10   02.75056700  101.70711200 xxx  74.84   350 0.0 0.0    79 101101  1 0 0 0.25 0
10   02.75892400  101.70946500 xxx 146.14   792 0.0 0.0   962 101101  1 0 0 0.25 0
10   02.74275500  101.71717600 xxx 146.14   746 0.0 0.0   614 101101  1 0 0 0.25 0
10   02.73823500  101.71051600 xxx 146.14   825 0.0 0.0  1369 101101  1 0 0 0.25 0
10   02.74275500  101.71717600 xxx 325.96  1261 0.0 0.0   131 101101  1 0 0 0.25 0
10   02.73820400  101.71032500 xxx 325.96  1261 0.0 0.0   131 101101  1 0 0 0.25 0
10   02.72168500  101.72421800 xxx 325.96  1261 0.0 0.0   610 101101  1 0 0 0.25 0
10   02.73008700  101.72109500 xxx 146.14  4543 0.0 0.0  2540 101101  1 0 0 0.25 0
14   02.74717100  101.70979500  307 0 Kuala Lumpur Intl - Sepang Tower
15   02.73847600  101.70690800   0.00 Custom Startup Location
15   02.75019000  101.71027200   0.00 Custom Startup Location
15   02.73883900  101.71499900   0.00 Custom Startup Location
19   02.71690500  101.71622600 1 WMKK windsock
19   02.77711800  101.70197400 1 WMKK windsock
19   02.74259300  101.69951800 1 WMKK windsock
19   02.74856800  101.72097800 1 WMKK windsock
50 12645 WMKK ATIS
52 12270 LUMPUR CLNC
53 12165 LUMPUR GND
54 11880 LUMPUR TWR
55 11945 LUMPUR APP
55 12420 LUMPUR APP
55 12510 LUMPUR APP


130 Airport Boundary
111  002.70916796  101.71920013
111  002.70928192  101.71839905
111  002.70984197  101.71767426
111  002.71184397  101.71623230
111  002.74219704  101.69606781
111  002.74591398  101.69361115
111  002.74644589  101.69364166
111  002.77854705  101.69860840
111  002.77912998  101.69882202
111  002.78140593  101.69975281
111  002.78001595  101.70252228
111  002.77870011  101.70387268
111  002.74994612  101.72315216
111  002.74525595  101.72586060
111  002.74365091  101.72647858
111  002.74246407  101.72691345
111  002.71699500  101.72716522
111  002.71425009  101.72507477
111  002.71129704  101.72256470
111  002.71036506  101.72167206
111  002.70982289  101.72087097
111  002.70964003  101.72048950
113  002.70944500  101.72006989
99
