A
1000 Generated by Infinite Flight Airport Editing (World Parser)/AB

1     1949 0 1 FM4  Donnelly
100   22.86   1   0 0.25 0 2 0 07   55.70570000 -117.09718152    0.00    0.00 2 12 0 0 25   55.70570000 -117.08281048    0.00    0.00 2 12 0 0
110   1 0.30  89.99 Default taxiway for RWY 07
111  55.70559939 -117.09718150   3 102 
111  55.70508283 -117.09718141   3 102 
111  55.70508367 -117.08281037   3 102 
111  55.70560023 -117.08281046 
112  55.70560021 -117.08317558  55.70559797 -117.08299302   3 102 
111  55.70547453 -117.08299300   3 102 
112  55.70530996 -117.08299297  55.70518652 -117.08299295   3 102 
111  55.70518651 -117.08317551   3 102 
111  55.70518611 -117.08990463   3 102 
111  55.70559981 -117.08990470 
111  55.70559980 -117.09008726   3 102 
111  55.70518610 -117.09008719   3 102 
112  55.70518571 -117.09681631  55.70518570 -117.09699887   3 102 
111  55.70530914 -117.09699889   3 102 
112  55.70547371 -117.09699892  55.70559715 -117.09699894   3 102 
113  55.70559941 -117.09681638 
120 Default hold RWY 07 (near)
111  55.70539141 -117.09718146   4 
115  55.70539142 -117.09699890 
120 Default hold RWY 07 (centre)
111  55.70539182 -117.09008722   4 
115  55.70539183 -117.08990466 
120 Default hold RWY 07 (far)
111  55.70539224 -117.08299298   4 
115  55.70539225 -117.08281042 
18   55.70641866 -117.08999600 1 BCN
19   55.70600719 -117.09754670 1 WS
19   55.70539277 -117.08244542 1 WS


130 Airport Boundary
111  055.70508194 -117.09718323
111  055.70569992 -117.09718323
111  055.70569992 -117.08280945
113  055.70508194 -117.08280945
99
