A
1100 Generated by WorldEditor 1.6.0r1

1    632 0 0 KOSC OSCODA WURTSMITH
100 60.96 1 2 0.25 0 3 0 06  44.44301886 -083.41336344    0  305 3 0 0 0 24  44.46008640 -083.37496705    0  305 3 8 0 0
110 1 0.00 0.0000 New Taxiway 36
111  44.45438266 -083.37326332
111  44.45415800 -083.37306587
111  44.45368740 -083.37265227
111  44.45408160 -083.37173510
111  44.45455969 -083.37215720
113  44.45479513 -083.37236507
110 1 0.00 0.0000 New Taxiway 36
111  44.45373534 -083.37472357
111  44.45351068 -083.37452612
111  44.45304008 -083.37411251
111  44.45343428 -083.37319534
111  44.45391237 -083.37361745
113  44.45414780 -083.37382531
110 1 0.00 0.0000 New Taxiway 33
111  44.45282574 -083.37260572
111  44.45290340 -083.37267260
111  44.45293099 -083.37302415
111  44.45289898 -083.37309094
111  44.45299390 -083.37318832
111  44.45295613 -083.37327497
111  44.45286197 -083.37317799
111  44.45283031 -083.37325029
111  44.45260527 -083.37333655
111  44.45252656 -083.37328048
111  44.45259868 -083.37311782
113  44.45270929 -083.37286836
110 1 0.00 0.0000 New Taxiway 31
111  44.45183381 -083.37118657
111  44.45214511 -083.37047711
111  44.45267169 -083.37091141
111  44.45256321 -083.37116372
111  44.45245220 -083.37142084
113  44.45236027 -083.37163377
110 1 0.00 0.0000 New Taxiway 31
111  44.45140724 -083.37237626
111  44.45171854 -083.37166681
111  44.45209912 -083.37201014
111  44.45199832 -083.37224361
111  44.45188611 -083.37250351
113  44.45179538 -083.37271367
110 1 0.00 0.0000 New Taxiway 29
111  44.45200772 -083.37345082
111  44.45252977 -083.37391627
111  44.45242971 -083.37414801
111  44.45255912 -083.37426949
111  44.45244306 -083.37452926
111  44.45230831 -083.37441900
111  44.45219759 -083.37467316
113  44.45166885 -083.37421445
110 1 0.00 0.0000 New Taxiway 34
111  44.45376995 -083.37145002
111  44.45346444 -083.37117116
111  44.45353766 -083.37100855
111  44.45364617 -083.37076757
111  44.45375831 -083.37051851
113  44.45406333 -083.37080110
110 1 0.00 0.0000 New Taxiway 34
111  44.45333494 -083.37242115
111  44.45302943 -083.37214229
111  44.45310157 -083.37198208
111  44.45322020 -083.37171861
111  44.45332330 -083.37148964
113  44.45362831 -083.37177222
110 1 0.00 0.0000 New Taxiway 35
111  44.45262213 -083.37044569
111  44.45230640 -083.37017315
111  44.45259879 -083.36952371
111  44.45291563 -083.36977912
111  44.45280157 -083.37003817
113  44.45269374 -083.37028306
110 2 0.00 0.0000 New Taxiway 25
111  44.45317414 -083.38091517
111  44.45137325 -083.37937161
111  44.45177718 -083.37844733
111  44.45157118 -083.37843217
112  44.45151830 -083.37819008  44.45143492 -083.37808418
112  44.45127119 -083.37762087  44.45125673 -083.37727358
111  44.45127119 -083.37762087
111  44.45121222 -083.37572712
112  44.45121222 -083.37572712  44.45116900 -083.37548268
111  44.45097022 -083.37549539
111  44.45095021 -083.37500388
112  44.45114899 -083.37400218  44.45113618 -083.37351329
111  44.45114899 -083.37400218
111  44.45111249 -083.37274273
111  44.45123928 -083.37244132
111  44.45126041 -083.37319753
112  44.45126041 -083.37319753  44.45141916 -083.37362549
111  44.45165684 -083.37334180
111  44.45178493 -083.37301164
111  44.45197933 -083.37295997
111  44.45202467 -083.37284729
112  44.45202467 -083.37284729  44.45204735 -083.37267910
111  44.45195845 -083.37256441
111  44.45188611 -083.37250351
111  44.45199832 -083.37224361
111  44.45205716 -083.37229840
112  44.45228818 -083.37225291  44.45238314 -083.37211231
111  44.45228818 -083.37225291
111  44.45252640 -083.37173892
112  44.45252640 -083.37173892  44.45257042 -083.37153335
111  44.45245220 -083.37142084
111  44.45256321 -083.37116372
112  44.45281655 -083.37110270  44.45292679 -083.37094696
111  44.45281655 -083.37110270
111  44.45296178 -083.37076173
112  44.45296178 -083.37076173  44.45299251 -083.37062629
112  44.45290477 -083.37045209  44.45285982 -083.37038950
111  44.45290477 -083.37045209
111  44.45269374 -083.37028306
111  44.45280157 -083.37003817
111  44.45297229 -083.37018411
112  44.45297229 -083.37018411  44.45312700 -083.37031389
111  44.45324700 -083.37013377
111  44.45341970 -083.36975013
112  44.45341970 -083.36975013  44.45365205 -083.36947602
111  44.45392302 -083.36970169
111  44.45391215 -083.36972789
111  44.45499234 -083.37064845
111  44.45730823 -083.37262211
112  44.45730823 -083.37262211  44.45755219 -083.37273027
111  44.45772318 -083.37243909
111  44.45788756 -083.37207978
111  44.45797958 -083.37187865
111  44.45800390 -083.37189962
111  44.45908830 -083.37283429
112  44.45908830 -083.37283429  44.45916899 -083.37291772
111  44.45920395 -083.37308001
111  44.45923218 -083.37372001
111  44.45925142 -083.37415623
111  44.45934773 -083.37414790
111  44.45935749 -083.37442258
111  44.45959737 -083.37462159
111  44.45973796 -083.37473823
111  44.45937907 -083.37585137
112  44.45937907 -083.37585137  44.45954567 -083.37504206
111  44.45910540 -083.37454672
111  44.45893019 -083.37439778
111  44.45794817 -083.37356299
112  44.45794817 -083.37356299  44.45766193 -083.37338535
111  44.45746637 -083.37363545
111  44.45725436 -083.37347150
112  44.45709164 -083.37281836  44.45680117 -083.37256968
111  44.45709164 -083.37281836
112  44.45709164 -083.37281836  44.45687955 -083.37263427
111  44.45677569 -083.37278793
111  44.45402748 -083.37899939
112  44.45402748 -083.37899939  44.45394410 -083.37922990
111  44.45406475 -083.37937122
111  44.45400664 -083.37950356
111  44.45395077 -083.37963079
112  44.45369988 -083.37974354  44.45362304 -083.37990277
113  44.45369988 -083.37974354
111  44.45496577 -083.37123462
112  44.45496577 -083.37123462  44.45502469 -083.37106797
111  44.45492639 -083.37094553
111  44.45488388 -083.37090976
111  44.45387492 -083.37006084
112  44.45354698 -083.37001394  44.45343247 -083.37014477
111  44.45354698 -083.37001394
111  44.45341756 -083.37029548
112  44.45341756 -083.37029548  44.45336753 -083.37047458
111  44.45348347 -083.37062102
111  44.45364617 -083.37076757
111  44.45353766 -083.37100855
111  44.45338434 -083.37087292
112  44.45312845 -083.37092782  44.45302809 -083.37108897
111  44.45312845 -083.37092782
111  44.45299248 -083.37123355
112  44.45299248 -083.37123355  44.45292918 -083.37142715
111  44.45303163 -083.37155756
111  44.45322020 -083.37171861
111  44.45310157 -083.37198208
111  44.45294871 -083.37184292
112  44.45268353 -083.37192894  44.45259815 -083.37210836
111  44.45268353 -083.37192894
111  44.45248190 -083.37241053
112  44.45248190 -083.37241053  44.45244227 -083.37263766
111  44.45253974 -083.37272699
111  44.45270929 -083.37286836
111  44.45259868 -083.37311782
111  44.45241275 -083.37296565
112  44.45217261 -083.37307645  44.45208367 -083.37323998
111  44.45217261 -083.37307645
111  44.45200772 -083.37345082
111  44.45166885 -083.37421445
111  44.45164198 -083.37427500
111  44.45158976 -083.37439268
111  44.45142166 -083.37423271
111  44.45149210 -083.37406003
111  44.45137524 -083.37395911
112  44.45128672 -083.37400704  44.45127871 -083.37410795
111  44.45128672 -083.37400704
111  44.45140313 -083.37745624
111  44.45144425 -083.37756135
112  44.45144425 -083.37756135  44.45145203 -083.37785414
111  44.45160204 -083.37796474
111  44.45164033 -083.37803625
112  44.45164033 -083.37803625  44.45168480 -083.37806273
111  44.45175538 -083.37796034
111  44.45187488 -083.37822625
111  44.45337360 -083.37483618
111  44.45351068 -083.37452612
111  44.45373534 -083.37472357
111  44.45414780 -083.37382531
111  44.45391237 -083.37361745
111  44.45415800 -083.37306587
111  44.45438266 -083.37326332
111  44.45479513 -083.37236507
111  44.45455969 -083.37215720
113  44.45457966 -083.37211185
110 2 0.00 0.0000 New Taxiway 24
112  44.45394159 -083.38737946  44.45385913 -083.38726394
111  44.45394159 -083.38737946
111  44.45371348 -083.38716766 54 104
111  44.45383463 -083.38688843
111  44.45401070 -083.38704750
112  44.45401070 -083.38704750  44.45415708 -083.38716950
111  44.45427234 -083.38700139
113  44.45396956 -083.38766300
110 2 0.00 0.0000 New Taxiway 23
111  44.44791941 -083.40018966 54 104
111  44.44803953 -083.39991997
111  44.44824522 -083.40008363
112  44.44824522 -083.40008363  44.44838882 -083.40017188
111  44.44847231 -083.40002370
111  44.44818763 -083.40067833
112  44.44814492 -083.40039460  44.44805690 -083.40028818
113  44.44814492 -083.40039460
110 2 0.00 0.0000 New Taxiway 22
112  44.44267970 -083.41276823  44.44264161 -083.41266553
111  44.44267970 -083.41276823
111  44.44243687 -083.41255371 54 104
111  44.44257200 -083.41225474
111  44.44227895 -083.41200796
112  44.44227895 -083.41200796  44.44237539 -083.41204918
112  44.44255036 -083.41207291  44.44263474 -083.41207676
111  44.44255036 -083.41207291
112  44.44255036 -083.41207291  44.44304621 -083.41209555
111  44.44332810 -083.41156512
111  44.44345983 -083.41162959
111  44.44280082 -083.41314530
113  44.44268559 -083.41303460
110 1 0.00 0.0000 New Taxiway 20
112  44.44260374 -083.41290211  44.44254753 -083.41284746
111  44.44260374 -083.41290211
111  44.44123613 -083.41170349
112  44.44087817 -083.41011492  44.44106129 -083.40906533
111  44.44087817 -083.41011492
111  44.45412061 -083.38037124
112  44.45412061 -083.38037124  44.45420621 -083.38006131
111  44.45405189 -083.37987170
111  44.45389883 -083.37984068
111  44.45327418 -083.38125993
111  44.45114677 -083.37937714
111  44.45157118 -083.37843217
111  44.45177718 -083.37844733
111  44.45137325 -083.37937161
111  44.45317414 -083.38091517
111  44.45369988 -083.37974354
112  44.45369988 -083.37974354  44.45377672 -083.37958431
111  44.45395077 -083.37963079
111  44.45400664 -083.37950356
111  44.45406475 -083.37937122
112  44.45402748 -083.37899939  44.45411086 -083.37876889
111  44.45402748 -083.37899939
111  44.45677569 -083.37278793
112  44.45709164 -083.37281836  44.45730373 -083.37300245
111  44.45709164 -083.37281836
112  44.45709164 -083.37281836  44.45738211 -083.37306704
111  44.45725436 -083.37347150
111  44.45746637 -083.37363545
112  44.45794817 -083.37356299  44.45823441 -083.37374062
111  44.45794817 -083.37356299
111  44.45893019 -083.37439778
111  44.45910540 -083.37454672
112  44.45937907 -083.37585137  44.45921247 -083.37666069
111  44.45937907 -083.37585137
111  44.45922311 -083.37624334
111  44.45908887 -083.37612125
111  44.45913272 -083.37601562
112  44.45913272 -083.37601562  44.45920108 -083.37582351
112  44.45916596 -083.37491499  44.45902383 -083.37443350
111  44.45916596 -083.37491499
111  44.45903748 -083.37488243
112  44.45883211 -083.37452555  44.45875741 -083.37444518
111  44.45883211 -083.37452555
111  44.45784080 -083.37368746
112  44.45749969 -083.37377622  44.45734601 -083.37399691
111  44.45749969 -083.37377622
111  44.45248367 -083.38510158
112  44.45248367 -083.38510158  44.45237851 -083.38547893
111  44.45256369 -083.38565512
111  44.45408969 -083.38697834
112  44.45408969 -083.38697834  44.45417029 -083.38703285
111  44.45427234 -083.38700139
112  44.45401070 -083.38704750  44.45386432 -083.38692550
111  44.45401070 -083.38704750
111  44.45383463 -083.38688843
111  44.45371348 -083.38716766
111  44.45394159 -083.38737946
112  44.45394159 -083.38737946  44.45402404 -083.38749497
111  44.45396956 -083.38766300
112  44.45387317 -083.38743748  44.45379813 -083.38735701
111  44.45387317 -083.38743748
111  44.45236021 -083.38612310
112  44.45198667 -083.38621992  44.45184819 -083.38644703
111  44.45198667 -083.38621992
111  44.44667776 -083.39816450
112  44.44667776 -083.39816450  44.44661794 -083.39846073
111  44.44672689 -083.39859841
111  44.44685508 -083.39874711
111  44.44833446 -083.40001721
112  44.44833446 -083.40001721  44.44839931 -083.40004965
111  44.44847231 -083.40002370
112  44.44824522 -083.40008363  44.44810163 -083.39999538
111  44.44824522 -083.40008363
111  44.44803953 -083.39991997
111  44.44791941 -083.40018966
111  44.44814492 -083.40039460
112  44.44814492 -083.40039460  44.44823293 -083.40050101
111  44.44818763 -083.40067833
112  44.44806009 -083.40043337  44.44794969 -083.40033280
111  44.44806009 -083.40043337
111  44.44786028 -083.40028039
111  44.44784429 -083.40024536
111  44.44660167 -083.39918298
112  44.44616525 -083.39931838  44.44598175 -083.39969003
111  44.44137129 -083.41008272
112  44.44137129 -083.41008272  44.44111623 -083.41069579
111  44.44143217 -083.41109682
111  44.44255036 -083.41207291
112  44.44255036 -083.41207291  44.44246597 -083.41206906
112  44.44227895 -083.41200796  44.44218250 -083.41196673
111  44.44227895 -083.41200796
111  44.44257200 -083.41225474
111  44.44243687 -083.41255371
111  44.44267970 -083.41276823
112  44.44267970 -083.41276823  44.44271779 -083.41287093
113  44.44268559 -083.41303460
111  44.45416801 -083.37922925
111  44.45427137 -083.37938658
112  44.45461066 -083.37925692  44.45476964 -083.37901551
111  44.45461066 -083.37925692
111  44.45716313 -083.37347942
112  44.45717089 -083.37325100  44.45714744 -083.37312808
111  44.45717089 -083.37325100
112  44.45717089 -083.37325100  44.45710173 -083.37297917
113  44.45695949 -083.37292331
110 2 0.00 0.0000 New Taxiway 51
111  44.45600201 -083.36152528
111  44.45592250 -083.36124239
111  44.45614021 -083.36111368
113  44.45621651 -083.36140832
110 2 0.00 0.0000 New Taxiway 50
111  44.45583644 -083.36172957
111  44.45546023 -083.36192469
111  44.45540260 -083.36170714
113  44.45577400 -083.36151426
110 2 0.00 0.0000 New Taxiway 49
111  44.45881206 -083.36005734
111  44.45879918 -083.35985162
111  44.45942030 -083.35975207
113  44.45943988 -083.35996130
110 2 0.00 0.0000 New Taxiway 53
111  44.45668732 -083.36095729
111  44.45699469 -083.36027098
111  44.45721076 -083.36044338
113  44.45689480 -083.36112954
110 1 0.00 0.0000 New Taxiway 44
111  44.45791709 -083.35878292
111  44.45794809 -083.35880893
111  44.45790267 -083.35890405
111  44.45799658 -083.35899060
111  44.45797141 -083.35904947
111  44.45808596 -083.35914801
111  44.45816173 -083.35898412
111  44.45811235 -083.35894669
111  44.45901547 -083.35693184
111  44.45935867 -083.35724570
111  44.45861677 -083.35895188
112  44.45862800 -083.35915888  44.45867069 -083.35923738
111  44.45873434 -083.35914890
111  44.45878870 -083.35919735
111  44.45866858 -083.35946813
112  44.45866858 -083.35946813  44.45859520 -083.35967747
111  44.45870860 -083.35969990 53 102
111  44.45940632 -083.35960271
111  44.45941012 -083.35964331
111  44.45942030 -083.35975207
111  44.45879918 -083.35985162 53 102
112  44.45867407 -083.35997663  44.45868241 -083.36007008 53 102
111  44.45881206 -083.36005734
111  44.45943988 -083.35996130
111  44.45945853 -083.36016063
111  44.45946369 -083.36021577 53 102
111  44.45870104 -083.36033951 53 102
112  44.45856134 -083.36056977  44.45856597 -083.36074889
111  44.45856134 -083.36056977 53 102
111  44.45860426 -083.36109091
111  44.45867035 -083.36108485
111  44.45940024 -083.37174309
111  44.45959737 -083.37462159
111  44.45935749 -083.37442258
111  44.45934773 -083.37414790
111  44.45925142 -083.37415623
111  44.45923218 -083.37372001
111  44.45920395 -083.37308001
112  44.45908830 -083.37283429  44.45900762 -083.37275085
111  44.45908830 -083.37283429
111  44.45800390 -083.37189962 53 102
111  44.45807734 -083.37173585 53 102
111  44.45897473 -083.36973473
112  44.45897473 -083.36973473  44.45905611 -083.36954222 53 102
111  44.45904786 -083.36940720 53 102
111  44.45848891 -083.36149548
112  44.45848891 -083.36149548  44.45846111 -083.36130857 53 102
111  44.45826990 -083.36131325 53 102
111  44.45722229 -083.36142938
112  44.45722229 -083.36142938  44.45701684 -083.36150040 53 102
111  44.45706849 -083.36175673 53 102
111  44.45726811 -083.36252328 53 102
111  44.45542877 -083.36347969 53 102
111  44.45512702 -083.36236662 53 102
111  44.45608253 -083.36184335
111  44.45600201 -083.36152528
111  44.45621651 -083.36140832
111  44.45624102 -083.36150474
111  44.45638995 -083.36142978
111  44.45635203 -083.36127364
111  44.45642131 -083.36111579
111  44.45610386 -083.36084481
111  44.45622165 -083.36057282
111  44.45653660 -083.36085309
111  44.45734909 -083.35900180
111  44.45746046 -083.35860793
111  44.45753615 -083.35865213
111  44.45759608 -083.35851134
111  44.45764492 -083.35854753
111  44.45847390 -083.35665938
111  44.45863583 -083.35659728
111  44.45873025 -083.35668444
113  44.45882491 -083.35671894
111  44.45905184 -083.36989193 53 102
111  44.45824625 -083.37170612
112  44.45824625 -083.37170612  44.45821178 -083.37179957 53 102
111  44.45821031 -083.37186807
111  44.45925729 -083.37275850
111  44.45918577 -083.37176061
113  44.45907244 -083.37017934
111  44.45845230 -083.36088860 53 102
111  44.45837162 -083.35979049 53 102
112  44.45822634 -083.35968534  44.45811587 -083.35968309
111  44.45822634 -083.35968534 53 102
111  44.45791379 -083.35975217
111  44.45731294 -083.36113345
112  44.45731294 -083.36113345  44.45730893 -083.36122877 53 102
111  44.45738597 -083.36123112 53 102
111  44.45826566 -083.36113345
114  44.45826566 -083.36113345  44.45845466 -083.36111009 53 102
111  44.45721076 -083.36044338
111  44.45699469 -083.36027098
111  44.45668732 -083.36095729
113  44.45689480 -083.36112954
111  44.45774364 -083.35920780
111  44.45754028 -083.35903293
111  44.45723675 -083.35971924
113  44.45744807 -083.35989957
110 2 0.00 0.0000 New Taxiway 43
111  44.45788756 -083.37207978
112  44.45787515 -083.37186245  44.45786124 -083.37173478
111  44.45787515 -083.37186245
112  44.45787515 -083.37186245  44.45785132 -083.37164366
112  44.45758286 -083.37113131  44.45738347 -083.37094935
111  44.45758286 -083.37113131
111  44.45171535 -083.36586277
111  44.45312762 -083.36272376
111  44.45350108 -083.36302410
111  44.45341809 -083.36324047
111  44.45507120 -083.36238221
111  44.45539763 -083.36363396
111  44.45726214 -083.36263796
111  44.45728428 -083.36288212
111  44.45692465 -083.36371536
111  44.45430561 -083.36510638
111  44.45303752 -083.36396701
112  44.45277527 -083.36405536  44.45267730 -083.36424644
111  44.45277527 -083.36405536
111  44.45210993 -083.36555302
112  44.45210993 -083.36555302  44.45202509 -083.36580420
111  44.45217110 -083.36594807
111  44.45572721 -083.36912720
112  44.45572721 -083.36912720  44.45584727 -083.36921130
111  44.45591563 -083.36906845
111  44.45847534 -083.36331939
111  44.45835105 -083.36145654
112  44.45835105 -083.36145654  44.45834145 -083.36137580
111  44.45826990 -083.36131325
112  44.45848891 -083.36149548  44.45851670 -083.36168239
111  44.45848891 -083.36149548
111  44.45904786 -083.36940720
111  44.45891779 -083.36942278
111  44.45856589 -083.36444345
112  44.45845524 -083.36445679  44.45842642 -083.36452946
111  44.45845524 -083.36445679
111  44.45627668 -083.36938510
112  44.45627668 -083.36938510  44.45621265 -083.36955331
111  44.45629717 -083.36962979
111  44.45774262 -083.37093032
112  44.45774262 -083.37093032  44.45799943 -083.37123093
111  44.45807734 -083.37173585
111  44.45800390 -083.37189962
113  44.45797958 -083.37187865
110 1 0.00 0.0000 New Taxiway 42
111  44.46101802 -083.37587089
111  44.46045322 -083.37538641
112  44.46045322 -083.37538641  44.46042213 -083.37534209
111  44.46042947 -083.37527216
111  44.46047592 -083.37517792
111  44.46107211 -083.37571241
111  44.46188189 -083.37573817
113  44.46187703 -083.37591763
110 1 0.00 0.0000 New Taxiway 41
111  44.45980313 -083.37669774
112  44.46060306 -083.37614867  44.46113098 -083.37614867
111  44.46060306 -083.37614867
111  44.46187328 -083.37620033
111  44.46187132 -083.37636641
111  44.46060654 -083.37634781
114  44.46060654 -083.37634781  44.46021483 -083.37637107
110 2 0.00 0.0000 New Taxiway 40
111  44.46042947 -083.37527216
112  44.46045322 -083.37538641  44.46048432 -083.37543073
111  44.46045322 -083.37538641
111  44.46101802 -083.37587089
111  44.46187703 -083.37591763
111  44.46187328 -083.37620033
111  44.46060306 -083.37614867
112  44.46060306 -083.37614867  44.46007515 -083.37614867
113  44.45980313 -083.37669774
110 1 0.00 0.0000 New Taxiway 39
111  44.45499234 -083.37064845
111  44.45505430 -083.37050380
111  44.45735864 -083.37247254
112  44.45735864 -083.37247254  44.45749065 -083.37255798
111  44.45761314 -083.37242603
111  44.45787515 -083.37186245
112  44.45787515 -083.37186245  44.45788906 -083.37199012
111  44.45788756 -083.37207978
111  44.45772318 -083.37243909
112  44.45730823 -083.37262211  44.45706427 -083.37251394
113  44.45730823 -083.37262211
110 1 0.00 0.0000 New Taxiway 38
111  44.45457966 -083.37211185
111  44.45445511 -083.37192058
111  44.45488388 -083.37090976
111  44.45492639 -083.37094553
112  44.45496577 -083.37123462  44.45490684 -083.37140126
113  44.45496577 -083.37123462
110 1 0.00 0.0000 New Taxiway 37
111  44.45321469 -083.37469711
111  44.45337360 -083.37483618
111  44.45187488 -083.37822625
113  44.45175538 -083.37796034
110 2 0.00 0.0000 New Taxiway 57
111  44.45918577 -083.37176061
111  44.45909111 -083.37177409
111  44.45897493 -083.37019280
113  44.45907244 -083.37017934
110 2 0.00 0.0000 New Taxiway 56
111  44.45867035 -083.36108485
111  44.45873757 -083.36107955
111  44.45949370 -083.37172804
113  44.45940024 -083.37174309
110 2 0.00 0.0000 New Taxiway 55
111  44.45903265 -083.35689352
111  44.45901547 -083.35693184
111  44.45811235 -083.35894669
111  44.45794809 -083.35880893
111  44.45791709 -083.35878292
113  44.45882491 -083.35671894
110 2 0.00 0.0000 New Taxiway 54
111  44.45723675 -083.35971924
111  44.45754028 -083.35903293
111  44.45774364 -083.35920780
113  44.45744807 -083.35989957
110 2 0.00 0.0000 New Taxiway 52
111  44.45610386 -083.36084481
111  44.45591042 -083.36067473
111  44.45612120 -083.36017570
111  44.45631998 -083.36034578
113  44.45622165 -083.36057282
130 Airport Boundary
111  44.43883356 -083.41459741
111  44.43970819 -083.41681859
111  44.43971716 -083.41933208
111  44.43837117 -083.42239993
111  44.43860570 -083.42329714
111  44.43929569 -083.42321768
111  44.44022614 -083.42122943
111  44.44306624 -083.42113644
111  44.44623247 -083.41391083
111  44.44672617 -083.41437912
111  44.45720592 -083.39062682
111  44.45960683 -083.38021575
111  44.46050411 -083.37922265
111  44.46190180 -083.37665531
111  44.46192684 -083.37574365
111  44.46497845 -083.36884838
111  44.46369473 -083.36656218
111  44.46266854 -083.36679744
111  44.45898202 -083.36355495
111  44.45889981 -083.36268679
111  44.45901096 -083.36177285
111  44.46046533 -083.36154894
111  44.46018289 -083.35778274
111  44.45929572 -083.35700590
111  44.45936986 -083.35681977
111  44.45915603 -083.35666701
111  44.45904649 -083.35603939
111  44.45887571 -083.35588359
111  44.45851174 -083.35649767
111  44.45763300 -083.35849004
111  44.45738183 -083.35856251
111  44.45657582 -083.36044737
111  44.45586164 -083.35981645
111  44.45550248 -083.36078959
111  44.45317378 -083.36239913
111  44.45240465 -083.36402708
111  44.45154419 -083.36483048
111  44.45111438 -083.36576901
111  44.45309590 -083.36757864
111  44.45085882 -083.37291404
111  44.45108707 -083.37953527
111  44.45143462 -083.38040279
111  44.45268039 -083.38148276
111  44.44157185 -083.40659301
111  44.44087935 -083.40604471
113  44.43835543 -083.41194821
120 Linear Feature 93
111  44.45542039 -083.36314585 51
115  44.45551674 -083.36309264
120 Linear Feature 93
111  44.45557140 -083.36306538 51
115  44.45566775 -083.36301217
120 Linear Feature 93
111  44.45572982 -083.36298102 51
115  44.45582617 -083.36292781
120 Linear Feature 93
111  44.45588083 -083.36290055 51
115  44.45597718 -083.36284734
120 Linear Feature 93
111  44.45603833 -083.36281878 51
115  44.45613468 -083.36276557
120 Linear Feature 93
111  44.45619305 -083.36273831 51
115  44.45628940 -083.36268510
120 Linear Feature 93
111  44.45605315 -083.36223602 51
115  44.45614950 -083.36218280
120 Linear Feature 93
111  44.45589844 -083.36232557 51
115  44.45599479 -083.36227236
120 Linear Feature 93
111  44.45575021 -083.36240734 51
115  44.45584656 -083.36235413
120 Linear Feature 93
111  44.45559456 -083.36248911 51
115  44.45569091 -083.36243589
120 Linear Feature 93
111  44.45544448 -083.36256698 51
115  44.45554083 -083.36251377
120 Linear Feature 93
111  44.45528698 -083.36265135 51
115  44.45538333 -083.36259813
120 Linear Feature 58
111  44.44280082 -083.41314530 53 102
112  44.44276159 -083.41282400  44.44266894 -083.41268775
111  44.44276159 -083.41282400 53 102
111  44.44135547 -083.41160571 53 102
112  44.44111533 -083.40980819  44.44153797 -083.40864461
111  44.44111533 -083.40980819 53 102
111  44.45416429 -083.38048160
112  44.45416429 -083.38048160  44.45432364 -083.38001307 53 102
111  44.45409064 -083.37976712 53 102
115  44.45394632 -083.37963391
120 Linear Feature 59
112  44.44825130 -083.40089551  44.44830318 -083.40055161 53 102
111  44.44815958 -083.40036993 53 102
111  44.44658684 -083.39904837 53 102
112  44.44608928 -083.39925287  44.44589984 -083.39967333
111  44.44608928 -083.39925287 53 102
111  44.44132122 -083.40993518
112  44.44132122 -083.40993518  44.44095468 -083.41077467 53 102
111  44.44143574 -083.41131486 53 102
111  44.44255945 -083.41226768 53 102
116  44.44332377 -083.41194328  44.44363060 -083.41138457
120 Linear Feature 61
112  44.44614726 -083.39882029  44.44626022 -083.39862978 51 101
111  44.44646548 -083.39872999 51 101
111  44.44835477 -083.40036430 51 101
112  44.44848348 -083.40104242  44.44836341 -083.40148532
111  44.44848348 -083.40104242 51 101
115  44.44816432 -083.40175643
120 Linear Feature 66
112  44.45415032 -083.38735046  44.45446292 -083.38751710 51 101
111  44.45464786 -083.38719383 51 101
115  44.45494386 -083.38652338
120 Linear Feature 68
112  44.45939428 -083.37584475  44.45954220 -083.37500770 53 102
111  44.45912341 -083.37455284 53 102
111  44.45796116 -083.37354355 53 102
112  44.45745528 -083.37362518  44.45725741 -083.37392930
111  44.45745528 -083.37362518 53 102
111  44.45241967 -083.38498611
112  44.45241967 -083.38498611  44.45226522 -083.38549959 53 102
111  44.45250011 -083.38573129 53 102
111  44.45404927 -083.38709735 53 102
116  44.45440417 -083.38702773  44.45453928 -083.38684386
120 Linear Feature 67
111  44.45217018 -083.38527953 51 101
116  44.45226043 -083.38571231  44.45241892 -083.38587154
120 Linear Feature 65
112  44.45193307 -083.38579559  44.45207235 -083.38561842 51 101
111  44.45226043 -083.38571231 51 101
111  44.45415032 -083.38735046 51 101
112  44.45426943 -083.38804480  44.45413941 -083.38847497
111  44.45426943 -083.38804480 51 101
115  44.45395414 -083.38874441
120 Linear Feature 70
111  44.45433630 -083.37978685 51 101
116  44.45464290 -083.37970888  44.45477258 -083.37950703
120 Linear Feature 69
112  44.45442473 -083.38020215  44.45445675 -083.37994200 51 101
111  44.45433630 -083.37978685 51 101
115  44.45400664 -083.37950356
120 Linear Feature 74
111  44.45776380 -083.37321477 51 101
112  44.45746398 -083.37333075  44.45733098 -083.37352689
111  44.45746398 -083.37333075
112  44.45746398 -083.37333075  44.45752469 -083.37308729 51 101
111  44.45738915 -083.37289070 51 101
112  44.45770728 -083.37278067  44.45784464 -083.37257413
111  44.45770728 -083.37278067
112  44.45770728 -083.37278067  44.45764453 -083.37306756 51 101
115  44.45776380 -083.37321477
120 Linear Feature 87
112  44.45849462 -083.36055614  44.45853464 -083.36032064 51
111  44.45868108 -083.36028740 51
115  44.45945853 -083.36016063
120 Linear Feature 89
112  44.45842123 -083.35952698  44.45846259 -083.35976062 51
111  44.45862138 -083.35977201 51
115  44.45941012 -083.35964331
120 Linear Feature 88
111  44.45868108 -083.36028740 51
112  44.45845920 -083.36005951  44.45844454 -083.35985291 51
115  44.45862138 -083.35977201
120 Linear Feature 90
112  44.45852411 -083.36096974  44.45850819 -083.36116797 51 101
111  44.45837744 -083.36120606 51 101
111  44.45736777 -083.36132389 51 101
112  44.45714735 -083.36138468  44.45705215 -083.36143163
111  44.45714735 -083.36138468 51 101
111  44.45644422 -083.36175907 51
111  44.45615221 -083.36191303 51
111  44.45599401 -083.36199645 51
111  44.45584138 -083.36207692 51
111  44.45568785 -083.36215787 51
111  44.45553716 -083.36223732 51
111  44.45539168 -083.36231403
112  44.45539168 -083.36231403  44.45528495 -083.36241215 51
111  44.45531697 -083.36255139 51
111  44.45536091 -083.36271198
112  44.45536091 -083.36271198  44.45542883 -083.36283091 51
111  44.45551975 -083.36280744 51
111  44.45566603 -083.36273079 51
111  44.45581946 -083.36265038 51
111  44.45597010 -083.36257144 51
111  44.45611963 -083.36249308 51
111  44.45627981 -083.36240915 51
111  44.45632711 -083.36238436 51
116  44.45640903 -083.36215570  44.45640054 -083.36198048
120 Linear Feature 95
112  44.45843488 -083.35971836  44.45841887 -083.35963799 51
111  44.45835719 -083.35957773 51
111  44.45779240 -083.35906097 51
112  44.45775782 -083.35870248  44.45783747 -083.35847317
111  44.45775782 -083.35870248 51
115  44.45779931 -083.35861528
120 Linear Feature 60
111  44.44303291 -083.41264612 51 101
111  44.44277241 -083.41265580 51 101
111  44.44143534 -083.41149019 51 101
112  44.44118637 -083.40995329  44.44153003 -083.40894914
111  44.44118637 -083.40995329 51 101
111  44.44614726 -083.39882029 51 101
111  44.44637645 -083.39830596 51 101
111  44.45193307 -083.38579559 51 101
111  44.45217018 -083.38527953 51 101
111  44.45442473 -083.38020215 51 101
111  44.45464290 -083.37970888 51 101
111  44.45746398 -083.37333075 51 101
111  44.45770728 -083.37278067 51 101
111  44.45908865 -083.36964406
112  44.45908865 -083.36964406  44.45913312 -083.36953503 51 101
111  44.45912478 -083.36939329 51 101
111  44.45855512 -083.36140459 51 101
111  44.45852411 -083.36096974 51 101
111  44.45849462 -083.36055614 51 101
111  44.45845920 -083.36005951 51 101
111  44.45843488 -083.35971836 51 101
111  44.45842123 -083.35952698 51 101
111  44.45841388 -083.35942388
112  44.45841388 -083.35942388  44.45840908 -083.35910987 51 101
111  44.45849713 -083.35890129 51 101
111  44.45913428 -083.35743668 51 101
116  44.45910386 -083.35709128  44.45901101 -083.35691857
120 Linear Feature 64
112  44.45404412 -083.38782628  44.45409526 -083.38748520 53 102
111  44.45393850 -083.38733257 53 102
111  44.45236254 -083.38600383 53 102
112  44.45187651 -083.38617875  44.45169307 -083.38649491
111  44.45187651 -083.38617875 53 102
111  44.44663217 -083.39805177
112  44.44663217 -083.39805177  44.44648489 -083.39853837 53 102
111  44.44674744 -083.39877831 53 102
111  44.44823469 -083.40009497
112  44.44823469 -083.40009497  44.44842146 -083.40024447 53 102
115  44.44864207 -083.40003714
120 Linear Feature 63
111  44.44637645 -083.39830596 51 101
116  44.44646548 -083.39872999  44.44661186 -083.39886755
120 Linear Feature 62
112  44.44835477 -083.40036430  44.44865894 -083.40055267 51 101
111  44.44886536 -083.40019154 51 101
115  44.44919755 -083.39944216
120 Linear Feature 81
111  44.45893019 -083.37439778 54 104
115  44.45923218 -083.37372001
120 Linear Feature 80
111  44.45821031 -083.37186807 59
111  44.45780541 -083.37284678
112  44.45780541 -083.37284678  44.45775566 -083.37304667 59
111  44.45788861 -083.37316958 59
115  44.45935804 -083.37443674
120 Linear Feature 79
111  44.45950930 -083.37410610 1
115  44.45941048 -083.37399469
120 Linear Feature 78
111  44.45941589 -083.37412124 1
115  44.45949695 -083.37397954
120 Linear Feature 77
111  44.46125887 -083.37606362 51
115  44.46120560 -083.37598682
120 Linear Feature 76
111  44.46125656 -083.37598790 51
115  44.46120560 -083.37606470
120 Linear Feature 75
112  44.45821031 -083.37186807  44.45820011 -083.37199137 53 102
111  44.45824459 -083.37211779 53 102
111  44.45908371 -083.37284771
112  44.45908371 -083.37284771  44.45917571 -083.37294596 53 102
111  44.45919463 -083.37308490 53 102
111  44.45924969 -083.37424941
112  44.45924969 -083.37424941  44.45925623 -083.37435462 53 102
111  44.45935804 -083.37443674 53 102
115  44.45982602 -083.37484369
120 Linear Feature 73
111  44.45691189 -083.37247788 51 101
111  44.45738915 -083.37289070 51 101
111  44.45776380 -083.37321477 51 101
111  44.45915746 -083.37442028 51 101
116  44.45969376 -083.37517838  44.45979302 -083.37552155
120 Linear Feature 72
111  44.45696605 -083.37236473 53 102
111  44.45730262 -083.37264894 53 102
112  44.45772910 -083.37244224  44.45791481 -083.37207666
111  44.45772910 -083.37244224 53 102
115  44.45800390 -083.37189962
120 Linear Feature 71
111  44.45406475 -083.37937122 53 102
111  44.45420826 -083.37949397 53 102
112  44.45467092 -083.37935044  44.45485658 -083.37902804
111  44.45467092 -083.37935044 53 102
111  44.45728199 -083.37350257 53 102
112  44.45710534 -083.37279888  44.45682311 -083.37254869
111  44.45710534 -083.37279888
112  44.45710534 -083.37279888  44.45689504 -083.37261457 53 102
115  44.45677569 -083.37278793
120 Linear Feature 92
112  44.45641290 -083.36289790  44.45632026 -083.36292386 51
111  44.45626816 -083.36280778 51
111  44.45621566 -083.36263798 51
112  44.45627981 -083.36240915  44.45636705 -083.36232586
111  44.45627981 -083.36240915
112  44.45627981 -083.36240915  44.45618871 -083.36242537 51
111  44.45612765 -083.36230485 51
111  44.45607978 -083.36213720 51
116  44.45615221 -083.36191303  44.45623868 -083.36183841
120 Linear Feature 92
112  44.45626011 -083.36297951  44.45616747 -083.36300547 51
111  44.45611452 -083.36289215 51
111  44.45606202 -083.36272234 51
112  44.45611963 -083.36249308  44.45620687 -083.36240980
111  44.45611963 -083.36249308
112  44.45611963 -083.36249308  44.45602853 -083.36250931 51
111  44.45597401 -083.36238921 51
111  44.45592614 -083.36222156 51
116  44.45599401 -083.36199645  44.45608048 -083.36192182
120 Linear Feature 92
112  44.45610822 -083.36306065  44.45601558 -083.36308661 51
111  44.45596011 -083.36297435 51
111  44.45590762 -083.36280454 51
112  44.45597010 -083.36257144  44.45605734 -083.36248816
111  44.45597010 -083.36257144
112  44.45597010 -083.36257144  44.45587900 -083.36258767 51
111  44.45581960 -083.36247141 51
111  44.45577174 -083.36230377 51
116  44.45584138 -083.36207692  44.45592785 -083.36200229
120 Linear Feature 92
112  44.45595633 -083.36314178  44.45586369 -083.36316774 51
111  44.45580957 -083.36305223 51
111  44.45575707 -083.36288242 51
112  44.45581946 -083.36265038  44.45590670 -083.36256710
111  44.45581946 -083.36265038
112  44.45581946 -083.36265038  44.45572836 -083.36266661 51
111  44.45566906 -083.36254929 51
111  44.45562119 -083.36238164 51
116  44.45568785 -083.36215787  44.45577432 -083.36208324
120 Linear Feature 92
112  44.45580519 -083.36322251  44.45571255 -083.36324847 51
111  44.45565593 -083.36313335 51
111  44.45560343 -083.36296354 51
112  44.45566603 -083.36273079  44.45575327 -083.36264750
111  44.45566603 -083.36273079
112  44.45566603 -083.36273079  44.45557493 -083.36274701 51
111  44.45551542 -083.36263041 51
111  44.45546755 -083.36246276 51
116  44.45553716 -083.36223732  44.45562363 -083.36216269
120 Linear Feature 91
111  44.45644422 -083.36175907 51
112  44.45636959 -083.36200906  44.45640183 -083.36218038
111  44.45636959 -083.36200906 51
111  44.45640903 -083.36215570 51
111  44.45653017 -083.36260610 51
112  44.45643676 -083.36288516  44.45629239 -083.36298791
111  44.45643676 -083.36288516 51
111  44.45641290 -083.36289790 51
111  44.45626011 -083.36297951 51
111  44.45610822 -083.36306065 51
111  44.45595633 -083.36314178 51
111  44.45580519 -083.36322251 51
111  44.45568090 -083.36328890 51
112  44.45549484 -083.36320562  44.45543617 -083.36306393
111  44.45549484 -083.36320562 51
111  44.45544003 -083.36302824 51
116  44.45551975 -083.36280744  44.45561008 -083.36273173
120 Linear Feature 85
111  44.45789744 -083.37138164 1
115  44.45782273 -083.37133678
120 Linear Feature 84
111  44.45786275 -083.37142649 1
115  44.45786408 -083.37130314
120 Linear Feature 83
111  44.45921236 -083.37005472 1
115  44.45911631 -083.36993696
120 Linear Feature 82
111  44.45913499 -083.37007714 1
115  44.45919502 -083.36992014
120 Linear Feature 86
111  44.45860235 -083.36109014 53 102
111  44.45919227 -083.36933812
112  44.45919227 -083.36933812  44.45920431 -083.36956397 53 102
111  44.45914905 -083.36968708 53 102
115  44.45905184 -083.36989193
120 Linear Feature 98
111  44.45828806 -083.36443653 1
115  44.45822850 -083.36419430
120 Linear Feature 97
111  44.45833416 -083.36429388 1
115  44.45818048 -083.36433963
120 Linear Feature 96
111  44.45918060 -083.35713757 53
112  44.45916715 -083.35746593  44.45910183 -083.35761127
111  44.45916715 -083.35746593 53
111  44.45853896 -083.35889510 53
116  44.45870860 -083.35969990  44.45904671 -083.35975911
120 Linear Feature 94
111  44.45855512 -083.36140459 51 101
116  44.45837744 -083.36120606  44.45823976 -083.36120830
21  44.44559006 -083.40913674 2 58.1300 3.00 06  PAPI-4L
21  44.45766503 -083.37887797 2 238.1500 3.00 24  PAPI-4L
14  44.45196363 -083.37480518  82.02 0 New Tower Viewpoint 3
1300  44.45626816 -083.36280778 -68.06 tie_down turboprops|props GA 12
1301 A general_aviation 
1300  44.45611452 -083.36289215 -68.06 tie_down turboprops|props GA 11
1301 A general_aviation 
1300  44.45596011 -083.36297435 -68.06 tie_down turboprops|props GA 10
1301 A general_aviation 
1300  44.45580957 -083.36305223 -68.06 tie_down turboprops|props GA 09
1301 A general_aviation 
1300  44.45565593 -083.36313335 -68.06 tie_down turboprops|props GA 08
1301 A general_aviation 
1300  44.45549484 -083.36320562 -68.06 tie_down turboprops|props GA 07
1301 A general_aviation 
1300  44.45612765 -083.36230485 -68.06 tie_down turboprops|props GA 06
1301 A general_aviation 
1300  44.45597401 -083.36238921 -68.06 tie_down turboprops|props GA 05
1301 A general_aviation 
1300  44.45581960 -083.36247141 -68.06 tie_down turboprops|props GA 04
1301 A general_aviation 
1300  44.45566906 -083.36254929 -68.06 tie_down turboprops|props GA 03
1301 A general_aviation 
1300  44.45551542 -083.36263041 -68.06 tie_down turboprops|props GA 02
1301 A general_aviation 
1300  44.45536091 -083.36271198 -68.97 tie_down turboprops|props GA 01
1301 A general_aviation 
1300  44.45186523 -083.37228594 327.40 hangar jets|turboprops|props Hangar 07
1301 C none 
1300  44.45241466 -083.37120409 327.40 hangar jets|turboprops|props Hangar 06
1301 D none 
1300  44.45271633 -083.37011422 327.40 hangar jets|turboprops|props Hangar 05
1301 C none 
1300  44.45362482 -083.37091823 148.75 hangar jets|turboprops|props Hangar 04
1301 C none 
1300  44.45320042 -083.37187919 148.26 hangar jets|turboprops|props Hangar 03
1301 C none 
1300  44.45269309 -083.37298551 148.75 hangar jets|turboprops|props Hangar 02
1301 B none 
1300  44.45191986 -083.37391800 148.75 hangar jets|turboprops|props Hangar 01
1301 D none 
1300  44.45444232 -083.37268056 328.62 hangar heavy|jets HANGAR: Kalitta 02
1301 E none 
1300  44.45380330 -083.37414158 328.62 hangar heavy|jets HANGAR: Kalitta 01
1301 E none 
1300  44.45626800 -083.37374342 297.30 gate heavy|jets MAINT: Kalitta 07
1301 E cargo 
1300  44.45596370 -083.37454908 297.30 gate heavy|jets MAINT: Kalitta 07
1301 E cargo 
1300  44.45561237 -083.37531299 297.30 gate heavy|jets MAINT: Kalitta 06
1301 E cargo 
1300  44.45529220 -083.37605310 297.30 gate heavy|jets MAINT: Kalitta 05
1301 E cargo 
1300  44.45498643 -083.37675508 297.30 gate heavy|jets MAINT: Kalitta 04
1301 E cargo 
1300  44.45471427 -083.37736959 297.30 gate heavy|jets MAINT: Kalitta 03
1301 E cargo 
1300  44.45444852 -083.37797064 297.30 gate heavy|jets MAINT: Kalitta 02
1301 E cargo 
1300  44.45413155 -083.37868158 297.30 gate heavy|jets MAINT: Kalitta 01
1301 E cargo 
18  44.45805642 -083.37648402 1 BCN
51 12300 CTAF/UNICOM
99
