A
1000 Generated by Infinite Flight Airport Editing (World Parser)/AB

1     1670 1 1 SETH Taisha
100   15.85   2   0 0.25 0 2 0 17  -02.37986458 -077.50427901    0.00    0.00 2 10 0 0 35  -02.38957942 -077.50238899    0.00    0.00 2 10 0 0
21  -02.38158513 -077.50369723  1 169.00   3.00 17  VASI
21  -02.38785887 -077.50297078  1 349.00   3.00 35  VASI
110   2 0.30 169.00 Default taxiway for RWY 17
111 -02.37987776 -077.50434687  53 102 
111 -02.37994623 -077.50469942  53 102 
111 -02.38966107 -077.50280941  53 102 
111 -02.38959260 -077.50245686 
112 -02.38945259 -077.50248410 -02.38952302 -077.50247269  53 102 
111 -02.38953935 -077.50255677  53 102 
112 -02.38956112 -077.50266888 -02.38957745 -077.50275296  53 102 
111 -02.38950745 -077.50276658  53 102 
111 -02.38482504 -077.50367754  53 102 
111 -02.38477018 -077.50339506 
111 -02.38470018 -077.50340868  53 102 
111 -02.38475504 -077.50369116  53 102 
112 -02.38007263 -077.50460211 -02.38000263 -077.50461573  53 102 
111 -02.37998630 -077.50453165  53 102 
112 -02.37996453 -077.50441954 -02.37994820 -077.50433546  53 102 
113 -02.38001777 -077.50431963 
120 Default hold RWY 17 (near)
111 -02.37990540 -077.50448921  54 
115 -02.37997541 -077.50447559 
120 Default hold RWY 17 (centre)
111 -02.38472782 -077.50355102  54 
115 -02.38479782 -077.50353740 
120 Default hold RWY 17 (far)
111 -02.38955023 -077.50261282  54 
115 -02.38962024 -077.50259920 
18  -02.38462674 -077.50284353 1 BCN
19  -02.37968375 -077.50409605 1 WS
19  -02.38976025 -077.50257195 1 WS


130 Airport Boundary
111 -002.38966107 -077.50280762
111 -002.37994623 -077.50469971
111 -002.37987781 -077.50434875
111 -002.37986445 -077.50428009
113 -002.38957930 -077.50238800
99
