I
1050 Generated by WorldEditor 1.6.1r1

1    214 1 0 PGSN Francisco C Ada Saipan Intl
100 61.00 1 0 0.00 1 3 1 07  15.11445896  145.71791755    0   60 3 8 0 1 25  15.12352616  145.74078686    0   58 2 0 0 1
100 30.00 1 0 0.00 1 3 1 06  15.11816353  145.72157368  123    0 2 8 0 1 24  15.12544121  145.73995118    0    0 2 9 0 1
110 2 0.00 0.0000 New Taxiway 27
111  15.11868126  145.72102317
111  15.11872261  145.72108792
111  15.11904784  145.72179191
111  15.11931825  145.72249047
111  15.11931048  145.72262788
111  15.11953743  145.72316181
111  15.11962398  145.72325345
111  15.11989104  145.72393536
111  15.12012530  145.72463106
111  15.12013446  145.72468374
111  15.12042815  145.72540773
111  15.12169687  145.72487645
111  15.12162290  145.72468295
111  15.12049675  145.72183440
111  15.12052012  145.72179136
111  15.12059522  145.72175751
111  15.12051299  145.72154918
111  15.11885050  145.72069012
111  15.11887871  145.72077850
111  15.11884866  145.72079810
113  15.11854309  145.72066568
110 1 0.00 0.0000 New Taxiway 3
111  15.12394981  145.74069749
111  15.12566809  145.73995823
111  15.12060153  145.72717963
112  15.12060153  145.72717963  15.12057582  145.72695364
111  15.12073785  145.72688074
111  15.12096228  145.72678172
111  15.12192833  145.72636554
111  15.12247763  145.72633678
111  15.12248468  145.72644551
111  15.12266096  145.72644022
111  15.12266881  145.72681236
111  15.12374541  145.72680245
111  15.12398614  145.72659827
111  15.12448538  145.72659268
111  15.12448912  145.72650648
111  15.12474343  145.72650939
111  15.12475185  145.72652392
111  15.12480559  145.72653328
111  15.12481912  145.72651149
111  15.12589449  145.72655226
111  15.12642468  145.72633454
111  15.12644057  145.72637716
111  15.12657895  145.72633358
111  15.12653501  145.72620960
111  15.12655558  145.72620379
111  15.12654825  145.72617601
111  15.12652283  145.72618098
111  15.12651673  145.72617375
111  15.12649455  145.72617431
111  15.12639652  145.72584168
111  15.12641708  145.72583215
111  15.12639868  145.72575368
111  15.12598742  145.72564002
111  15.12598188  145.72568663
111  15.12463907  145.72550808
111  15.12461380  145.72549909
111  15.12433502  145.72549297
111  15.12393922  145.72543137
111  15.12393712  145.72532331
111  15.12343650  145.72531861
112  15.12295827  145.72543074  15.12295827  145.72543242
111  15.12277485  145.72538249
111  15.12239921  145.72519003
111  15.12237093  145.72525418
111  15.12187754  145.72500693
111  15.12169687  145.72487645
111  15.12162290  145.72468295
111  15.12049675  145.72183440
111  15.12052012  145.72179136
111  15.12059522  145.72175751
111  15.12051299  145.72154918
111  15.11885050  145.72069012
111  15.11799014  145.72032191
111  15.11775516  145.71998693
111  15.11653826  145.71696463
111  15.11508050  145.71755200
111  15.11522860  145.71789833
112  15.11497302  145.71833934  15.11503248  145.71864267
111  15.11497302  145.71833934
111  15.11500914  145.71842782
111  15.11499164  145.71843758
111  15.11777858  145.72548899
111  15.11785562  145.72562823
112  15.11818928  145.72575041  15.11840874  145.72569881
111  15.11818928  145.72575041
111  15.11837852  145.72567673
111  15.11848442  145.72595338
111  15.11835270  145.72601084
112  15.11813148  145.72629211  15.11810052  145.72650270
111  15.11813148  145.72629211
111  15.11816454  145.72639109
111  15.11812269  145.72642177
111  15.12129464  145.73443634
112  15.12129464  145.73443634  15.12136749  145.73459758
111  15.12156230  145.73463049
111  15.12170437  145.73497359
112  15.12165880  145.73525191  15.12168412  145.73542342
111  15.12165880  145.73525191
111  15.12352704  145.74000487
111  15.12355694  145.74000728
111  15.12362439  145.74016420
111  15.12377678  145.74025469
113  15.12390935  145.74059393
111  15.11613390  145.71762364
112  15.11613390  145.71762364  15.11626417  145.71760573
111  15.11635746  145.71771635
111  15.11664020  145.71829206
111  15.11849684  145.72297539
111  15.11901844  145.72425014
111  15.11925742  145.72494365
112  15.11925742  145.72494365  15.11930994  145.72517699
111  15.11916452  145.72526163
111  15.11820255  145.72563312
112  15.11820255  145.72563312  15.11793795  145.72571254
111  15.11781345  145.72547832
111  15.11587045  145.72061137
111  15.11587886  145.72057070
111  15.11605852  145.72049261
111  15.11604484  145.72045792
111  15.11586659  145.72053353
111  15.11582979  145.72051896
111  15.11503880  145.71846654
112  15.11503880  145.71846654  15.11493978  145.71809561
111  15.11526200  145.71796144
113  15.11597210  145.71766848
111  15.11960852  145.72585422
111  15.11980262  145.72627262
111  15.12184664  145.73138715
111  15.12051419  145.73193885
112  15.12034215  145.73187493  15.12027887  145.73177870
111  15.12034215  145.73187493
111  15.11822281  145.72651877
112  15.11822281  145.72651877  15.11814203  145.72622171
111  15.11839892  145.72609536
111  15.11931428  145.72570485
114  15.11931428  145.72570485  15.11951175  145.72565023
111  15.12186792  145.73144283
111  15.12256381  145.73324351
111  15.12276981  145.73387529
112  15.12276981  145.73387529  15.12279785  145.73404956
111  15.12267691  145.73414725
111  15.12238342  145.73428624
111  15.12172324  145.73453173
112  15.12172324  145.73453173  15.12143489  145.73459798
111  15.12132576  145.73434151
111  15.12047090  145.73217054
112  15.12047090  145.73217054  15.12045700  145.73205194
113  15.12052155  145.73201689
111  15.12309970  145.73469124
111  15.12335175  145.73523516
111  15.12375442  145.73620829
111  15.12479870  145.73885723
111  15.12501606  145.73955209
112  15.12501606  145.73955209  15.12503008  145.73972449
111  15.12489900  145.73980159
111  15.12400938  145.74016940
112  15.12400938  145.74016940  15.12374603  145.74026313
111  15.12358891  145.74001559
111  15.12355684  145.73993982
111  15.12354517  145.73994460
111  15.12172087  145.73529757
112  15.12172087  145.73529757  15.12169730  145.73500353
111  15.12191292  145.73491899
111  15.12281527  145.73456008
114  15.12281527  145.73456008  15.12301510  145.73452134
111  15.11847581  145.72109807
111  15.11853710  145.72107596
112  15.11853710  145.72107596  15.11860879  145.72105868
111  15.11865140  145.72113895
111  15.11897223  145.72182161
111  15.11924584  145.72251104
112  15.11924584  145.72251104  15.11927126  145.72270768
111  15.11910525  145.72278261
112  15.11880510  145.72267878  15.11868499  145.72250054
111  15.11880510  145.72267878
111  15.11833638  145.72143440
114  15.11833638  145.72143440  15.11827093  145.72118501
112  15.11959372  145.72337122  15.11972540  145.72363756
111  15.11959372  145.72337122
111  15.12004146  145.72463274
112  15.12004146  145.72463274  15.12007037  145.72485175
111  15.11992381  145.72491765
112  15.11967319  145.72479100  15.11955944  145.72460052
111  15.11967319  145.72479100
111  15.11913124  145.72348123
112  15.11913124  145.72348123  15.11907981  145.72328188
113  15.11926167  145.72319923
111  15.12037797  145.72545311
111  15.12071238  145.72631767
112  15.12071238  145.72631767  15.12071368  145.72647169
111  15.12055760  145.72653482
112  15.12033621  145.72646203  15.12026739  145.72633222
111  15.12033621  145.72646203
111  15.12032148  145.72642435
111  15.12030266  145.72643120
111  15.12002772  145.72571057
112  15.12002772  145.72571057  15.11993162  145.72544558
111  15.12012966  145.72534469
112  15.12012966  145.72534469  15.12023445  145.72530433
113  15.12030323  145.72534968
111  15.11884866  145.72079810
111  15.11887871  145.72077850
111  15.11885050  145.72069012
111  15.12051299  145.72154918
111  15.12059522  145.72175751
111  15.12052012  145.72179136
111  15.12049675  145.72183440
111  15.12162290  145.72468295
111  15.12169687  145.72487645
111  15.12042815  145.72540773
111  15.12013446  145.72468374
111  15.12012530  145.72463106
111  15.11989104  145.72393536
111  15.11962398  145.72325345
111  15.11953743  145.72316181
111  15.11931048  145.72262788
111  15.11931825  145.72249047
111  15.11904784  145.72179191
111  15.11872261  145.72108792
111  15.11868126  145.72102317
113  15.11854309  145.72066568
110 2 0.00 0.0000 New Taxiway 16
111  15.12649455  145.72617431
111  15.12651673  145.72617375
111  15.12652283  145.72618098
111  15.12654825  145.72617601
111  15.12660681  145.72615985
111  15.12677064  145.72610654
111  15.12682340  145.72607827
111  15.12672556  145.72573771
111  15.12641708  145.72583215
113  15.12639652  145.72584168
110 2 0.00 0.0000 New Taxiway 15
111  15.12598188  145.72568663
111  15.12598742  145.72564002
111  15.12600947  145.72545449
111  15.12466644  145.72527833
113  15.12463907  145.72550808
110 2 0.00 0.0000 New Taxiway 14
111  15.12461380  145.72549909
111  15.12461531  145.72521534
111  15.12434026  145.72520405
113  15.12433502  145.72549297
110 2 0.00 0.0000 New Taxiway 13
111  15.12237093  145.72525418
111  15.12239921  145.72519003
111  15.12243880  145.72509934
111  15.12236932  145.72506257
111  15.12237856  145.72504418
111  15.12217115  145.72493923
111  15.12235791  145.72453620
111  15.12245372  145.72449694
111  15.12243731  145.72444786
111  15.12232262  145.72449334
111  15.12212119  145.72491746
111  15.12199893  145.72485341
111  15.12198282  145.72488601
111  15.12194317  145.72486606
113  15.12187754  145.72500693
110 1 0.00 0.0000 New Taxiway 12
111  15.12052012  145.72179136
111  15.12049675  145.72183440
111  15.12162239  145.72468285
111  15.12173150  145.72463561
111  15.12161853  145.72434970
111  15.12186979  145.72424090
111  15.12172963  145.72388780
111  15.12170753  145.72389771
111  15.12167777  145.72382484
111  15.12170194  145.72381401
111  15.12159886  145.72356049
111  15.12158059  145.72356904
111  15.12155653  145.72351447
111  15.12177253  145.72342165
111  15.12180110  145.72348959
111  15.12170879  145.72353270
111  15.12175749  145.72364760
111  15.12173043  145.72366566
111  15.12190279  145.72410540
111  15.12213557  145.72400659
111  15.12220017  145.72415949
111  15.12238716  145.72429783
111  15.12243731  145.72444786
111  15.12245372  145.72449694
111  15.12247691  145.72456630
111  15.12301619  145.72482033
111  15.12305702  145.72472575
111  15.12250961  145.72445735
111  15.12243546  145.72423701
111  15.12226582  145.72410193
111  15.12228815  145.72409175
111  15.12212126  145.72367840
111  15.12204128  145.72371274
111  15.12199270  145.72360126
111  15.12203003  145.72358466
111  15.12183028  145.72308901
111  15.12193254  145.72304574
111  15.12171441  145.72251167
111  15.12163650  145.72254234
111  15.12156092  145.72235832
111  15.12152040  145.72237527
111  15.12149391  145.72231232
111  15.12124119  145.72241824
111  15.12163106  145.72334118
111  15.12150635  145.72339286
111  15.12146129  145.72329722
111  15.12142550  145.72330610
111  15.12134693  145.72312299
111  15.12141283  145.72309298
111  15.12139745  145.72305465
111  15.12132950  145.72308411
111  15.12127961  145.72296372
111  15.12134690  145.72293477
111  15.12128325  145.72277813
111  15.12118660  145.72281801
111  15.12119079  145.72292351
111  15.12110467  145.72296021
111  15.12094594  145.72256027
111  15.12099840  145.72253766
111  15.12083490  145.72211670
111  15.12078685  145.72213755
111  15.12065292  145.72179875
113  15.12059522  145.72175751
110 1 0.00 0.0000 New Taxiway 8
111  15.12380312  145.74076049
111  15.12394981  145.74069749
111  15.12390935  145.74059393
111  15.12377678  145.74025469
111  15.12362439  145.74016420
111  15.12355694  145.74000728
111  15.12352704  145.74000487
111  15.12165880  145.73525191
112  15.12165880  145.73525191  15.12163348  145.73508041
111  15.12170437  145.73497359
111  15.12156230  145.73463049
112  15.12129464  145.73443634  15.12122179  145.73427511
113  15.12129464  145.73443634
110 1 0.00 0.0000 New Taxiway 4
111  15.11508050  145.71755200
111  15.11467596  145.71772164
111  15.11470751  145.71780117
111  15.11778138  145.72555057
111  15.11812269  145.72642177
111  15.11816454  145.72639109
111  15.11813148  145.72629211
112  15.11813148  145.72629211  15.11816245  145.72608152
111  15.11835270  145.72601084
111  15.11848442  145.72595338
111  15.11837852  145.72567673
111  15.11818928  145.72575041
112  15.11818928  145.72575041  15.11796982  145.72580202
111  15.11785562  145.72562823
111  15.11777858  145.72548899
111  15.11499164  145.71843758
111  15.11500914  145.71842782
111  15.11497302  145.71833934
112  15.11497302  145.71833934  15.11491355  145.71803601
113  15.11522860  145.71789833
130 Airport Boundary 1
111  15.11523594  145.71614661
111  15.11380496  145.71646572
111  15.11360334  145.72060014
111  15.12248444  145.74266794
111  15.12663316  145.74060874
111  15.12352162  145.73229734
111  15.12597939  145.73070004
111  15.12719912  145.72953975
111  15.12731680  145.72692395
111  15.12662654  145.72484107
111  15.12291518  145.72437476
111  15.12200484  145.72181525
111  15.11838351  145.72003293
113  15.11688296  145.71674813
120 Linear Feature 8
112  15.11989692  145.72560658  15.11991963  145.72535320 53 102
111  15.12005848  145.72527646 53 102
111  15.12012176  145.72524901 53 102
112  15.12045136  145.72538840  15.12056179  145.72561292
111  15.12045136  145.72538840 53 102
111  15.12078642  145.72627269 53 102
112  15.12062334  145.72656778  15.12045562  145.72665984
111  15.12062334  145.72656778 53 102
111  15.12055419  145.72659355 53 102
116  15.12026684  145.72652710  15.12015580  145.72640769
120 Linear Feature 7
112  15.11902288  145.72337877  15.11906244  145.72317920 53 102
111  15.11920405  145.72311569 53 102
111  15.11925170  145.72309703
112  15.11925170  145.72309703  15.11946157  145.72303110 53 102
111  15.11963215  145.72324185 53 102
111  15.11990339  145.72393144 53 102
111  15.12013311  145.72461764 53 102
112  15.11999794  145.72501603  15.11978945  145.72516999
111  15.11999794  145.72501603 53 102
111  15.11996282  145.72502959 53 102
116  15.11962428  145.72490806  15.11946843  145.72473486
120 Linear Feature 6
111  15.11826413  145.72151981 53 102
111  15.11824128  145.72145855 53 102
112  15.11842788  145.72101449  15.11870053  145.72087881
111  15.11842788  145.72101449
112  15.11842788  145.72101449  15.11867554  145.72090965 53 102
111  15.11873210  145.72106766 53 102
111  15.11904784  145.72179191 53 102
111  15.11933442  145.72250011 53 102
112  15.11916960  145.72286081  15.11896747  145.72297485
111  15.11916960  145.72286081 53 102
111  15.11911389  145.72288477 53 102
116  15.11880287  145.72282311  15.11870052  145.72270818
120 Linear Feature 4
111  15.12161654  145.72535791 51
111  15.12183730  145.72515717
112  15.12183730  145.72515717  15.12186853  145.72513643 51
111  15.12190746  145.72515070 51
115  15.12207228  145.72523482
120 Linear Feature 3
111  15.12147813  145.72547746 51
112  15.12155849  145.72548826  15.12158967  145.72550294
111  15.12155849  145.72548826 51
111  15.12195893  145.72568580 51
116  15.12199312  145.72575344  15.12198908  145.72579406
120 Linear Feature 2
112  15.12131094  145.72544493  15.12137892  145.72548844 51
112  15.12147813  145.72547746  15.12152055  145.72546515
111  15.12147813  145.72547746
112  15.12147813  145.72547746  15.12153286  145.72546158 51
111  15.12156365  145.72542299 51
111  15.12161654  145.72535791
112  15.12161654  145.72535791  15.12167997  145.72529399 51
111  15.12174322  145.72532119 51
111  15.12200902  145.72545678
112  15.12200902  145.72545678  15.12207027  145.72550905 51
111  15.12206213  145.72558770 51
111  15.12199312  145.72575344 51
111  15.12185760  145.72607890 51
115  15.12172773  145.72630481
120 Linear Feature 45
111  15.12307656  145.72555937 51
111  15.12307525  145.72586646 51
115  15.12307361  145.72625165
120 Linear Feature 46
111  15.12210162  145.72624723 51
111  15.12232083  145.72569776 51
111  15.12236925  145.72557638 51
111  15.12242192  145.72544188 51
111  15.12246721  145.72532799 51
115  15.12247883  145.72529878
120 Linear Feature 1
112  15.12083320  145.72495464  15.12097188  145.72503205 51
111  15.12127950  145.72538166 51
111  15.12131094  145.72544493 51
115  15.12172773  145.72630481
120 Linear Feature 44
111  15.12097783  145.72658232 57 105
111  15.12118960  145.72649483 51
111  15.12172773  145.72630481 51
111  15.12189157  145.72624695 51
111  15.12210162  145.72624723 51
111  15.12307361  145.72625165 51
115  15.12404704  145.72625551
120 Linear Feature 30
111  15.11952910  145.72319683 54 104
111  15.11941177  145.72289938 54 104
115  15.11929510  145.72260081
120 Linear Feature 31
111  15.12037798  145.72530647 54 104
111  15.12027188  145.72504080 54 104
115  15.12013218  145.72469325
120 Linear Feature 29
111  15.12096228  145.72678172 54 104
111  15.12089673  145.72661721 54 104
115  15.12076565  145.72628827
120 Linear Feature 40
111  15.12073231  145.72394099 20
111  15.12086619  145.72388179 20
111  15.12115641  145.72399366 20
111  15.12122987  145.72417767 20
111  15.12110432  145.72445507 20
115  15.12095941  145.72451594
120 Linear Feature 39
111  15.12098423  145.72455723 20
111  15.12114333  145.72449102 20
111  15.12140868  145.72460194 20
111  15.12148485  145.72480130 20
111  15.12136964  145.72507446 20
115  15.12123988  145.72512820
120 Linear Feature 39
111  15.12046925  145.72333535 20
111  15.12063527  145.72326340 20
111  15.12090305  145.72337226 20
111  15.12098096  145.72357527 20
111  15.12085188  145.72384970 20
115  15.12072157  145.72390459
120 Linear Feature 38
111  15.12022333  145.72270174 20
111  15.12038681  145.72263201 20
111  15.12067049  145.72274059 20
111  15.12074742  145.72293981 20
111  15.12061856  145.72321474 20
115  15.12045124  145.72328746
120 Linear Feature 37
111  15.11998201  145.72206674 20
111  15.12011329  145.72200797 20
111  15.12038713  145.72211389 20
111  15.12046226  145.72231393 20
111  15.12033927  145.72259005 20
115  15.12020292  145.72264901
120 Linear Feature 36
111  15.12020069  145.72142555 20
111  15.12032116  145.72169379 20
111  15.12024777  145.72189604 20
111  15.11996171  145.72200279 20
115  15.11982265  145.72194768
120 Linear Feature 35
111  15.11912289  145.72127784 51
115  15.12025591  145.72178473
120 Linear Feature 34
111  15.12141238  145.72471824 51
111  15.12083320  145.72495464 51 101
116  15.12064967  145.72513020  15.12060697  145.72523898
120 Linear Feature 33
111  15.12061326  145.72432759 51 101
116  15.12040587  145.72454490  15.12027858  145.72454798
120 Linear Feature 33
111  15.12036939  145.72372028 51 101
116  15.12016469  145.72393769  15.12001937  145.72397052
120 Linear Feature 33
111  15.12011851  145.72309249 51 101
116  15.11991578  145.72331102  15.11981654  145.72331341
120 Linear Feature 32
112  15.11957635  145.72243601  15.11968513  145.72250689 51 101
111  15.11988042  145.72243709 51
115  15.12041200  145.72221561
120 Linear Feature 32
112  15.12031820  145.72432417  15.12040176  145.72424204 51 101
111  15.12061326  145.72432759 51
115  15.12117135  145.72409189
120 Linear Feature 32
112  15.12007922  145.72371973  15.12015411  145.72363898 51 101
111  15.12036939  145.72372028 51
115  15.12088775  145.72349768
120 Linear Feature 32
112  15.11982767  145.72308917  15.11989721  145.72300705 51 101
111  15.12011851  145.72309249 51
115  15.12070395  145.72284787
120 Linear Feature 28
111  15.12057643  145.72675070 51 105
112  15.12044514  145.72730425  15.12055880  145.72767399
111  15.12044514  145.72730425 51 105
115  15.12052592  145.72751144
120 Linear Feature 20
111  15.12030855  145.72502393 57 105
112  15.12064967  145.72513020  15.12081429  145.72532017
111  15.12064967  145.72513020 51 101
111  15.12105960  145.72614642
112  15.12105960  145.72614642  15.12117845  145.72644004 57 105
111  15.12097783  145.72658232 57 105
111  15.12089673  145.72661721 51 105
111  15.12057643  145.72675070
112  15.12057643  145.72675070  15.12022120  145.72676865 51 105
111  15.12008666  145.72642660 51 105
115  15.11999159  145.72619350
120 Linear Feature 19
111  15.11943455  145.72289007 57 105
112  15.11979862  145.72301605  15.11994595  145.72322922
111  15.11979862  145.72301605 51 101
111  15.11982767  145.72308917 51 101
111  15.11991578  145.72331102 51 101
111  15.12007922  145.72371973 51 101
111  15.12016469  145.72393769 51 101
111  15.12031820  145.72432417 51 101
111  15.12040587  145.72454490 51 101
111  15.12047305  145.72471403
112  15.12047305  145.72471403  15.12048749  145.72492844 57 105
111  15.12030855  145.72502393 57 105
111  15.12027188  145.72504080 51 105
115  15.12001279  145.72515641
120 Linear Feature 18
112  15.11911685  145.72301998  15.11883405  145.72309515 51 105
111  15.11870933  145.72291543 51 105
115  15.11862307  145.72269669
120 Linear Feature 17
112  15.11869487  145.72087038  15.11845591  145.72081347 51 105
116  15.11811793  145.72147163  15.11819067  145.72200619
120 Linear Feature 16
111  15.11765434  145.72030766 51 101
112  15.11777121  145.72044656  15.11784647  145.72049286
111  15.11777121  145.72044656 51 101
111  15.11869487  145.72087038
112  15.11869487  145.72087038  15.11899293  145.72105706 51 101
111  15.11912289  145.72127784 51 101
111  15.11957635  145.72243601 51 101
111  15.11961439  145.72253316
112  15.11961439  145.72253316  15.11963807  145.72281199 57 105
111  15.11943455  145.72289007 57 105
111  15.11941177  145.72289938 51 105
111  15.11911685  145.72301998
112  15.11911685  145.72301998  15.11885404  145.72317106 51 105
111  15.11892682  145.72345218 51 105
115  15.11901948  145.72367406
120 Linear Feature 2
111  15.11536382  145.71789401 54 104
111  15.11528382  145.71768861 54 104
115  15.11522042  145.71752837
120 Linear Feature 15
111  15.12001279  145.72515641 51 105
116  15.11978565  145.72570200  15.11992404  145.72609590
120 Linear Feature 14
111  15.12001279  145.72515641 51 105
116  15.11950269  145.72496396  15.11935467  145.72464735
120 Linear Feature 13
111  15.11924633  145.72548704 51 105
112  15.11978565  145.72570200  15.11990358  145.72599368
111  15.11978565  145.72570200 51 105
115  15.11985711  145.72588274
120 Linear Feature 12
111  15.11832016  145.72586439 51 105
112  15.11797214  145.72670354  15.11815409  145.72736469
111  15.11797214  145.72670354 51 105
115  15.11827551  145.72749417
120 Linear Feature 10
111  15.11894427  145.72542287 54 104
111  15.11896522  145.72548290 54 104
111  15.11900351  145.72558755 54 104
111  15.11904054  145.72568874 54 104
115  15.11906437  145.72575519
120 Linear Feature 11
111  15.11711813  145.72453236 51 105
111  15.11748399  145.72547635
112  15.11748399  145.72547635  15.11772948  145.72611057 51 105
111  15.11832016  145.72586439 51 105
111  15.11848697  145.72579391 57 105
111  15.11900351  145.72558755 51 105
111  15.11924633  145.72548704 51 105
112  15.11950269  145.72496396  15.11943125  145.72466261
111  15.11950269  145.72496396 51 105
115  15.11933180  145.72450717
120 Linear Feature 9
111  15.11854736  145.72595426 54 104
111  15.11852690  145.72589992 54 104
111  15.11848697  145.72579391 54 104
111  15.11844682  145.72568730 54 104
115  15.11842173  145.72562069
120 Linear Feature 8
111  15.11813148  145.72629211 102
112  15.11839404  145.72595338  15.11866597  145.72582678
111  15.11839404  145.72595338 102
111  15.11852690  145.72589992 53 102
111  15.11904054  145.72568874 53 102
111  15.11913556  145.72564967 53 102
116  15.11966023  145.72575438  15.11980364  145.72602446
120 Linear Feature 7
112  15.11935468  145.72494984  15.11946010  145.72527593 53 102
111  15.11905576  145.72544553 53 102
111  15.11896522  145.72548290 53 102
111  15.11844682  145.72568730 102
111  15.11831044  145.72574289 102
116  15.11777858  145.72548899  15.11766419  145.72505502
120 Linear Feature 6
112  15.11495612  145.71841720  15.11482896  145.71804896 53 102
111  15.11524644  145.71786687 53 102
111  15.11584032  145.71762647 53 102
111  15.11607257  145.71753423 53 102
112  15.11644626  145.71769059  15.11660992  145.71791372
111  15.11644626  145.71769059 53 102
111  15.11672951  145.71825569 53 102
115  15.11803873  145.72162360
120 Linear Feature 5
111  15.11850691  145.72065596 53 102
111  15.11795790  145.72041639 53 102
112  15.11776904  145.72022335  15.11770720  145.72008485
111  15.11776904  145.72022335 53 102
111  15.11750842  145.71963522 53 102
111  15.11648159  145.71708959 53 102
111  15.11574597  145.71738641 53 102
115  15.11470751  145.71780117
120 Linear Feature 3
111  15.11574597  145.71738641 56 103
111  15.11578586  145.71748731 56 103
115  15.11584032  145.71762647
120 Linear Feature 1
111  15.11494619  145.71910788 51 105
111  15.11474555  145.71857646
112  15.11474555  145.71857646  15.11461674  145.71796677 51 105
111  15.11503404  145.71779133 51 105
111  15.11528382  145.71768861 57 105
111  15.11568627  145.71752626 51 105
111  15.11578586  145.71748731 51 101
111  15.11610462  145.71736501
112  15.11610462  145.71736501  15.11648961  145.71735334 51 101
111  15.11664349  145.71774745 51 101
111  15.11765434  145.72030766 51 101
115  15.11811793  145.72147163
120 Linear Feature 28
112  15.12274507  145.73435628  15.12312655  145.73424704 51 105
111  15.12327529  145.73452288 51 105
115  15.12351315  145.73512142
120 Linear Feature 27
111  15.12181134  145.73473437 51 105
112  15.12148574  145.73558496  15.12160826  145.73625300
111  15.12148574  145.73558496 51 105
115  15.12172270  145.73619861
120 Linear Feature 26
111  15.12289609  145.73353831 51 105
111  15.12301502  145.73383584
112  15.12301502  145.73383584  15.12307157  145.73422216 51 105
111  15.12274507  145.73435628 51 105
111  15.12251838  145.73444733 57 105
111  15.12200968  145.73465385 51 105
111  15.12181134  145.73473437 51 105
112  15.12101147  145.73438482  15.12076215  145.73389359
111  15.12101147  145.73438482 51 105
115  15.12072312  145.73366773
120 Linear Feature 25
111  15.12207602  145.73481842 54 103
111  15.12205016  145.73475496 54 103
111  15.12200968  145.73465385 54 103
111  15.12196919  145.73455677 54 103
115  15.12194225  145.73448998
120 Linear Feature 24
111  15.12245586  145.73429301 54 103
111  15.12247974  145.73435148 54 103
111  15.12251838  145.73444733 54 103
111  15.12255992  145.73455036 54 103
115  15.12258470  145.73461144
120 Linear Feature 23
112  15.12165880  145.73525191  15.12163348  145.73508041 53 102
111  15.12170437  145.73497359 53 102
112  15.12190165  145.73482167  15.12201322  145.73476333
111  15.12190165  145.73482167 53 102
111  15.12205016  145.73475496 53 102
111  15.12255992  145.73455036 53 102
111  15.12281296  145.73444880 53 102
116  15.12322629  145.73472999  15.12332592  145.73502148
120 Linear Feature 22
111  15.12279042  145.73366062 53 102
111  15.12285620  145.73382256
112  15.12285620  145.73382256  15.12291136  145.73410343 53 102
111  15.12271936  145.73423011 53 102
111  15.12247974  145.73435148 53 102
111  15.12196919  145.73455677 53 102
111  15.12181782  145.73461451
112  15.12181782  145.73461451  15.12169799  145.73465495 53 102
111  15.12156230  145.73463049 53 102
116  15.12129464  145.73443634  15.12122179  145.73427511
120 Linear Feature 10
111  15.12469380  145.73991895 54 103
111  15.12471839  145.73998255 54 103
111  15.12476976  145.74011642 54 103
111  15.12480866  145.74021754 54 103
115  15.12483383  145.74028296
120 Linear Feature 11
111  15.12432064  145.74050596 54 103
111  15.12429357  145.74043280 54 103
111  15.12425718  145.74033447 54 103
111  15.12420779  145.74020147 54 103
115  15.12418465  145.74013915
120 Linear Feature 2
111  15.12308058  145.73957366 51 105
111  15.12324915  145.73999970
112  15.12324915  145.73999970  15.12356346  145.74061296 51 105
112  15.12406926  145.74041443  15.12430191  145.74034748
111  15.12406926  145.74041443 51 105
111  15.12425718  145.74033447 57 105
111  15.12476976  145.74011642 51 105
111  15.12499924  145.74001000
112  15.12499924  145.74001000  15.12528198  145.73983915 51 105
111  15.12526779  145.73955273 51 105
115  15.12509748  145.73913386
120 Linear Feature 20
112  15.12504601  145.73930846  15.12523589  145.73975542 53 102
111  15.12492634  145.73989346 53 102
111  15.12471839  145.73998255 53 102
111  15.12420779  145.74020147 53 102
111  15.12402478  145.74027361
112  15.12402478  145.74027361  15.12393286  145.74029146 53 102
112  15.12377678  145.74025469  15.12370821  145.74023010
111  15.12377678  145.74025469 53 102
115  15.12362439  145.74016420
120 Linear Feature 21
111  15.12390935  145.74059393 53 102
111  15.12429357  145.74043280 53 102
111  15.12480866  145.74021754 53 102
115  15.12530227  145.74001086
21  15.11889866  145.72265573 1 67.6700 3.00 06 VASI
21  15.11631907  145.72031099 1 67.6700 3.00 07 VASI
21  15.12443550  145.73958472 1 247.7000 3.00 24 VASI
21  15.12209127  145.73917783 1 247.7000 3.00 25 VASI
14  15.12342082  145.72872084 101.71 0 Tower
1300  15.12307525  145.72586646  90.21 misc jets|turboprops Maintance Ramp
1301 C none 
1300  15.12207228  145.72523482  26.51 tie_down props GA Ramp 5
1301 A general_aviation 
1300  15.12200902  145.72545678  26.65 tie_down props GA Ramp 6
1301 A general_aviation 
1300  15.12232083  145.72569776  22.43 tie_down props GA Ramp 4
1301 A general_aviation 
1300  15.12236925  145.72557638  22.35 tie_down props GA Ramp 3
1301 A general_aviation 
1300  15.12242192  145.72544188  22.28 tie_down props GA Ramp 2
1301 A general_aviation 
1300  15.12246721  145.72532799  22.35 tie_down props GA Ramp 1
1301 A general_aviation 
1300  15.12141238  145.72471824 -22.01 gate jets TERMINAL Gate 6
1301 C airline 
1300  15.12117135  145.72409189 -22.01 gate jets TERMINAL Gate 5
1301 C airline 
1300  15.12088775  145.72349768 -22.01 gate jets TERMINAL Gate 4
1301 C airline 
1300  15.12070395  145.72284787 -22.01 gate jets TERMINAL Gate 3
1301 C airline 
1300  15.12025591  145.72178473  23.27 gate jets TERMINAL Gate 1
1301 C airline 
1300  15.12041200  145.72221561 -22.01 gate jets TERMINAL Gate 2
1301 C airline 
18  15.12126962  145.72314064 1 BCN
50 12720 ATIS
53 12180 Saipan Ground
54 12570 Saipan Tower
99
