A
1000 Generated by Infinite Flight Airport Editing (World Parser)

1     1051 0 0 KMLE Millard
100   22.86   2   0 1.00 0 2 0 12   41.19923383 -096.11768694   64.92    0.00 2  0 0 1 30   41.19268685 -096.10690397    0.00    0.00 2  0 0 0
21   41.19782051 -096.11471709  2 128.90   3.10 API PAPI-4L
21   41.19375355 -096.10923538  2 308.90   3.10 API PAPI-4L
110   2 1.00 128.90 Taxiway
111  41.19863073 -096.11832993 102 
111  41.19833010 -096.11783390 
112  41.19833010 -096.11783390  41.19829828 -096.11779049 102 
112  41.19821295 -096.11780436  41.19816940 -096.11783218 
111  41.19821295 -096.11780436 
111  41.19789516 -096.11814173 
112  41.19789516 -096.11814173  41.19787171 -096.11818291 
112  41.19789728 -096.11827834  41.19791403 -096.11831062 
111  41.19789728 -096.11827834 
111  41.19800979 -096.11815386 
111  41.19834964 -096.11868846 
111  41.19800576 -096.11902788 
111  41.19773906 -096.11843910 
111  41.19783829 -096.11834134 
112  41.19783829 -096.11834134  41.19782154 -096.11831685 
112  41.19774626 -096.11831500  41.19771443 -096.11834171 
111  41.19774626 -096.11831500 
111  41.19769778 -096.11836396 
111  41.19765385 -096.11828208 
111  41.19816834 -096.11770966 102 
111  41.19829099 -096.11757253 
112  41.19829099 -096.11757253  41.19831531 -096.11754290 102 
112  41.19830496 -096.11745125  41.19828571 -096.11741085 
111  41.19830496 -096.11745125 102 
111  41.19797604 -096.11689620 
111  41.19783261 -096.11665983 102 
111  41.19710315 -096.11545509 
111  41.19697711 -096.11523995 102 
111  41.19624965 -096.11405916 
111  41.19611947 -096.11384503 102 
111  41.19560553 -096.11299921 
111  41.19474769 -096.11158265 102 
111  41.19423154 -096.11072107 
111  41.19402920 -096.11037647 102 
111  41.19372249 -096.10987432 
112  41.19372249 -096.10987432  41.19370541 -096.10985389 
112  41.19364797 -096.10984068  41.19362690 -096.10985581 
111  41.19364797 -096.10984068 
111  41.19349124 -096.11001155 
112  41.19349124 -096.11001155  41.19345265 -096.11008324 
112  41.19348725 -096.11020965  41.19351618 -096.11026275 
111  41.19348725 -096.11020965 
111  41.19358315 -096.11009936 
111  41.19367305 -096.11025145 
111  41.19341590 -096.11052751 
111  41.19332628 -096.11037588 
111  41.19341779 -096.11028603 
112  41.19341779 -096.11028603  41.19335993 -096.11017526 
112  41.19343992 -096.10992391  41.19351552 -096.10985118 
111  41.19343992 -096.10992391 
111  41.19359632 -096.10975158 
112  41.19359632 -096.10975158  41.19360942 -096.10972358 
112  41.19358268 -096.10965091  41.19355763 -096.10960778 
111  41.19358268 -096.10965091 102 
111  41.19261264 -096.10806149 
112  41.19261264 -096.10806149  41.19258710 -096.10802715 102 
112  41.19252545 -096.10802806  41.19249818 -096.10805193 
111  41.19252545 -096.10802806 102 
111  41.19244154 -096.10811982 102 
111  41.19208864 -096.10754497 102 
111  41.19260848 -096.10698684 
111  41.19281915 -096.10733354 
112  41.19281915 -096.10733354  41.19271560 -096.10717284 102 
112  41.19260411 -096.10720302  41.19257144 -096.10722979 
111  41.19260411 -096.10720302 102 
111  41.19248322 -096.10732368 
112  41.19248322 -096.10732368  41.19242528 -096.10739845 102 
112  41.19247067 -096.10757040  41.19251686 -096.10765855 
111  41.19247067 -096.10757040 102 
111  41.19361860 -096.10945978 
112  41.19361860 -096.10945978  41.19367629 -096.10953825 102 
112  41.19379538 -096.10952285  41.19384468 -096.10948621 
111  41.19379538 -096.10952285 102 
111  41.19392000 -096.10938603 
112  41.19392000 -096.10938603  41.19395972 -096.10932939 102 
112  41.19392591 -096.10915881  41.19388636 -096.10905919 
111  41.19392591 -096.10915881 
111  41.19416702 -096.10955630 
112  41.19416702 -096.10955630  41.19410383 -096.10948556 102 
112  41.19399230 -096.10950769  41.19393963 -096.10954426 
111  41.19399230 -096.10950769 102 
111  41.19386687 -096.10964013 
112  41.19386687 -096.10964013  41.19382533 -096.10969270 102 
112  41.19385323 -096.10986010  41.19388610 -096.10996460 
111  41.19385323 -096.10986010 102 
111  41.19529878 -096.11226715 
112  41.19529878 -096.11226715  41.19538829 -096.11239589 102 
112  41.19551948 -096.11234331  41.19558692 -096.11230258 
111  41.19551948 -096.11234331 102 
111  41.19563677 -096.11221777 
112  41.19563677 -096.11221777  41.19566798 -096.11217223 102 
112  41.19563905 -096.11198298  41.19560174 -096.11189597 
111  41.19563905 -096.11198298 
111  41.19589203 -096.11240003 
112  41.19589203 -096.11240003  41.19583645 -096.11233224 102 
112  41.19570985 -096.11234161  41.19565732 -096.11238006 
111  41.19570985 -096.11234161 102 
111  41.19558793 -096.11246642 
112  41.19558793 -096.11246642  41.19553765 -096.11253160 102 
112  41.19558705 -096.11273452  41.19563242 -096.11283392 
111  41.19558705 -096.11273452 102 
111  41.19698579 -096.11503232 
112  41.19698579 -096.11503232  41.19705593 -096.11512732 102 
112  41.19718722 -096.11508839  41.19725061 -096.11504358 
111  41.19718722 -096.11508839 102 
111  41.19731030 -096.11495576 
112  41.19731030 -096.11495576  41.19734486 -096.11489354 102 
112  41.19729735 -096.11471656  41.19725054 -096.11462323 
111  41.19729735 -096.11471656 
111  41.19755294 -096.11513811 
112  41.19755294 -096.11513811  41.19750947 -096.11508330 102 
112  41.19737207 -096.11508946  41.19730965 -096.11513242 
111  41.19737207 -096.11508946 102 
111  41.19725584 -096.11520849 
112  41.19725584 -096.11520849  41.19721672 -096.11526944 102 
112  41.19726364 -096.11549236  41.19732029 -096.11562501 
111  41.19726364 -096.11549236 102 
111  41.19865169 -096.11779202 
112  41.19865169 -096.11779202  41.19875285 -096.11791930 102 
112  41.19888356 -096.11786786  41.19895235 -096.11782304 
111  41.19888356 -096.11786786 102 
111  41.19898460 -096.11775905 
112  41.19898460 -096.11775905  41.19903721 -096.11768735 102 
112  41.19899905 -096.11752208  41.19898151 -096.11747010 
111  41.19899905 -096.11752208 
113  41.19915209 -096.11777451 102 
110   2 1.00 128.90 Ramp
111  41.19466112 -096.11379977 
111  41.19408040 -096.11252104 
111  41.19355015 -096.11108663 
111  41.19403129 -096.11057775 
112  41.19403129 -096.11057775  41.19405751 -096.11053320 102 
112  41.19402919 -096.11037645  41.19399567 -096.11030849 
111  41.19402919 -096.11037645 
111  41.19423155 -096.11072108 
112  41.19423155 -096.11072108  41.19418943 -096.11067340 102 
112  41.19408620 -096.11069725  41.19404564 -096.11073526 
111  41.19408620 -096.11069725 
111  41.19405752 -096.11073537 
112  41.19405752 -096.11073537  41.19403398 -096.11077032 
112  41.19405462 -096.11088123  41.19407608 -096.11092630 
111  41.19405462 -096.11088123 
111  41.19458496 -096.11176230 
111  41.19467739 -096.11179586 
111  41.19474299 -096.11173759 
112  41.19474299 -096.11173759  41.19476816 -096.11170415 102 
112  41.19474769 -096.11158263  41.19471566 -096.11151801 
111  41.19474769 -096.11158263 
111  41.19560555 -096.11299922 
112  41.19560555 -096.11299922  41.19555017 -096.11292747 102 
112  41.19544233 -096.11297428  41.19537588 -096.11302947 
113  41.19544233 -096.11297428 
110   2 1.00 128.90 Hangar Taxiway
111  41.19624965 -096.11405916 
112  41.19624965 -096.11405916  41.19622264 -096.11403033 
112  41.19615499 -096.11404021  41.19613106 -096.11405922 
111  41.19615499 -096.11404021 
111  41.19610979 -096.11408763 
112  41.19610979 -096.11408763  41.19609604 -096.11411339 
112  41.19611363 -096.11419692  41.19613051 -096.11423016 
111  41.19611363 -096.11419692 
111  41.19684485 -096.11539228 
112  41.19684485 -096.11539228  41.19686893 -096.11542245 
112  41.19693458 -096.11541167  41.19696415 -096.11539521 
111  41.19693458 -096.11541167 
111  41.19697766 -096.11536813 
112  41.19697766 -096.11536813  41.19699454 -096.11534902 
112  41.19697711 -096.11523995  41.19695398 -096.11518843 
111  41.19697711 -096.11523995 
111  41.19710317 -096.11545503 
112  41.19710317 -096.11545503  41.19707316 -096.11541681 
112  41.19701067 -096.11542131  41.19698253 -096.11544125 
111  41.19701067 -096.11542131 
111  41.19696768 -096.11546978 
112  41.19696768 -096.11546978  41.19694636 -096.11550634 
112  41.19696424 -096.11559457  41.19698694 -096.11565307 
111  41.19696424 -096.11559457 
111  41.19770066 -096.11679988 
112  41.19770066 -096.11679988  41.19773395 -096.11684523 
112  41.19780071 -096.11684241  41.19782568 -096.11682913 
111  41.19780071 -096.11684241 
111  41.19784264 -096.11679450 
112  41.19784264 -096.11679450  41.19785798 -096.11676957 
112  41.19783261 -096.11665982  41.19781272 -096.11662356 
111  41.19783261 -096.11665982 
111  41.19797606 -096.11689619 
112  41.19797606 -096.11689619  41.19792717 -096.11683878 
112  41.19787615 -096.11686044  41.19785569 -096.11687328 
111  41.19787615 -096.11686044 
111  41.19757664 -096.11718312 
112  41.19757664 -096.11718312  41.19755117 -096.11722434 
112  41.19756270 -096.11731020  41.19758153 -096.11736026 
111  41.19756270 -096.11731020 
111  41.19790601 -096.11787630 
112  41.19790601 -096.11787630  41.19792647 -096.11790501 
112  41.19800630 -096.11789047  41.19805177 -096.11785723 
111  41.19800630 -096.11789047 
111  41.19786434 -096.11804818 
112  41.19786434 -096.11804818  41.19788651 -096.11801343 
112  41.19785826 -096.11792615  41.19784348 -096.11789895 
111  41.19785826 -096.11792615 
111  41.19778307 -096.11800177 
111  41.19744735 -096.11743732 
111  41.19751952 -096.11735874 
112  41.19751952 -096.11735874  41.19749420 -096.11732585 
112  41.19742951 -096.11733947  41.19740071 -096.11736156 
111  41.19742951 -096.11733947 
111  41.19728655 -096.11749202 
112  41.19728655 -096.11749202  41.19723085 -096.11758158 
112  41.19728741 -096.11762374  41.19732953 -096.11761515 
111  41.19728741 -096.11762374 
111  41.19732149 -096.11758770 
111  41.19764251 -096.11814056 
111  41.19759387 -096.11818975 
112  41.19759387 -096.11818975  41.19754091 -096.11825913 
112  41.19765385 -096.11828208  41.19774540 -096.11825795 
111  41.19765385 -096.11828208 
111  41.19769778 -096.11836396 
112  41.19769778 -096.11836396  41.19766707 -096.11839726 
112  41.19766934 -096.11848062  41.19768628 -096.11851533 
111  41.19766934 -096.11848062 
111  41.19785487 -096.11887444 
112  41.19785487 -096.11887444  41.19789817 -096.11896679 
112  41.19783415 -096.11916770  41.19777373 -096.11922659 
111  41.19783415 -096.11916770 
111  41.19775301 -096.11924951 
112  41.19775301 -096.11924951  41.19771776 -096.11926825 
112  41.19751682 -096.11918800  41.19742990 -096.11906012 
111  41.19751682 -096.11918800 
111  41.19692864 -096.11794857 
112  41.19692864 -096.11794857  41.19691198 -096.11792644 
112  41.19687136 -096.11793468  41.19685214 -096.11794944 
111  41.19687136 -096.11793468 
111  41.19683630 -096.11797421 
111  41.19680667 -096.11792264 
111  41.19684665 -096.11788625 
112  41.19684665 -096.11788625  41.19686385 -096.11785426 
112  41.19684045 -096.11779317  41.19681981 -096.11775661 
111  41.19684045 -096.11779317 
111  41.19600220 -096.11640121 
111  41.19625279 -096.11612854 
112  41.19625279 -096.11612854  41.19627191 -096.11609626 
112  41.19625882 -096.11601657  41.19624332 -096.11598567 
111  41.19625882 -096.11601657 
111  41.19588239 -096.11540277 
112  41.19588239 -096.11540277  41.19586103 -096.11537542 
112  41.19581015 -096.11539148  41.19578258 -096.11540954 
111  41.19581015 -096.11539148 
111  41.19554425 -096.11568203 
111  41.19549401 -096.11560528 
111  41.19554861 -096.11553645 
112  41.19554861 -096.11553645  41.19557248 -096.11548886 
112  41.19553942 -096.11537547  41.19550986 -096.11532184 
111  41.19553942 -096.11537547 
111  41.19543036 -096.11518440 
111  41.19549222 -096.11511678 
111  41.19559598 -096.11530395 
112  41.19559598 -096.11530395  41.19573217 -096.11540902 
112  41.19576846 -096.11519501  41.19571581 -096.11508948 
111  41.19576846 -096.11519501 
111  41.19558175 -096.11490891 
112  41.19558175 -096.11490891  41.19555902 -096.11488418 
112  41.19551098 -096.11490986  41.19549186 -096.11492909 
111  41.19551098 -096.11490986 
111  41.19544784 -096.11498128 
111  41.19533451 -096.11479510 
111  41.19611569 -096.11397357 
112  41.19611569 -096.11397357  41.19613542 -096.11394111 
112  41.19611947 -096.11384503  41.19609786 -096.11379509 
113  41.19611947 -096.11384503 
112  41.19653748 -096.11573773  41.19652304 -096.11570300 
111  41.19653748 -096.11573773 
111  41.19579814 -096.11453245 
112  41.19579814 -096.11453245  41.19577063 -096.11450046 
112  41.19569836 -096.11452247  41.19566947 -096.11455080 
111  41.19569836 -096.11452247 
111  41.19559750 -096.11462995 
112  41.19559750 -096.11462995  41.19556873 -096.11467426 
112  41.19558080 -096.11474144  41.19559493 -096.11477699 
111  41.19558080 -096.11474144 
111  41.19630400 -096.11596185 
112  41.19630400 -096.11596185  41.19633896 -096.11600455 
112  41.19640974 -096.11597410  41.19644454 -096.11594695 
111  41.19640974 -096.11597410 
111  41.19651531 -096.11585867 
114  41.19651531 -096.11585867  41.19654489 -096.11582210 
112  41.19668036 -096.11568661  41.19671337 -096.11565736 
111  41.19668036 -096.11568661 
111  41.19678783 -096.11556047 
112  41.19678783 -096.11556047  41.19681465 -096.11551202 
112  41.19679264 -096.11543319  41.19676994 -096.11538840 
111  41.19679264 -096.11543319 
111  41.19606172 -096.11424874 
112  41.19606172 -096.11424874  41.19603796 -096.11421965 
112  41.19597505 -096.11423161  41.19595004 -096.11425321 
111  41.19597505 -096.11423161 
111  41.19586287 -096.11434673 
112  41.19586287 -096.11434673  41.19584361 -096.11437507 
112  41.19584757 -096.11447256  41.19586408 -096.11451095 
111  41.19584757 -096.11447256 
111  41.19658722 -096.11568495 
114  41.19658722 -096.11568495  41.19661473 -096.11571602 
112  41.19739618 -096.11714703  41.19737292 -096.11709845 
111  41.19739618 -096.11714703 
111  41.19665342 -096.11591891 
112  41.19665342 -096.11591891  41.19662316 -096.11588692 
112  41.19655105 -096.11591778  41.19652492 -096.11594063 
111  41.19655105 -096.11591778 
111  41.19643660 -096.11603602 
112  41.19643660 -096.11603602  41.19641164 -096.11607323 
112  41.19643071 -096.11618110  41.19645720 -096.11624344 
111  41.19643071 -096.11618110 
111  41.19716943 -096.11739389 
112  41.19716943 -096.11739389  41.19719488 -096.11743319 
112  41.19724898 -096.11742222  41.19727856 -096.11740760 
111  41.19724898 -096.11742222 
111  41.19739507 -096.11727606 
114  41.19739507 -096.11727606  41.19741723 -096.11724220 
111  41.19744252 -096.11709458 
112  41.19744252 -096.11709458  41.19748129 -096.11713433 
112  41.19753850 -096.11711904  41.19757506 -096.11709549 
111  41.19753850 -096.11711904 
111  41.19766364 -096.11698861 
112  41.19766364 -096.11698861  41.19768445 -096.11693773 
112  41.19765178 -096.11684896  41.19762016 -096.11679145 
111  41.19765178 -096.11684896 
111  41.19691950 -096.11564005 
112  41.19691950 -096.11564005  41.19688786 -096.11560714 
112  41.19682316 -096.11562445  41.19678877 -096.11565736 
111  41.19682316 -096.11562445 
111  41.19671322 -096.11574603 
112  41.19671322 -096.11574603  41.19668571 -096.11578534 
112  41.19669947 -096.11587143  41.19671873 -096.11591439 
113  41.19669947 -096.11587143 
112  41.19712376 -096.11745217  41.19710175 -096.11740098 
111  41.19712376 -096.11745217 
111  41.19638271 -096.11622732 
112  41.19638271 -096.11622732  41.19633883 -096.11616598 
112  41.19629006 -096.11619762  41.19626207 -096.11621874 
111  41.19629006 -096.11619762 
111  41.19612852 -096.11636950 
112  41.19612852 -096.11636950  41.19610976 -096.11639775 
112  41.19611734 -096.11646777  41.19613360 -096.11650350 
111  41.19611734 -096.11646777 
111  41.19687766 -096.11772371 
112  41.19687766 -096.11772371  41.19690866 -096.11775430 
112  41.19696812 -096.11772456  41.19699866 -096.11769647 
111  41.19696812 -096.11772456 
111  41.19709969 -096.11758425 
114  41.19709969 -096.11758425  41.19714027 -096.11753489 
111  41.19722793 -096.11769757 
112  41.19722793 -096.11769757  41.19719889 -096.11765217 
112  41.19713081 -096.11765820  41.19710091 -096.11767579 
111  41.19713081 -096.11765820 
111  41.19700305 -096.11779264 
112  41.19700305 -096.11779264  41.19697669 -096.11782148 
112  41.19697525 -096.11790512  41.19698662 -096.11793946 
111  41.19697525 -096.11790512 
111  41.19756416 -096.11914359 
112  41.19756416 -096.11914359  41.19761177 -096.11919395 
112  41.19771378 -096.11917690  41.19776614 -096.11914479 
111  41.19771378 -096.11917690 
111  41.19779679 -096.11910165 
112  41.19779679 -096.11910165  41.19783808 -096.11905481 
112  41.19780989 -096.11892598  41.19779277 -096.11888851 
113  41.19780989 -096.11892598 
110   1 1.00 128.90 New Taxiway 8
112  41.19599066 -096.11557797  41.19598017 -096.11555205 
111  41.19599066 -096.11557797 
111  41.19609143 -096.11574129 
112  41.19609143 -096.11574129  41.19607839 -096.11572661 
112  41.19603861 -096.11573096  41.19602499 -096.11573970 
111  41.19603861 -096.11573096 
111  41.19598771 -096.11578976 
111  41.19601226 -096.11583345 
111  41.19576988 -096.11610633 
111  41.19568571 -096.11597086 
111  41.19599156 -096.11564492 
114  41.19599156 -096.11564492  41.19599955 -096.11563118 
130 Airport Boundary
111  41.19535997 -096.11636601 
111  41.19100453 -096.10612717 
111  41.19094213 -096.10335528 
111  41.19612392 -096.10961727 
111  41.19667034 -096.10993172 
111  41.19880536 -096.11233432 
111  41.20195371 -096.11942863 
113  41.19694883 -096.11937378 
120 Hold Short 12
111  41.19895723 -096.11798210  54 
115  41.19888744 -096.11786368 
120 Hold Short
111  41.19726915 -096.11519486  54 
115  41.19719760 -096.11507719 
120 Hold Short
111  41.19560099 -096.11245304  54 
115  41.19552936 -096.11233273 
120 Hold Short
111  41.19389502 -096.10961040  54 
115  41.19382231 -096.10949327 
120 Linear Feature 3
112  41.19380841 -096.10990989  41.19376507 -096.10981656  51 
116  41.19382824 -096.10958473  41.19387646 -096.10951354 
120 Linear Feature 2
111  41.19443218 -096.10978214  51 
111  41.19424478 -096.10947346 
112  41.19424478 -096.10947346  41.19420646 -096.10941673  51 
116  41.19399718 -096.10940464  41.19392936 -096.10947454 
120 Linear Feature 1
111  41.19382040 -096.10877724  51 
111  41.19400938 -096.10908727 
112  41.19400938 -096.10908727  41.19404277 -096.10914931  51 
112  41.19399718 -096.10940464  41.19393435 -096.10948449 
111  41.19399718 -096.10940464  51 
111  41.19382824 -096.10958473 
112  41.19382824 -096.10958473  41.19377104 -096.10963995  51 
116  41.19356870 -096.10951386  41.19348708 -096.10940185 
120 Linear Feature 3
112  41.19552294 -096.11274260  41.19547960 -096.11264927  51 
116  41.19554277 -096.11241744  41.19559099 -096.11234625 
120 Linear Feature 2
111  41.19614670 -096.11261485  51 
111  41.19595931 -096.11230617 
112  41.19595931 -096.11230617  41.19592099 -096.11224944  51 
116  41.19571171 -096.11223735  41.19564389 -096.11230725 
120 Linear Feature 1
111  41.19553493 -096.11160995  51 
111  41.19572391 -096.11191998 
112  41.19572391 -096.11191998  41.19575730 -096.11198202  51 
112  41.19571171 -096.11223735  41.19564887 -096.11231720 
111  41.19571171 -096.11223735  51 
111  41.19554277 -096.11241744 
112  41.19554277 -096.11241744  41.19548557 -096.11247266  51 
116  41.19528323 -096.11234657  41.19520161 -096.11223456 
120 Linear Feature 5
112  41.19836477 -096.11743781  41.19838735 -096.11747376  51 
116  41.19837457 -096.11755010  41.19835282 -096.11758652 
120 Linear Feature 4
111  41.19891616 -096.11793064  51 
111  41.19866680 -096.11819301 
112  41.19866680 -096.11819301  41.19863072 -096.11821997  51 
112  41.19858113 -096.11816540  41.19855597 -096.11812400 
111  41.19858113 -096.11816540  51 
111  41.19832462 -096.11773994 
112  41.19832462 -096.11773994  41.19830406 -096.11770432  51 
112  41.19832248 -096.11760895  41.19834118 -096.11757251 
111  41.19832248 -096.11760895  51 
111  41.19837457 -096.11755010 
112  41.19837457 -096.11755010  41.19839244 -096.11753259  51 
116  41.19845704 -096.11759028  41.19846589 -096.11759844 
120 Linear Feature 3
112  41.19718663 -096.11549132  41.19714329 -096.11539799  51 
116  41.19720645 -096.11516616  41.19725467 -096.11509497 
120 Linear Feature 2
111  41.19781039 -096.11536357  51 
111  41.19762299 -096.11505489 
112  41.19762299 -096.11505489  41.19758467 -096.11499816  51 
116  41.19737540 -096.11498607  41.19730757 -096.11505597 
120 Linear Feature 1
111  41.19719862 -096.11435866  51 
111  41.19738759 -096.11466870 
112  41.19738759 -096.11466870  41.19742098 -096.11473073  51 
112  41.19737540 -096.11498607  41.19731256 -096.11506591 
111  41.19737540 -096.11498607  51 
111  41.19720645 -096.11516616 
112  41.19720645 -096.11516616  41.19714926 -096.11522137  51 
116  41.19694692 -096.11509528  41.19686529 -096.11498328 
120 Linear Feature 2
111  41.19904059 -096.11738204  51 
111  41.19907578 -096.11744108 
112  41.19907578 -096.11744108  41.19913005 -096.11754706  51 
112  41.19905217 -096.11777901  41.19897150 -096.11788422 
111  41.19905217 -096.11777901  51 
111  41.19891616 -096.11793064 
112  41.19891616 -096.11793064  41.19882741 -096.11802434  51 
112  41.19860774 -096.11783928  41.19847919 -096.11763094 
111  41.19860774 -096.11783928  51 
111  41.19242227 -096.10761974 
112  41.19242227 -096.10761974  41.19235750 -096.10747911  51 
112  41.19244551 -096.10726287  41.19251850 -096.10717235 
111  41.19244551 -096.10726287  51 
111  41.19261048 -096.10709067 
112  41.19261048 -096.10709067  41.19268500 -096.10702555  51 
112  41.19281246 -096.10711431  41.19285665 -096.10717643 
111  41.19281246 -096.10711431  51 
115  41.19286022 -096.10719405 
120 Hold Short 30
111  41.19248806 -096.10731885  54 
115  41.19241375 -096.10719591 
14   41.19527566 -096.11324271    6 0 FBO
15   41.19495351 -096.11289459 308.80 Hangar One
18   41.19511811 -096.11481406 1 BCN
19   41.19816647 -096.11371325 1 ws
50 11825 AWOS 3
51 12300 CTAF/UNICOM
52 12540 CLNC DEL
55 12010 OMAHA APP/DEP

99
