I
1050 Generated by WorldEditor 2.1.0r1

1     19 1 0 SBFL Florianopolis Intl
100 45.00 1 0 0.25 1 3 1 14 -27.66573342 -048.55122849    0    0 3 1 0 1 32 -27.67648391 -048.53125577    0   60 3 0 0 1
100 45.00 2 0 0.25 0 2 1 03 -27.67672595 -048.55453489    0    0 2 0 0 0 21 -27.66350018 -048.55148421  142    0 2 0 0 0
110 2 0.00 0.0000 New Taxiway 67
111 -27.66321368 -048.54873031
111 -27.66277070 -048.54832504
111 -27.66267018 -048.54846825
111 -27.66269890 -048.54848987
111 -27.66261379 -048.54861329
111 -27.66260077 -048.54860066
111 -27.66240496 -048.54886336
111 -27.66246674 -048.54891952
111 -27.66236143 -048.54907355
111 -27.66233032 -048.54904653
111 -27.66219916 -048.54922651
111 -27.66222199 -048.54924649
111 -27.66213218 -048.54937576
111 -27.66213457 -048.54941842
111 -27.66223887 -048.54949188
111 -27.66227894 -048.54948166
111 -27.66232036 -048.54951187
111 -27.66238156 -048.54942001
111 -27.66281384 -048.54882759
111 -27.66296002 -048.54896605
111 -27.66294066 -048.54899728
111 -27.66294130 -048.54904541
113 -27.66301402 -048.54900643
110 2 0.00 0.0000 New Taxiway 66
111 -27.67522672 -048.56552237
111 -27.67484057 -048.56582706
111 -27.67508709 -048.56622433
113 -27.67546871 -048.56591016
110 1 0.00 0.0000 New Taxiway 63
112 -27.67037389 -048.55351984 -27.67044569 -048.55368198
111 -27.67037389 -048.55351984
111 -27.67134139 -048.55722348
112 -27.67134139 -048.55722348 -27.67195141 -048.55914588
111 -27.67236489 -048.55979565
111 -27.67519976 -048.56453471
112 -27.67521752 -048.56471104 -27.67515573 -048.56476967
111 -27.67521752 -048.56471104
111 -27.67490048 -048.56499958
111 -27.67522672 -048.56552237
111 -27.67546871 -048.56591016
111 -27.67577107 -048.56639469
111 -27.67610171 -048.56613891
112 -27.67610171 -048.56613891 -27.67621540 -048.56604883
111 -27.67632045 -048.56623083
111 -27.67653047 -048.56656687
111 -27.67668475 -048.56644368
111 -27.67244283 -048.55958158
112 -27.67149417 -048.55716193 -27.67092206 -048.55537184
111 -27.67149417 -048.55716193
111 -27.67061227 -048.55364956
112 -27.67061227 -048.55364956 -27.67057876 -048.55346579
111 -27.67068694 -048.55337067
113 -27.67016136 -048.55325068
110 2 0.00 0.0000 New Taxiway 12
111 -27.66425543 -048.54791101
111 -27.66411422 -048.54777860
111 -27.66291988 -048.54939853
113 -27.66306808 -048.54953852
110 2 0.00 121.2900 New Taxiway 3
111 -27.66677091 -048.54419285
111 -27.66611198 -048.54373999
111 -27.66600423 -048.54366593
111 -27.66597809 -048.54364797
111 -27.66595018 -048.54362879 20
111 -27.66498616 -048.54543914
111 -27.66503714 -048.54547379 3
111 -27.66540133 -048.54572131
113 -27.66579378 -048.54598941 3 102
110 1 0.00 121.2900 New Taxiway 1
111 -27.66606525 -048.55185132
112 -27.66606525 -048.55185132 -27.66583173 -048.55166707
111 -27.66589632 -048.55148152
111 -27.67698132 -048.53087289
111 -27.67656459 -048.53058791
111 -27.67625924 -048.53113192
112 -27.67601308 -048.53120669 -27.67588700 -048.53126614
111 -27.67601308 -048.53120669
112 -27.67578390 -048.53163844 -27.67578989 -048.53196737
111 -27.67578390 -048.53163844
112 -27.67574617 -048.53210607 -27.67568033 -048.53227053
111 -27.67574617 -048.53210607
111 -27.67350620 -048.53626121
112 -27.67350620 -048.53626121 -27.67346409 -048.53633896
111 -27.67328205 -048.53638271
112 -27.67328205 -048.53638271 -27.67294312 -048.53650490
111 -27.67296753 -048.53687027
112 -27.67294844 -048.53729425 -27.67289960 -048.53744996
111 -27.67294844 -048.53729425
111 -27.66721385 -048.54792937
112 -27.66721385 -048.54792937 -27.66707868 -048.54816084
111 -27.66677911 -048.54797330
111 -27.66548443 -048.54710156
112 -27.66548443 -048.54710156 -27.66531818 -048.54696879
111 -27.66539908 -048.54671802 3 102
111 -27.66579378 -048.54598941
111 -27.66540133 -048.54572131
112 -27.66540133 -048.54572131 -27.66559145 -048.54589304 3 102
111 -27.66549924 -048.54608583 3 102
111 -27.66516639 -048.54671197
112 -27.66516639 -048.54671197 -27.66506314 -048.54687448 3 102
111 -27.66491886 -048.54677556 3
111 -27.66477018 -048.54666926
111 -27.66446405 -048.54645039
111 -27.66443291 -048.54650016
111 -27.66435399 -048.54662565
111 -27.66427428 -048.54675375
111 -27.66419759 -048.54687806
111 -27.66411896 -048.54700238
111 -27.66404065 -048.54712724
111 -27.66396754 -048.54724412
111 -27.66429667 -048.54752473
112 -27.66429667 -048.54752473 -27.66423149 -048.54761060
111 -27.66415268 -048.54754981
111 -27.66406978 -048.54746829 20
111 -27.66395542 -048.54735585
112 -27.66395542 -048.54735585 -27.66382401 -048.54720394 20
111 -27.66391947 -048.54695888 20
111 -27.66409842 -048.54669579 20
111 -27.66429150 -048.54640206 20
111 -27.66445098 -048.54613384
112 -27.66445098 -048.54613384 -27.66447245 -048.54610037
111 -27.66451017 -048.54613074
111 -27.66456960 -048.54617057
111 -27.66455586 -048.54619206
111 -27.66473446 -048.54631023
111 -27.66475104 -048.54628124
111 -27.66487986 -048.54636641
111 -27.66510445 -048.54591841
111 -27.66487599 -048.54577250 20
111 -27.66503714 -048.54547379
111 -27.66498616 -048.54543914 20
111 -27.66482537 -048.54573891
111 -27.66472019 -048.54567142
111 -27.66465275 -048.54562815
111 -27.66461152 -048.54570234
111 -27.66458313 -048.54568526
111 -27.66447322 -048.54588375
111 -27.66449963 -048.54590363
111 -27.66446814 -048.54596946
111 -27.66442048 -048.54593521
111 -27.66440171 -048.54597141
111 -27.66441698 -048.54602152
111 -27.66423735 -048.54636651 20
111 -27.66416468 -048.54647837
111 -27.66408300 -048.54660411 20
111 -27.66385191 -048.54695985 20
112 -27.66392540 -048.54743096 -27.66410558 -048.54764351
111 -27.66392540 -048.54743096 20
111 -27.66400438 -048.54750617 20
112 -27.66399440 -048.54765066 -27.66393574 -048.54773751
111 -27.66399440 -048.54765066 20
111 -27.66321368 -048.54873031 20
111 -27.66301402 -048.54900643
111 -27.66294130 -048.54904541
111 -27.66294066 -048.54899728
111 -27.66296002 -048.54896605
111 -27.66281384 -048.54882759
111 -27.66238156 -048.54942001
111 -27.66245756 -048.54948709 3
111 -27.66254930 -048.54956806 3
111 -27.66262937 -048.54963872 3
111 -27.66271876 -048.54971762 3
111 -27.66274209 -048.54973820 3
111 -27.66283537 -048.54982054 3
111 -27.66285792 -048.54984043 3
111 -27.66295197 -048.54992345 3
111 -27.66297141 -048.54994060 3
111 -27.66306509 -048.55002329 3 102
111 -27.66325224 -048.54988200
112 -27.66325224 -048.54988200 -27.66332394 -048.54983048 3 102
111 -27.66336002 -048.54989935 3 102
111 -27.66360467 -048.55066109 3 102
111 -27.66360762 -048.55084972 3 102
111 -27.66360844 -048.55090202 3 102
111 -27.66354484 -048.55126733
111 -27.66422568 -048.55142497 3 102
112 -27.66396454 -048.55111274 -27.66388118 -048.55090417
111 -27.66396454 -048.55111274 3 102
111 -27.66384841 -048.55074730 3 102
111 -27.66358699 -048.54992465 3 102
112 -27.66364655 -048.54965187 -27.66373885 -048.54949997
111 -27.66364655 -048.54965187 3 102
111 -27.66379020 -048.54944501 3
111 -27.66393193 -048.54957937 3
111 -27.66396291 -048.54960874 3
111 -27.66524539 -048.54786088 3
111 -27.66521393 -048.54783412 3
111 -27.66506855 -048.54771046 3
111 -27.66495437 -048.54761334 3 102
111 -27.66503346 -048.54745893
112 -27.66535108 -048.54738446 -27.66552969 -048.54747719
111 -27.66535108 -048.54738446
111 -27.66664839 -048.54825602
112 -27.66680813 -048.54868091 -27.66670801 -048.54888757
111 -27.66680813 -048.54868091
111 -27.66531202 -048.55145642
112 -27.66531202 -048.55145642 -27.66521825 -048.55159158
113 -27.66503621 -048.55161537
111 -27.66438062 -048.54743921
111 -27.66431679 -048.54738410
111 -27.66467536 -048.54673338
113 -27.66474295 -048.54678213
112 -27.66311573 -048.54977349 -27.66302239 -048.54970053
111 -27.66311573 -048.54977349
111 -27.66258733 -048.54928874
111 -27.66261792 -048.54924926
111 -27.66273280 -048.54936005
112 -27.66283810 -048.54934924 -27.66289628 -048.54930233
111 -27.66283810 -048.54934924
113 -27.66326412 -048.54975187
130 Airport Boundary
111 -27.66023537 -048.55142933
111 -27.66284282 -048.55205841
111 -27.66490513 -048.55314593
111 -27.67058565 -048.55480546
111 -27.67178745 -048.55925319
111 -27.67362692 -048.56221069
111 -27.67339823 -048.56238822
111 -27.67355545 -048.56263837
111 -27.67382702 -048.56255768
111 -27.67476036 -048.56425343
111 -27.67362169 -048.56517874
111 -27.67422319 -048.56633941
111 -27.67465912 -048.56598166
111 -27.67605691 -048.56829388
111 -27.67881971 -048.56685107
111 -27.67869108 -048.56608606
111 -27.67907699 -048.56257090
111 -27.67760600 -048.56178325
111 -27.67918627 -048.55395642
111 -27.67474167 -048.55281954
111 -27.67481576 -048.55230361
111 -27.68187728 -048.54786397
111 -27.67348381 -048.54162932
111 -27.67961033 -048.53005346
111 -27.67608827 -048.52764088
111 -27.67228284 -048.53437999
111 -27.66824746 -048.53612721
111 -27.66286971 -048.54645186
111 -27.66092111 -048.54881186
113 -27.66043743 -048.54988078
120 Linear Feature 2
111 -27.66384841 -048.55074730 4 104
115 -27.66360762 -048.55084972
120 Linear Feature 1
111 -27.66639397 -048.54776397 4 104
111 -27.66633860 -048.54786464 4 104
115 -27.66628269 -048.54796630
120 Linear Feature 73
111 -27.66404065 -048.54712724 1
115 -27.66411930 -048.54718277
120 Linear Feature 72
111 -27.66411896 -048.54700238 1
115 -27.66419240 -048.54705748
120 Linear Feature 71
111 -27.66419759 -048.54687806 1
115 -27.66427019 -048.54693211
120 Linear Feature 70
111 -27.66427428 -048.54675375 1
115 -27.66434467 -048.54680446
120 Linear Feature 69
111 -27.66435399 -048.54662565 1
115 -27.66442238 -048.54667618
120 Linear Feature 68
111 -27.66443291 -048.54650016 1
115 -27.66450223 -048.54655450
120 Linear Feature 65
112 -27.67063046 -048.55315075 -27.67043774 -048.55311007 1
115 -27.67044313 -048.55329554
120 Linear Feature 64
112 -27.67017087 -048.55304260 -27.67039144 -048.55310486 1
111 -27.67044313 -048.55329554 1
111 -27.67138715 -048.55706270
112 -27.67138715 -048.55706270 -27.67184346 -048.55870180 1
111 -27.67247356 -048.55979040 1
115 -27.67537171 -048.56455554
120 Linear Feature 62
112 -27.66431482 -048.54808555 -27.66432479 -048.54826007 1
115 -27.66445991 -048.54826435
120 Linear Feature 61
111 -27.66407691 -048.54784355 1
111 -27.66431482 -048.54808555
112 -27.66431482 -048.54808555 -27.66446939 -048.54807992 1
115 -27.66449693 -048.54821392
120 Linear Feature 60
111 -27.66554281 -048.54560211 1
116 -27.66577260 -048.54581789 -27.66598003 -048.54582465
120 Linear Feature 59
111 -27.66519178 -048.54536791 1
111 -27.66554281 -048.54560211 1
116 -27.66580780 -048.54575165 -27.66587761 -048.54594306
120 Linear Feature 58
111 -27.66572440 -048.54524257 1
116 -27.66596144 -048.54546070 -27.66617484 -048.54545845
120 Linear Feature 57
111 -27.66537656 -048.54501288 1
111 -27.66572440 -048.54524257 1
116 -27.66599896 -048.54538964 -27.66608871 -048.54558556
120 Linear Feature 56
111 -27.66593482 -048.54487069 1
116 -27.66618099 -048.54504492 -27.66637074 -048.54502303
120 Linear Feature 55
111 -27.66593482 -048.54487069 1
116 -27.66618099 -048.54504492 -27.66625040 -048.54523948
120 Linear Feature 54
111 -27.66557949 -048.54462296 1
111 -27.66593482 -048.54487069 1
115 -27.66601747 -048.54492832
120 Linear Feature 53
111 -27.66621746 -048.54455402 1
116 -27.66637355 -048.54468026 -27.66650319 -048.54468251
120 Linear Feature 52
111 -27.66579065 -048.54425677 1
111 -27.66621746 -048.54455402 1
116 -27.66638999 -048.54464913 -27.66644583 -048.54477073
120 Linear Feature 51
112 -27.66647730 -048.54448378 -27.66638396 -048.54417032 1
115 -27.66608447 -048.54422353
120 Linear Feature 50
111 -27.66608447 -048.54422353 1
116 -27.66647730 -048.54448378 -27.66679322 -048.54441622
120 Linear Feature 49
111 -27.66595260 -048.54413471 1
111 -27.66608447 -048.54422353 1
115 -27.66622544 -048.54431847
120 Linear Feature 48
111 -27.66633593 -048.54415813 1
116 -27.66654248 -048.54436034 -27.66673794 -048.54438061
120 Linear Feature 47
111 -27.66598890 -048.54391943 1
111 -27.66633593 -048.54415813 1
116 -27.66658695 -048.54427613 -27.66669265 -048.54445404
120 Linear Feature 46
111 -27.66342768 -048.54977238 1
112 -27.66340078 -048.54962893 -27.66339924 -048.54955640
111 -27.66340078 -048.54962893 1
115 -27.66338882 -048.54881015
120 Linear Feature 45
111 -27.66365598 -048.54901972 1
116 -27.66377840 -048.54919267 -27.66392798 -048.54922420
120 Linear Feature 44
111 -27.66340468 -048.54878553 1
111 -27.66365598 -048.54901972 1
116 -27.66382739 -048.54912594 -27.66386927 -048.54925880
120 Linear Feature 43
111 -27.66389532 -048.54869320 1
116 -27.66401756 -048.54886690 -27.66415318 -048.54889843
120 Linear Feature 42
111 -27.66364202 -048.54845675 1
111 -27.66389532 -048.54869320 1
116 -27.66406725 -048.54879922 -27.66409916 -048.54892983
120 Linear Feature 41
111 -27.66410673 -048.54836893 1
116 -27.66424150 -048.54856185 -27.66439707 -048.54859338
120 Linear Feature 40
111 -27.66386341 -048.54814600 1
111 -27.66410673 -048.54836893 1
116 -27.66429651 -048.54848692 -27.66431645 -048.54864230
120 Linear Feature 39
112 -27.66463865 -048.54802088 -27.66473771 -048.54776350 1
115 -27.66456781 -048.54766700
120 Linear Feature 38
112 -27.66483714 -048.54761563 -27.66471803 -048.54771415 1
111 -27.66460145 -048.54765439 1
111 -27.66456781 -048.54766700 1
115 -27.66407691 -048.54784355
120 Linear Feature 37
112 -27.66291951 -048.54965388 -27.66290059 -048.54964446 1
115 -27.66288484 -048.54966262
120 Linear Feature 36
112 -27.66303586 -048.54975274 -27.66300989 -048.54973971 1
115 -27.66297723 -048.54977100
120 Linear Feature 35
112 -27.66316918 -048.54985769 -27.66315837 -048.54985937 1
111 -27.66312625 -048.54982955 1
111 -27.66303586 -048.54975274 1
111 -27.66291951 -048.54965388 1
111 -27.66280305 -048.54955493
112 -27.66280305 -048.54955493 -27.66277535 -048.54953408 1
115 -27.66274513 -048.54957011
120 Linear Feature 34
111 -27.66331877 -048.54980452 1
111 -27.66316918 -048.54985769 1
115 -27.66309510 -048.54987401
120 Linear Feature 33
112 -27.66523651 -048.54710745 -27.66517880 -048.54702238 1 101
115 -27.66520347 -048.54689609
120 Linear Feature 32
112 -27.66506951 -048.54714978 -27.66509943 -048.54701654 1 101
115 -27.66503605 -048.54693789
120 Linear Feature 31
111 -27.66501162 -048.54725942 1 101
111 -27.66506951 -048.54714978 1 101
111 -27.66520347 -048.54689609 1 101
111 -27.66577260 -048.54581789 1 101
111 -27.66580780 -048.54575165 1 101
111 -27.66596144 -048.54546070 1 101
111 -27.66599896 -048.54538964 1 101
111 -27.66618099 -048.54504492 1 101
111 -27.66637355 -048.54468026 1 101
111 -27.66638999 -048.54464913 1 101
111 -27.66647730 -048.54448378 1 101
111 -27.66654248 -048.54436034 1 101
111 -27.66658695 -048.54427613 1 101
115 -27.66663171 -048.54419137
120 Linear Feature 30
112 -27.66377158 -048.55088362 -27.66378155 -048.55110430 1 101
115 -27.66367514 -048.55131667
120 Linear Feature 29
112 -27.66530984 -048.54716948 -27.66511870 -048.54711505 1 101
111 -27.66501162 -048.54725942 1 101
111 -27.66483714 -048.54761563 1 101
111 -27.66463865 -048.54802088 1 101
111 -27.66449693 -048.54821392 1 101
111 -27.66445991 -048.54826435 1 101
111 -27.66429651 -048.54848692 1 101
111 -27.66424150 -048.54856185 1 101
111 -27.66406725 -048.54879922 1 101
111 -27.66401756 -048.54886690 1 101
111 -27.66382739 -048.54912594 1 101
111 -27.66377840 -048.54919267 1 101
111 -27.66346358 -048.54962151
112 -27.66346358 -048.54962151 -27.66341510 -048.54969970 1 101
111 -27.66342768 -048.54977238 1 101
111 -27.66377158 -048.55088362 1 101
111 -27.66393134 -048.55138584
112 -27.66393134 -048.55138584 -27.66401032 -048.55159932 1 101
111 -27.66416110 -048.55162364 1 101
115 -27.66455107 -048.55171005
120 Linear Feature 28
111 -27.66668694 -048.54941853 1 101
111 -27.66703733 -048.54876024
112 -27.66703733 -048.54876024 -27.66714933 -048.54853649 1 101
115 -27.66694455 -048.54827542
120 Linear Feature 27
111 -27.66769128 -048.54755876 1 101
111 -27.66733515 -048.54821705
112 -27.66733515 -048.54821705 -27.66722888 -048.54836621 1 101
111 -27.66694455 -048.54827542 1 101
111 -27.66633860 -048.54786464 7 105
111 -27.66597190 -048.54761738 1 101
111 -27.66530984 -048.54716948 1 101
111 -27.66523651 -048.54710745 1 101
111 -27.66503605 -048.54693789 1 101
111 -27.66462055 -048.54662794
112 -27.66462055 -048.54662794 -27.66457747 -048.54659011 1 101
111 -27.66453727 -048.54666686 1 101
115 -27.66419052 -048.54726394
120 Linear Feature 26
111 -27.66254930 -048.54956806 1
111 -27.66264108 -048.54943986 1
111 -27.66254875 -048.54935777 1
115 -27.66245756 -048.54948709
120 Linear Feature 25
111 -27.66271876 -048.54971762 1
111 -27.66279175 -048.54961236 1
111 -27.66274513 -048.54957011 1
111 -27.66270403 -048.54953287 1
115 -27.66262937 -048.54963872
120 Linear Feature 24
111 -27.66283537 -048.54982054 1
111 -27.66292333 -048.54969706 1
111 -27.66288484 -048.54966262 1
111 -27.66282869 -048.54961236 1
115 -27.66274209 -048.54973820
120 Linear Feature 23
111 -27.66295197 -048.54992345 1
111 -27.66302721 -048.54981435 1
111 -27.66297723 -048.54977100 1
111 -27.66293256 -048.54973225 1
115 -27.66285792 -048.54984043
120 Linear Feature 22
111 -27.66306509 -048.55002329 1
111 -27.66314037 -048.54991313 1
111 -27.66309510 -048.54987401 1
111 -27.66304614 -048.54983171 1
115 -27.66297141 -048.54994060
120 Linear Feature 21
111 -27.66513758 -048.54793806 1
115 -27.66504674 -048.54785285
120 Linear Feature 20
111 -27.66499700 -048.54812944 1
115 -27.66490547 -048.54804364
120 Linear Feature 19
111 -27.66485726 -048.54831967 1
115 -27.66476548 -048.54823492
120 Linear Feature 18
111 -27.66471494 -048.54851342 1
115 -27.66462559 -048.54842727
120 Linear Feature 17
111 -27.66457391 -048.54870541 1
115 -27.66447877 -048.54861962
120 Linear Feature 16
111 -27.66443456 -048.54889512 1
115 -27.66434389 -048.54880930
120 Linear Feature 15
111 -27.66428927 -048.54909290 1
115 -27.66419846 -048.54900478
120 Linear Feature 14
111 -27.66414953 -048.54928314 1
115 -27.66405827 -048.54919679
120 Linear Feature 13
111 -27.66400722 -048.54947688 1
115 -27.66391672 -048.54939101
120 Linear Feature 10
111 -27.66393193 -048.54957937 1
111 -27.66400722 -048.54947688 1
111 -27.66414953 -048.54928314 1
111 -27.66428927 -048.54909290 1
111 -27.66443456 -048.54889512 1
111 -27.66457391 -048.54870541 1
111 -27.66471494 -048.54851342 1
111 -27.66485726 -048.54831967 1
111 -27.66499700 -048.54812944 1
111 -27.66513758 -048.54793806 1
115 -27.66521393 -048.54783412
120 Linear Feature 9
111 -27.66379020 -048.54944501 20
115 -27.66506855 -048.54771046
120 Linear Feature 8
111 -27.66595124 -048.54376500 20
111 -27.66603409 -048.54382011 20
115 -27.66611198 -048.54373999
120 Linear Feature 7
111 -27.66576976 -048.54410424 20
111 -27.66585764 -048.54416215 20
111 -27.66593059 -048.54411628 20
111 -27.66593359 -048.54401854 20
115 -27.66584628 -048.54396120
120 Linear Feature 6
111 -27.66556869 -048.54448012 20
111 -27.66565616 -048.54453399 20
111 -27.66574425 -048.54448332 20
111 -27.66574924 -048.54437072 20
115 -27.66565861 -048.54431203
120 Linear Feature 5
111 -27.66536288 -048.54486487 20
111 -27.66544859 -048.54492030 20
111 -27.66553585 -048.54485931 20
111 -27.66554277 -048.54474046 20
115 -27.66545733 -048.54468829
120 Linear Feature 4
111 -27.66516232 -048.54523978 20
111 -27.66525559 -048.54530273 20
111 -27.66535808 -048.54525425 20
111 -27.66534423 -048.54512445 20
115 -27.66525495 -048.54506662
120 Linear Feature 3
111 -27.66452859 -048.54602620 22
112 -27.66470449 -048.54603276 -27.66476682 -048.54595145
111 -27.66470449 -048.54603276 22
115 -27.66597809 -048.54364797
120 Linear Feature 2
112 -27.66406215 -048.54764570 -27.66408874 -048.54756313 22
111 -27.66402983 -048.54748043 22
111 -27.66393032 -048.54738108
112 -27.66393032 -048.54738108 -27.66381124 -048.54724801 22
112 -27.66391767 -048.54691113 -27.66398660 -048.54680615
111 -27.66391767 -048.54691113 22
111 -27.66426325 -048.54638685 22
115 -27.66444229 -048.54609310
120 Linear Feature 1
111 -27.66300965 -048.54911366 20
111 -27.66405363 -048.54767994
112 -27.66405363 -048.54767994 -27.66406168 -048.54766478 20
112 -27.66404033 -048.54766680 -27.66403049 -048.54767741
111 -27.66404033 -048.54766680 20
111 -27.66299305 -048.54909940
112 -27.66299305 -048.54909940 -27.66298675 -048.54911564 20
116 -27.66300965 -048.54911366 -27.66302200 -048.54910396
120 Linear Feature 13
111 -27.67290048 -048.53788780 1 101
111 -27.67314466 -048.53742942
112 -27.67314466 -048.53742942 -27.67326192 -048.53721683 1 101
111 -27.67317824 -048.53701585
112 -27.67317824 -048.53701585 -27.67305106 -048.53675019 1 101
111 -27.67318434 -048.53661606
112 -27.67318434 -048.53661606 -27.67329668 -048.53650836 1 101
115 -27.67339511 -048.53656446
120 Linear Feature 12
111 -27.67564970 -048.53278501 1 101
111 -27.67592701 -048.53227202
112 -27.67592701 -048.53227202 -27.67606126 -048.53201473 1 101
111 -27.67595021 -048.53174884
112 -27.67595021 -048.53174884 -27.67586719 -048.53143171 1 101
111 -27.67606620 -048.53136972
112 -27.67606620 -048.53136972 -27.67618101 -048.53134579 1 101
115 -27.67626479 -048.53139560
120 Linear Feature 11
112 -27.67628241 -048.53121390 -27.67604985 -048.53115905 3 102
112 -27.67583518 -048.53164551 -27.67584254 -048.53190480
111 -27.67583518 -048.53164551 3 102
116 -27.67579278 -048.53212579 -27.67572066 -048.53227705
120 Linear Feature 10
112 -27.67352738 -048.53631963 -27.67349868 -048.53637427 3 102
111 -27.67329592 -048.53644025
112 -27.67329592 -048.53644025 -27.67302122 -048.53653216 3 102
111 -27.67301867 -048.53681936
112 -27.67301867 -048.53681936 -27.67304665 -048.53719033 3 102
115 -27.67298307 -048.53734207
120 Linear Feature 8
111 -27.66503714 -048.54547379 20
111 -27.66516232 -048.54523978 20
111 -27.66525495 -048.54506662 20
111 -27.66536288 -048.54486487 20
111 -27.66545733 -048.54468829 20
111 -27.66556869 -048.54448012 20
111 -27.66565861 -048.54431203 20
111 -27.66576976 -048.54410424 20
111 -27.66584628 -048.54396120 20
111 -27.66595124 -048.54376500 20
115 -27.66600423 -048.54366593
120 Linear Feature 7
112 -27.66467199 -048.54611541 -27.66465360 -048.54614173 20
111 -27.66450036 -048.54610345
112 -27.66450036 -048.54610345 -27.66447245 -048.54610037 20
115 -27.66445098 -048.54613384
120 Linear Feature 6
111 -27.66482537 -048.54573891 20
111 -27.66468719 -048.54599166
112 -27.66468719 -048.54599166 -27.66464583 -048.54605356 20
112 -27.66457976 -048.54592064 -27.66460669 -048.54584896
111 -27.66457976 -048.54592064 20
115 -27.66472019 -048.54567142
120 Linear Feature 5
111 -27.66487599 -048.54577250 20
115 -27.66472822 -048.54604760
120 Linear Feature 4
111 -27.66446814 -048.54596946 20
115 -27.66423735 -048.54636651
120 Linear Feature 3
111 -27.66301402 -048.54900643 20
111 -27.66289858 -048.54910606 20
112 -27.66281733 -048.54928555 -27.66286885 -048.54940687
111 -27.66281733 -048.54928555
112 -27.66281733 -048.54928555 -27.66292920 -048.54943180 20
112 -27.66302929 -048.54916390 -27.66306462 -048.54909908
111 -27.66302929 -048.54916390 20
111 -27.66410534 -048.54767918
112 -27.66410534 -048.54767918 -27.66415833 -048.54759343 20
115 -27.66406978 -048.54746829
120 Linear Feature 2
111 -27.66503346 -048.54745893 3 102
112 -27.66535140 -048.54733259 -27.66554570 -048.54741635
111 -27.66535140 -048.54733259 3 102
111 -27.66628269 -048.54796630 3 102
111 -27.66676435 -048.54829405
112 -27.66676435 -048.54829405 -27.66689633 -048.54839321 3 102
115 -27.66688390 -048.54866165
120 Linear Feature 1
112 -27.66723684 -048.54800423 -27.66707787 -048.54821722 3 102
111 -27.66681462 -048.54805018 3 102
111 -27.66639397 -048.54776397 3 102
111 -27.66542491 -048.54710463
112 -27.66542491 -048.54710463 -27.66529773 -048.54699215 3 102
115 -27.66539908 -048.54671802
21 -27.66667582 -048.54871537 2 121.3000 3.00 14  PAPI-4L
21 -27.67449537 -048.53423443 3 301.2900 3.00 32  PAPI-4L
14 -27.66664110 -048.54116823  29.53 0 Tower
1300 -27.66411930 -048.54718277 -148.69 tie_down props Ramp GA 15
1301 A general_aviation 
1300 -27.66419240 -048.54705748 -145.49 tie_down props Ramp GA 14
1301 A general_aviation 
1300 -27.66427019 -048.54693211 -145.67 tie_down props Ramp GA 13
1301 A general_aviation 
1300 -27.66434467 -048.54680446 -147.32 tie_down props Ramp GA 12
1301 A general_aviation 
1300 -27.66442238 -048.54667618 -145.46 tie_down props Ramp GA 11
1301 A general_aviation 
1300 -27.66450223 -048.54655450 -145.58 tie_down props Ramp GA 10
1301 A general_aviation 
1300 -27.66504674 -048.54785285  39.98 tie_down jets|turboprops|props Ramp GA 09
1301 B general_aviation 
1300 -27.66490547 -048.54804364  39.36 tie_down jets|turboprops|props Ramp GA 08
1301 B general_aviation 
1300 -27.66476548 -048.54823492  39.43 tie_down jets|turboprops|props Ramp GA 07
1301 B general_aviation 
1300 -27.66462559 -048.54842727  40.84 tie_down jets|turboprops|props Ramp GA 06
1301 B general_aviation 
1300 -27.66447877 -048.54861962  38.56 tie_down jets|turboprops|props Ramp GA 05
1301 B general_aviation 
1300 -27.66434389 -048.54880930  39.83 tie_down jets|turboprops|props Ramp GA 04
1301 B general_aviation 
1300 -27.66419846 -048.54900478  40.47 tie_down jets|turboprops|props Ramp GA 03
1301 B general_aviation 
1300 -27.66405827 -048.54919679  40.07 tie_down jets|turboprops|props Ramp GA 02
1301 B general_aviation 
1300 -27.66391672 -048.54939101  39.63 tie_down jets|turboprops|props Ramp GA 01
1301 B general_aviation 
1300 -27.66272799 -048.54960412 127.67 misc helos Helipad 04
1301 A none 
1300 -27.66285265 -048.54968669 127.67 misc helos Helipad 03
1301 A none 
1300 -27.66295569 -048.54980867 127.67 misc helos Helipad 02
1301 A none 
1300 -27.66306705 -048.54991000 127.67 misc helos Helipad 01
1301 A none 
1300 -27.66240889 -048.54925968 -141.43 hangar turboprops|props Hangar 04
1301 A none 
1300 -27.66254771 -048.54908674 -141.43 hangar turboprops|props Hangar 03
1301 A none 
1300 -27.66267934 -048.54888948 -141.43 hangar jets|turboprops|props Hangar 02
1301 B none 
1300 -27.66288756 -048.54862196 -141.43 hangar jets|turboprops|props Hangar 01
1301 B none 
1300 -27.67578705 -048.56596096  53.75 tie_down jets|turboprops Military Ramp 01
1301 D military 
1300 -27.67527364 -048.56576082 145.04 hangar jets|turboprops Military Hangar 01
1301 C none 
1300 -27.66338882 -048.54881015  89.10 gate jets|turboprops Apron 2 Gate 04A
1301 C airline 
1300 -27.66340468 -048.54878553  39.46 gate jets|turboprops Apron 2 Gate 04
1301 C airline 
1300 -27.66364202 -048.54845675  39.37 gate jets|turboprops Apron 2 Gate 03
1301 C airline 
1300 -27.66386341 -048.54814600  38.81 gate jets|turboprops Apron 2 Gate 02
1301 C airline 
1300 -27.66407691 -048.54784355 -17.82 gate jets|turboprops Apron 2 Gate 01B
1301 C airline 
1300 -27.66407691 -048.54784355  42.22 gate jets|turboprops Apron 2 Gate 01
1301 C airline 
1300 -27.66598890 -048.54391943  31.43 gate jets|turboprops Apron 1 Gate 05
1301 C airline 
1300 -27.66595260 -048.54413471  31.66 gate jets|turboprops Apron 1 Gate 05A
1301 D airline 
1300 -27.66579065 -048.54425677  31.66 gate jets|turboprops Apron 1 Gate 04
1301 C airline 
1300 -27.66557949 -048.54462296  31.47 gate jets|turboprops Apron 1 Gate 03
1301 C airline 
1300 -27.66537656 -048.54501288  30.55 gate jets|turboprops Apron 1 Gate 02
1301 C airline 
1300 -27.66519178 -048.54536791  30.36 gate jets|turboprops Apron 1 Gate 01
1301 C airline 
18 -27.66725380 -048.53959048 1 BCN
19 -27.66829208 -048.54881999 1 WS
50 12745 Florianopolis ATIS
53 12170 Florianopolis Ground
54 11870 Florianopolis Tower
55 11950 Florianopolis Approach
55 11965 Florianopolis Approach
55 12895 Florianopolis Approach
55 12945 Florianopolis Approach
51 12280 Florianopolis Unicom
99
