I
1050 Generated by WorldEditor 2.2.0r2

1    181 0 0 2S6 Sportsman Airpark
100 15.24 1 0 0.00 0 1 0 17  45.29856260 -122.95313902  113    0 1 0 0 0 35  45.29110511 -122.95487696   94    0 1 0 0 0
110 2 0.00 0.0000 New Taxiway 6
111  45.29725277 -122.95517731
111  45.29721188 -122.95503102
111  45.29724212 -122.95501307
111  45.29724421 -122.95501183
111  45.29727567 -122.95499317
111  45.29730627 -122.95497501
111  45.29736918 -122.95493768
111  45.29740012 -122.95491932
111  45.29743289 -122.95489987
111  45.29749559 -122.95486267
111  45.29752756 -122.95484369
111  45.29756091 -122.95482390
111  45.29758876 -122.95480738
113  45.29763070 -122.95495282
110 2 0.00 0.0000 New Taxiway 5
111  45.29725823 -122.95473011
111  45.29721949 -122.95459399
111  45.29725010 -122.95457371
111  45.29720901 -122.95443733
111  45.29723022 -122.95442458
111  45.29724386 -122.95441638
111  45.29728052 -122.95439433
111  45.29729451 -122.95438592
111  45.29734155 -122.95435763
111  45.29735510 -122.95434948
111  45.29739044 -122.95432823
111  45.29740410 -122.95432001
111  45.29745250 -122.95429091
111  45.29746677 -122.95428233
111  45.29750163 -122.95426136
111  45.29751474 -122.95425348
111  45.29753762 -122.95423972
111  45.29761979 -122.95451528
111  45.29758678 -122.95453489
111  45.29755626 -122.95455302
111  45.29752515 -122.95457151
111  45.29747269 -122.95460268
111  45.29746734 -122.95460586
111  45.29744120 -122.95462139
111  45.29741229 -122.95463857
111  45.29735284 -122.95467389
111  45.29732162 -122.95469244
113  45.29729092 -122.95471069
110 2 0.00 0.0000 New Taxiway 4
111  45.29703260 -122.95526221
111  45.29693221 -122.95526229
111  45.29693652 -122.95433215
111  45.29703606 -122.95433182
111  45.29703587 -122.95438240
111  45.29703569 -122.95443052
111  45.29703551 -122.95448048
111  45.29703515 -122.95457736
111  45.29703497 -122.95462494
111  45.29703479 -122.95467452
111  45.29703444 -122.95476879
111  45.29703442 -122.95477254
111  45.29703425 -122.95481906
111  45.29703406 -122.95486919
111  45.29703375 -122.95495376
111  45.29703372 -122.95496136
111  45.29703356 -122.95500334
111  45.29703340 -122.95504861
111  45.29703338 -122.95505267
111  45.29703311 -122.95512550
111  45.29703309 -122.95512978
111  45.29703293 -122.95517255
111  45.29703277 -122.95521595
113  45.29703276 -122.95522032
110 1 0.00 0.0000 New Taxiway 3
111  45.29718214 -122.95352718
111  45.29718360 -122.95403140
112  45.29718360 -122.95403140  45.29719384 -122.95419810
111  45.29730298 -122.95417662
111  45.29746769 -122.95407462
111  45.29751474 -122.95425348
111  45.29750163 -122.95426136
111  45.29746677 -122.95428233
111  45.29745250 -122.95429091
111  45.29742643 -122.95420236
111  45.29737714 -122.95423271
111  45.29740410 -122.95432001
111  45.29739044 -122.95432823
111  45.29735510 -122.95434948
111  45.29734155 -122.95435763
111  45.29731583 -122.95427046
111  45.29726606 -122.95430111
111  45.29729451 -122.95438592
111  45.29728052 -122.95439433
111  45.29724386 -122.95441638
111  45.29723022 -122.95442458
111  45.29720398 -122.95433934
112  45.29720398 -122.95433934  45.29716502 -122.95436700
111  45.29716055 -122.95440750
111  45.29716004 -122.95471404
112  45.29716004 -122.95471404  45.29716294 -122.95478297
111  45.29720283 -122.95480610
111  45.29729122 -122.95479494
111  45.29731094 -122.95478299
111  45.29730160 -122.95474928
111  45.29729092 -122.95471069
111  45.29732162 -122.95469244
111  45.29735284 -122.95467389
111  45.29736277 -122.95471035
111  45.29737297 -122.95474622
111  45.29743269 -122.95471073
111  45.29742229 -122.95467395
111  45.29741229 -122.95463857
111  45.29744120 -122.95462139
111  45.29746734 -122.95460586
111  45.29747269 -122.95460268
111  45.29749530 -122.95467353
111  45.29754614 -122.95464332
111  45.29753627 -122.95460953
111  45.29752515 -122.95457151
111  45.29755626 -122.95455302
111  45.29758678 -122.95453489
111  45.29759706 -122.95457601
111  45.29760765 -122.95460709
111  45.29764168 -122.95458691
111  45.29766887 -122.95468009
111  45.29753509 -122.95475182
111  45.29754552 -122.95478063
111  45.29756091 -122.95482390
111  45.29749559 -122.95486267
111  45.29748175 -122.95481625
111  45.29747337 -122.95478650
111  45.29741005 -122.95482148
111  45.29741865 -122.95485099
111  45.29743289 -122.95489987
111  45.29740012 -122.95491932
111  45.29736918 -122.95493768
111  45.29735499 -122.95489066
111  45.29734592 -122.95486061
111  45.29728034 -122.95489318
111  45.29729240 -122.95493123
111  45.29730627 -122.95497501
111  45.29727567 -122.95499317
111  45.29724421 -122.95501183
111  45.29724212 -122.95501307
111  45.29723144 -122.95497166
111  45.29721344 -122.95491128
111  45.29719650 -122.95491413
112  45.29719650 -122.95491413  45.29716741 -122.95492671
111  45.29715763 -122.95499627
111  45.29715682 -122.95513803
112  45.29715682 -122.95513803  45.29715998 -122.95519884
112  45.29718829 -122.95523374  45.29721350 -122.95525048
111  45.29718829 -122.95523374
112  45.29718829 -122.95523374  45.29715057 -122.95526981
111  45.29707443 -122.95527941
111  45.29709165 -122.95522092
111  45.29703276 -122.95522032
111  45.29703277 -122.95521595
111  45.29703293 -122.95517255
111  45.29703309 -122.95512978
111  45.29703311 -122.95512550
111  45.29708917 -122.95512543
111  45.29708947 -122.95505515
111  45.29703338 -122.95505267
111  45.29703340 -122.95504861
111  45.29703356 -122.95500334
111  45.29703372 -122.95496136
111  45.29703375 -122.95495376
111  45.29708991 -122.95495175
111  45.29709026 -122.95486878
111  45.29706725 -122.95486894
111  45.29703406 -122.95486919
111  45.29703425 -122.95481906
111  45.29703442 -122.95477254
111  45.29703444 -122.95476879
111  45.29709069 -122.95476828
111  45.29709109 -122.95467680
111  45.29706824 -122.95467587
111  45.29703479 -122.95467452
111  45.29703497 -122.95462494
111  45.29703515 -122.95457736
111  45.29706822 -122.95457832
111  45.29709150 -122.95457741
111  45.29709191 -122.95448085
111  45.29706910 -122.95448070
111  45.29703551 -122.95448048
111  45.29703569 -122.95443052
111  45.29703587 -122.95438240
111  45.29706932 -122.95438298
111  45.29709232 -122.95438339
111  45.29709235 -122.95437534
112  45.29709235 -122.95437534  45.29708208 -122.95431128
111  45.29703890 -122.95429677
111  45.29697348 -122.95429628
111  45.29697082 -122.95419565
111  45.29704185 -122.95419578
112  45.29704185 -122.95419578  45.29711622 -122.95416395
111  45.29711775 -122.95405471
111  45.29711429 -122.95362738
113  45.29709315 -122.95354287
110 2 0.00 0.0000 New Taxiway 2
111  45.29615850 -122.95502966
111  45.29615403 -122.95478256
111  45.29634205 -122.95477831
113  45.29634567 -122.95502328
110 2 0.00 0.0000 New Taxiway 1
111  45.29605288 -122.95503983
111  45.29607062 -122.95512988
111  45.29608603 -122.95520810
111  45.29587683 -122.95530088
113  45.29584167 -122.95513705
110 2 0.00 0.0000 New Taxiway 10
111  45.29513418 -122.95498062
111  45.29566618 -122.95483439
111  45.29568531 -122.95499104
111  45.29552076 -122.95504416
111  45.29551131 -122.95497779
113  45.29514749 -122.95508261
110 3 0.00 0.0000 New Taxiway 9
111  45.29513353 -122.95463514
111  45.29511562 -122.95444761
111  45.29510158 -122.95430668
111  45.29570013 -122.95416984
113  45.29573235 -122.95447860
110 2 0.00 0.0000 New Taxiway 8
111  45.29492502 -122.95540752
111  45.29506318 -122.95541348
111  45.29507365 -122.95541252
111  45.29558332 -122.95521090
111  45.29563266 -122.95519139
111  45.29565895 -122.95532665
111  45.29509018 -122.95555423
111  45.29508586 -122.95553614
111  45.29501973 -122.95557217
113  45.29492214 -122.95557241
110 3 0.00 0.0000 New Taxiway 7
111  45.29434888 -122.95490052
111  45.29434990 -122.95471256
111  45.29488434 -122.95459375
112  45.29488434 -122.95459375  45.29492258 -122.95455349
112  45.29495758 -122.95450767  45.29499634 -122.95451268
111  45.29495758 -122.95450767
111  45.29500535 -122.95456685
113  45.29502289 -122.95479304
110 2 0.00 0.0000 New Taxiway 6
111  45.29490645 -122.95529844
111  45.29475265 -122.95520053
111  45.29476727 -122.95515493
111  45.29481666 -122.95500085
113  45.29497087 -122.95510196
110 2 0.00 0.0000 New Taxiway 5
111  45.29451385 -122.95505947
111  45.29452038 -122.95520591
111  45.29446189 -122.95521343
111  45.29443428 -122.95521698
111  45.29430515 -122.95523359
111  45.29428909 -122.95523565
111  45.29426335 -122.95523896
111  45.29414360 -122.95525436
111  45.29412318 -122.95525698
111  45.29409596 -122.95526048
111  45.29398233 -122.95527509
111  45.29395663 -122.95527840
111  45.29394718 -122.95527961
111  45.29380782 -122.95529753
111  45.29380129 -122.95515566
111  45.29380899 -122.95515462
111  45.29389297 -122.95514328
111  45.29401532 -122.95512677
111  45.29406463 -122.95512011
111  45.29417867 -122.95510472
111  45.29423144 -122.95509759
111  45.29434088 -122.95508282
113  45.29439295 -122.95507579
110 2 0.00 0.0000 New Taxiway 3
111  45.29365335 -122.95541518
111  45.29360499 -122.95542365
111  45.29354986 -122.95543330
111  45.29349078 -122.95544364
111  45.29348470 -122.95536585
111  45.29347853 -122.95528676
111  45.29347215 -122.95520509
111  45.29352028 -122.95519637
111  45.29357631 -122.95518621
111  45.29363585 -122.95517542
111  45.29364145 -122.95525173
113  45.29364671 -122.95532339
110 2 0.00 0.0000 New Taxiway 1
111  45.29336141 -122.95579520
111  45.29321482 -122.95583006
111  45.29321033 -122.95579066
111  45.29320093 -122.95570826
111  45.29319257 -122.95563493
111  45.29318406 -122.95556033
111  45.29318091 -122.95553271
111  45.29317938 -122.95551930
111  45.29317785 -122.95550588
111  45.29317478 -122.95547898
111  45.29316573 -122.95539962
111  45.29316138 -122.95536150
111  45.29315765 -122.95532883
111  45.29315228 -122.95528171
111  45.29329790 -122.95524827
111  45.29329938 -122.95526095
111  45.29330321 -122.95529395
111  45.29331141 -122.95536456
111  45.29332061 -122.95544379
111  45.29332957 -122.95552096
111  45.29333840 -122.95559705
111  45.29334819 -122.95568134
113  45.29335680 -122.95575551
110 1 0.00 0.0000 New Taxiway 10
111  45.29112907 -122.95508382
111  45.29111138 -122.95492286
111  45.29145710 -122.95486056
112  45.29145710 -122.95486056  45.29133937 -122.95499248
111  45.29139052 -122.95506818
111  45.29146009 -122.95513890
112  45.29146009 -122.95513890  45.29155926 -122.95520250
112  45.29173314 -122.95519719  45.29183690 -122.95519483
111  45.29173314 -122.95519719
111  45.29189702 -122.95518612
111  45.29343347 -122.95502069
111  45.29434888 -122.95490052
111  45.29502289 -122.95479304
112  45.29502289 -122.95479304  45.29505813 -122.95477824
111  45.29507658 -122.95471129
111  45.29505106 -122.95445860
111  45.29501845 -122.95413133
112  45.29501845 -122.95413133  45.29501156 -122.95410350
111  45.29498622 -122.95408868
111  45.29490703 -122.95407836
111  45.29518591 -122.95401408
111  45.29511653 -122.95405705
112  45.29511653 -122.95405705  45.29508156 -122.95408931
111  45.29508538 -122.95414391
111  45.29510158 -122.95430668
111  45.29511562 -122.95444761
111  45.29513353 -122.95463514
111  45.29513826 -122.95468465
112  45.29513826 -122.95468465  45.29515935 -122.95473057
111  45.29521175 -122.95474635
111  45.29578433 -122.95458862
112  45.29578433 -122.95458862  45.29584942 -122.95455228
112  45.29587354 -122.95442450  45.29588724 -122.95435932
111  45.29587354 -122.95442450
111  45.29587533 -122.95425732
111  45.29587210 -122.95403700
112  45.29587210 -122.95403700  45.29586906 -122.95394529
111  45.29581542 -122.95390330
111  45.29572405 -122.95388248
111  45.29605639 -122.95379978
111  45.29596887 -122.95388057
112  45.29596887 -122.95388057  45.29594789 -122.95390872
111  45.29594223 -122.95395133
111  45.29594738 -122.95417167
112  45.29594738 -122.95417167  45.29595690 -122.95421512
111  45.29596991 -122.95424638
112  45.29596991 -122.95424638  45.29600555 -122.95430578
111  45.29602471 -122.95430231
111  45.29625058 -122.95424341
112  45.29625058 -122.95424341  45.29626955 -122.95427622
111  45.29629056 -122.95428500
111  45.29631521 -122.95434802
111  45.29636846 -122.95445846
111  45.29637634 -122.95451974
111  45.29635256 -122.95452366
112  45.29635256 -122.95452366  45.29633264 -122.95453220
111  45.29632640 -122.95455279
111  45.29634205 -122.95477831
111  45.29615403 -122.95478256
111  45.29615850 -122.95502966
111  45.29615891 -122.95508774
111  45.29607062 -122.95512988
111  45.29605288 -122.95503983
111  45.29584167 -122.95513705
111  45.29583545 -122.95510733
111  45.29563266 -122.95519139
111  45.29558332 -122.95521090
111  45.29507365 -122.95541252
111  45.29506318 -122.95541348
111  45.29492502 -122.95540752
111  45.29490699 -122.95535051
111  45.29490645 -122.95529844
111  45.29497087 -122.95510196
111  45.29481666 -122.95500085
111  45.29476727 -122.95515493
111  45.29469467 -122.95510989
111  45.29461412 -122.95530213
111  45.29379131 -122.95542620
112  45.29379131 -122.95542620  45.29371334 -122.95546252
112  45.29367643 -122.95555091  45.29358909 -122.95558921
111  45.29367643 -122.95555091
111  45.29357600 -122.95556697
112  45.29357600 -122.95556697  45.29355411 -122.95557911
111  45.29355129 -122.95560641
111  45.29355955 -122.95571093
111  45.29335680 -122.95575551
111  45.29334819 -122.95568134
111  45.29338905 -122.95567369
112  45.29338905 -122.95567369  45.29342429 -122.95563271
111  45.29338830 -122.95559162
111  45.29333840 -122.95559705
111  45.29332957 -122.95552096
111  45.29337014 -122.95551541
112  45.29337014 -122.95551541  45.29339289 -122.95550494
112  45.29336514 -122.95543550  45.29333695 -122.95542457
111  45.29336514 -122.95543550
111  45.29332061 -122.95544379
111  45.29331141 -122.95536456
111  45.29335690 -122.95535662
112  45.29335690 -122.95535662  45.29338380 -122.95532064
111  45.29335642 -122.95528324
111  45.29330321 -122.95529395
111  45.29329938 -122.95526095
111  45.29333136 -122.95524847
111  45.29335192 -122.95524485
112  45.29335192 -122.95524485  45.29336693 -122.95523826
111  45.29336771 -122.95520840
111  45.29336396 -122.95512351
112  45.29336396 -122.95512351  45.29335884 -122.95510075
111  45.29334109 -122.95509805
111  45.29309980 -122.95512256
112  45.29309980 -122.95512256  45.29307605 -122.95513698
111  45.29307192 -122.95517740
111  45.29308891 -122.95530895
111  45.29310263 -122.95533574
111  45.29315765 -122.95532883
111  45.29316138 -122.95536150
111  45.29316573 -122.95539962
111  45.29312375 -122.95541030
112  45.29312375 -122.95541030  45.29307726 -122.95546532
111  45.29312928 -122.95549324
111  45.29317478 -122.95547898
111  45.29317785 -122.95550588
111  45.29317938 -122.95551930
111  45.29318091 -122.95553271
111  45.29318406 -122.95556033
111  45.29313954 -122.95556855
112  45.29313954 -122.95556855  45.29310595 -122.95562515
111  45.29314722 -122.95565018
111  45.29319257 -122.95563493
111  45.29320093 -122.95570826
111  45.29315807 -122.95572127
112  45.29315807 -122.95572127  45.29313490 -122.95574156
112  45.29316845 -122.95580056  45.29319533 -122.95580293
111  45.29316845 -122.95580056
111  45.29321033 -122.95579066
111  45.29321482 -122.95583006
111  45.29309894 -122.95585870
111  45.29302509 -122.95518682
111  45.29301294 -122.95514377
111  45.29299119 -122.95513507
111  45.29189990 -122.95525285
111  45.29174184 -122.95526356
112  45.29174184 -122.95526356  45.29161342 -122.95526670
112  45.29148552 -122.95522391  45.29142028 -122.95519267
111  45.29148552 -122.95522391
111  45.29133379 -122.95511800
112  45.29133379 -122.95511800  45.29129544 -122.95509353
113  45.29126667 -122.95508702
112  45.29362930 -122.95508965  45.29362018 -122.95512728
111  45.29362930 -122.95508965
111  45.29363585 -122.95517542
111  45.29357631 -122.95518621
111  45.29352028 -122.95519637
111  45.29351365 -122.95510366
112  45.29351365 -122.95510366  45.29350777 -122.95508507
112  45.29346393 -122.95511027  45.29344872 -122.95515581
111  45.29346393 -122.95511027
111  45.29346459 -122.95516558
111  45.29347215 -122.95520509
111  45.29347853 -122.95528676
111  45.29348470 -122.95536585
111  45.29342538 -122.95537587
111  45.29344089 -122.95548144
112  45.29344089 -122.95548144  45.29344599 -122.95549769
111  45.29345717 -122.95550610
111  45.29348932 -122.95550333
111  45.29349078 -122.95544364
111  45.29354986 -122.95543330
111  45.29360499 -122.95542365
111  45.29360637 -122.95547867
112  45.29360637 -122.95547867  45.29364103 -122.95552426
111  45.29365776 -122.95546193
111  45.29365335 -122.95541518
111  45.29364145 -122.95525173
111  45.29366445 -122.95525020
112  45.29366445 -122.95525020  45.29368634 -122.95523843
111  45.29369264 -122.95521425
111  45.29368893 -122.95510630
114  45.29368893 -122.95510630  45.29368137 -122.95504558
112  45.29373427 -122.95509134  45.29373216 -122.95514117
111  45.29373427 -122.95509134
111  45.29374614 -122.95531040
112  45.29374614 -122.95531040  45.29375388 -122.95534531
111  45.29378371 -122.95536297
111  45.29391719 -122.95533378
111  45.29394557 -122.95533010
111  45.29394718 -122.95527961
111  45.29395663 -122.95527840
111  45.29398233 -122.95527509
111  45.29398473 -122.95530551
112  45.29398473 -122.95530551  45.29398992 -122.95531552
111  45.29400556 -122.95532308
111  45.29407881 -122.95531350
112  45.29407881 -122.95531350  45.29409494 -122.95530744
111  45.29409596 -122.95526048
111  45.29412318 -122.95525698
111  45.29414360 -122.95525436
111  45.29414333 -122.95528460
111  45.29415746 -122.95530081
111  45.29425262 -122.95529075
111  45.29426335 -122.95523896
111  45.29428909 -122.95523565
111  45.29430515 -122.95523359
111  45.29431855 -122.95528404
111  45.29442220 -122.95527035
111  45.29443428 -122.95521698
111  45.29446189 -122.95521343
111  45.29452038 -122.95520591
111  45.29458951 -122.95517947
112  45.29458951 -122.95517947  45.29463339 -122.95509705
112  45.29456465 -122.95494458  45.29448201 -122.95488311
111  45.29456465 -122.95494458
111  45.29441759 -122.95496018
111  45.29438638 -122.95502090
111  45.29439295 -122.95507579
111  45.29434088 -122.95508282
111  45.29433641 -122.95503323
111  45.29431465 -122.95499933
111  45.29425006 -122.95500782
111  45.29422746 -122.95504299
111  45.29423144 -122.95509759
111  45.29417867 -122.95510472
111  45.29417580 -122.95505287
111  45.29414683 -122.95502064
111  45.29408658 -122.95502753
111  45.29406231 -122.95506488
111  45.29406463 -122.95512011
111  45.29401532 -122.95512677
111  45.29401099 -122.95503772
111  45.29390754 -122.95505312
111  45.29388834 -122.95509501
111  45.29389297 -122.95514328
111  45.29380899 -122.95515462
111  45.29380673 -122.95507876
114  45.29380673 -122.95507876  45.29379592 -122.95504692
110 1 0.00 0.0000 New Taxiway 9
111  45.29326396 -122.95259080
111  45.29326084 -122.95216808
111  45.29326145 -122.95213691
111  45.29326025 -122.95175151
111  45.29327626 -122.95172679
111  45.29331561 -122.95192598
113  45.29331967 -122.95258859
110 2 0.00 0.0000 New Taxiway 8
111  45.29310196 -122.95259239
111  45.29310121 -122.95217010
111  45.29326084 -122.95216808
113  45.29326396 -122.95259080
110 2 0.00 0.0000 New Taxiway 7
111  45.29326025 -122.95175151
111  45.29326145 -122.95213691
111  45.29306334 -122.95213966
113  45.29306087 -122.95175757
110 1 0.00 0.0000 New Taxiway 6
111  45.29326656 -122.95308623
111  45.29332274 -122.95308818
111  45.29332375 -122.95325275
113  45.29326752 -122.95325407
110 2 0.00 0.0000 New Taxiway 5
111  45.29310213 -122.95330103
111  45.29309767 -122.95282804
111  45.29326507 -122.95282592
111  45.29326656 -122.95308623
111  45.29326752 -122.95325407
113  45.29326778 -122.95330003
110 2 0.00 0.0000 New Taxiway 4
111  45.29332435 -122.95335065
111  45.29332375 -122.95325275
111  45.29332274 -122.95308818
111  45.29331967 -122.95258859
111  45.29331561 -122.95192598
111  45.29327626 -122.95172679
111  45.29327212 -122.95170583
111  45.29326963 -122.95167645
111  45.29327709 -122.95168761
111  45.29332459 -122.95191552
113  45.29333330 -122.95335055
110 2 0.00 0.0000 New Taxiway 3
111  45.29373312 -122.95338577
111  45.29371931 -122.95338586
111  45.29366199 -122.95338622
111  45.29347658 -122.95338739
111  45.29345966 -122.95338750
111  45.29345928 -122.95331082
111  45.29345649 -122.95275282
111  45.29373143 -122.95274973
113  45.29373292 -122.95331078
110 1 0.00 0.0000 New Taxiway 2
111  45.29337369 -122.95415323
111  45.29335496 -122.95394053
112  45.29335496 -122.95394053  45.29333955 -122.95386674
111  45.29329051 -122.95384242
111  45.29328159 -122.95374941
112  45.29328159 -122.95374941  45.29332999 -122.95372903
111  45.29333319 -122.95364442
111  45.29332435 -122.95335065
111  45.29333330 -122.95335055
111  45.29332459 -122.95191552
111  45.29327709 -122.95168761
111  45.29326963 -122.95167645
111  45.29325959 -122.95158533
111  45.29325992 -122.95153052
111  45.29333446 -122.95153613
112  45.29333446 -122.95153613  45.29334160 -122.95155319
111  45.29335028 -122.95158255
111  45.29336196 -122.95276073
111  45.29345649 -122.95275282
111  45.29345928 -122.95331082
111  45.29342456 -122.95331129
112  45.29342456 -122.95331129  45.29340383 -122.95332794
111  45.29339743 -122.95337086
111  45.29339706 -122.95364247
112  45.29339706 -122.95364247  45.29341031 -122.95370705
111  45.29345319 -122.95370743
111  45.29352840 -122.95369253
112  45.29352840 -122.95369253  45.29362087 -122.95361735
111  45.29354935 -122.95352753
111  45.29347571 -122.95353046
111  45.29347658 -122.95338739
111  45.29366199 -122.95338622
111  45.29371931 -122.95338586
111  45.29372277 -122.95353015
111  45.29366218 -122.95353297
111  45.29364134 -122.95353394
112  45.29364134 -122.95353394  45.29359457 -122.95357200
112  45.29367977 -122.95365656  45.29371410 -122.95366040
111  45.29367977 -122.95365656
111  45.29376125 -122.95364281
112  45.29376125 -122.95364281  45.29378959 -122.95362372
111  45.29379497 -122.95358046
111  45.29379422 -122.95334390
111  45.29378550 -122.95331054
111  45.29373292 -122.95331078
111  45.29373143 -122.95274973
111  45.29385916 -122.95274289
111  45.29386382 -122.95356576
112  45.29386382 -122.95356576  45.29388264 -122.95359389
111  45.29390529 -122.95360091
111  45.29403225 -122.95357546
112  45.29403225 -122.95357546  45.29405983 -122.95365110
111  45.29401966 -122.95368717
111  45.29346942 -122.95380586
112  45.29346942 -122.95380586  45.29341685 -122.95383123
111  45.29341895 -122.95392127
111  45.29343745 -122.95408723
112  45.29343745 -122.95408723  45.29346315 -122.95418048
111  45.29356618 -122.95424150
111  45.29331095 -122.95429691
114  45.29331095 -122.95429691  45.29336195 -122.95425650
110 1 0.00 0.0000 New Taxiway 1
111  45.29810737 -122.95317741
111  45.29819138 -122.95293683
111  45.29827217 -122.95290609
111  45.29840797 -122.95287216
111  45.29846433 -122.95287713
112  45.29846433 -122.95287713  45.29852553 -122.95290968
111  45.29856949 -122.95305101
111  45.29858810 -122.95316970
113  45.29855961 -122.95318078
130 Airport Boundary
111  45.29696640 -122.95602879
111  45.29419269 -122.95595466
111  45.29328038 -122.95647510
111  45.29298744 -122.95565371
111  45.29295050 -122.95538541
111  45.29230639 -122.95546677
111  45.29213699 -122.95545717
111  45.29200520 -122.95559780
111  45.29152418 -122.95540337
111  45.29149988 -122.95547188
111  45.29139284 -122.95551856
111  45.29135522 -122.95549290
111  45.29131012 -122.95538702
111  45.29089036 -122.95508899
111  45.29056710 -122.95499730
111  45.29052262 -122.95477897
111  45.29049661 -122.95392843
111  45.29071583 -122.95349426
111  45.29279975 -122.95353441
111  45.29279356 -122.95086935
111  45.29402360 -122.95083721
111  45.29413498 -122.95398880
111  45.29793566 -122.95308777
111  45.29805661 -122.95300880
111  45.29821594 -122.95280150
111  45.29834100 -122.95251123
111  45.29869131 -122.95280903
111  45.29897867 -122.95314350
111  45.29878748 -122.95333166
111  45.29867073 -122.95365523
113  45.29862168 -122.95506615
120 Linear Feature 18
111  45.29511562 -122.95444761 4
115  45.29505106 -122.95445860
120 Linear Feature 17
111  45.29756091 -122.95482390 1
115  45.29754552 -122.95478063
120 Linear Feature 17
111  45.29752756 -122.95484369 1
115  45.29751372 -122.95479728
120 Linear Feature 17
111  45.29749559 -122.95486267 1
115  45.29748175 -122.95481625
120 Linear Feature 17
111  45.29743230 -122.95489905 1
115  45.29741865 -122.95485099
120 Linear Feature 17
111  45.29740012 -122.95491932 1
115  45.29738739 -122.95487100
120 Linear Feature 17
111  45.29736918 -122.95493768 1
115  45.29735499 -122.95489066
120 Linear Feature 17
111  45.29730627 -122.95497501 1
115  45.29729240 -122.95493123
120 Linear Feature 17
111  45.29727567 -122.95499317 1
115  45.29726290 -122.95495299
120 Linear Feature 17
111  45.29724421 -122.95501183 1
115  45.29723144 -122.95497166
120 Linear Feature 17
111  45.29730160 -122.95474928 1
115  45.29729092 -122.95471069
120 Linear Feature 17
111  45.29733155 -122.95472890 1
115  45.29732162 -122.95469244
120 Linear Feature 17
111  45.29736277 -122.95471035 1
115  45.29735284 -122.95467389
120 Linear Feature 17
111  45.29742229 -122.95467395 1
115  45.29741229 -122.95463857
120 Linear Feature 17
111  45.29744972 -122.95465855 1
115  45.29744120 -122.95462139
120 Linear Feature 17
111  45.29747845 -122.95464389 1
115  45.29746734 -122.95460586
120 Linear Feature 17
111  45.29753627 -122.95460953 1
115  45.29752515 -122.95457151
120 Linear Feature 17
111  45.29756655 -122.95459414 1
115  45.29755626 -122.95455302
120 Linear Feature 17
111  45.29759706 -122.95457601 1
115  45.29758678 -122.95453489
120 Linear Feature 17
111  45.29750163 -122.95426136 1
115  45.29748968 -122.95421968
120 Linear Feature 17
111  45.29746677 -122.95428233 1
115  45.29745481 -122.95424064
120 Linear Feature 17
111  45.29739044 -122.95432823 1
115  45.29737849 -122.95428655
120 Linear Feature 17
111  45.29735510 -122.95434948 1
115  45.29734314 -122.95430780
120 Linear Feature 17
111  45.29724386 -122.95441638 1
115  45.29723191 -122.95437469
120 Linear Feature 17
111  45.29728052 -122.95439433 1
115  45.29726856 -122.95435265
120 Linear Feature 16
111  45.29706596 -122.95521592 1
115  45.29703277 -122.95521595
120 Linear Feature 16
111  45.29706612 -122.95517253 1
115  45.29703293 -122.95517255
120 Linear Feature 16
111  45.29706628 -122.95512976 1
115  45.29703309 -122.95512978
120 Linear Feature 16
111  45.29706658 -122.95504859 1
115  45.29703340 -122.95504861
120 Linear Feature 16
111  45.29706675 -122.95500332 1
115  45.29703356 -122.95500334
120 Linear Feature 16
111  45.29706722 -122.95496084 1
115  45.29703372 -122.95496136
120 Linear Feature 16
111  45.29706725 -122.95486894 1
115  45.29703406 -122.95486919
120 Linear Feature 16
111  45.29706770 -122.95481989 1
115  45.29703425 -122.95481906
120 Linear Feature 16
111  45.29706788 -122.95477338 1
115  45.29703442 -122.95477254
120 Linear Feature 16
111  45.29706824 -122.95467587 1
115  45.29703479 -122.95467452
120 Linear Feature 16
111  45.29706804 -122.95462591 1
115  45.29703497 -122.95462494
120 Linear Feature 16
111  45.29706822 -122.95457832 1
115  45.29703515 -122.95457736
120 Linear Feature 16
111  45.29706910 -122.95448070 1
115  45.29703551 -122.95448048
120 Linear Feature 16
111  45.29706914 -122.95443110 1
115  45.29703569 -122.95443052
120 Linear Feature 16
111  45.29706932 -122.95438298 1
115  45.29703587 -122.95438240
120 Linear Feature 15
112  45.29595188 -122.95378847  45.29590982 -122.95384287 1
115  45.29590271 -122.95395778
120 Linear Feature 14
111  45.29590843 -122.95417056 1
111  45.29590271 -122.95395778
112  45.29590271 -122.95395778  45.29589038 -122.95384630 1
115  45.29581001 -122.95381072
120 Linear Feature 13
111  45.29596991 -122.95424638 4
115  45.29587533 -122.95425732
120 Linear Feature 12
111  45.29558332 -122.95521090 1
115  45.29557563 -122.95516408
120 Linear Feature 11
111  45.29446189 -122.95521343 1
115  45.29446341 -122.95526168
120 Linear Feature 11
111  45.29428909 -122.95523565 1
115  45.29429125 -122.95528065
120 Linear Feature 11
111  45.29412318 -122.95525698 1
115  45.29412534 -122.95530198
120 Linear Feature 11
111  45.29395663 -122.95527840 1
115  45.29395879 -122.95531871
120 Linear Feature 11
111  45.29364671 -122.95532339 1
115  45.29368176 -122.95531876
120 Linear Feature 11
111  45.29357257 -122.95513646 1
115  45.29357631 -122.95518621
120 Linear Feature 11
111  45.29354986 -122.95543330 1
115  45.29355141 -122.95547759
120 Linear Feature 11
111  45.29347853 -122.95528676 1
115  45.29344279 -122.95529142
120 Linear Feature 10
111  45.29317785 -122.95550588 1
115  45.29315345 -122.95551260
120 Linear Feature 10
111  45.29317938 -122.95551930 1
115  45.29315498 -122.95552602
120 Linear Feature 10
111  45.29318091 -122.95553271 1
115  45.29315651 -122.95553943
120 Linear Feature 10
111  45.29316138 -122.95536150 1
115  45.29313713 -122.95536865
120 Linear Feature 9
111  45.29189702 -122.95518612 4
115  45.29189990 -122.95525285
120 Linear Feature 8
111  45.29379987 -122.95500989 1
111  45.29265124 -122.95513931 1
111  45.29182890 -122.95522777 1
112  45.29163533 -122.95523276  45.29155478 -122.95523009
111  45.29163533 -122.95523276
112  45.29163533 -122.95523276  45.29153504 -122.95522145 1
111  45.29146019 -122.95517360 1
111  45.29136564 -122.95509632
112  45.29136564 -122.95509632  45.29129044 -122.95502539 1
116  45.29138344 -122.95481763  45.29148575 -122.95474736
120 Linear Feature 7
111  45.29366218 -122.95353297 20
115  45.29366199 -122.95338622
14  45.29627135 -122.95494878  26.25 0 Tower
1300  45.29621381 -122.95432500 -79.46 tie_down props GA Ramp 11
1301 A general_aviation 
1300  45.29610179 -122.95435608 -79.46 tie_down props GA Ramp 10
1301 A general_aviation 
1300  45.29559648 -122.95426521 -80.93 tie_down props GA Ramp 9
1301 A general_aviation 
1300  45.29546743 -122.95429317 -80.93 tie_down props GA Ramp 8
1301 A general_aviation 
1300  45.29533838 -122.95432449 -80.93 tie_down props GA Ramp 7
1301 A general_aviation 
1300  45.29520995 -122.95435238 -80.93 tie_down props GA Ramp 6
1301 A general_aviation 
1300  45.29495957 -122.95462131 -83.52 tie_down props GA Ramp 5
1301 A general_aviation 
1300  45.29483629 -122.95469961 -83.52 tie_down props GA Ramp 4
1301 A general_aviation 
1300  45.29470252 -122.95472758 -83.52 tie_down props GA Ramp 3
1301 A general_aviation 
1300  45.29457137 -122.95475368 -83.52 tie_down props GA Ramp 2
1301 A general_aviation 
1300  45.29443917 -122.95477941 -83.52 tie_down props GA Ramp 1
1301 A general_aviation 
1300  45.29731154 -122.95465644 -67.49 hangar props West GA Hangar 14-6
1301 A none 
1300  45.29727165 -122.95443271 112.68 hangar props West GA Hangar 14-5
1301 A none 
1300  45.29742848 -122.95458730 -67.49 hangar props West GA Hangar 14-4
1301 A none 
1300  45.29738040 -122.95436668 112.68 hangar props West GA Hangar 14-3
1301 A none 
1300  45.29754597 -122.95451894 -67.49 hangar props West GA Hangar 14-2
1301 A none 
1300  45.29749133 -122.95430143 112.68 hangar props West GA Hangar 14-1
1301 A none 
1300  45.29754309 -122.95490197 113.06 hangar props West GA Hangar 13-3
1301 A none 
1300  45.29741326 -122.95497882 113.06 hangar props West GA Hangar 13-2
1301 A none 
1300  45.29728903 -122.95505190 113.06 hangar props West GA Hangar 13-1
1301 A none 
1300  45.29699957 -122.95517171  -0.48 hangar props West GA Hangar 12-5
1301 A none 
1300  45.29700067 -122.95500236  -0.48 hangar props West GA Hangar 12-4
1301 A none 
1300  45.29700112 -122.95481915  -0.48 hangar props West GA Hangar 12-3
1301 A none 
1300  45.29700158 -122.95462559  -0.48 hangar props West GA Hangar 12-2
1301 A none 
1300  45.29700386 -122.95443009  -0.48 hangar props West GA Hangar 12-1
1301 A none 
1300  45.29626632 -122.95483431  91.36 hangar turboprops|props West GA Hangar 11
1301 A none 
1300  45.29595453 -122.95514432 107.89 hangar props West GA Hangar 10
1301 A none 
1300  45.29559788 -122.95498320 -78.49 hangar props West GA Hangar 9
1301 A none 
1300  45.29542087 -122.95492765 101.50 hangar props West GA Hangar 8-5
1301 A none 
1300  45.29537153 -122.95499110 -78.38 hangar props West GA Hangar 8-4
1301 A none 
1300  45.29529986 -122.95496291 101.50 hangar props West GA Hangar 8-3
1301 A none 
1300  45.29525118 -122.95502497 -78.38 hangar props West GA Hangar 8-2
1301 A none 
1300  45.29518781 -122.95499476 101.50 hangar props West GA Hangar 8-1
1301 A none 
1300  45.29558993 -122.95524951 106.33 hangar props West GA Hangar 7
1301 A none 
1300  45.29548747 -122.95529547 106.33 hangar props West GA Hangar 6-4
1301 A none 
1300  45.29536589 -122.95534402 106.33 hangar props West GA Hangar 6-3
1301 A none 
1300  45.29524430 -122.95539387 106.33 hangar props West GA Hangar 6-2
1301 A none 
1300  45.29512225 -122.95544253 106.33 hangar props West GA Hangar 6-1
1301 A none 
1300  45.29499532 -122.95544040  88.87 hangar props West GA Hangar 5
1301 A none 
1300  45.29491501 -122.95510860  65.17 hangar props West GA Hangar 4
1301 A none 
1300  45.29445961 -122.95516224 -84.87 hangar props West GA Hangar 3-8
1301 A none 
1300  45.29437031 -122.95512915  94.96 hangar props West GA Hangar 3-7
1301 A none 
1300  45.29428310 -122.95518675 -84.87 hangar props West GA Hangar 3-6
1301 A none 
1300  45.29420811 -122.95515081  94.96 hangar props West GA Hangar 3-5
1301 A none 
1300  45.29411666 -122.95520841 -84.87 hangar props West GA Hangar 3-4
1301 A none 
1300  45.29404166 -122.95517215  94.96 hangar props West GA Hangar 3-3
1301 A none 
1300  45.29395759 -122.95523087 -84.87 hangar props West GA Hangar 3-2
1301 A none 
1300  45.29385508 -122.95519505  94.96 hangar props West GA Hangar 3-1
1301 A none 
1300  45.29357127 -122.95525818  96.65 hangar turboprops|props West GA Hangar 2
1301 A none 
1300  45.29319487 -122.95535481 -170.59 hangar props West GA Hangar 1-6
1301 A none 
1300  45.29328383 -122.95541329   9.35 hangar props West GA Hangar 1-5
1301 A none 
1300  45.29321263 -122.95550952 -170.59 hangar props West GA Hangar 1-4
1301 A none 
1300  45.29330113 -122.95556800   9.35 hangar props West GA Hangar 1-3
1301 A none 
1300  45.29322994 -122.95566164 -170.59 hangar props West GA Hangar 1-2
1301 A none 
1300  45.29331980 -122.95572465   9.35 hangar props West GA Hangar 1-1
1301 A none 
1300  45.29359450 -122.95335705 -89.81 hangar turboprops|props East GA Hangar 5
1301 A none 
1300  45.29371789 -122.95304146   0.49 hangar props East GA Hangar 4-4
1301 A none 
1300  45.29371657 -122.95284820   0.49 hangar props East GA Hangar 4-3
1301 A none 
1300  45.29347733 -122.95304009 180.00 hangar props East GA Hangar 4-2
1301 A none 
1300  45.29347733 -122.95285134 180.00 hangar props East GA Hangar 4-1
1301 A none 
1300  45.29323460 -122.95317412   0.12 hangar turboprops|props East GA Hangar 3
1301 A none 
1300  45.29323836 -122.95237390   0.49 hangar turboprops|props East GA Hangar 2
1301 A none 
1300  45.29321554 -122.95193318   0.10 hangar turboprops|props East GA Hangar 1
1301 A none 
19  45.29139652 -122.95544300 0 WS
19  45.29831982 -122.95268208 0 WS
51 12290 Newberg Unicom
99
