A
1000 Generated by Infinite Flight Airport Editing (World Parser)/AB

1       10 1 1 SPDO Mollendo
100   21.34   2   0 0.25 0 2 0 11  -17.03802826 -071.98709637    0.00    0.00 2 10 0 0 29  -17.04308374 -071.97400903    0.00    0.00 2 10 0 0
21  -17.03845500 -071.98524637  1 112.00   3.00 11  VASI
21  -17.04265711 -071.97585910  1 292.00   3.00 29  VASI
110   2 0.30 112.00 Default taxiway for RWY 11
111 -17.03811519 -071.98713311  53 102 
111 -17.03856233 -071.98732208  53 102 
111 -17.04361823 -071.97423509  53 102 
111 -17.04317109 -071.97404612 
112 -17.04309916 -071.97423232 -17.04313720 -071.97414010  53 102 
111 -17.04324402 -071.97418524  53 102 
112 -17.04338644 -071.97424543 -17.04349325 -071.97429057  53 102 
111 -17.04345729 -071.97438367  53 102 
111 -17.04101925 -071.98069442  53 102 
111 -17.04066112 -071.98054307 
111 -17.04062516 -071.98063617  53 102 
111 -17.04098329 -071.98078752  53 102 
112 -17.03854525 -071.98709826 -17.03850929 -071.98719136  53 102 
111 -17.03840248 -071.98714622  53 102 
112 -17.03826006 -071.98708603 -17.03815324 -071.98704089  53 102 
113 -17.03818712 -071.98694691 
120 Default hold RWY 11 (near)
111 -17.03829530 -071.98720922  54 
115 -17.03833127 -071.98711612 
120 Default hold RWY 11 (centre)
111 -17.04080527 -071.98071228  54 
115 -17.04084123 -071.98061918 
120 Default hold RWY 11 (far)
111 -17.04331523 -071.97421534  54 
115 -17.04335120 -071.97412224 
18  -17.03993290 -071.98028948 1 BCN
19  -17.03768929 -071.98716972 1 WS
19  -17.04342270 -071.97393566 1 WS


130 Airport Boundary
111 -017.04361725 -071.97423553
111 -017.03856277 -071.98731995
111 -017.03811455 -071.98713684
111 -017.03802872 -071.98709869
111 -017.04308319 -071.97400665
113 -017.04335213 -071.97412109
99
