A
1000 Generated by Infinite Flight Airport Editing (World Parser)/AB

1      964 0 1 OH04 Magnolia
100   12.19   1   0 0.25 0 0 0 04   40.65595279 -081.30588925    0.00    0.00 2  0 0 0 22   40.66361331 -081.29933131    0.00    0.00 2  0 0 0
100   30.48   3   0 0.25 0 0 0 11   40.66045562 -081.30645058    0.00    0.00 1  0 0 0 29   40.65911048 -081.29876998    0.00    0.00 1  0 0 0
110   1 0.30  33.00 Default taxiway for RWY 04
111  40.65592414 -081.30583109   3 
111  40.65577353 -081.30552536   3 
111  40.66343424 -081.29896813   3 
111  40.66358485 -081.29927389 
112  40.66349282 -081.29935266  40.66353761 -081.29931079   3 
111  40.66350176 -081.29923801   3 
112  40.66345396 -081.29914096  40.66341811 -081.29906817   3 
111  40.66337209 -081.29910755   3 
111  40.65965677 -081.30228771   3 
111  40.65977750 -081.30253281 
111  40.65973149 -081.30257219   3 
111  40.65961076 -081.30232709   3 
112  40.65589543 -081.30550724  40.65584942 -081.30554663   3 
111  40.65588527 -081.30561940   3 
112  40.65593307 -081.30571644  40.65596892 -081.30578922   3 
113  40.65601616 -081.30575232 
120 Default hold RWY 04 (near)
111  40.65586316 -081.30570730   4 
115  40.65590917 -081.30566792 
120 Default hold RWY 04 (centre)
111  40.65967051 -081.30244839   4 
115  40.65971652 -081.30240901 
120 Default hold RWY 04 (far)
111  40.66347786 -081.29918948   4 
115  40.66352387 -081.29915009 
19   40.65595040 -081.30614997 1 WS
19   40.66091822 -081.30668092 1 WS
19   40.65864786 -081.29853970 1 WS
19   40.66361569 -081.29907057 1 WS


130 Airport Boundary
111  040.65577316 -081.30552673
111  040.65595245 -081.30589294
111  040.66045380 -081.30644989
111  040.66361237 -081.29933167
111  040.66358566 -081.29927063
111  040.66343307 -081.29896545
113  040.65911102 -081.29876709
99
