A
1000 Generated by Infinite Flight Airport Editing (World Parser)/AB

1       98 0 1 MM10 ISLA CEDROS
100   25.91   1   0 0.25 0 0 0 15   28.04382500 -115.18957200    0.00    0.00 2  0 0 0 33   28.03134200 -115.18777800    0.00    0.00 2  0 0 0
110   1 0.30 172.77 Default taxiway for RWY 15
111  28.04381061 -115.18970051   3 
111  28.04373697 -115.19035821   3 
111  28.03125398 -115.18856391   3 
111  28.03132762 -115.18790628 
112  28.03155892 -115.18793953  28.03144299 -115.18792543   3 
111  28.03142538 -115.18808265   3 
112  28.03140191 -115.18829229  28.03138431 -115.18844951   3 
111  28.03149996 -115.18846614   3 
111  28.03745233 -115.18932172   3 
111  28.03751129 -115.18879508 
111  28.03762694 -115.18881171   3 
111  28.03756798 -115.18933835   3 
112  28.04352035 -115.19019392  28.04363600 -115.19021055   3 
111  28.04365360 -115.19005331   3 
112  28.04367707 -115.18984366  28.04369468 -115.18968641   3 
113  28.04357931 -115.18966726 
120 Default hold RWY 15 (near)
111  28.04378099 -115.18996510   4 
115  28.04366534 -115.18994848 
120 Default hold RWY 15 (centre)
111  28.03759732 -115.18907629   4 
115  28.03748167 -115.18905966 
120 Default hold RWY 15 (far)
111  28.03141365 -115.18818747   4 
115  28.03129800 -115.18817085 
19   28.04410014 -115.18921369 1 WS
19   28.03106686 -115.18813628 1 WS


130 Airport Boundary
111  028.03125381 -115.18856049
111  028.04373741 -115.19036102
111  028.04382515 -115.18957520
113  028.03134155 -115.18777466
99
