A
1000 Generated by Infinite Flight Airport Editing (World Parser)/AB

1     4305 0 1 26V  Stansfield
100   18.29   5   0 0.25 0 0 0 12   40.18369065 -102.92490894    0.00    0.00 1  0 0 0 30   40.18016435 -102.91940830    0.00    0.00 1  0 0 0
100   18.29   5   0 0.25 0 0 0 08   40.18192750 -102.92538988    0.00    0.00 1  0 0 0 26   40.18192750 -102.91892736    0.00    0.00 1  0 0 0
100   18.29   5   0 0.25 0 0 0 17   40.18398474 -102.92215862    0.00    0.00 1  0 0 0 35   40.17987026 -102.92215862    0.00    0.00 1  0 0 0
19   40.18217436 -102.92560531 1 WS
19   40.18398556 -102.92486627 1 WS
19   40.18414932 -102.92183548 1 WS
19   40.18168062 -102.91871195 1 WS
19   40.17986945 -102.91945099 1 WS
19   40.17970568 -102.92248174 1 WS


130 Airport Boundary
111  040.17987061 -102.92215729
111  040.18192673 -102.92539215
111  040.18368912 -102.92491150
111  040.18398285 -102.92215729
111  040.18192673 -102.91893005
113  040.18016434 -102.91941071
99
