I
1000 Generated by WorldEditor

1    103 1 0 KTOA Torrance/Zamperini Field
100 46.02 1 0 0.00 0 2 0 11L  33.80811176 -118.34576553  165    0 3 0 0 0 29R  33.79952285 -118.33281313  165    0 3 8 0 0
100 22.86 1 0 0.00 0 2 0 11R  33.80531644 -118.34420638    0    8 1 0 0 0 29L  33.80016506 -118.33644160    0    8 1 0 0 1
102 H1  33.80100939 -118.34005477  39.88 7.92 6.10 1 0 0 0.00 0
102 H2  33.80934768 -118.34576320  38.00 34.14 34.14 1 0 0 0.00 1
110 1 0.00 0.0000 xxx
111  33.79948504 -118.33315172 1 102
112  33.79933660 -118.33316935  33.79929083 -118.33321147 1 102
111  33.79811883 -118.33432048 1 102
112  33.79810642 -118.33454661  33.79818208 -118.33466443 1 102
111  33.79833115 -118.33488209
111  33.79833115 -118.33488488
111  33.79820909 -118.33496461
111  33.79820623 -118.33496462 1 102
111  33.79798976 -118.33463400 1 102
112  33.79781962 -118.33461463  33.79773135 -118.33469320 1 102
111  33.79766719 -118.33476490 1 102
112  33.79768166 -118.33496841  33.79774953 -118.33507819 1 102
111  33.79778529 -118.33513211
111  33.79778115 -118.33513544
111  33.79580123 -118.33505409 106
111  33.79559815 -118.33504411 106
111  33.79535112 -118.33501557 106
111  33.79484062 -118.33499897 1 106
111  33.79473800 -118.33480115 1 106
111  33.79472912 -118.33432714 1 106
112  33.79478598 -118.33426008  33.79478598 -118.33422235 1 106
111  33.79477240 -118.33079453 1 106
111  33.79523504 -118.33078669 1 106
111  33.79719242 -118.33078546 1 102
112  33.79723910 -118.33081923  33.79726680 -118.33085060 1 102
111  33.79769522 -118.33138378 1 102
112  33.79776364 -118.33161901  33.79776689 -118.33174838 1 102
111  33.79778010 -118.33400820 1 102
112  33.79787730 -118.33418689  33.79793605 -118.33421929 1 102
112  33.79801071 -118.33421635  33.79803396 -118.33419426 1 102
111  33.79831712 -118.33392684 1 102
112  33.79837869 -118.33377572  33.79838870 -118.33373555 1 102
112  33.79838759 -118.33362175  33.79837869 -118.33358426 1 102
112  33.79833419 -118.33349321  33.79832974 -118.33348384 1 102
111  33.79840651 -118.33341288 1 102
111  33.79882778 -118.33302688 1 102
112  33.79888118 -118.33303436  33.79891157 -118.33305082 1 102
111  33.79911307 -118.33314429 1 102
112  33.79918021 -118.33310937  33.79920691 -118.33308126 1 102
111  33.79932719 -118.33296639 1 102
111  33.79936294 -118.33296792
113  33.79936801 -118.33296792
110 1 0.00 0.0000 xxx
111  33.80021844 -118.33671486
111  33.80021183 -118.33671089 1 102
112  33.80004673 -118.33670589  33.79998157 -118.33676113 1 102
111  33.79981275 -118.33692686 1 102
112  33.79981867 -118.33712111  33.79987790 -118.33721021 1 102
111  33.80126818 -118.33929729 1 102
112  33.80144251 -118.33945328  33.80151656 -118.33949540 1 102
111  33.80204301 -118.33973796 1 102
112  33.80214050 -118.33971131  33.80215062 -118.33965598 1 102
111  33.80214970 -118.33963164
111  33.80214878 -118.33961946
111  33.80251842 -118.34017275
111  33.80250063 -118.34016194 1 102
112  33.80237853 -118.34005199  33.80234891 -118.34003773 1 102
111  33.80212678 -118.33992902 1 102
111  33.80171370 -118.33972951 1 102
112  33.80163587 -118.33975163  33.80162017 -118.33979093 1 102
112  33.80163587 -118.33986500  33.80165534 -118.33988994 1 102
111  33.80183035 -118.34014813
111  33.80182983 -118.34015159
111  33.80170485 -118.34023666
111  33.80170327 -118.34023622 1 102
111  33.80136892 -118.33972800 1 102
111  33.80132962 -118.33967367 1 102
112  33.80119914 -118.33964689  33.80113643 -118.33969436 1 102
111  33.80103326 -118.33978930 1 102
111  33.80102011 -118.33981000 1 102
112  33.80102784 -118.34001304  33.80109515 -118.34012350 1 102
111  33.80223023 -118.34179567
111  33.80222396 -118.34182580
111  33.80171860 -118.34211206
111  33.80168259 -118.34214334
111  33.80168170 -118.34213940 106
111  33.80096247 -118.34103871 106
111  33.80072381 -118.34125499 106
111  33.80053656 -118.34099644 106
111  33.80080856 -118.34074502 106
111  33.80034546 -118.34005295 106
111  33.79993594 -118.33942924 106
111  33.79970297 -118.33910869 106
111  33.79894790 -118.33980063 106
111  33.79734004 -118.33736870 106
111  33.79614684 -118.33557226 106
111  33.79580104 -118.33505332
111  33.79734478 -118.33504027
111  33.79778528 -118.33513114 1 102
111  33.79805525 -118.33553392 1 102
112  33.79819860 -118.33559861  33.79830969 -118.33560076 1 102
111  33.79838501 -118.33559158 1 102
112  33.79846923 -118.33548592  33.79847998 -118.33543417 1 102
112  33.79846743 -118.33535008  33.79845668 -118.33533499 1 102
111  33.79820617 -118.33496455
111  33.79833101 -118.33488207 1 102
111  33.79873533 -118.33550588 1 102
112  33.79885844 -118.33558917  33.79894044 -118.33559359 1 102
111  33.80013511 -118.33558576 1 102
112  33.80036518 -118.33565437  33.80045967 -118.33572298 1 102
111  33.80116133 -118.33622753 1 102
111  33.80154700 -118.33650489 1 102
112  33.80163949 -118.33640052  33.80163847 -118.33625080
111  33.80165061 -118.33638956
111  33.80216242 -118.33717345
111  33.80213278 -118.33714540 1 102
112  33.80198080 -118.33700740  33.80194418 -118.33698412
111  33.80033293 -118.33582731 1 102
112  33.80014702 -118.33575218  33.80006004 -118.33575218 1 102
111  33.79920489 -118.33575409 1 102
112  33.79907061 -118.33585444  33.79904454 -118.33596226 1 102
112  33.79908527 -118.33601714  33.79910156 -118.33605243 1 102
111  33.79935568 -118.33642880 1 102
111  33.79960061 -118.33679319 1 102
112  33.79977910 -118.33677567  33.79986801 -118.33668971 1 102
111  33.80007265 -118.33650091
111  33.80008522 -118.33651914 1 102
113  33.80008674 -118.33651756
111  33.80093220 -118.33906889 1 102
111  33.80016159 -118.33791435 1 102
112  33.80006752 -118.33784863  33.80001088 -118.33784741 1 102
111  33.79985511 -118.33784498 1 102
112  33.79983488 -118.33781333  33.79983185 -118.33780846 1 102
111  33.79953496 -118.33734976 1 102
112  33.79939348 -118.33735793  33.79934575 -118.33741979 1 102
111  33.79941184 -118.33753319 1 102
111  33.79970434 -118.33798976 1 102
111  33.80084062 -118.33967045 1 102
112  33.80095699 -118.33964843  33.80099377 -118.33961080 1 102
111  33.80110871 -118.33948244 1 102
114  33.80110227 -118.33933195  33.80106273 -118.33926667 1 102
111  33.79926353 -118.33656312 1 102
111  33.79878191 -118.33582902 1 102
112  33.79869234 -118.33576170  33.79864269 -118.33575838 1 102
111  33.79828516 -118.33575807 1 102
112  33.79827904 -118.33587147  33.79834390 -118.33597456 1 102
111  33.79917757 -118.33722832 1 102
112  33.79930718 -118.33722722  33.79937192 -118.33716636 1 102
111  33.79945890 -118.33708116 1 102
114  33.79947462 -118.33688268  33.79941314 -118.33678625 1 102
110 1 0.00 0.0000 xxx
111  33.80528364 -118.34793048
111  33.80528232 -118.34793161 106
111  33.80503005 -118.34775391
111  33.80503068 -118.34774935
111  33.80526839 -118.34755223
111  33.80527423 -118.34755223
113  33.80529302 -118.34763335
110 1 0.00 0.0000 xxx
111  33.80306430 -118.34307817
111  33.80306805 -118.34307765 1 102
111  33.80406718 -118.34458960
111  33.80406450 -118.34459701
111  33.80310589 -118.34539026
111  33.80307266 -118.34537893 106
111  33.80194808 -118.34386473
113  33.80194503 -118.34384393
110 1 0.00 0.0000 xxx
111  33.80319009 -118.34117178
111  33.80316502 -118.34116347 1 102
112  33.80306919 -118.34116752  33.80304986 -118.34121102 1 102
112  33.80305154 -118.34128790  33.80305826 -118.34135466 1 102
111  33.80311136 -118.34176359 1 102
111  33.80315453 -118.34206846 1 102
112  33.80324388 -118.34228478  33.80331536 -118.34239589 1 102
111  33.80470054 -118.34448460 1 102
112  33.80484191 -118.34451009  33.80489924 -118.34446669 1 102
111  33.80510434 -118.34425078 1 102
112  33.80509760 -118.34407671  33.80506244 -118.34399670
111  33.80508231 -118.34399762
111  33.80524416 -118.34427602
111  33.80523598 -118.34428366
111  33.80524864 -118.34430283 1 102
111  33.80492673 -118.34462130 1 102
112  33.80491221 -118.34479278  33.80496144 -118.34488030 1 102
111  33.80497594 -118.34490285
111  33.80486386 -118.34500345 1 102
111  33.80480431 -118.34491400 1 102
112  33.80464564 -118.34488217  33.80457546 -118.34494460 1 102
111  33.80447578 -118.34504375 1 102
112  33.80446764 -118.34515391  33.80449714 -118.34521511 1 102
111  33.80454467 -118.34529878 1 102
111  33.80454516 -118.34530376
111  33.80358230 -118.34612785 106
111  33.80307373 -118.34537853
111  33.80406721 -118.34458945 1 102
111  33.80427208 -118.34489396 1 102
112  33.80438751 -118.34490706  33.80443710 -118.34485749 1 102
112  33.80443206 -118.34475532  33.80440852 -118.34471182 1 102
111  33.80420241 -118.34439937 1 102
111  33.80408709 -118.34422521 1 102
112  33.80408586 -118.34415412  33.80409325 -118.34410820 1 102
111  33.80412069 -118.34396282 1 102
112  33.80410446 -118.34385777  33.80406978 -118.34380660 1 102
111  33.80321303 -118.34251602 1 102
111  33.80314590 -118.34243658 1 102
112  33.80301947 -118.34243927  33.80295905 -118.34248640 1 102
111  33.80286059 -118.34259546 1 102
112  33.80284717 -118.34274222  33.80287626 -118.34280147 1 102
111  33.80306798 -118.34307758
111  33.80195009 -118.34386460 106
111  33.80101536 -118.34276763
111  33.80171834 -118.34210295
111  33.80222948 -118.34179613 1 102
111  33.80262410 -118.34241196 1 102
112  33.80277280 -118.34244507  33.80283669 -118.34239146 1 102
111  33.80294092 -118.34227816 1 102
112  33.80294701 -118.34211958  33.80290734 -118.34204981 1 102
111  33.80267141 -118.34169691 1 102
111  33.80170314 -118.34023618
111  33.80183039 -118.34014820 1 102
111  33.80269129 -118.34145038 1 102
111  33.80286585 -118.34171939 1 102
112  33.80296269 -118.34173424  33.80300500 -118.34169396 1 102
111  33.80298290 -118.34159743 1 102
111  33.80293217 -118.34122176 1 102
111  33.80286259 -118.34077319 1 102
112  33.80281784 -118.34063854  33.80280105 -118.34061296
113  33.80281224 -118.34059815
110 1 0.00 0.0000 xxx
111  33.80578074 -118.34262282
111  33.80576057 -118.34261777 1 102
112  33.80566894 -118.34263901  33.80564961 -118.34267341 1 102
111  33.80565718 -118.34272803 1 102
111  33.80621165 -118.34465759 1 102
112  33.80621436 -118.34491501  33.80619405 -118.34497855 1 102
111  33.80611147 -118.34512518 1 102
111  33.80586914 -118.34536142 1 102
111  33.80561373 -118.34560325 1 102
112  33.80556364 -118.34570589  33.80555958 -118.34576129 1 102
111  33.80558530 -118.34581505 1 102
111  33.80587309 -118.34625709 1 102
111  33.80626901 -118.34684660 1 102
112  33.80638146 -118.34687374  33.80644526 -118.34686707
111  33.80640180 -118.34692271
111  33.80606800 -118.34709074
111  33.80608277 -118.34706209 1 102
112  33.80611837 -118.34696294  33.80611837 -118.34692989 1 102
112  33.80609294 -118.34686012  33.80607769 -118.34683319 1 102
111  33.80551226 -118.34598381 1 102
112  33.80541719 -118.34588603  33.80537928 -118.34587824 1 102
112  33.80531362 -118.34589827  33.80526832 -118.34593388 1 102
111  33.80515551 -118.34604405 1 102
112  33.80515184 -118.34622381  33.80519978 -118.34633334
111  33.80515115 -118.34633250
111  33.80486701 -118.34587601
111  33.80493857 -118.34590110 1 102
112  33.80506014 -118.34589859  33.80510391 -118.34587183 1 102
111  33.80514698 -118.34582836 1 102
111  33.80523451 -118.34573389 1 102
112  33.80524373 -118.34558404  33.80520558 -118.34552183 1 102
111  33.80486344 -118.34500344
111  33.80497633 -118.34490234 1 102
111  33.80532958 -118.34544538 1 102
112  33.80542915 -118.34551001  33.80546719 -118.34550462 1 102
112  33.80553544 -118.34546961  33.80557572 -118.34542922 1 102
111  33.80601589 -118.34500144 1 102
112  33.80608765 -118.34482711  33.80608900 -118.34473424 1 102
112  33.80607005 -118.34465930  33.80605380 -118.34460390 1 102
111  33.80531200 -118.34201186 1 102
112  33.80522677 -118.34181149  33.80521488 -118.34179480
113  33.80523668 -118.34176140
110 1 0.00 0.0000 xxx
111  33.80826500 -118.34561133
111  33.80827237 -118.34561115
111  33.80829376 -118.34564167
111  33.80790157 -118.34601391 1 102
111  33.80780136 -118.34611665 1 102
112  33.80776919 -118.34625364  33.80778032 -118.34635042 1 102
111  33.80780507 -118.34653059 1 102
111  33.80723899 -118.34688594 1 102
112  33.80710576 -118.34674001  33.80703839 -118.34672199 1 102
112  33.80694109 -118.34672559  33.80687971 -118.34675082 1 102
111  33.80677791 -118.34680847 1 102
111  33.80626770 -118.34713310 1 102
111  33.80596587 -118.34732807 1 102
112  33.80592401 -118.34742059  33.80593515 -118.34747569 1 102
112  33.80597350 -118.34752333  33.80600567 -118.34753078 1 102
111  33.80626053 -118.34753822 1 102
111  33.80835114 -118.34752373 1 102
112  33.80846730 -118.34758440  33.80846949 -118.34763979 1 102
111  33.80847111 -118.34792767 1 102
111  33.80712555 -118.34791259 1 102
111  33.80621536 -118.34791609 1 102
111  33.80535769 -118.34790907 1 102
111  33.80528236 -118.34793150
111  33.80529013 -118.34763244
111  33.80527071 -118.34755301
111  33.80502997 -118.34775394 106
111  33.80461451 -118.34720722 106
111  33.80451480 -118.34708395 106
112  33.80442800 -118.34706654  33.80438701 -118.34708105 106
111  33.80435085 -118.34711877 106
111  33.80419173 -118.34693018 106
111  33.80357891 -118.34612730
111  33.80454482 -118.34529851
111  33.80568239 -118.34703382 1 102
111  33.80578378 -118.34717220 1 102
112  33.80592506 -118.34716348  33.80598122 -118.34712424
111  33.80686194 -118.34656753 1 102
111  33.80759157 -118.34610975 1 102
112  33.80775026 -118.34596202  33.80777271 -118.34593319 1 102
111  33.80782062 -118.34586113 1 102
112  33.80782172 -118.34572348  33.80779197 -118.34568433
111  33.80780406 -118.34565636
113  33.80795483 -118.34589929
110 1 0.00 0.0000 xxx
111  33.80022771 -118.33635756
111  33.80060749 -118.33599841
111  33.80063279 -118.33601336
113  33.80024482 -118.33638094
130 Airport Boundary 151
111  33.80467814 -118.34763115
111  33.80111477 -118.34290002
111  33.80025588 -118.34186030
111  33.79889086 -118.34018694
111  33.79796040 -118.33903036
111  33.79613014 -118.33678492
111  33.79554221 -118.33597904
111  33.79489804 -118.33511163
111  33.79471911 -118.33486557
111  33.79469866 -118.33431807
111  33.79466923 -118.33142777
111  33.79475770 -118.33069086
111  33.79679050 -118.33070403
112  33.79911238 -118.32955475  33.80028979 -118.33111022
111  33.80052857 -118.33190281
111  33.80338564 -118.33638123
111  33.80728419 -118.34215768
111  33.80936137 -118.34525379
111  33.81021876 -118.34656406
111  33.81069508 -118.34733386
111  33.81091283 -118.34788254
112  33.80990574 -118.34879972  33.80906877 -118.34894713
111  33.80830665 -118.34891437
114  33.80656466 -118.34881608  33.80614277 -118.34859497
120 Linear Feature 20
111  33.79924639 -118.33325444 4
115  33.79916411 -118.33312743
120 Linear Feature 19
111  33.79784032 -118.33460037 5
115  33.79786976 -118.33418224
120 Linear Feature 18
111  33.79828314 -118.33575918 5
115  33.79820726 -118.33560076
120 Linear Feature 17
111  33.80031865 -118.33562730 4
115  33.80026048 -118.33578432
120 Linear Feature 15
111  33.80076507 -118.33613636 4
115  33.80083445 -118.33599235
120 Linear Feature 14
111  33.79938953 -118.33736323 5
115  33.79930268 -118.33723342
120 Linear Feature 13
111  33.79992850 -118.33681530 4
115  33.79985187 -118.33670806
120 Linear Feature 12
111  33.80174737 -118.33974612 4
115  33.80178741 -118.33962064
120 Linear Feature 11
111  33.80102138 -118.33980777 5
115  33.80093162 -118.33966575
120 Linear Feature 26
111  33.80198047 -118.33700705 1 102
115  33.80033293 -118.33582731
120 Linear Feature 10
111  33.80308999 -118.34159530 4
115  33.80298527 -118.34160930
120 Linear Feature 9
111  33.80284875 -118.34262547 5
115  33.80274573 -118.34246091
120 Linear Feature 8
111  33.80503549 -118.34451575 4
115  33.80495772 -118.34440235
120 Linear Feature 7
111  33.80446540 -118.34506282 5
115  33.80436817 -118.34492180
120 Linear Feature 6
111  33.80593544 -118.34369688 4
115  33.80581019 -118.34374859
120 Linear Feature 5
111  33.80602206 -118.34448866 4
115  33.80614776 -118.34443662
120 Linear Feature 3
111  33.80513884 -118.34607578 5
115  33.80503425 -118.34591119
120 Linear Feature 2
111  33.80595586 -118.34733871 5
115  33.80588648 -118.34718165
120 Linear Feature 1
111  33.80778768 -118.34613532 4
115  33.80769527 -118.34601734
120 Linear Feature 142
111  33.80219614 -118.34281808 1
116  33.80221913 -118.34266648  33.80216212 -118.34259677
120 Linear Feature 141
111  33.80231176 -118.34280736 1
112  33.80219443 -118.34281710  33.80211756 -118.34288283 1
115  33.80163008 -118.34334753
120 Linear Feature 140
111  33.80295465 -118.34392303 1
116  33.80298809 -118.34383551  33.80295298 -118.34379326
120 Linear Feature 139
111  33.80242036 -118.34445304 1
111  33.80295496 -118.34392375 1
116  33.80307189 -118.34396235  33.80310639 -118.34404939
120 Linear Feature 138
111  33.80324629 -118.34437097 1
116  33.80328223 -118.34427641  33.80325465 -118.34423919
120 Linear Feature 137
111  33.80274233 -118.34485776 1
111  33.80324616 -118.34437107 1
116  33.80336046 -118.34439541  33.80340800 -118.34448792
120 Linear Feature 136
111  33.80350996 -118.34477045 1
116  33.80354674 -118.34467418  33.80351456 -118.34462217
120 Linear Feature 135
111  33.80300266 -118.34526399 1
111  33.80350941 -118.34477101 1
116  33.80363079 -118.34480144  33.80369147 -118.34488177
120 Linear Feature 134
111  33.80377521 -118.34518657 1
116  33.80387636 -118.34516831  33.80390974 -118.34521579
120 Linear Feature 133
111  33.80338923 -118.34555149 1
111  33.80377419 -118.34518595 1
116  33.80380532 -118.34506447  33.80375686 -118.34500128
120 Linear Feature 132
111  33.80397432 -118.34548895 1
116  33.80400818 -118.34537006  33.80396949 -118.34531020
120 Linear Feature 131
111  33.80408534 -118.34548531 1
112  33.80397495 -118.34548855  33.80391706 -118.34554040 1
115  33.80354818 -118.34589845
120 Linear Feature 130
111  33.80425793 -118.34589553 1
116  33.80428368 -118.34578266  33.80424598 -118.34571626
120 Linear Feature 129
111  33.80381316 -118.34632135 1
111  33.80425720 -118.34589531 1
116  33.80435733 -118.34589531  33.80440184 -118.34596226
120 Linear Feature 128
111  33.80453423 -118.34629140 1
116  33.80454894 -118.34618406  33.80451400 -118.34613094
120 Linear Feature 127
111  33.80409373 -118.34670901 1
111  33.80453305 -118.34629100 1
116  33.80462342 -118.34629583  33.80466940 -118.34635226
120 Linear Feature 126
111  33.80474374 -118.34662619 1
116  33.80486000 -118.34664976  33.80491018 -118.34671751
120 Linear Feature 125
111  33.80438759 -118.34696937 1
111  33.80474374 -118.34662472 1
116  33.80476087 -118.34650394  33.80471681 -118.34643325
120 Linear Feature 124
111  33.80496943 -118.34695431 1
116  33.80509178 -118.34699912  33.80514117 -118.34709606
120 Linear Feature 123
111  33.80468617 -118.34722421 1
111  33.80496939 -118.34695310 1
116  33.80497712 -118.34682860  33.80493076 -118.34674446
120 Linear Feature 122
111  33.80528846 -118.34743633 1
116  33.80531278 -118.34733299  33.80527934 -118.34726439
120 Linear Feature 121
111  33.80509528 -118.34759304 1
111  33.80528844 -118.34743547 1
116  33.80540638 -118.34747162  33.80545867 -118.34755598
120 Linear Feature 120
111  33.80083641 -118.34080688 1
116  33.80086132 -118.34059263  33.80081305 -118.34049519
120 Linear Feature 119
111  33.80101958 -118.34083622 1
112  33.80083600 -118.34080677  33.80075033 -118.34089112 1
115  33.80064240 -118.34098350
120 Linear Feature 118
111  33.79804558 -118.33551995 20
111  33.79798949 -118.33557306 20
111  33.79755815 -118.33492121 20
115  33.79764817 -118.33483845
120 Linear Feature 117
111  33.79920138 -118.33724327 20
111  33.79913644 -118.33730479 20
111  33.79820649 -118.33590479 20
115  33.79826616 -118.33584759
120 Linear Feature 116
111  33.80085679 -118.33967379 20
111  33.80076851 -118.33975788 20
111  33.79927751 -118.33750440 20
115  33.79937431 -118.33741871
120 Linear Feature 115
111  33.80105731 -118.34019395 20
111  33.80090422 -118.33996985 20
115  33.80099546 -118.33988148
120 Linear Feature 114
111  33.80269634 -118.34245996 20
111  33.80261083 -118.34253963 20
111  33.80105721 -118.34019469 20
115  33.80111400 -118.34014387
120 Linear Feature 113
111  33.80498202 -118.34590947 20
111  33.80489835 -118.34599136 20
111  33.80438694 -118.34521131 20
115  33.80446149 -118.34514302
120 Linear Feature 112
111  33.80579646 -118.34717750 20
111  33.80572106 -118.34723394 20
111  33.80504914 -118.34621380 20
115  33.80513036 -118.34612945
120 Linear Feature 111
111  33.80072590 -118.33982794 1
115  33.80086144 -118.34006408
120 Linear Feature 110
111  33.80254163 -118.34260501 1
115  33.80269107 -118.34284155
120 Linear Feature 109
111  33.80422776 -118.34509850 1
115  33.80432063 -118.34525896
120 Linear Feature 108
111  33.80230610 -118.34279688 1
115  33.80246630 -118.34305124
120 Linear Feature 107
111  33.80395590 -118.34528839 1
115  33.80409291 -118.34549864
120 Linear Feature 106
111  33.80412497 -118.34528656 1
112  33.80409382 -118.34549946  33.80417282 -118.34561461 1
111  33.80536764 -118.34741588 1
111  33.80549845 -118.34760349 1
116  33.80598584 -118.34765740  33.80606647 -118.34761858
120 Linear Feature 105
111  33.80248729 -118.34283273 1
112  33.80246507 -118.34304837  33.80254800 -118.34317490 1
111  33.80395515 -118.34528839 1
112  33.80412655 -118.34528740  33.80421405 -118.34520315 1
115  33.80433253 -118.34508974
120 Linear Feature 104
111  33.80271406 -118.34261383 1
111  33.80248789 -118.34282930 1
112  33.80230513 -118.34279447  33.80222924 -118.34267966 1
111  33.80201676 -118.34236656 1
112  33.80187583 -118.34238222  33.80176959 -118.34247876 1
115  33.80176525 -118.34248397
120 Linear Feature 103
111  33.80271301 -118.34261286 1
112  33.80269137 -118.34283912  33.80279400 -118.34299007 1
111  33.80292888 -118.34313677 1
111  33.80422777 -118.34509754 1
116  33.80433302 -118.34509018  33.80439544 -118.34502685
120 Linear Feature 102
111  33.80050283 -118.34002430 1
115  33.80062594 -118.34023189
120 Linear Feature 101
111  33.80063178 -118.34005584 1
112  33.80062585 -118.34023048  33.80070878 -118.34035345 1
111  33.80106420 -118.34090768 1
115  33.80113987 -118.34102623
120 Linear Feature 100
111  33.80086833 -118.33984158 1
111  33.80063001 -118.34005721 1
112  33.80050279 -118.34002271  33.80043470 -118.33992568 1
115  33.80002794 -118.33934347
120 Linear Feature 99
111  33.79718658 -118.33527917 8
115  33.79853857 -118.33731891
120 Linear Feature 98
111  33.79867301 -118.33717421 20
111  33.79794601 -118.33607797
111  33.79767203 -118.33566052 20
115  33.79732906 -118.33514582
120 Linear Feature 97
111  33.80064295 -118.33989151 20
111  33.80054484 -118.33997428 20
111  33.79994610 -118.33906773 20
113  33.80003845 -118.33897744 20
120 Linear Feature 96
111  33.80248092 -118.34266786 20
111  33.80238345 -118.34275528 20
111  33.80076859 -118.34031497 20
113  33.80086470 -118.34022479 20
120 Linear Feature 94
111  33.80410888 -118.34512597 20
111  33.80401049 -118.34521449 20
111  33.80284027 -118.34344330 20
113  33.80293130 -118.34335145 20
120 Linear Feature 93
111  33.80476960 -118.34611786 20
111  33.80466924 -118.34621507 20
111  33.80415766 -118.34543739 20
113  33.80425434 -118.34534165 20
120 Linear Feature 92
111  33.80481914 -118.34642691 20
111  33.80492132 -118.34633959 20
111  33.80559068 -118.34735365 20
113  33.80547369 -118.34744276 20
120 Linear Feature 91
111  33.79486984 -118.33312170 1
116  33.79481170 -118.33317729  33.79480651 -118.33324662
120 Linear Feature 90
111  33.79487176 -118.33346758 1
116  33.79481373 -118.33340689  33.79481788 -118.33334538
120 Linear Feature 89
111  33.79765575 -118.33345753 1
116  33.79770909 -118.33338782  33.79771460 -118.33330815
120 Linear Feature 88
111  33.79481469 -118.33352011 1
112  33.79487247 -118.33346721  33.79493779 -118.33346721 1
111  33.79765575 -118.33345863 1
116  33.79770909 -118.33353609  33.79771552 -118.33361908
120 Linear Feature 87
111  33.79486861 -118.33381097 1
116  33.79481670 -118.33374909  33.79481434 -118.33369287
120 Linear Feature 86
111  33.79765716 -118.33380135 1
116  33.79771105 -118.33373152  33.79771036 -118.33366169
120 Linear Feature 85
111  33.79481803 -118.33386302 1
112  33.79486902 -118.33381071  33.79491500 -118.33380971 1
111  33.79765674 -118.33380081 1
116  33.79771283 -118.33387163  33.79771283 -118.33394908
120 Linear Feature 84
111  33.79488819 -118.33412680 1
116  33.79482015 -118.33407369  33.79481371 -118.33401837
120 Linear Feature 83
111  33.79766063 -118.33412436 1
116  33.79771081 -118.33419210  33.79771203 -118.33425838
120 Linear Feature 82
111  33.79482080 -118.33417721 1
112  33.79488885 -118.33412631  33.79495321 -118.33413074 1
111  33.79765634 -118.33412415 1
116  33.79771314 -118.33404472  33.79771681 -118.33398876
120 Linear Feature 81
111  33.79486672 -118.33443951 1
116  33.79482326 -118.33449383  33.79481824 -118.33453407
120 Linear Feature 80
111  33.79770982 -118.33434936 1
112  33.79764178 -118.33442682  33.79756729 -118.33443014 1
111  33.79486568 -118.33443908 1
116  33.79482493 -118.33439023  33.79481991 -118.33434798
120 Linear Feature 79
111  33.79771238 -118.33431232 1
116  33.79789352 -118.33450378  33.79799999 -118.33454501
120 Linear Feature 78
111  33.79807552 -118.33426129 1
116  33.79780748 -118.33422030  33.79768308 -118.33407061
120 Linear Feature 77
111  33.79764003 -118.33467196 1
112  33.79771138 -118.33444840  33.79771003 -118.33434634 1
115  33.79771329 -118.33398388
120 Linear Feature 76
111  33.79731733 -118.33485912 1
116  33.79751606 -118.33501986  33.79755190 -118.33514140
120 Linear Feature 75
111  33.79481033 -118.33307340 1
111  33.79482499 -118.33479248 1
112  33.79491295 -118.33486500  33.79501069 -118.33486500 1
111  33.79731407 -118.33485912 1
116  33.79748837 -118.33481992  33.79752747 -118.33477091
120 Linear Feature 74
111  33.79486414 -118.33201318 1
116  33.79480897 -118.33207957  33.79480813 -118.33214696
120 Linear Feature 73
111  33.79480471 -118.33237753 1
115  33.79480740 -118.33249417
120 Linear Feature 72
111  33.79486750 -118.33280251 1
116  33.79480985 -118.33285607  33.79480884 -118.33291327
120 Linear Feature 71
111  33.79765444 -118.33311570 1
116  33.79770785 -118.33319871  33.79772009 -118.33329644
120 Linear Feature 70
111  33.79480790 -118.33275980 1
111  33.79480957 -118.33306760 1
112  33.79487059 -118.33312091  33.79493496 -118.33312191 1
111  33.79765333 -118.33311436 1
116  33.79770563 -118.33303403  33.79770563 -118.33294968
120 Linear Feature 69
111  33.79765661 -118.33279414 1
116  33.79770534 -118.33285058  33.79770810 -118.33290701
120 Linear Feature 68
111  33.79765395 -118.33240944 1
116  33.79770106 -118.33246522  33.79770182 -118.33252009
120 Linear Feature 67
111  33.79486713 -118.33242527 1
112  33.79480703 -118.33249094  33.79480634 -118.33255080 1
111  33.79480772 -118.33275862 1
112  33.79486506 -118.33280185  33.79490651 -118.33280185 1
111  33.79765608 -118.33279271 1
116  33.79770375 -118.33272703  33.79770375 -118.33266718
120 Linear Feature 66
111  33.79480737 -118.33195703 1
111  33.79480468 -118.33237552 1
112  33.79486686 -118.33242373  33.79493180 -118.33242373 1
111  33.79765371 -118.33240892 1
116  33.79770220 -118.33234253  33.79770052 -118.33226507
120 Linear Feature 65
111  33.79487120 -118.33161474 1
116  33.79480695 -118.33167543  33.79481179 -118.33172780
120 Linear Feature 64
111  33.79764812 -118.33200160 1
116  33.79770132 -118.33206927  33.79770436 -118.33211683
120 Linear Feature 63
111  33.79480583 -118.33156472 1
111  33.79480739 -118.33195695 1
112  33.79486500 -118.33201254  33.79490445 -118.33201254 1
111  33.79764848 -118.33200210 1
116  33.79769855 -118.33194988  33.79769855 -118.33189901
120 Linear Feature 62
111  33.79487822 -118.33122776 1
116  33.79480742 -118.33129857  33.79480926 -118.33136496
120 Linear Feature 61
111  33.79762920 -118.33160233 1
116  33.79769494 -118.33167901  33.79769596 -118.33173379
120 Linear Feature 60
111  33.79480619 -118.33116295 1
111  33.79480619 -118.33156459 1
112  33.79486991 -118.33161450  33.79491340 -118.33161450 1
111  33.79762819 -118.33160233 1
116  33.79767472 -118.33150861  33.79765347 -118.33145871
120 Linear Feature 59
111  33.79805375 -118.33459169 1
111  33.79780594 -118.33421924 1
112  33.79771389 -118.33398555  33.79771086 -118.33386870 1
111  33.79769599 -118.33160947 1
112  33.79754775 -118.33130564  33.79738486 -118.33111353 1
111  33.79717960 -118.33087831 1
112  33.79702322 -118.33081362  33.79693689 -118.33081362 1
111  33.79487948 -118.33082538 1
112  33.79480618 -118.33091359  33.79480618 -118.33099200 1
111  33.79480781 -118.33116253 1
112  33.79487948 -118.33122722  33.79492998 -118.33122526 1
111  33.79740898 -118.33121396 1
116  33.79750444 -118.33125372  33.79752770 -118.33128318
120 Linear Feature 58
111  33.79805434 -118.33459280 1
116  33.79807270 -118.33426290  33.79818774 -118.33414949
120 Linear Feature 57
111  33.79815573 -118.33567786 1
116  33.79807117 -118.33585459  33.79813236 -118.33598446
120 Linear Feature 56
111  33.79832172 -118.33392315 2
115  33.79914108 -118.33313693
120 Linear Feature 55
111  33.79776961 -118.33455101 1
111  33.79827312 -118.33406824 1
111  33.79938438 -118.33301361 1
112  33.79965540 -118.33302402  33.79976040 -118.33317631 1
115  33.79991523 -118.33341608
120 Linear Feature 49
111  33.80153071 -118.33658670 1
111  33.80233825 -118.33716739 1
112  33.80248896 -118.33730250  33.80252537 -118.33735362 1
115  33.80267582 -118.33758602
120 Linear Feature 48
111  33.80180514 -118.33627903 1
115  33.80163960 -118.33602996
120 Linear Feature 47
111  33.79792657 -118.33563600 1
112  33.79804162 -118.33567724  33.79811260 -118.33567871 1
111  33.79999493 -118.33566693 1
111  33.80014424 -118.33567134 1
112  33.80036576 -118.33575235  33.80050284 -118.33584513 1
111  33.80152958 -118.33658475 1
116  33.80180514 -118.33627903  33.80177826 -118.33593833
120 Linear Feature 46
111  33.79943399 -118.33733069 2
111  33.79961407 -118.33716598 2
112  33.79969752 -118.33719946  33.79973980 -118.33726372 2
115  33.80014421 -118.33788974
120 Linear Feature 45
111  33.79940737 -118.33722271 1
116  33.79961849 -118.33732376  33.79968757 -118.33745595
120 Linear Feature 42
111  33.79922105 -118.33739249 1
116  33.79920767 -118.33757356  33.79925114 -118.33764095
120 Linear Feature 41
111  33.80002977 -118.33663322 1
111  33.79937489 -118.33725232 1
111  33.79922153 -118.33739270 1
116  33.79906799 -118.33736325  33.79903683 -118.33728559
120 Linear Feature 39
111  33.80002977 -118.33663322 1
112  33.80026974 -118.33660832  33.80034662 -118.33672760 1
115  33.80048609 -118.33693790
120 Linear Feature 38
111  33.80433325 -118.34492617 20
111  33.80424548 -118.34500363 20
111  33.80274951 -118.34275034 20
115  33.80283868 -118.34266728
120 Linear Feature 35
111  33.80499391 -118.34608154 1
116  33.80497092 -118.34623867  33.80501874 -118.34631503
120 Linear Feature 34
111  33.80499428 -118.34607955 1
116  33.80486610 -118.34608043  33.80478794 -118.34603506
120 Linear Feature 32
111  33.80594543 -118.34251594 1
115  33.80610899 -118.34275830
120 Linear Feature 31
111  33.80557934 -118.34269357 1
116  33.80594552 -118.34251535  33.80624978 -118.34274542
120 Linear Feature 30
111  33.80499391 -118.34608154 1
111  33.80601890 -118.34511368 1
112  33.80612526 -118.34495976  33.80615079 -118.34489127 1
112  33.80615488 -118.34472970  33.80613872 -118.34464383 1
111  33.80607545 -118.34441862 1
111  33.80557865 -118.34269270 1
111  33.80534015 -118.34186294 1
111  33.80525126 -118.34154461 1
112  33.80518621 -118.34136457  33.80514719 -118.34130456 1
115  33.80492689 -118.34097632
120 Linear Feature 23
111  33.80322734 -118.34107705 1
115  33.80340495 -118.34134432
120 Linear Feature 22
111  33.80298537 -118.34118703 1
116  33.80322770 -118.34107686  33.80347541 -118.34114167
120 Linear Feature 21
111  33.80086583 -118.33984148 1
112  33.80086179 -118.34006505  33.80095737 -118.34020600 1
111  33.80206965 -118.34188109 1
111  33.80254264 -118.34260279 1
112  33.80271273 -118.34261246  33.80278252 -118.34253943 1
111  33.80302786 -118.34230327 1
112  33.80308419 -118.34197322  33.80305976 -118.34178699 1
111  33.80293529 -118.34079834 1
112  33.80289228 -118.34056977  33.80286899 -118.34053311 1
115  33.80279194 -118.34041666
120 Linear Feature 17
111  33.80208195 -118.33983088 1
111  33.80252413 -118.34005299 1
112  33.80261213 -118.34013820  33.80264146 -118.34018567 1
115  33.80279116 -118.34041329
120 Linear Feature 16
111  33.80222701 -118.33957540 1
115  33.80198224 -118.33920152
120 Linear Feature 15
111  33.80640836 -118.34694674 1
112  33.80616873 -118.34683333  33.80604622 -118.34664701 1
111  33.80517895 -118.34534020 1
111  33.80392791 -118.34344847 1
111  33.80273122 -118.34165174 1
111  33.79805545 -118.33459371 1
112  33.79776818 -118.33455224  33.79762508 -118.33468530 1
111  33.79748632 -118.33482098 1
112  33.79751400 -118.33501420  33.79758731 -118.33512789 1
111  33.79932225 -118.33774680 1
111  33.80072446 -118.33982561 1
112  33.80086404 -118.33984086  33.80092401 -118.33977458 1
111  33.80114798 -118.33957870 1
112  33.80147109 -118.33954482  33.80166935 -118.33963908 1
111  33.80208181 -118.33983054 1
116  33.80222964 -118.33957674  33.80215671 -118.33932531
120 Linear Feature 14
111  33.80616873 -118.34683495 1
116  33.80610007 -118.34714116  33.80598294 -118.34721245
120 Linear Feature 13
111  33.80564752 -118.34726545 1
115  33.80587713 -118.34760994
120 Linear Feature 12
111  33.80442511 -118.34486178 2
111  33.80458051 -118.34471129 2
112  33.80456672 -118.34454751  33.80450603 -118.34445345 2
111  33.80413469 -118.34389059 2
115  33.80411721 -118.34388053
120 Linear Feature 11
111  33.80453062 -118.34489751 1
112  33.80454169 -118.34477983  33.80452088 -118.34474449 1
115  33.80446826 -118.34466348
120 Linear Feature 10
111  33.80588313 -118.34727591 1
112  33.80564840 -118.34726585  33.80555067 -118.34711881 1
111  33.80431954 -118.34525715 1
112  33.80433183 -118.34509115  33.80438813 -118.34503371 1
111  33.80514692 -118.34430215 1
112  33.80515427 -118.34397503  33.80507961 -118.34377360
111  33.80515427 -118.34397503 1
115  33.80498170 -118.34371290
120 Linear Feature 9
111  33.80708721 -118.34791319 20
111  33.80708498 -118.34779402 20
111  33.80570808 -118.34778724 20
115  33.80570729 -118.34791334
120 Linear Feature 8
111  33.80763889 -118.34791929 20
111  33.80763751 -118.34779458 20
111  33.80722438 -118.34779458 20
115  33.80722507 -118.34791514
120 Linear Feature 7
111  33.80829281 -118.34792575 20
111  33.80829114 -118.34777786 20
111  33.80794005 -118.34777987 20
115  33.80794173 -118.34792373
120 Linear Feature 6
111  33.80694602 -118.34672384 2
115  33.80776986 -118.34619092
120 Linear Feature 5
111  33.80773294 -118.34520381 1
111  33.80796248 -118.34555135 1
112  33.80790324 -118.34588285  33.80782328 -118.34599334 1
111  33.80767293 -118.34613757 1
111  33.80749671 -118.34626054 1
111  33.80695174 -118.34660451 1
111  33.80644675 -118.34692353 1
111  33.80588303 -118.34727578 1
112  33.80580931 -118.34747409  33.80583750 -118.34756803 1
112  33.80598060 -118.34765935  33.80607383 -118.34766457 1
115  33.80843063 -118.34765937
120 Linear Feature 7
111  33.80454540 -118.34530377 1 102
115  33.80493763 -118.34589863
120 Linear Feature 6
111  33.80514918 -118.34622180 1 102
115  33.80568185 -118.34703398
120 Linear Feature 5
111  33.80592525 -118.34716382 1 102
111  33.80608283 -118.34706252
111  33.80638077 -118.34687388 1 102
115  33.80686199 -118.34656770
120 Linear Feature 3
111  33.80795068 -118.34592016 1 102
116  33.80790050 -118.34601375  33.80787614 -118.34603058
120 Linear Feature 148
111  33.80281133 -118.33949167 22
116  33.80308058 -118.33947871  33.80323002 -118.33967961
120 Linear Feature 147
111  33.80286485 -118.33972744 22
116  33.80280998 -118.33949167  33.80285845 -118.33932804
120 Linear Feature 146
111  33.80305238 -118.33970806 22
116  33.80286437 -118.33972840  33.80273731 -118.33965195
120 Linear Feature 145
111  33.80307660 -118.33947284 22
116  33.80305142 -118.33970808  33.80295665 -118.33983639
120 Linear Feature 150
111  33.80305237 -118.33975068 20
111  33.80308870 -118.33979781 20
115  33.80311890 -118.33976374
120 Linear Feature 149
111  33.80284098 -118.33940774 20
111  33.80280575 -118.33936118 20
115  33.80283269 -118.33933292
120 Taxiedge A
111  33.80532958 -118.34544538 2
115  33.80558530 -118.34581505
120 Taxiedge A
111  33.80470054 -118.34448460 2
115  33.80491221 -118.34479278
120 Taxiedge A
111  33.80286585 -118.34171939 2
115  33.80324388 -118.34228478
120 Taxiedge A
111  33.80126818 -118.33929729 2
115  33.80163587 -118.33986500
120 Taxiedge A
111  33.79960061 -118.33679319 2
115  33.79981867 -118.33712111
120 Taxiedge A
111  33.79873533 -118.33550588 2
115  33.79908527 -118.33601714
120 Taxiline closed
111  33.80051279 -118.33612073 3
115  33.80048723 -118.33611773
120 Taxiline closed
111  33.80031651 -118.33630772 3
115  33.80029099 -118.33630439
120 Taxiline closed
111  33.80049817 -118.33613520 3
115  33.80050081 -118.33610245
120 Taxiline closed
111  33.80030177 -118.33632199 3
115  33.80030470 -118.33628928
21  33.80713244 -118.34363281 1 129.4100 3.5 11L VASI
21  33.80069653 -118.33771480 1 308.4900 4.0 29L VASI
21  33.80047935 -118.33491452 1 308.0600 4.0 29R VASI
14  33.80112251 -118.34134126  78.00 0 TWR
15  33.80156601 -118.34147403  37.15 ADMIN BUILDING
15  33.80086266 -118.34092582  43.09 CIVIL AIR PATROL
15  33.80340037 -118.34420491  39.56 GA 01
15  33.80815993 -118.34788637  89.43 GA 02 NW
15  33.80624994 -118.34789107  92.49 GA 03 NW
15  33.79647499 -118.33241603   0.51 GA 04 SE
18  33.80109295 -118.34129144 1 APT BCN
19  33.80295205 -118.33957317 1 New Windsock 2
19  33.80487821 -118.34423164 1 New Windsock 6
19  33.79993277 -118.33646026 1 New Windsock 7
19  33.79930945 -118.33340075 1 New Windsock 8
19  33.80762024 -118.34596150 1 New Windsock 9
50 12560 ATIS
51 12400 CTAF
51 12295 UNICOM
53 12090 GND
54 13560 TWR (N)
54 12400 TWR (S)
55 12430 SOCAL APP/DEP (RWY11)
55 12720 SOCAL APP/DEP (RWY29)
99
