A
1000 Generated by WorldEditor

1    122 1 0 EDDT Berlin Tegel
100 46.02 1 1 0.00 1 3 1 08L  52.55764047  013.26569292    0   69 3 2 1 2 26R  52.56195047  013.30968292    0   68 3 2 1 2
100 46.02 1 1 0.00 1 3 1 08R  52.55668047  013.27492292  104   63 3 1 0 2 26L  52.56013047  013.31018292  220   48 3 0 1 2
102 H1  52.56144447  013.27520599  80.92 29.90 29.90 2 0 0 0.00 1
110 1 0.00 0.0000 New Taxiway 2
111  52.55495724  013.29690991
111  52.55486001  013.29428490
113  52.55345836  013.29617704
110 1 0.00 0.0000 New Taxiway 12
111  52.55453310  013.29361797
111  52.55446277  013.29358178
111  52.55442384  013.29387907
113  52.55448713  013.29390375
110 1 0.00 0.0000 New Taxiway 11
111  52.55467554  013.29360847
111  52.55454481  013.29354519
111  52.55453310  013.29361797
111  52.55448713  013.29390375
111  52.55447529  013.29397741
113  52.55460882  013.29405857
110 1 0.00 0.0000 New Taxiway 6
111  52.55482745  013.29363865
111  52.55468095  013.29357198
111  52.55467554  013.29360847
111  52.55460882  013.29405857
111  52.55460174  013.29410627
113  52.55476213  013.29420082
110 1 0.00 0.0000 New Taxiway 4
112  52.55385986  013.29481326  52.55391940  013.29476515
112  52.55400744  013.29444990  52.55404001  013.29431597
112  52.55402532  013.29420480  52.55401717  013.29409766
112  52.55395378  013.29387637  52.55390289  013.29377593
112  52.55379618  013.29365375  52.55373510  013.29361357
112  52.55358717  013.29366559  52.55350778  013.29371246
112  52.55336290  013.29386644  52.55331201  013.29395014
112  52.55324790  013.29416618  52.55320718  013.29425992
111  52.55311195  013.29452546
112  52.55340238  013.29479303  52.55354202  013.29491201
114  52.55365481  013.29490190  52.55371538  013.29489636
110 1 0.00 0.0000 New Taxiway 14
112  52.55343222  013.29517913  52.55340810  013.29514650
112  52.55315902  013.29493606  52.55307389  013.29488736
112  52.55301570  013.29491028  52.55290096  013.29494376
111  52.55251633  013.29517913
111  52.55222717  013.29532293
112  52.55274222  013.29657143  52.55276816  013.29659082
112  52.55293032  013.29663404  52.55297631  013.29655936
112  52.55351255  013.29551076  52.55352434  013.29545698
114  52.55351479  013.29534135  52.55350085  013.29529197
110 1 0.00 0.0000 New Taxiway 2
111  52.55146442  013.29573377
112  52.55310042  013.29486181  52.55324443  013.29491205
112  52.55359941  013.29520855  52.55378706  013.29527314
112  52.55402812  013.29508141  52.55412413  013.29494505
112  52.55418976  013.29453819  52.55419849  013.29443771
112  52.55412651  013.29378691  52.55406542  013.29357161
112  52.55392759  013.29337046  52.55381413  013.29328434
112  52.55363945  013.29323177  52.55353215  013.29323667
112  52.55334235  013.29334559  52.55323207  013.29343873
112  52.55306319  013.29400332  52.55302445  013.29420430
112  52.55294433  013.29435960  52.55286982  013.29448215
113  52.55144084  013.29529864
112  52.55311806  013.29420193  52.55314488  013.29408429
112  52.55325516  013.29379998  52.55329391  013.29371664
112  52.55342804  013.29358429  52.55348467  013.29351566
112  52.55367244  013.29353037  52.55375590  013.29352547
112  52.55386618  013.29362351  52.55390791  013.29366762
112  52.55397348  013.29376566  52.55401223  013.29384899
112  52.55405395  013.29404507  52.55406886  013.29413331
112  52.55407780  013.29439311  52.55407184  013.29447154
112  52.55402415  013.29468722  52.55397944  013.29478036
112  52.55382147  013.29500095  52.55376484  013.29502055
112  52.55354130  013.29502055  52.55343698  013.29498624
112  52.55328199  013.29483918  52.55321045  013.29477546
113  52.55300182  013.29455977
110 1 0.00 0.0000 New Taxiway 1
111  52.56579454  013.29160864
111  52.56573271  013.29161729
111  52.56573900  013.29171043
113  52.56580113  013.29169687
110 1 0.00 0.0000 New Taxiway 22
111  52.55385522  013.28125809
111  52.55250791  013.28180713
111  52.55278999  013.28382737
113  52.55416322  013.28319373
110 1 0.00 0.0000 New Taxiway 21
111  52.55388742  013.28408909
111  52.55378440  013.28384458
111  52.55321471  013.28449444
113  52.55333937  013.28475739
110 1 0.00 0.0000 New Taxiway 20
111  52.55061261  013.28808246
111  52.55293789  013.28524697
111  52.55237115  013.28399266
113  52.55004493  013.28675099
110 1 0.00 0.0000 New Taxiway 19
111  52.55336853  013.27837616
111  52.55192627  013.27872999
111  52.55205088  013.28115075
111  52.55300689  013.28088769
111  52.55287927  013.27923325
113  52.55344232  013.27912213
110 1 0.00 0.0000 New Taxiway 18
111  52.55168127  013.29190929
111  52.55126340  013.29202410
111  52.55138830  013.29432899
111  52.55286892  013.29366483
113  52.55295224  013.29256420
110 1 0.00 0.0000 New Taxiway 17
111  52.55356710  013.29626162
111  52.55321796  013.29790779
111  52.55502158  013.29901578
111  52.55501468  013.29798108
113  52.55497707  013.29696065
110 1 0.00 0.0000 New Taxiway 40
111  52.56541817  013.29123481
111  52.56677173  013.29093017
111  52.56675045  013.29053051
113  52.56538233  013.29086454
110 1 0.00 0.0000 New Taxiway 35
111  52.56660935  013.29973061
111  52.56625175  013.29984805
111  52.56631387  013.30048991
111  52.56663563  013.30036480
111  52.56670117  013.30073764
111  52.56676317  013.30071928
111  52.56684435  013.30129658
111  52.56731607  013.30115449
111  52.56704254  013.29897534
111  52.56679410  013.29904797
111  52.56675395  013.29905971
113  52.56652586  013.29912639
110 1 0.00 0.0000 New Taxiway 32
111  52.56653930  013.29664646
111  52.56603672  013.29682856
111  52.56607810  013.29724254
111  52.56600262  013.29727386
111  52.56603824  013.29764186
111  52.56612484  013.29761294
111  52.56614096  013.29775830
111  52.56609153  013.29777598
111  52.56610496  013.29789140
111  52.56614902  013.29789140
111  52.56616184  013.29800683
111  52.56656739  013.29786275
111  52.56663271  013.29783954
111  52.56666304  013.29782877
111  52.56664086  013.29761681
113  52.56655446  013.29679130
111  52.56648218  013.29745293
111  52.56627753  013.29753123
111  52.56622041  013.29703012
113  52.56644887  013.29695965
110 1 0.00 0.0000 New Taxiway 31
111  52.56585598  013.29575859
111  52.56611596  013.29568332
111  52.56604494  013.29511170
111  52.56651249  013.29497215
111  52.56646856  013.29451064
111  52.56575575  013.29472301
113  52.56582727  013.29546194
110 1 0.00 0.0000 New Taxiway 30
111  52.56584296  013.29286143
111  52.56558364  013.29294458
111  52.56567278  013.29386564
113  52.56595505  013.29377732
110 1 0.00 0.0000 New Taxiway 29
111  52.56599314  013.29142608
111  52.56578575  013.29149078
111  52.56579454  013.29160864
111  52.56580113  013.29169687
111  52.56581078  013.29182609
113  52.56603248  013.29178491
110 1 0.00 0.0000 New Taxiway 28
111  52.56576072  013.29199669
111  52.56549955  013.29207573
111  52.56553113  013.29240199
113  52.56580005  013.29232611
110 1 0.00 0.0000 New Taxiway 27
111  52.56572496  013.29150255
111  52.56544829  013.29154605
111  52.56548084  013.29188234
111  52.56574641  013.29182021
111  52.56573900  013.29171043
113  52.56573271  013.29161729
110 1 0.00 0.0000 New Taxiway 26
111  52.56535099  013.29054068
111  52.56571574  013.29043534
111  52.56565174  013.28986942
113  52.56529726  013.28998553
110 1 0.00 0.0000 New Taxiway 25
111  52.56681555  013.30321285
111  52.56671993  013.30215563
111  52.56648061  013.30221280
113  52.56658427  013.30328384
110 2 0.00 0.0000 New Taxiway 1
111  52.56218697  013.30942614
112  52.56235731  013.30964855  52.56245433  013.30968532
112  52.56337885  013.30938706  52.56346753  013.30930688
111  52.56337885  013.30938706
112  52.56337885  013.30938706  52.56345427  013.30936603
112  52.56367400  013.30914231  52.56371615  013.30908234
112  52.56455538  013.30713025  52.56457891  013.30706526
112  52.56461013  013.30652922  52.56461338  013.30638484
112  52.56454247  013.30558993  52.56453597  013.30548832
111  52.56441308  013.30424471
111  52.56437951  013.30384344
111  52.56658427  013.30328384
111  52.56648061  013.30221280
111  52.56631387  013.30048991
111  52.56625175  013.29984805
111  52.56603824  013.29764186
111  52.56600262  013.29727386
111  52.56585598  013.29575859
111  52.56582727  013.29546194
111  52.56575575  013.29472301
111  52.56567278  013.29386564
111  52.56558364  013.29294458
111  52.56553113  013.29240199
111  52.56549955  013.29207573
111  52.56548084  013.29188234
111  52.56544829  013.29154605
111  52.56541817  013.29123481
111  52.56538233  013.29086454
111  52.56535099  013.29054068
111  52.56529726  013.28998553
111  52.56310545  013.29054080
112  52.56100055  013.26883119  52.56099078  013.26873477
112  52.56072301  013.26700227  52.56070026  013.26689533
112  52.56061454  013.26656893  52.56057554  013.26643525
112  52.56045173  013.26611764  52.56039971  013.26601069
112  52.56015664  013.26560094  52.56004650  013.26545860
111  52.55966166  013.26513122
112  52.55928991  013.26491204  52.55909324  013.26486675
111  52.55891919  013.26487517
112  52.55850957  013.26499059  52.55831920  013.26506887
112  52.55805070  013.26527996  52.55791268  013.26537391
111  52.55791169  013.26558103
111  52.55800877  013.26660467
112  52.55842670  013.26592973  52.55850744  013.26585005
112  52.55893018  013.26558507  52.55902504  013.26555519
112  52.55932593  013.26562376  52.55940667  013.26562708
112  52.55985817  013.26599749  52.55991607  013.26607686
112  52.56018010  013.26649436  52.56022153  013.26655569
112  52.56037067  013.26708136  52.56040003  013.26721115
112  52.56066125  013.26880362  52.56067834  013.26894825
111  52.56138831  013.27629596
112  52.56097073  013.27563875  52.56090959  013.27554683
112  52.56050805  013.27508607  52.56043347  013.27502132
112  52.55997346  013.27473915  52.55984798  013.27468933
112  52.55920770  013.27468274  52.55915633  013.27468576
111  52.55920770  013.27468274
112  52.55920770  013.27468274  52.55913573  013.27469090
111  52.55875982  013.27472655
111  52.55882605  013.27532900
112  52.55905369  013.27523632  52.55911040  013.27521985
112  52.55964333  013.27522219  52.55982850  013.27525786
112  52.56045005  013.27567030  52.56056376  013.27578925
112  52.56078245  013.27605744  52.56087521  013.27621342
112  52.56109787  013.27671910  52.56118651  013.27693610
112  52.56138120  013.27750658  52.56145454  013.27774376
112  52.56155519  013.27823018  52.56159065  013.27845380
112  52.56161718  013.27901311  52.56158763  013.27918325
111  52.56152557  013.27934367
111  52.56123310  013.27978427
112  52.56086062  013.28011031  52.56076927  013.28018986
112  52.56054790  013.28025085  52.56046730  013.28029947
111  52.56009171  013.28040377
112  52.55954794  013.28051071  52.55945929  013.28051955
111  52.55940568  013.28066008
111  52.55944658  013.28109686
112  52.55960361  013.28116162  52.55972389  013.28114024
112  52.56069753  013.28088501  52.56077625  013.28088331
111  52.56104748  013.28100029
112  52.56150420  013.28135644  52.56165035  013.28151615
112  52.56184510  013.28187735  52.56192301  013.28208064
111  52.56193913  013.28226625
111  52.56198480  013.28275237
111  52.56292522  013.29222842
112  52.56087785  013.29278419  52.56069748  013.29281189
111  52.56061032  013.29292477
111  52.56065168  013.29334593
112  52.56093176  013.29331057  52.56117311  013.29321723
111  52.56298580  013.29277753
112  52.56427799  013.30636991  52.56427799  013.30640320
112  52.56425522  013.30677617  52.56424152  013.30682828
112  52.56412374  013.30719664  52.56411004  013.30722480
112  52.56342797  013.30867412  52.56338551  013.30874397
112  52.56322159  013.30885246  52.56319277  013.30886992
112  52.56300265  013.30891509  52.56296929  013.30892507
112  52.56272112  013.30895248  52.56265855  013.30894584
112  52.56246080  013.30893458  52.56239621  013.30892462
112  52.56230701  013.30885095  52.56226530  013.30882077
113  52.56216294  013.30875113
111  52.56152653  013.28068144
111  52.56117620  013.28048881
111  52.56151363  013.28010238
111  52.56174480  013.27979243
111  52.56179303  013.28031198
113  52.56185722  013.28109823
110 2 0.00 0.0000 New Taxiway 18
111  52.55709049  013.27619865
112  52.55712036  013.27614796  52.55714606  013.27618698
111  52.55722056  013.27635512
111  52.55780179  013.27742419
111  52.55838899  013.27863542
111  52.55868101  013.27926425
111  52.55857459  013.27785389
112  52.55834949  013.27733809  52.55825061  013.27712683
111  52.55749011  013.27575060
112  52.55821232  013.27543341  52.55825316  013.27538207
111  52.55821232  013.27543341
112  52.55821232  013.27543341  52.55825316  013.27542535
111  52.55829100  013.27535629
111  52.55824173  013.27490121
112  52.55813889  013.27486526  52.55808148  013.27487707
112  52.55720704  013.27509510  52.55717646  013.27508277
113  52.55699238  013.27507207
110 2 0.00 0.0000 New Taxiway 17
111  52.55764162  013.28164955
112  52.55776823  013.28151428  52.55779674  013.28149359
112  52.55798881  013.28143379  52.55802067  013.28142552
112  52.55869360  013.28131222  52.55874270  013.28132837
111  52.55888194  013.28135175
111  52.55875196  013.28008670
112  52.55866914  013.28047725  52.55864784  013.28054066
112  52.55851065  013.28072259  52.55846297  013.28076932
112  52.55782792  013.28093127  52.55775636  013.28093986
113  52.55756204  013.28086724
110 2 0.00 0.0000 New Taxiway 16
111  52.55880350  013.29391594
112  52.55894647  013.29382599  52.55898895  013.29381524
112  52.55989547  013.29358099  52.55994503  013.29355909
111  52.55989547  013.29358099
112  52.55989547  013.29358099  52.55994759  013.29357803
111  52.56011475  013.29361816
111  52.56005137  013.29296769
112  52.55984747  013.29310699  52.55981305  013.29311700
111  52.55984747  013.29310699
112  52.55984747  013.29310699  52.55980968  013.29309199
112  52.55890047  013.29335199  52.55885223  013.29336656
113  52.55875385  013.29334834
110 2 0.00 0.0000 New Taxiway 9
111  52.55951845  013.30082233
112  52.55974028  013.30041981  52.55976260  013.30035474
112  52.56044647  013.29782735  52.56046574  013.29776894
111  52.56047056  013.29734546
111  52.56026515  013.29556156
112  52.56011108  013.29697044  52.56010126  013.29703708
111  52.55996682  013.29773231
112  52.55962780  013.29931344  52.55960820  013.29936182
113  52.55945111  013.30016620
110 2 0.00 0.0000 New Taxiway 8
111  52.56039163  013.30987368
112  52.56063293  013.30998774  52.56071596  013.30999424
112  52.56153982  013.30977237  52.56167035  013.30972000
111  52.56170754  013.30957618
111  52.56158551  013.30898028
112  52.56092525  013.30934574  52.56081979  013.30937750
112  52.56059987  013.30933752  52.56052156  013.30931975
113  52.56031347  013.30920899
110 2 0.00 0.0000 New Taxiway 3
111  52.55742634  013.26569739
112  52.55702932  013.26530021  52.55685325  013.26519428
111  52.55702932  013.26530021
112  52.55702932  013.26530021  52.55689248  013.26519924
112  52.55659167  013.26502933  52.55642866  013.26500108
111  52.55616668  013.26496102
112  52.55559819  013.26508451  52.55544218  013.26518925
112  52.55494841  013.26566136  52.55485596  013.26580075
112  52.55451559  013.26675946  52.55444051  013.26700640
111  52.55435463  013.26790078
111  52.55433075  013.27057557
112  52.55448294  013.27259597  52.55450341  013.27278679
111  52.55482691  013.27611599
111  52.55405297  013.27641905
112  52.55307446  013.27573234  52.55300001  013.27569153
112  52.55276666  013.27591754  52.55273564  013.27601958
112  52.55269917  013.27634519  52.55274260  013.27654926
112  52.55294684  013.27694231  52.55299707  013.27699739
111  52.55384771  013.27732506
111  52.55392726  013.27811646
111  52.55424560  013.27806032
111  52.55438824  013.27989996
111  52.55390777  013.27994935
111  52.55344232  013.27912213
111  52.55287927  013.27923325
111  52.55300689  013.28088769
111  52.55368255  013.28085065
111  52.55524407  013.28040618
111  52.55528660  013.28070991
111  52.55385522  013.28125809
111  52.55416322  013.28319373
111  52.55458253  013.28302919
111  52.55460595  013.28321290
111  52.55388742  013.28408909
111  52.55333937  013.28475739
111  52.55293789  013.28524697
111  52.55061261  013.28808246
111  52.55118883  013.28961237
112  52.55091992  013.29027219  52.55089098  013.29034143
112  52.55083054  013.29073437  52.55083580  013.29080794
112  52.55121010  013.29683442  52.55127059  013.29705957
112  52.55170304  013.29764362  52.55204429  013.29791764
111  52.55233844  013.29802964
112  52.55715261  013.30094795  52.55727913  013.30108126
111  52.55731533  013.30158983
112  52.55753148  013.30362471  52.55755581  013.30382443
112  52.55871440  013.30941047  52.55875678  013.30958156
112  52.55909704  013.31021819  52.55927810  013.31031324
111  52.55909704  013.31021819
112  52.55909704  013.31021819  52.55927810  013.31030690
112  52.55960297  013.31026169  52.55969543  013.31025536
111  52.55981649  013.31007442
111  52.55974604  013.30934153
112  52.55948408  013.30960106  52.55938777  013.30964542
112  52.55921127  013.30954570  52.55916339  013.30948916
111  52.55908476  013.30914998
111  52.55800148  013.30398341
112  52.55788136  013.30309852  52.55785589  013.30281049
111  52.55771573  013.30132046
112  52.55812733  013.30153370  52.55822603  013.30159131
112  52.55856838  013.30167556  52.55869255  013.30164414
111  52.55900222  013.30142999
111  52.55892486  013.30087725
112  52.55835818  013.30098409  52.55826266  013.30093172
112  52.55804833  013.30079662  52.55794008  013.30072854
112  52.55777260  013.30052723  52.55771530  013.30042249
112  52.55763885  013.30019908  52.55760383  013.30005769
112  52.55708252  013.29487100  52.55708013  013.29478051
112  52.55710497  013.29439635  52.55719108  013.29439301
111  52.55832808  013.29402958
111  52.55826494  013.29346620
112  52.55711337  013.29371741  52.55705901  013.29369237
111  52.55711337  013.29371741
112  52.55711337  013.29371741  52.55706473  013.29372491
112  52.55704068  013.29366808  52.55697676  013.29357760
111  52.55704068  013.29366808
112  52.55704068  013.29366808  52.55698196  013.29355362
112  52.55589501  013.28206864  52.55594068  013.28191842
111  52.55599971  013.28187134
112  52.55685499  013.28177169  52.55697360  013.28185151
111  52.55715932  013.28201708
111  52.55703262  013.28065125
112  52.55673326  013.28110632  52.55665239  013.28120683
112  52.55590730  013.28134366  52.55582361  013.28132898
112  52.55574974  013.28114941  52.55572184  013.28104662
112  52.55535751  013.27686483  52.55539890  013.27663442
112  52.55572116  013.27574034  52.55581668  013.27563561
112  52.55616614  013.27536919  52.55626166  013.27537443
111  52.55641673  013.27541955
111  52.55636372  013.27486888
112  52.55614633  013.27478764  52.55606355  013.27477716
112  52.55578826  013.27494292  52.55575324  013.27496910
112  52.55556962  013.27516658  52.55552823  013.27519800
111  52.55524200  013.27575276
112  52.55481116  013.27133726  52.55479177  013.27104201
111  52.55481116  013.27133726
112  52.55481116  013.27133726  52.55474110  013.27103367
112  52.55479086  013.26762535  52.55480999  013.26747191
112  52.55495427  013.26675017  52.55500655  013.26658625
112  52.55529441  013.26602096  52.55535174  013.26595918
112  52.55577375  013.26563132  52.55586667  013.26561181
112  52.55628967  013.26554848  52.55651850  013.26555996
112  52.55690069  013.26578714  52.55697404  013.26585956
112  52.55724341  013.26622302  52.55733178  013.26638158
113  52.55752915  013.26686393
111  52.55591488  013.28682003
112  52.55585731  013.28706621  52.55579839  013.28711668
111  52.55570034  013.28705731
111  52.55462999  013.28636957
112  52.55451569  013.28618421  52.55450580  013.28605578
111  52.55458302  013.28594936
111  52.55553657  013.28474812
112  52.55565719  013.28469420  52.55572861  013.28473825
113  52.55575193  013.28504328
111  52.55168127  013.29190929
111  52.55216114  013.29131501
111  52.55310480  013.29194492
111  52.55352926  013.29147764
111  52.55336935  013.28975685
111  52.55427455  013.28865046
111  52.55516607  013.28920428
111  52.55523720  013.28924847
111  52.55524106  013.28929628
111  52.55537589  013.29096518
111  52.55538066  013.29102418
111  52.55534934  013.29106618
111  52.55463057  013.29202999
113  52.55474867  013.29348987
111  52.55630491  013.29870721
111  52.55501468  013.29798108
111  52.55485292  013.29359176
111  52.55585376  013.29423966
111  52.55585545  013.29425641
113  52.55586967  013.29439722
111  52.55502158  013.29901578
111  52.55321796  013.29790779
111  52.55214443  013.29724830
112  52.55180286  013.29702517  52.55174555  013.29696757
111  52.55163567  013.29682190
112  52.55153639  013.29656467  52.55149182  013.29641282
111  52.55147737  013.29597286
111  52.55146442  013.29573377
111  52.55144084  013.29529864
111  52.55138830  013.29432899
111  52.55126340  013.29202410
111  52.55168127  013.29190929
111  52.55474867  013.29348987
111  52.55485292  013.29359176
113  52.55501468  013.29798108
110 1 0.00 0.0000 New Taxiway 7
111  52.55585376  013.29423966
111  52.55485292  013.29359176
111  52.55497707  013.29696065
111  52.55501468  013.29798108
113  52.55630491  013.29870721
110 1 0.00 0.0000 New Taxiway 3
111  52.55538066  013.29102418
111  52.55523720  013.28924847
111  52.55427455  013.28865046
111  52.55336935  013.28975685
111  52.55352926  013.29147764
111  52.55310480  013.29194492
111  52.55216114  013.29131501
111  52.55168127  013.29190929
111  52.55295224  013.29256420
111  52.55474867  013.29348987
113  52.55463057  013.29202999
130 Airport Boundary 1
111  52.56474505  013.25862514
111  52.54637209  013.26403460
111  52.55126890  013.31857827
113  52.57011982  013.31195224
120 Linear Feature 31
111  52.55402589  013.28441135 22
111  52.55398635  013.28445865 22
111  52.55404267  013.28457690 22
113  52.55405585  013.28455522 22
120 Linear Feature 33
111  52.55451606  013.28382312 22
111  52.55447785  013.28387899 22
111  52.55453517  013.28401167 22
113  52.55454970  013.28399275 22
120 Linear Feature 32
111  52.55459037  013.28373583 22
111  52.55463919  013.28368346 22
111  52.55469015  013.28381963 22
113  52.55467104  013.28383360 22
120 Linear Feature 30
111  52.55407143  013.28435419 22
111  52.55411577  013.28429900 22
111  52.55415891  013.28443106 22
113  52.55414573  013.28444288 22
120 Linear Feature 29
111  52.55351128  013.28506391 22
111  52.55347097  013.28511229 22
111  52.55352544  013.28523592 22
113  52.55354179  013.28521621 22
120 Linear Feature 28
111  52.55356684  013.28500299 22
111  52.55361478  013.28494745 22
111  52.55366707  013.28506929 22
113  52.55365726  013.28507824 22
120 Linear Feature 27
111  52.55307450  013.28569282 22
111  52.55302777  013.28574801 22
111  52.55308529  013.28586232 22
113  52.55310207  013.28584458 22
120 Linear Feature 26
111  52.55312232  013.28565203 22
111  52.55316786  013.28559881 22
111  52.55321819  013.28573875 22
113  52.55320740  013.28574663 22
120 Linear Feature 25
111  52.55260727  013.28633026 22
111  52.55256245  013.28637795 22
111  52.55262968  013.28653621 22
113  52.55264549  013.28651453 22
120 Linear Feature 24
111  52.55267186  013.28626522 22
111  52.55271800  013.28621536 22
111  52.55276940  013.28636061 22
113  52.55275490  013.28637145 22
120 Linear Feature 23
111  52.55209567  013.28699119 22
111  52.55204429  013.28704611 22
111  52.55211365  013.28720242 22
113  52.55213420  013.28717708 22
120 Linear Feature 22
111  52.55221897  013.28686023 22
111  52.55215475  013.28692782 22
111  52.55225750  013.28706724 22
113  52.55228576  013.28703766 22
120 Linear Feature 21
111  52.55167215  013.28762144 22
111  52.55173159  013.28754114 22
111  52.55179528  013.28771571 22
113  52.55177405  013.28773665 22
120 Linear Feature 20
111  52.55161058  013.28771221 22
111  52.55156176  013.28777157 22
111  52.55163818  013.28794614 22
113  52.55166154  013.28792519 22
120 Linear Feature 19
111  52.55105649  013.28837208 22
111  52.55111169  013.28830226 22
111  52.55116901  013.28844889 22
113  52.55114141  013.28848032 22
120 Linear Feature 18
111  52.55101191  013.28843493 22
111  52.55095671  013.28851174 22
111  52.55103101  013.28868980 22
113  52.55106073  013.28865838 22
120 Linear Feature 17
111  52.55542702  013.29851647 22
111  52.55537051  013.29847844 22
111  52.55533969  013.29863054 22
113  52.55536280  013.29863899 22
120 Linear Feature 16
111  52.55547840  013.29855449 22
111  52.55555803  013.29859252 22
111  52.55552978  013.29874884 22
113  52.55549124  013.29871927 22
120 Linear Feature 15
111  52.55583304  013.29873608 22
111  52.55575364  013.29868999 22
111  52.55573262  013.29885515 22
113  52.55577465  013.29887435 22
120 Linear Feature 14
111  52.55588441  013.29876680 22
111  52.55595447  013.29880906 22
111  52.55592178  013.29897037 22
113  52.55589609  013.29894733 22
120 Linear Feature 13
111  52.55619967  013.29892428 22
111  52.55612961  013.29889356 22
111  52.55610626  013.29906256 22
113  52.55612728  013.29907408 22
120 Linear Feature 12
111  52.55632811  013.29896653 22
111  52.55630943  013.29916242 22
111  52.55625805  013.29914322 22
113  52.55624404  013.29893965 22
120 Linear Feature 11
111  52.55652070  013.29852207 22
111  52.55644640  013.29847673 22
111  52.55645718  013.29860091 22
113  52.55652429  013.29858514 22
120 Linear Feature 10
111  52.55650392  013.29825597 22
111  52.55650632  013.29831708 22
111  52.55643801  013.29839789 22
113  52.55643082  013.29827174 22
120 Linear Feature 9
111  52.55645530  013.29749929 22
111  52.55636516  013.29747948 22
111  52.55638054  013.29760496 22
113  52.55646562  013.29756357 22
120 Linear Feature 8
111  52.55642914  013.29723868 22
111  52.55643393  013.29729584 22
111  52.55634885  013.29738256 22
113  52.55633806  013.29726430 22
120 Linear Feature 6
111  52.55639541  013.29657900 22
111  52.55626288  013.29654543 22
111  52.55628464  013.29669880 22
113  52.55640058  013.29663132 22
120 Linear Feature 5
111  52.55634899  013.29629989 22
111  52.55624205  013.29641503 22
111  52.55622651  013.29628211 22
113  52.55634463  013.29625144 22
120 Linear Feature 3
111  52.55624537  013.29470295 22
111  52.55610637  013.29466907 22
111  52.55612502  013.29482243 22
113  52.55625246  013.29477131 22
120 Linear Feature 2
111  52.55622125  013.29444837 22
111  52.55621656  013.29438970 22
111  52.55607047  013.29443059 22
113  52.55608644  013.29457374 22
120 Linear Feature 4
111  52.55626121  013.29538903 22
111  52.55616981  013.29548583 22
111  52.55615738  013.29532224 22
113  52.55625351  013.29531766 22
120 Linear Feature 1
111  52.55629971  013.29567260 22
111  52.55618442  013.29561376 22
111  52.55620646  013.29577055 22
113  52.55630261  013.29573097 22
120 Linear Feature 40
111  52.55487430  013.29196041 22
111  52.55483176  013.29201563 22
111  52.55494439  013.29229652 22
111  52.55507011  013.29265208 22
111  52.55498611  013.29278024 22
115  52.55474540  013.29272646
120 Linear Feature 38
111  52.55537187  013.29205651 22
115  52.55499228  013.29210916
120 Linear Feature 37
111  52.55522095  013.29186846 22
115  52.55537187  013.29205651
120 Linear Feature 36
112  52.55505402  013.29180076  52.55513634  013.29171802 20
111  52.55521409  013.29184965 20
111  52.55499228  013.29210916 20
113  52.55492139  013.29194744 20
120 Linear Feature 29
111  52.55582174  013.28804985 22
111  52.55585199  013.28799247 22
111  52.55605219  013.28837079 22
115  52.55602226  013.28840897
120 Linear Feature 28
111  52.55564519  013.28863232 22
111  52.55560703  013.28859806 22
111  52.55579678  013.28802060 22
115  52.55582174  013.28804985
120 Linear Feature 27
111  52.55564519  013.28863232 22
111  52.55566152  013.28872288 22
111  52.55604134  013.28848293 22
115  52.55602226  013.28840897
120 Linear Feature 26
111  52.55564519  013.28863232 20
111  52.55582174  013.28804985 20
113  52.55602226  013.28840897 20
120 Linear Feature 25
111  52.55516607  013.28920428 22
115  52.55564519  013.28863232
120 Linear Feature 34
111  52.55606990  013.29140705 20
111  52.55590746  013.29132485 20
111  52.55584299  013.29156632 20
115  52.55600358  013.29169711
120 Linear Feature 33
111  52.55537589  013.29096518 22
111  52.55609782  013.29129261 22
111  52.55606990  013.29140705 22
111  52.55600358  013.29169711 22
111  52.55596055  013.29188180 22
115  52.55534934  013.29106618
120 Linear Feature 32
111  52.55561462  013.29042207 22
115  52.55534833  013.29049101
120 Linear Feature 31
111  52.55563571  013.29058606 22
115  52.55536082  013.29067083
120 Linear Feature 30
111  52.55536082  013.29067083 20
111  52.55555774  013.29056523 20
111  52.55563571  013.29058606 20
111  52.55561462  013.29042207 20
111  52.55554961  013.29054179 20
113  52.55534833  013.29049101 20
120 Linear Feature 24
111  52.55524106  013.28929628 22
115  52.55564519  013.28863232
120 Linear Feature 21
111  52.55412479  013.28684472 22
111  52.55411794  013.28755177 22
115  52.55425285  013.28757058
120 Linear Feature 20
111  52.55440606  013.28693122 20
111  52.55412479  013.28684472 20
113  52.55425285  013.28757058 20
120 Linear Feature 11
111  52.55270565  013.29150953 22
115  52.55265630  013.29161248
120 Linear Feature 12
111  52.55298225  013.29167907 22
115  52.55292652  013.29178471
120 Linear Feature 10
111  52.55265630  013.29161248 22
115  52.55292652  013.29178471
120 Linear Feature 9
111  52.55298225  013.29167907 22
115  52.55270565  013.29150953
120 Linear Feature 8
111  52.55319074  013.29096744 20
115  52.55298225  013.29167907
120 Linear Feature 6
111  52.55333388  013.29046925 2
116  52.55328695  013.29012091  52.55331678  013.28994612
120 Linear Feature 5
111  52.55333388  013.29046925 2
116  52.55335871  013.29078441  52.55343532  013.29095188
120 Linear Feature 4
111  52.55280312  013.29067705 2
116  52.55333388  013.29046925  52.55372863  013.29038085
120 Linear Feature 25
111  52.55820233  013.29354993 3
116  52.55826494  013.29346620  52.55825537  013.29338752
120 Linear Feature 24
111  52.55826438  013.29397763 3
116  52.55832808  013.29402958  52.55833382  013.29411141
120 Linear Feature 20
111  52.55929448  013.30972038 54
115  52.55925168  013.31013154
120 Linear Feature 19
111  52.55662899  013.28121648 54
115  52.55665960  013.28166380
120 Linear Feature 18
111  52.55859899  013.30111546 54
115  52.55862786  013.30158229
120 Linear Feature 17
111  52.55672820  013.26519007 54
115  52.55666185  013.26558285
120 Linear Feature 15
111  52.55805400  013.27496298 54
115  52.55809111  013.27540714
120 Linear Feature 14
111  52.55839773  013.27751918 54
115  52.55815521  013.27802122
120 Linear Feature 13
111  52.55909002  013.27516856 54
115  52.55905818  013.27474196
120 Linear Feature 12
111  52.55744820  013.27572454 54
115  52.55738496  013.27513199
120 Linear Feature 11
111  52.55723911  013.27631444 54
115  52.55744820  013.27572454
120 Linear Feature 10
111  52.55609580  013.27489038 54
115  52.55613735  013.27528788
120 Linear Feature 9
111  52.55852839  013.28076312 54
115  52.55857561  013.28124444
120 Linear Feature 8
111  52.55798363  013.28137772 54
115  52.55794946  013.28094786
120 Linear Feature 7
111  52.55973128  013.28103013 54
115  52.55969013  013.28057892
120 Linear Feature 6
111  52.56093176  013.29331057 54
115  52.56087785  013.29278419
120 Linear Feature 5
111  52.56256731  013.30953677 54
115  52.56252394  013.30899766
120 Linear Feature 4
111  52.56004933  013.29759218 54
115  52.56034692  013.29794635
120 Linear Feature 3
111  52.55984046  013.29990819 54
115  52.55958216  013.29969683
120 Linear Feature 2
111  52.56131235  013.30922640 54
115  52.56138763  013.30976800
120 Linear Feature 23
111  52.56530547  013.29270712 1
111  52.56479348  013.29282831 1
115  52.56432356  013.29293954
120 Linear Feature 22
111  52.56549200  013.29452636 1
111  52.56500149  013.29465797 1
115  52.56451636  013.29478815
120 Linear Feature 21
111  52.56566383  013.29620220 1
111  52.56519004  013.29631627 1
115  52.56468833  013.29643706
120 Linear Feature 20
111  52.56585772  013.29809323 1
111  52.56539070  013.29821162 1
115  52.56488673  013.29833938
120 Linear Feature 19
111  52.56607013  013.30016492 1
111  52.56560596  013.30029816 1
115  52.56510599  013.30044168
120 Linear Feature 14
111  52.56416822  013.29145011 1
111  52.56432356  013.29293954 1
111  52.56451636  013.29478815 1
111  52.56468833  013.29643706 1
111  52.56488673  013.29833938 1
111  52.56510599  013.30044168 1
115  52.56533848  013.30267090
120 Linear Feature 9
111  52.56501113  013.29100537 1
116  52.56514697  013.29116133  52.56517450  013.29137566
120 Linear Feature 11
111  52.56316416  013.29154769 1
116  52.56300083  013.29135195  52.56297943  013.29112804
120 Linear Feature 10
111  52.56316416  013.29154769 1
116  52.56304761  013.29184383  52.56307158  013.29207618
120 Linear Feature 16
111  52.56416822  013.29145011 1
116  52.56399336  013.29130422  52.56386956  013.29133667
120 Linear Feature 15
111  52.56416822  013.29145011 1
116  52.56428664  013.29121810  52.56442299  013.29117328
120 Linear Feature 8
111  52.56316416  013.29154769 1
111  52.56399336  013.29130422 1
111  52.56428664  013.29121810 1
115  52.56501113  013.29100537
120 Linear Feature 7
111  52.56627555  013.30216837 1
111  52.56607013  013.30016492 1
111  52.56585772  013.29809323 1
111  52.56566383  013.29620220 1
111  52.56549200  013.29452636 1
111  52.56530547  013.29270712 1
115  52.56514697  013.29116133
120 Linear Feature 6
111  52.56609371  013.30272043 1
116  52.56627555  013.30216837  52.56621914  013.30166452
120 Linear Feature 13
111  52.56420828  013.30325381 1
116  52.56411921  013.30311169  52.56410544  013.30295062
120 Linear Feature 12
111  52.56420828  013.30325381 1
116  52.56414832  013.30341785  52.56416230  013.30355186
120 Linear Feature 18
111  52.56533848  013.30267090 1
116  52.56525746  013.30295700  52.56515680  013.30298291
120 Linear Feature 17
111  52.56533848  013.30267090 1
116  52.56547596  013.30289519  52.56555914  013.30286894
120 Linear Feature 5
111  52.56420828  013.30325381 1
111  52.56525746  013.30295700 1
111  52.56547596  013.30289519 1
115  52.56609371  013.30272043
120 Linear Feature 24
111  52.56319173  013.29196210 3
115  52.56423189  013.30275871
120 Linear Feature 4
111  52.56311486  013.29116411 3
111  52.56097595  013.26883241 3
112  52.56070515  013.26700144  52.56068726  013.26691005 3
112  52.56055917  013.26646888  52.56051981  013.26637688
111  52.56055917  013.26646888
112  52.56055917  013.26646888  52.56052602  013.26636665 3
111  52.56038421  013.26605548 3
112  52.56012893  013.26562134  52.56008108  013.26556886 3
112  52.55964327  013.26516744  52.55959941  013.26513033 3
112  52.55928594  013.26496778  52.55923581  013.26494922 3
112  52.55891415  013.26496337  52.55885803  013.26497834 3
112  52.55852337  013.26507293  52.55847333  013.26509538 3
112  52.55820944  013.26525366  52.55817607  013.26528859
111  52.55820944  013.26525366
112  52.55820944  013.26525366  52.55817170  013.26527708 3
115  52.55791169  013.26558103
120 Linear Feature 3
111  52.56218697  013.30942614 3
112  52.56234661  013.30958008  52.56237941  013.30959172 3
112  52.56256731  013.30953677  52.56263417  013.30952218 3
112  52.56363598  013.30908898  52.56378462  013.30884447 3
111  52.56431205  013.30761866 3
112  52.56452601  013.30708406  52.56454880  013.30702221 3
112  52.56458058  013.30641667  52.56457891  013.30635082 3
111  52.56451700  013.30558644 3
115  52.56432115  013.30365762
120 Linear Feature 30
111  52.56297092  013.29248735 51
116  52.56308554  013.29224274  52.56306542  013.29205655
120 Linear Feature 29
111  52.56297092  013.29248735 51
116  52.56312716  013.29268030  52.56314728  013.29288718
120 Linear Feature 28
111  52.56215747  013.29273099 51
115  52.56297092  013.29248735
120 Linear Feature 27
111  52.56292047  013.29050699 51
111  52.56300083  013.29135195 51
111  52.56304761  013.29184383 51
111  52.56308554  013.29224274 51
111  52.56312716  013.29268030 51
111  52.56411921  013.30311169 51
111  52.56414832  013.30341785 51
115  52.56418647  013.30381899
120 Linear Feature 21
111  52.55887470  013.27522148 3
116  52.55882605  013.27532900  52.55884634  013.27543973
120 Linear Feature 20
111  52.55881407  013.27480322 3
116  52.55875982  013.27472655  52.55875328  013.27463787
120 Linear Feature 12
111  52.56007089  013.29351480 3
116  52.56011475  013.29361816  52.56012489  013.29372662
120 Linear Feature 13
111  52.56002938  013.29306422 3
116  52.56005137  013.29296769  52.56004401  013.29286673
120 Linear Feature 14
111  52.55882576  013.29383566 3
116  52.55880350  013.29391594  52.55881045  013.29399064
120 Linear Feature 15
111  52.55878841  013.29339191 3
116  52.55875385  013.29334834  52.55874692  013.29328514
120 Linear Feature 16
111  52.55836067  013.26588024 54
115  52.55820944  013.26525366
120 Linear Feature 7
111  52.55319074  013.29096744 20
115  52.55335871  013.29078441
120 Linear Feature 13
111  52.55343279  013.28939251 20
111  52.55348305  013.28933016 20
111  52.55347952  013.28923736 20
111  52.55342169  013.28930870 20
111  52.55338783  013.28935046 20
113  52.55341869  013.28941136 20
120 Linear Feature 16
111  52.55373376  013.28904976 20
111  52.55386309  013.28889138 20
115  52.55386735  013.28852475
120 Linear Feature 15
111  52.55369270  013.28907119 20
111  52.55356492  013.28881198 20
111  52.55354220  013.28900113 20
113  52.55362029  013.28916927 20
120 Linear Feature 14
111  52.55347952  013.28923736 22
111  52.55342222  013.28921561 22
111  52.55339665  013.28924751 22
115  52.55342169  013.28930870
120 Linear Feature 23
111  52.55445522  013.28851853 20
111  52.55461927  013.28862315 20
111  52.55470967  013.28823771 20
113  52.55452553  013.28828176 20
120 Linear Feature 36
111  52.55824173  013.27490121 3
112  52.55805400  013.27496298  52.55800920  013.27497614 3
112  52.55738496  013.27513199  52.55726314  013.27516281 3
116  52.55699238  013.27507207  52.55696918  013.27504664
120 Linear Feature 35
111  52.55857459  013.27785389 3
112  52.55839773  013.27751918  52.55836287  013.27746822 3
111  52.55744820  013.27572454 3
112  52.55809111  013.27540714  52.55816904  013.27539297 3
115  52.55829100  013.27535629
120 Linear Feature 34
112  52.55868101  013.27926425  52.55861916  013.27900144 3
112  52.55840511  013.27853969  52.55837067  013.27845684 3
112  52.55815521  013.27802122  52.55813076  013.27795100 3
112  52.55723911  013.27631444  52.55721834  013.27627309 3
112  52.55710014  013.27610492  52.55708027  013.27610982 3
115  52.55709049  013.27619865
120 Linear Feature 33
112  52.55875196  013.28008670  52.55875329  013.28015631 3
112  52.55869848  013.28046749  52.55869319  013.28053275 3
112  52.55852839  013.28076312  52.55848328  013.28079464 3
112  52.55830520  013.28087190  52.55827478  013.28087625 3
112  52.55794946  013.28094786  52.55784502  013.28098185 3
112  52.55769236  013.28094146  52.55765739  013.28092888 3
116  52.55756204  013.28086724  52.55755002  013.28084746
120 Linear Feature 32
111  52.55888194  013.28135175 3
112  52.55857561  013.28124444  52.55848490  013.28126069 3
112  52.55837382  013.28127849  52.55830048  013.28129530 3
112  52.55798363  013.28137772  52.55793999  013.28138490 3
112  52.55775900  013.28149529  52.55772264  013.28153357 3
116  52.55764162  013.28164955  52.55763290  013.28169501
120 Linear Feature 31
111  52.56002938  013.29306422 3
115  52.55878841  013.29339191
120 Linear Feature 30
111  52.56007089  013.29351480 3
115  52.55882576  013.29383566
120 Linear Feature 29
112  52.55945111  013.30016620  52.55947438  013.30012312 3
112  52.55950202  013.30002741  52.55951538  013.29997928 3
111  52.55958216  013.29969683 3
112  52.56004933  013.29759218  52.56005382  013.29757004 3
111  52.56015596  013.29697132 3
112  52.56024116  013.29597806  52.56024608  013.29592808 3
115  52.56026515  013.29556156
120 Linear Feature 28
111  52.55951845  013.30082233 3
112  52.55970353  013.30039072  52.55972972  013.30031415 3
111  52.55984046  013.29990819 3
111  52.56034692  013.29794635 3
115  52.56047056  013.29734546
120 Linear Feature 27
111  52.56065168  013.29334593 3
112  52.56300661  013.29272199  52.56302651  013.29274582 3
112  52.56430016  013.30639356  52.56430016  013.30648256 3
112  52.56428662  013.30678273  52.56427460  013.30686975 3
112  52.56408147  013.30732599  52.56405502  013.30737741 3
112  52.56346205  013.30871251  52.56343086  013.30877313 3
112  52.56332000  013.30886829  52.56326614  013.30889627 3
111  52.56311297  013.30895165 3
111  52.56286212  013.30899897 3
111  52.56252394  013.30899766 3
112  52.56239826  013.30896148  52.56235857  013.30892418 3
112  52.56229715  013.30887642  52.56226881  013.30884378 3
112  52.56216294  013.30875113  52.56212893  013.30869983 3
115  52.56207037  013.30851735
120 Linear Feature 22
111  52.56187314  013.28114670 3
112  52.56184516  013.28079810  52.56184384  013.28075025 3
112  52.56180609  013.28031256  52.56180609  013.28028290 3
111  52.56174797  013.27977531 3
112  52.56150497  013.28008938  52.56147973  013.28011904 3
111  52.56115766  013.28049462 3
114  52.56151745  013.28070490  52.56156373  013.28075276 3
120 Linear Feature 21
111  52.55940568  013.28066008 3
112  52.55969013  013.28057892  52.55963858  013.28058739 3
112  52.56040070  013.28041302  52.56047028  013.28037062 3
112  52.56124768  013.27986315  52.56150137  013.27952625 3
112  52.56157347  013.27938999  52.56161599  013.27932005 3
112  52.56167314  013.27903274  52.56167634  013.27896694 3
112  52.56164307  013.27853405  52.56164147  013.27849456 3
112  52.56159740  013.27811500  52.56157472  013.27798910 3
112  52.56139116  013.27742708  52.56134864  013.27729185 3
112  52.56118832  013.27683356  52.56115714  013.27673564 3
111  52.56099958  013.27636025 3
111  52.56079967  013.27598202 3
112  52.56065149  013.27577451  52.56057665  013.27569244 3
111  52.56041304  013.27555419 3
112  52.56005752  013.27529983  52.55996397  013.27523315 3
112  52.55966421  013.27517214  52.55959644  013.27516025 3
112  52.55909002  013.27516856  52.55901065  013.27517789 3
115  52.55887470  013.27522148
120 Linear Feature 20
111  52.55800877  013.26660467 3
111  52.55817064  013.26624286 3
112  52.55836067  013.26588024  52.55841343  013.26581767 3
112  52.55861058  013.26564178  52.55870129  013.26557651 3
111  52.55888036  013.26551241 3
112  52.55911693  013.26546166  52.55919833  013.26547496 3
111  52.55933275  013.26552607 3
111  52.55959782  013.26570243 3
112  52.55985076  013.26591320  52.55990497  013.26597371 3
112  52.56001587  013.26610957  52.56005653  013.26617326 3
111  52.56016110  013.26635821 3
112  52.56028827  013.26663842  52.56031352  013.26671357 3
112  52.56038398  013.26695220  52.56040370  013.26702524
111  52.56038398  013.26695220
112  52.56038398  013.26695220  52.56041043  013.26702339 3
112  52.56064587  013.26845681  52.56065460  013.26851185 3
112  52.56073944  013.26911994  52.56074380  013.26918695 3
111  52.56143915  013.27645712 3
111  52.56101270  013.27575731 3
111  52.56053146  013.27516474 3
111  52.56039269  013.27503217 3
112  52.56011496  013.27484545  52.56005020  013.27481998 3
111  52.55972556  013.27477596 3
111  52.55905818  013.27474196 3
115  52.55881407  013.27480322
120 Linear Feature 17
111  52.56163729  013.30864538 3
112  52.56158551  013.30898028  52.56156232  013.30904386 3
112  52.56147751  013.30911324  52.56143885  013.30914291 3
112  52.56131235  013.30922640  52.56125308  013.30925183 3
112  52.56080482  013.30944540  52.56075070  013.30944964 3
112  52.56067081  013.30943692  52.56062700  013.30942420 3
112  52.56043887  013.30933518  52.56039506  013.30930975 3
112  52.56031347  013.30920899  52.56026193  013.30913269 3
115  52.56020798  013.30897297
120 Linear Feature 16
111  52.56170754  013.30957618 3
112  52.56138763  013.30976800  52.56135589  013.30978106 3
112  52.56115872  013.30982081  52.56110186  013.30982081
111  52.56115872  013.30982081
112  52.56115872  013.30982081  52.56110186  013.30983240 3
111  52.56087496  013.30987368 3
112  52.56068475  013.30988907  52.56061517  013.30987635 3
116  52.56039163  013.30987368  52.56034524  013.30984401
120 Linear Feature 15
111  52.55492070  013.27607298 3
111  52.55449920  013.27187801 3
112  52.55443503  013.27083059  52.55445755  013.27075201
111  52.55443503  013.27083059
112  52.55443503  013.27083059  52.55444880  013.27073943 3
112  52.55448829  013.26769555  52.55450571  013.26735162 3
112  52.55473401  013.26641278  52.55484609  013.26611644 3
112  52.55500956  013.26580541  52.55507066  013.26570732 3
112  52.55538560  013.26536300  52.55545907  013.26527782 3
112  52.55597602  013.26507035  52.55616062  013.26504047 3
112  52.55647747  013.26508365  52.55656002  013.26510712 3
112  52.55672820  013.26519007  52.55680289  013.26523277 3
112  52.55703225  013.26536417  52.55718430  013.26548709 3
115  52.55742634  013.26569739
120 Linear Feature 14
112  52.55659200  013.27499858  52.55652597  013.27492852 3
112  52.55636372  013.27486888  52.55633292  013.27485551 3
112  52.55623921  013.27486251  52.55615402  013.27486251 3
112  52.55609580  013.27489038  52.55603466  013.27489773 3
112  52.55569551  013.27512145  52.55564107  013.27519324 3
112  52.55554194  013.27533306  52.55549547  013.27539993 3
111  52.55534715  013.27568529 3
111  52.55520991  013.27598837 3
112  52.55502507  013.27413643  52.55500016  013.27389069 3
111  52.55475878  013.27136360 3
112  52.55468976  013.27028540  52.55468285  013.27009212 3
111  52.55472799  013.26835056 3
111  52.55475005  013.26766127 3
112  52.55478919  013.26727459  52.55480325  013.26717826 3
112  52.55485848  013.26693198  52.55488659  013.26683180 3
112  52.55494130  013.26663248  52.55497410  013.26652845
111  52.55494130  013.26663248
112  52.55494130  013.26663248  52.55498581  013.26654386 3
112  52.55521451  013.26605530  52.55539808  013.26574908
111  52.55521451  013.26605530
112  52.55521451  013.26605530  52.55541448  013.26578376 3
112  52.55565093  013.26560102  52.55573727  013.26555503 3
112  52.55612601  013.26545565  52.55620642  013.26545155 3
111  52.55650718  013.26552833 3
111  52.55666185  013.26558285 3
112  52.55692167  013.26573964  52.55697918  013.26579569 3
112  52.55710805  013.26597561  52.55714851  013.26603867 3
112  52.55739105  013.26641873  52.55746133  013.26654484 3
115  52.55752915  013.26686393
120 Linear Feature 13
112  52.55578146  013.28506742  52.55578498  013.28510795 3
112  52.55592987  013.28681222  52.55593307  013.28687275 3
112  52.55587376  013.28706898  52.55584976  013.28707951 3
112  52.55569014  013.28707902  52.55558293  013.28700269 3
112  52.55461809  013.28638488  52.55458128  013.28636120 3
112  52.55450063  013.28620000  52.55448247  013.28611099 3
111  52.55456223  013.28596536 3
112  52.55552288  013.28469881  52.55557040  013.28465828 3
112  52.55566023  013.28466404  52.55571550  013.28469754 3
114  52.55574650  013.28485560  52.55575882  013.28491060 3
120 Linear Feature 11
111  52.55703262  013.28065125 3
112  52.55690707  013.28097586  52.55688419  013.28100771 3
112  52.55662899  013.28121648  52.55658146  013.28124833 3
111  52.55591774  013.28139465 3
112  52.55580270  013.28138059  52.55576843  013.28135180 3
112  52.55573494  013.28121297  52.55571690  013.28111124 3
112  52.55530826  013.27687775  52.55532992  013.27656794 3
112  52.55555293  013.27589482  52.55562856  013.27570097 3
112  52.55584922  013.27542401  52.55592195  013.27535081 3
112  52.55613735  013.27528788  52.55622866  013.27529097 3
112  52.55641673  013.27541955  52.55647608  013.27550215 3
115  52.55656737  013.27576266
120 Linear Feature 10
111  52.55820233  013.29354993 3
111  52.55786204  013.29364371 3
112  52.55703062  013.29384011  52.55697931  013.29382522 3
111  52.55696138  013.29376211 3
111  52.55584899  013.28242568 3
112  52.55581677  013.28191111  52.55583829  013.28186632 3
112  52.55599768  013.28177463  52.55615360  013.28173733
111  52.55599768  013.28177463
112  52.55599768  013.28177463  52.55615360  013.28176530 3
111  52.55665960  013.28166380 3
112  52.55697191  013.28178295  52.55707519  013.28188583 3
115  52.55715932  013.28201708
120 Linear Feature 9
112  52.55892486  013.30087725  52.55892582  013.30094294 3
112  52.55880836  013.30103279  52.55876853  013.30105591 3
112  52.55859899  013.30111546  52.55854980  013.30111932 3
112  52.55833064  013.30111616  52.55825188  013.30108042
111  52.55833064  013.30111616
112  52.55833064  013.30111616  52.55826516  013.30111023 3
112  52.55804777  013.30096087  52.55797323  013.30090832 3
112  52.55771632  013.30064011  52.55766308  013.30055603 3
112  52.55757019  013.30026388  52.55754889  013.30015528 3
111  52.55704514  013.29490083 3
112  52.55701083  013.29434178  52.55703546  013.29427951 3
111  52.55790418  013.29407077 3
115  52.55826438  013.29397675
120 Linear Feature 6
112  52.55977662  013.30869287  52.55979302  013.30876609 3
112  52.55974604  013.30934153  52.55971793  013.30941860 3
112  52.55957288  013.30961760  52.55951196  013.30967541 3
112  52.55929448  013.30972038  52.55922654  013.30970882 3
112  52.55918047  013.30964243  52.55914533  013.30958462 3
112  52.55908893  013.30934123  52.55907911  013.30930548 3
112  52.55799983  013.30411502  52.55802092  013.30422678 3
112  52.55789454  013.30349733  52.55788103  013.30334820 3
111  52.55766050  013.30117646 3
111  52.55781791  013.30127927 3
112  52.55862786  013.30158229  52.55880430  013.30152113 3
112  52.55888446  013.30147470  52.55896629  013.30143191
111  52.55888446  013.30147470
112  52.55888446  013.30147470  52.55897949  013.30141301 3
115  52.55900222  013.30142999
120 Linear Feature 18
111  52.55498858  013.27658530 1
112  52.55401674  013.27688128  52.55386897  013.27690559 1
111  52.55329754  013.27641833 1
115  52.55298976  013.27617091
120 Linear Feature 17
112  52.55500527  013.27658177  52.55510373  013.27655694 1
115  52.55515747  013.27694599
120 Linear Feature 16
112  52.55500527  013.27658177  52.55508764  013.27655739 1
115  52.55508645  013.27618481
120 Linear Feature 14
111  52.55518356  013.27724110 1
111  52.55465973  013.27739635 1
115  52.55444599  013.27745970
120 Linear Feature 13
111  52.55525865  013.27801237 1
111  52.55474510  013.27817170 1
115  52.55451928  013.27824176
120 Linear Feature 12
111  52.55531347  013.27858299 1
111  52.55479316  013.27873813 1
115  52.55457387  013.27880352
120 Linear Feature 11
111  52.55540947  013.27956899 1
111  52.55487519  013.27973907 1
115  52.55463503  013.27981552
120 Linear Feature 10
111  52.55393365  013.28038572 1
112  52.55337122  013.28026915  52.55331149  013.28028859
111  52.55337122  013.28026915
112  52.55337122  013.28026915  52.55331669  013.28028236 1
111  52.55329576  013.28029115 1
115  52.55319646  013.28032573
120 Linear Feature 9
112  52.55393365  013.28038572  52.55388523  013.28036229 1
112  52.55355412  013.27967513  52.55348195  013.27957927 1
112  52.55330170  013.27971262  52.55325451  013.27974914 1
115  52.55313780  013.27981663
120 Linear Feature 6
112  52.55548073  013.28124713  52.55555709  013.28123071 1
116  52.55555547  013.28107499  52.55555194  013.28101535
120 Linear Feature 5
112  52.55548073  013.28124713  52.55553998  013.28122968 1
116  52.55558994  013.28144266  52.55559601  013.28151817
120 Linear Feature 12
111  52.55534860  013.29926115 1
116  52.55542834  013.29956066  52.55556909  013.29964649
120 Linear Feature 11
111  52.55534860  013.29926115 1
116  52.55514115  013.29939248  52.55498939  013.29929264
120 Linear Feature 53
111  52.55546553  013.29847264 1
111  52.55541979  013.29878108 1
115  52.55534860  013.29926115
120 Linear Feature 16
111  52.55613593  013.29972912 1
116  52.55598932  013.29991756  52.55589543  013.29986341
120 Linear Feature 15
111  52.55613593  013.29972912 1
116  52.55620931  013.30005476  52.55631240  013.30011766
120 Linear Feature 14
111  52.55576175  013.29948552 1
116  52.55581816  013.29981538  52.55594885  013.29990352
120 Linear Feature 13
111  52.55576175  013.29948552 1
116  52.55558160  013.29966491  52.55548227  013.29958753
120 Linear Feature 52
111  52.55587479  013.29870342 1
111  52.55582754  013.29903030 1
115  52.55576175  013.29948552
120 Linear Feature 4
112  52.55556027  013.28219003  52.55565726  013.28216699 1
116  52.55563823  013.28196075  52.55563319  013.28191906
120 Linear Feature 3
112  52.55556186  013.28219003  52.55565885  013.28216699 1
115  52.55567712  013.28238760
120 Linear Feature 51
111  52.55623337  013.29886369 1
111  52.55619368  013.29921619 1
115  52.55613593  013.29972912
120 Linear Feature 10
111  52.55672436  013.29445014 1
116  52.55682729  013.29429225  52.55681484  013.29416747
120 Linear Feature 9
111  52.55672436  013.29445014 1
116  52.55685819  013.29461274  52.55687838  013.29480035
120 Linear Feature 8
111  52.55681135  013.29537312 1
116  52.55691628  013.29520121  52.55690191  013.29505933
120 Linear Feature 7
111  52.55681135  013.29537312 1
116  52.55694242  013.29553440  52.55695549  013.29569133
120 Linear Feature 6
111  52.55690729  013.29633034 1
116  52.55701003  013.29616869  52.55700273  013.29605924
120 Linear Feature 5
111  52.55690729  013.29633034 1
116  52.55703215  013.29641915  52.55704079  013.29651686
120 Linear Feature 4
111  52.55698118  013.29725630 1
116  52.55709588  013.29707329  52.55708022  013.29693309
120 Linear Feature 3
111  52.55698118  013.29725630 1
116  52.55712719  013.29740519  52.55714458  013.29758544
120 Linear Feature 2
111  52.55707891  013.29828154 1
116  52.55719588  013.29810167  52.55718430  013.29797981
120 Linear Feature 1
111  52.55707891  013.29828154 1
116  52.55722598  013.29842918  52.55724682  013.29861578
120 Linear Feature 50
111  52.55642068  013.29844504 1
111  52.55665738  013.29838919 1
115  52.55707891  013.29828154
120 Linear Feature 49
111  52.55633331  013.29743134 1
111  52.55653925  013.29737278 1
115  52.55698118  013.29725630
120 Linear Feature 48
111  52.55624725  013.29648149 1
111  52.55646670  013.29643124 1
115  52.55690729  013.29633034
120 Linear Feature 47
111  52.55616600  013.29555176 1
111  52.55637989  013.29549255 1
115  52.55681135  013.29537312
120 Linear Feature 46
111  52.55606230  013.29462500 1
111  52.55629803  013.29456274 1
115  52.55672436  013.29445014
120 Linear Feature 45
111  52.55452495  013.28372278 1
111  52.55466005  013.28405882 1
115  52.55492599  013.28472030
120 Linear Feature 44
111  52.55402365  013.28432734 1
111  52.55418648  013.28472733 1
115  52.55442970  013.28532486
120 Linear Feature 43
111  52.55352977  013.28502276 1
111  52.55368989  013.28540754 1
115  52.55394145  013.28601204
120 Linear Feature 42
111  52.55308246  013.28564305 1
111  52.55324484  013.28602866 1
115  52.55348309  013.28659443
120 Linear Feature 41
111  52.55262838  013.28627704 1
111  52.55278401  013.28664243 1
115  52.55303131  013.28722306
120 Linear Feature 40
111  52.55212291  013.28695717 1
111  52.55229058  013.28734639 1
115  52.55251435  013.28789344
120 Linear Feature 39
111  52.55163582  013.28765241 1
111  52.55177081  013.28795563 1
115  52.55202061  013.28851669
120 Linear Feature 38
111  52.55102006  013.28839299 1
111  52.55118855  013.28874564 1
115  52.55142444  013.28923937
120 Linear Feature 37
112  52.55272733  013.29002391  52.55273574  013.29011961 1
115  52.55279684  013.29010171
120 Linear Feature 36
112  52.55279684  013.29010171  52.55276370  013.29010695 1
116  52.55274759  013.29019979  52.55275268  013.29023962
120 Linear Feature 35
112  52.55291546  013.29105997  52.55287160  013.29107225 1
116  52.55283922  013.29098719  52.55282989  013.29093041
120 Linear Feature 34
111  52.55291546  013.29105997 1
116  52.55286091  013.29117360  52.55287304  013.29127489
120 Linear Feature 31
111  52.55255511  013.28852836 1
111  52.55272733  013.29002391 1
111  52.55274759  013.29019979 1
111  52.55280312  013.29067705 1
111  52.55283922  013.29098719 1
111  52.55286091  013.29117360 1
115  52.55290269  013.29154859
120 Linear Feature 24
111  52.55514058  013.29254253 1
116  52.55534970  013.29282917  52.55543488  013.29280261
120 Linear Feature 23
111  52.55652524  013.29252884 1
111  52.55599185  013.29266511 1
111  52.55553671  013.29278139 1
115  52.55534970  013.29282917
120 Linear Feature 2
111  52.55548073  013.28124713 1
111  52.55449779  013.28153469 1
115  52.55409875  013.28165143
120 Linear Feature 1
111  52.55556186  013.28219003 1
111  52.55458449  013.28244949 1
115  52.55418808  013.28255473
120 Linear Feature 21
111  52.55338271  013.29090136 1
111  52.55319074  013.29096744 1
111  52.55316763  013.29097539 1
115  52.55291546  013.29105997
120 Linear Feature 20
111  52.55330805  013.29000514 1
111  52.55309408  013.29004363 1
115  52.55279684  013.29010171
120 Linear Feature 19
111  52.55340923  013.28943586 1
111  52.55328659  013.28917814 1
115  52.55277868  013.28806093
120 Linear Feature 18
111  52.55373376  013.28904976 1
111  52.55358998  013.28873448 1
115  52.55309419  013.28763233
120 Linear Feature 17
111  52.55409281  013.28860687 1
111  52.55395707  013.28830070 1
115  52.55341851  013.28719641
120 Linear Feature 16
111  52.55437802  013.28850589 1
111  52.55445180  013.28820250 1
115  52.55477322  013.28674361
120 Linear Feature 15
111  52.55477177  013.28872176 1
111  52.55485463  013.28841774 1
115  52.55523570  013.28701331
120 Linear Feature 14
111  52.55513698  013.28899393 1
111  52.55521753  013.28872408 1
115  52.55562284  013.28727512
120 Linear Feature 13
111  52.55532727  013.28928794 1
111  52.55547565  013.28924380 1
115  52.55631423  013.28898333
120 Linear Feature 12
111  52.55539813  013.28986011 1
111  52.55553312  013.28982161 1
115  52.55636829  013.28957048
120 Linear Feature 11
111  52.55544645  013.29035282 1
111  52.55558290  013.29031456 1
115  52.55641590  013.29008744
120 Linear Feature 10
111  52.55548511  013.29084022 1
111  52.55562721  013.29079795 1
115  52.55646219  013.29057066
120 Linear Feature 9
111  52.55530484  013.29142469 1
111  52.55545004  013.29176365 1
115  52.55554650  013.29198881
120 Linear Feature 8
111  52.55488256  013.29194018 1
111  52.55504568  013.29232074 1
115  52.55514058  013.29254253
120 Linear Feature 43
111  52.55607641  013.29397692 22
111  52.55640799  013.29356153 22
111  52.55645609  013.29368587 22
115  52.55611421  013.29408712
120 Linear Feature 42
111  52.55585545  013.29425641 20
111  52.55607641  013.29397692 20
111  52.55611421  013.29408712 20
115  52.55586967  013.29439722
120 Linear Feature 28
112  52.55565923  013.29225198  52.55581709  013.29260778 1
116  52.55553671  013.29278139  52.55539918  013.29282191
120 Linear Feature 27
112  52.55514058  013.29254253  52.55518030  013.29263018 1
116  52.55512876  013.29288906  52.55505598  013.29290805
120 Linear Feature 26
111  52.55534970  013.29282917 1
111  52.55512876  013.29288906 1
115  52.55499618  013.29292499
120 Linear Feature 25
111  52.55554650  013.29198881 1
116  52.55599185  013.29266511  52.55616367  013.29262133
120 Linear Feature 33
112  52.55255511  013.28852836  52.55254530  013.28842565 1
116  52.55246314  013.28847254  52.55243924  013.28850678
120 Linear Feature 32
111  52.55258729  013.28830767 1
116  52.55255511  013.28852836  52.55257054  013.28865898
120 Linear Feature 17
111  52.55419059  013.28855883 20
111  52.55427034  013.28804736 20
111  52.55416210  013.28809955 20
113  52.55410798  013.28848925 20
120 Linear Feature 22
111  52.55425285  013.28757058 22
111  52.55432374  013.28760818 22
111  52.55446322  013.28697259 22
115  52.55440606  013.28693122
120 Linear Feature 24
111  52.55944658  013.28109686 3
111  52.55973128  013.28103013 3
111  52.56043965  013.28087456 3
112  52.56083641  013.28082190  52.56087843  013.28083388 3
112  52.56138829  013.28110419  52.56142547  013.28116664
111  52.56138829  013.28110419
112  52.56138829  013.28110419  52.56144134  013.28116882 3
112  52.56159350  013.28134536  52.56164375  013.28140627 3
112  52.56189233  013.28184373  52.56192142  013.28194380 3
112  52.56196952  013.28213115  52.56197679  013.28217901 3
112  52.56203104  013.28268565  52.56203249  013.28275026 3
112  52.56295952  013.29226954  52.56294406  013.29231617
111  52.56295952  013.29226954
112  52.56295952  013.29226954  52.56293375  013.29231193 3
115  52.56061032  013.29292477
120 Linear Feature 30
112  52.55652524  013.29252884  52.55657859  013.29251396 1
116  52.55666500  013.29259921  52.55667153  013.29267296
120 Linear Feature 29
112  52.55652524  013.29252884  52.55665366  013.29249752 1
115  52.55663937  013.29233993
120 Linear Feature 3
111  52.55115272  013.29069087 3
111  52.55114586  013.29134522 3
112  52.55143594  013.29598616  52.55143878  013.29606075 3
112  52.55149950  013.29660703  52.55152501  013.29669561 3
112  52.55160961  013.29685362  52.55165213  013.29693287 3
112  52.55176473  013.29707709  52.55183843  013.29716101 3
111  52.55212312  013.29731774 3
111  52.55725904  013.30045257 3
115  52.55712271  013.29898417
120 Linear Feature 2
111  52.55101509  013.29016583 3
112  52.55092635  013.29042181  52.55089801  013.29053624 3
112  52.55087386  013.29078305  52.55087128  013.29084238 3
111  52.55088422  013.29131164 3
111  52.55119481  013.29611912 3
112  52.55126568  013.29678129  52.55128492  013.29684851 3
112  52.55161032  013.29742379  52.55163317  013.29745147 3
111  52.55199422  013.29770903 3
111  52.55261616  013.29807330 3
111  52.55672111  013.30061775 3
112  52.55717494  013.30092975  52.55721463  013.30099519
111  52.55717494  013.30092975
112  52.55717494  013.30092975  52.55722864  013.30102452 3
112  52.55732995  013.30122148  52.55733570  013.30126065 3
112  52.55756850  013.30365689  52.55757915  013.30376899 3
112  52.55766851  013.30419998  52.55767452  013.30424150 3
112  52.55861967  013.30881566  52.55864601  013.30891245 3
112  52.55880418  013.30955727  52.55889155  013.30984046 3
112  52.55900064  013.30998593  52.55908500  013.31010179 3
112  52.55925168  013.31013154  52.55931494  013.31015851 3
112  52.55958788  013.31015470  52.55963942  013.31015470 3
112  52.55981649  013.31007442  52.55985867  013.31003203 3
112  52.55995009  013.30990562  52.55998659  013.30985015 3
115  52.56002860  013.30975159
120 Centreline for Taxi
112  52.55938347  013.30073799  52.55948647  013.30052899 51 101
112  52.55958547  013.30026899  52.55961747  013.30016499 51 101
112  52.55972047  013.29978099  52.55977947  013.29955999 51 101
112  52.55991147  013.29903399  52.55998047  013.29875699 51 101
112  52.56009847  013.29825199  52.56015447  013.29800699 51 101
112  52.56024347  013.29755999  52.56028347  013.29734199 51 101
112  52.56035047  013.29697799  52.56038147  013.29680699 51 101
116  52.56042947  013.29629799  52.56045147  013.29601499
120 Centreline for Taxi
111  52.56058247  013.29314399 51 101
115  52.56215747  013.29273099
120 Centreline for Taxi
111  52.55833947  013.27511499 51 101
112  52.55757247  013.27530299  52.55737147  013.27535199 51 101
112  52.55701047  013.27527399  52.55683647  013.27520499 51 101
115  52.55693547  013.27524399
120 Centreline for Taxi
111  52.56176547  013.27845999 51 101
112  52.56169847  013.27813599  52.56165947  013.27794899 51 101
112  52.56154647  013.27751599  52.56148347  013.27728999 51 101
112  52.56129947  013.27674999  52.56119747  013.27646499 51 101
112  52.56128847  013.27671699  52.56118647  013.27643199 51 101
112  52.56099147  013.27602399  52.56089547  013.27584599 51 101
112  52.56075547  013.27563999  52.56069347  013.27556299 51 101
112  52.56056847  013.27544599  52.56050547  013.27539399 51 101
112  52.56033447  013.27525399  52.56024247  013.27517799 51 101
112  52.56007847  013.27508199  52.55999947  013.27504299 51 101
112  52.55983847  013.27499699  52.55975747  013.27497999 51 101
112  52.55958447  013.27495699  52.55949647  013.27494699 51 101
112  52.55924547  013.27495099  52.55910747  013.27495599 51 101
116  52.55876847  013.27502299  52.55858847  013.27506599
120 Centreline for Taxi
111  52.56418647  013.30381899 51 101
112  52.56437347  013.30565999  52.56440647  013.30598599 51 101
112  52.56443047  013.30637799  52.56443447  013.30653099 51 101
112  52.56442547  013.30673999  52.56441747  013.30682899 51 101
112  52.56438747  013.30697499  52.56437047  013.30704199 51 101
112  52.56432647  013.30717699  52.56430347  013.30724399 51 101
112  52.56424547  013.30737299  52.56421447  013.30743699 51 101
112  52.56402047  013.30786799  52.56390047  013.30813299 51 101
112  52.56377847  013.30840499  52.56365947  013.30867099 51 101
112  52.56354447  013.30888699  52.56350747  013.30894299 51 101
112  52.56343247  013.30901399  52.56339547  013.30904299 51 101
112  52.56330647  013.30908999  52.56326047  013.30911199 51 101
112  52.56313047  013.30915199  52.56305947  013.30917199 51 101
112  52.56281347  013.30921799  52.56267347  013.30924199 51 101
112  52.56249847  013.30924699  52.56242747  013.30924199 51 101
112  52.56230347  013.30919399  52.56224547  013.30916399 51 101
116  52.56212847  013.30906399  52.56207047  013.30900699
120 Centreline for Taxi
112  52.56013247  013.29327299  52.55995847  013.29331999 51 101
112  52.55957347  013.29342099  52.55937547  013.29347199 51 101
112  52.55922147  013.29351199  52.55902247  013.29356299 51 101
116  52.55873547  013.29363699  52.55861047  013.29366899
120 Centreline for Taxi
111  52.55934747  013.28088799 51 101
112  52.56004947  013.28072499  52.56024847  013.28067799 51 101
112  52.56056847  013.28060799  52.56071547  013.28057699 51 101
112  52.56086147  013.28049599  52.56090947  013.28045199 51 101
112  52.56108447  013.28029099  52.56118547  013.28019799 51 101
112  52.56132747  013.28003099  52.56138847  013.27994999 51 101
112  52.56154247  013.27974399  52.56162547  013.27963299 51 101
112  52.56175447  013.27941099  52.56181347  013.27929899 51 101
112  52.56188947  013.27973299  52.56192147  013.28005899 51 101
112  52.56207447  013.28163899  52.56210547  013.28196599 51 101
112  52.56206347  013.28191699  52.56202447  013.28177599 51 101
112  52.56191547  013.28154099  52.56185547  013.28143199 51 101
112  52.56168047  013.28118399  52.56158447  013.28105499 51 101
112  52.56144747  013.28090599  52.56138747  013.28084999 51 101
112  52.56114647  013.28072899  52.56100547  013.28066699 51 101
112  52.56086247  013.28059899  52.56081347  013.28057399 51 101
116  52.56086147  013.28049599  52.56090947  013.28045199
120 Centreline for Taxi
111  52.56292047  013.29050699 51 101
112  52.56276447  013.28879299  52.56273747  013.28849599 51 101
112  52.56267647  013.28785699  52.56264447  013.28753099 51 101
112  52.56264947  013.28758599  52.56261847  013.28725899 51 101
112  52.56255547  013.28660599  52.56252347  013.28627999 51 101
112  52.56216847  013.28261899  52.56213747  013.28229199 51 101
116  52.56206347  013.28191699  52.56202447  013.28177599
120 Centreline for Taxi
111  52.55515747  013.27694599 51 101
112  52.55524647  013.27649099  52.55530847  013.27617599 51 101
112  52.55545347  013.27579499  52.55552847  013.27564599 51 101
112  52.55562347  013.27548299  52.55566147  013.27542399 51 101
112  52.55577447  013.27528999  52.55583747  013.27522099 51 101
112  52.55598047  013.27513699  52.55605547  013.27510399 51 101
112  52.55621347  013.27508199  52.55629547  013.27507799 51 101
116  52.55649147  013.27519399  52.55659547  013.27527299
120 Centreline for Taxi
112  52.55393365  013.28038572  52.55411620  013.28044402 51 101
112  52.55409747  013.28042599  52.55415247  013.28043899 51 101
112  52.55426247  013.28044399  52.55431747  013.28044299 51 101
112  52.55461447  013.28035899  52.55479447  013.28030299 51 101
112  52.55511147  013.28020499  52.55529047  013.28014999 51 101
112  52.55549847  013.28052799  52.55557747  013.28079899 51 101
115  52.55550447  013.28054799
120 Centreline for Taxi
111  52.55827547  013.29375699 51 101
112  52.55818247  013.29378099  52.55798347  013.29383199 51 101
112  52.55758647  013.29393399  52.55738847  013.29398499 51 101
112  52.55737147  013.29398999  52.55717247  013.29404099 51 101
112  52.55694347  013.29409499  52.55685547  013.29411299 51 101
112  52.55686847  013.29470099  52.55690547  013.29508599 51 101
112  52.55732947  013.29947599  52.55736647  013.29986199 51 101
112  52.55744147  013.30063399  52.55747847  013.30101899 51 101
112  52.55747047  013.30093599  52.55750747  013.30132199 51 101
112  52.55758247  013.30209399  52.55761947  013.30247899 51 101
112  52.55763947  013.30269499  52.55767647  013.30308099 51 101
112  52.55771947  013.30342999  52.55773547  013.30353299 51 101
112  52.55777647  013.30379999  52.55779847  013.30394299 51 101
112  52.55790647  013.30448399  52.55797147  013.30479699 51 101
112  52.55878147  013.30871799  52.55884647  013.30903099 51 101
112  52.55891347  013.30931599  52.55893647  013.30940199 51 101
112  52.55898347  013.30957199  52.55900847  013.30965699 51 101
112  52.55908747  013.30979399  52.55913247  013.30985699 51 101
112  52.55926147  013.30992099  52.55933247  013.30994199 51 101
112  52.55949247  013.30993199  52.55957447  013.30991899 51 101
112  52.55968647  013.30984099  52.55973447  013.30979499 51 101
116  52.55981247  013.30967699  52.55984847  013.30961399
120 Centreline for Taxi
112  52.55740147  013.30021799  52.55742447  013.30044699 51 101
112  52.55763247  013.30080599  52.55776347  013.30096799 51 101
112  52.55802247  013.30116899  52.55815147  013.30124799 51 101
112  52.55831047  013.30132199  52.55837347  013.30134399 51 101
112  52.55847647  013.30135299  52.55852547  013.30135099 51 101
112  52.55863747  013.30132199  52.55869647  013.30130299 51 101
112  52.55878847  013.30126699  52.55882947  013.30124999 51 101
116  52.55898447  013.30115999  52.55907347  013.30110599
120 Centreline for Taxi
112  52.55749647  013.30120599  52.55745647  013.30101999 51 101
112  52.55726347  013.30076199  52.55714847  013.30065099 51 101
112  52.55680847  013.30042299  52.55661947  013.30030699 51 101
112  52.55289847  013.29802299  52.55271047  013.29790799 51 101
112  52.55248447  013.29777199  52.55239747  013.29771899 51 101
112  52.55207147  013.29751999  52.55188247  013.29740499 51 101
112  52.55205747  013.29751199  52.55186947  013.29739699 51 101
112  52.55168647  013.29723999  52.55162647  013.29717299 51 101
112  52.55151047  013.29698899  52.55145347  013.29688799 51 101
112  52.55138647  013.29669799  52.55136147  013.29660399 51 101
112  52.55131647  013.29606399  52.55129547  013.29573499 51 101
112  52.55101447  013.29133199  52.55099347  013.29100299 51 101
112  52.55102147  013.29058599  52.55104847  013.29041799 51 101
112  52.55129647  013.29002299  52.55145247  013.28981499 51 101
112  52.55387247  013.28660199  52.55402947  013.28639499 51 101
112  52.55434247  013.28597999  52.55449847  013.28577199 51 101
112  52.55559247  013.28431999  52.55574947  013.28411299 51 101
112  52.55577447  013.28342999  52.55573847  013.28304399 51 101
112  52.55566447  013.28223299  52.55562947  013.28184699 51 101
112  52.55555547  013.28107499  52.55551847  013.28068999 51 101
112  52.55552247  013.28072599  52.55548547  013.28033999 51 101
112  52.55540947  013.27956899  52.55537247  013.27918299 51 101
112  52.55531347  013.27858299  52.55527547  013.27819799 51 101
112  52.55525865  013.27801237  52.55523765  013.27778337 51 101
112  52.55518356  013.27724110  52.55516556  013.27705810 51 101
112  52.55515747  013.27694599  52.55512047  013.27656099 51 101
112  52.55508645  013.27618481  52.55504945  013.27579881 51 101
112  52.55482347  013.27351599  52.55478447  013.27313099 51 101
112  52.55463447  013.27163599  52.55459547  013.27125099 51 101
112  52.55458247  013.27056199  52.55458647  013.27023199 51 101
112  52.55460847  013.26833399  52.55461247  013.26800299 51 101
112  52.55463247  013.26763099  52.55464447  013.26749199 51 101
112  52.55468147  013.26723399  52.55470247  013.26710799 51 101
112  52.55475547  013.26686099  52.55478547  013.26673799 51 101
112  52.55485047  013.26653199  52.55488447  013.26643499 51 101
112  52.55497247  013.26622399  52.55501947  013.26611499 51 101
112  52.55513247  013.26592699  52.55519247  013.26583699 51 101
112  52.55529847  013.26570199  52.55534947  013.26564199 51 101
112  52.55545447  013.26554099  52.55550847  013.26549499 51 101
112  52.55561747  013.26541899  52.55567247  013.26538399 51 101
112  52.55579547  013.26533499  52.55585847  013.26531399 51 101
112  52.55600647  013.26528599  52.55608347  013.26527399 51 101
112  52.55623647  013.26526599  52.55631347  013.26526399 51 101
112  52.55646647  013.26529499  52.55654247  013.26531499 51 101
112  52.55666147  013.26536499  52.55671447  013.26538999 51 101
112  52.55679947  013.26543899  52.55683847  013.26546199 51 101
112  52.55692147  013.26551799  52.55696447  013.26554699 51 101
112  52.55707747  013.26563999  52.55713847  013.26569099 51 101
112  52.55726747  013.26584199  52.55733247  013.26592599 51 101
116  52.55744947  013.26609799  52.55750447  013.26618499
120 Centreline for Taxi
111  52.55795847  013.30112499 51 101
115  52.55691047  013.30048899
120 Centreline for Taxi
112  52.55711747  013.28168199  52.55695047  013.28149899 51 101
112  52.55656747  013.28146699  52.55636747  013.28150799 51 101
112  52.55620947  013.28153999  52.55601047  013.28157999 51 101
116  52.55576047  013.28162699  52.55566147  013.28164499
120 Centreline for Taxi
112  52.55894347  013.28116599  52.55882647  013.28104999 51 101
112  52.55846847  013.28105599  52.55826947  013.28109799 51 101
112  52.55795747  013.28116399  52.55775847  013.28120699 51 101
116  52.55753247  013.28150199  52.55744847  013.28168499
120 Centreline for Taxi
112  52.56188947  013.27973299  52.56185847  013.27940599 51 101
112  52.56179547  013.27875299  52.56176347  013.27842699 51 101
112  52.56088347  013.26935699  52.56085247  013.26902999 51 101
112  52.56080647  013.26865299  52.56078647  013.26850999 51 101
112  52.56069947  013.26795899  52.56064747  013.26763899 51 101
112  52.56061747  013.26745499  52.56056647  013.26713599 51 101
112  52.56048647  013.26678199  52.56045047  013.26665399 51 101
112  52.56039747  013.26649999  52.56037447  013.26644099 51 101
112  52.56031647  013.26632399  52.56028647  013.26626699 51 101
112  52.56023147  013.26616199  52.56020447  013.26611099 51 101
112  52.56010647  013.26596099  52.56005047  013.26587799 51 101
112  52.55992247  013.26573099  52.55985547  013.26565999 51 101
112  52.55964247  013.26549999  52.55952347  013.26541699 51 101
112  52.55932847  013.26531499  52.55923747  013.26527499 51 101
112  52.55904247  013.26525599  52.55894147  013.26525599 51 101
112  52.55871047  013.26531899  52.55858947  013.26535999 51 101
112  52.55839647  013.26547099  52.55830747  013.26553099 51 101
112  52.55815147  013.26571599  52.55807747  013.26581899 51 101
116  52.55793347  013.26609099  52.55786147  013.26623799
120 Centreline for Taxi
112  52.55868547  013.27856999  52.55860447  013.27840499 51 101
112  52.55845347  013.27810599  52.55837947  013.27796099 51 101
112  52.55815447  013.27752199  52.55802947  013.27727699 51 101
112  52.55781047  013.27688699  52.55770547  013.27670799 51 101
112  52.55741347  013.27621599  52.55725447  013.27594799 51 101
112  52.55735547  013.27611799  52.55719547  013.27584899 51 101
116  52.55694747  013.27548899  52.55683547  013.27533799
120 Centreline for Taxi
112  52.56025847  013.30953399  52.56035347  013.30958599 51 101
112  52.56050547  013.30963999  52.56057447  013.30965899 51 101
112  52.56073447  013.30965499  52.56081747  013.30964599 51 101
112  52.56104647  013.30959799  52.56117147  013.30956899 51 101
112  52.56137947  013.30947699  52.56147647  013.30942499 51 101
112  52.56158547  013.30934799  52.56162647  013.30931399 51 101
116  52.56170747  013.30918099  52.56174847  013.30910499
120 Centreline for Taxi
112  52.55577447  013.28342999  52.55580947  013.28381599 51 101
112  52.55588347  013.28458699  52.55592147  013.28497299 51 101
112  52.55612347  013.28704099  52.55616047  013.28742599 51 101
112  52.55623547  013.28819699  52.55627347  013.28858299 51 101
112  52.55675647  013.29354399  52.55679347  013.29392899 51 101
116  52.55686847  013.29470099  52.55690547  013.29508599
120 Centreline for Taxi
112  52.55434247  013.28597999  52.55418547  013.28618699 51 101
112  52.55438847  013.28647099  52.55457547  013.28659099 51 101
112  52.55589847  013.28743899  52.55608547  013.28755899 51 101
116  52.55612347  013.28704099  52.55608547  013.28665499
120 Centreline for Taxi
112  52.56086247  013.28059899  52.56081347  013.28057399 51 101
116  52.56056847  013.28060799  52.56042047  013.28063899
120 Centreline for Taxi
112  52.55901847  013.30969099  52.55901947  013.30969599 51 101
116  52.55908747  013.30979399  52.55913247  013.30985699
120 Centreline for Taxi
112  52.55901847  013.30969099  52.55901947  013.30969599 51 101
116  52.55898347  013.30957199  52.55895947  013.30948699
120 Centreline for Taxi
112  52.55694347  013.29409499  52.55685547  013.29411299 51 101
116  52.55675647  013.29354399  52.55671847  013.29315799
120 Centreline for Taxi
112  52.56216847  013.28261899  52.56213747  013.28229199 51 101
116  52.56207447  013.28163899  52.56204247  013.28131299
120 Centreline for Taxi
112  52.55795747  013.28116399  52.55775847  013.28120699 51 101
116  52.55749047  013.28105599  52.55737847  013.28094099
120 Centreline for Taxi
112  52.55656747  013.28146699  52.55676647  013.28142699 51 101
116  52.55705047  013.28101399  52.55717247  013.28075199
120 Centreline for Taxi
112  52.55846847  013.28105599  52.55866747  013.28101299 51 101
116  52.55888147  013.28056699  52.55895647  013.28028299
120 Centreline for Taxi
112  52.55576047  013.28162699  52.55566147  013.28164499 51 101
116  52.55555547  013.28107499  52.55551847  013.28068999
120 Centreline for Taxi
112  52.55576047  013.28162699  52.55566147  013.28164499 51 101
116  52.55566447  013.28223299  52.55570047  013.28261899
120 Centreline for Taxi
112  52.56175447  013.27941099  52.56181347  013.27929899 51 101
116  52.56179547  013.27875299  52.56176347  013.27842699
120 Centreline for Taxi
112  52.55559247  013.28431999  52.55574947  013.28411299 51 101
116  52.55588347  013.28458699  52.55592147  013.28497299
120 Centreline for Taxi
112  52.55387247  013.28660199  52.55402947  013.28639499 51 101
116  52.55438847  013.28647099  52.55457547  013.28659099
120 Centreline for Taxi
112  52.55623547  013.28819699  52.55619847  013.28781199 51 101
116  52.55589847  013.28743899  52.55571147  013.28731899
120 Taxi hold short
111  52.55880418  013.30955727 56 103
115  52.55908893  013.30934123
120 Taxi hold short
111  52.56431205  013.30761866 56 103
115  52.56408147  013.30732599
120 Taxi hold short
111  52.56174797  013.27977531 56 103
115  52.56157347  013.27938999
120 Linear Feature 1
111  52.56068475  013.30988907 54
115  52.56067081  013.30943692
120 Taxi hold short
111  52.55984747  013.29310699 54
115  52.55989547  013.29358099
120 Taxi hold short
111  52.55894647  013.29382599 54
115  52.55890047  013.29335199
120 Taxi hold short
111  52.55786204  013.29364371 54
115  52.55790418  013.29407077
120 Taxi hold short
111  52.55756850  013.30365689 56 103
115  52.55789454  013.30349733
120 Taxi hold short
111  52.56043965  013.28087456 56 103
115  52.56040070  013.28041302
120 Taxi hold short
111  52.56053146  013.27516474 56 103
115  52.56041304  013.27555419
120 Taxi hold short
111  52.56038421  013.26605548 56 103
115  52.56016110  013.26635821
14  52.55463047  013.29324299 341.21 0 Tower Viewpoint
1300  52.56479348  013.29282831 170.00 tie_down heavy|jets Military Ramp 05
1300  52.56500149  013.29465797 170.00 tie_down heavy|jets Military Ramp 04
1300  52.56519004  013.29631627 170.00 tie_down heavy|jets Military Ramp 03
1300  52.56539070  013.29821162 170.00 gate heavy|jets Military Ramp 02
1300  52.56560596  013.30029816 170.00 tie_down heavy|jets Military Ramp 01
1300  52.55329754  013.27641833 195.00 gate jets|turboprops Hangar Parking 05
1300  52.55465973  013.27739635 175.00 gate jets|turboprops Remote Apron 04
1300  52.55474510  013.27817170 175.00 gate jets|turboprops Remote Apron 03
1300  52.55479316  013.27873813 175.00 gate jets|turboprops Remote Apron 02
1300  52.55487519  013.27973907 175.00 gate jets|turboprops Remote Apron 01
1300  52.55541979  013.29878108 280.00 gate jets|turboprops Gate C08
1300  52.55582754  013.29903030 280.00 gate jets|turboprops Gate C07
1300  52.55619368  013.29921619 280.00 gate jets|turboprops Gate C06
1300  52.55330170  013.27971262 150.00 hangar jets|turboprops Hangar Parking 04
1300  52.55329576  013.28029115 165.00 hangar jets|turboprops Hangar Parking 03
1300  52.55665738  013.29838919 175.00 gate jets|turboprops Gate C05
1300  52.55653925  013.29737278 175.00 gate jets|turboprops Gate C04
1300  52.55646670  013.29643124 175.00 gate jets|turboprops Gate C03
1300  52.55637989  013.29549255 175.00 gate jets|turboprops Gate C02
1300  52.55629803  013.29456274 175.00 gate jets|turboprops Gate C01
1300  52.55466005  013.28405882 230.00 gate jets|turboprops Cargo Ramp 08
1300  52.55418648  013.28472733 230.00 gate jets|turboprops Cargo Ramp 07
1300  52.55368989  013.28540754 230.00 gate jets|turboprops Cargo Ramp 06
1300  52.55324484  013.28602866 230.00 gate jets|turboprops Cargo Ramp 05
1300  52.55278401  013.28664243 230.00 gate jets|turboprops Cargo Ramp 04
1300  52.55229058  013.28734639 230.00 gate jets|turboprops Cargo Ramp 03
1300  52.55177081  013.28795563 230.00 gate heavy|jets|turboprops Cargo Ramp 02
1300  52.55118855  013.28874564 230.00 gate heavy|jets|turboprops Cargo Ramp 01
1300  52.55309408  013.29004363 355.00 gate heavy|jets|turboprops Gate A13
1300  52.55316763  013.29097539 355.00 gate heavy|jets|turboprops Gate A14
1300  52.55328659  013.28917814  50.00 gate heavy|jets|turboprops Gate A12
1300  52.55358998  013.28873448  50.00 gate jets|turboprops Gate A11
1300  52.55395707  013.28830070  50.00 gate jets|turboprops Gate A10
1300  52.55445180  013.28820250 110.00 gate jets|turboprops Gate A09
1300  52.55485463  013.28841774 110.00 gate jets|turboprops Gate A08
1300  52.55521753  013.28872408 110.00 gate jets|turboprops Gate A07
1300  52.55547565  013.28924380 170.00 gate jets|turboprops Gate A06
1300  52.55553312  013.28982161 -190.00 gate jets|turboprops Gate A05
1300  52.55558290  013.29031456 170.00 gate jets|turboprops Gate A04
1300  52.55562721  013.29079795 170.00 gate jets|turboprops Gate A03
1300  52.55545004  013.29176365 235.00 gate heavy|jets|turboprops Gate A02
1300  52.55504568  013.29232074 230.00 gate heavy|jets|turboprops Gate A01
1300  52.55449779  013.28153469 175.00 hangar heavy|jets|turboprops Hangar Parking 02
1300  52.55458449  013.28244949 175.00 hangar heavy|jets|turboprops Hangar Parking 01
18  52.56144347  013.28754599 1 BCN
19  52.56053547  013.27325499 1 WS
19  52.55687047  013.28963299 1 WS
19  52.56191247  013.29855699 1 WS
50 12590 Berlin Tegel ATIS
53 12192 Tegel Delivery
53 12175 Tegel Ground (when Delivery is in use)
54 12452 Tegel Tower
55 12112 Berlin Director
55 12642 Bremen Radar (Berlin Arrival South)
55 11970 Bremen Radar (Berlin Arrival)
56 12062 Bremen Radar (Berlin Departure)
99
