I
1050 Generated by WorldEditor 2.2.0r2

1   1423 0 0 EDTH Heubach
100 20.12 1 0 0.00 0 0 0 07  48.80193188  009.92292557    0    0 1 0 0 0 25  48.80404440  009.93267229    0    0 1 0 0 0
110 2 0.00 0.0000 New Taxiway 10
111  48.80263194  009.92925964
111  48.80249997  009.92921890
111  48.80235452  009.93029902
111  48.80239339  009.93031071
111  48.80244171  009.93032524
111  48.80245114  009.93024998
111  48.80249929  009.93026513
111  48.80251403  009.93015335
111  48.80253962  009.92995944
111  48.80256446  009.92977112
111  48.80258798  009.92959284
113  48.80261054  009.92942185
110 2 0.00 0.0000 New Taxiway 9
111  48.80243194  009.93048808
111  48.80228780  009.93056140
111  48.80248672  009.93146115
111  48.80263055  009.93139083
111  48.80255605  009.93105219
111  48.80250176  009.93080545
113  48.80245198  009.93057919
110 2 0.00 0.0000 New Taxiway 8
111  48.80272296  009.93048349
111  48.80278583  009.93076801
111  48.80285958  009.93073038
113  48.80279792  009.93044677
110 1 0.00 0.0000 New Taxiway 21
111  48.80319312  009.93098350
111  48.80322166  009.93110716
111  48.80330059  009.93106573
113  48.80327456  009.93094399
110 2 0.00 0.0000 New Taxiway 7
111  48.80285704  009.93066433
111  48.80293999  009.93062116
111  48.80290795  009.93047706
113  48.80282588  009.93052091
110 2 0.00 0.0000 New Taxiway 11
111  48.80238155  009.92895063
111  48.80216391  009.92888587
111  48.80202637  009.92995905
113  48.80224223  009.93002909
110 2 0.00 0.0000 New Taxiway 12
111  48.80226277  009.92849610
111  48.80224843  009.92860764
111  48.80220400  009.92859421
111  48.80218284  009.92876309
111  48.80239822  009.92882409
111  48.80246777  009.92884379
113  48.80249903  009.92856583
110 1 0.00 0.0000 New Taxiway 1
111  48.80281298  009.92741147
111  48.80278896  009.92761289
111  48.80277538  009.92803477
112  48.80273672  009.92810772  48.80270529  009.92810589
111  48.80273672  009.92810772
111  48.80251109  009.92807918
112  48.80251109  009.92807918  48.80244942  009.92806449
111  48.80239827  009.92793802
111  48.80246094  009.92835514
111  48.80258108  009.92832659
112  48.80264079  009.92848601  48.80264079  009.92854567
111  48.80264079  009.92848601
111  48.80262548  009.92886818
112  48.80262548  009.92886818  48.80261406  009.92891650
111  48.80259274  009.92893986
111  48.80254205  009.92892325
111  48.80258895  009.92854245
111  48.80250434  009.92851866
111  48.80249903  009.92856583
111  48.80246777  009.92884379
111  48.80239822  009.92882409
111  48.80238155  009.92895063
111  48.80224223  009.93002909
111  48.80228861  009.93004241
111  48.80225978  009.93027079
111  48.80235452  009.93029902
111  48.80249997  009.92921890
111  48.80251403  009.92911454
111  48.80257253  009.92907330
111  48.80262162  009.92908599
112  48.80264774  009.92913991  48.80264623  009.92918351
111  48.80264774  009.92913991
111  48.80263194  009.92925964
111  48.80261054  009.92942185
111  48.80258798  009.92959284
111  48.80256446  009.92977112
111  48.80253962  009.92995944
111  48.80251403  009.93015335
111  48.80249929  009.93026513
111  48.80245114  009.93024998
111  48.80244171  009.93032524
111  48.80239339  009.93031071
111  48.80243194  009.93048808
111  48.80245198  009.93057919
111  48.80250176  009.93080545
111  48.80255605  009.93105219
111  48.80263055  009.93139083
111  48.80286246  009.93128298
112  48.80286246  009.93128298  48.80287900  009.93127637
112  48.80297319  009.93128774  48.80302368  009.93130492
111  48.80297319  009.93128774
111  48.80340297  009.93145532
111  48.80362400  009.93154150
112  48.80373682  009.93166997  48.80376032  009.93174531
111  48.80373682  009.93166997
111  48.80363340  009.93119575
111  48.80352162  009.93137497
111  48.80342149  009.93133470
111  48.80304841  009.93118465
112  48.80304841  009.93118465  48.80297093  009.93114632
111  48.80294081  009.93104984
111  48.80285704  009.93066433
111  48.80282588  009.93052091
111  48.80280710  009.93043447
111  48.80283742  009.93041885
111  48.80292410  009.93037420
111  48.80290049  009.93025748
111  48.80292681  009.92948859
111  48.80287502  009.92939743
111  48.80281184  009.92928624
111  48.80283396  009.92864728
113  48.80286805  009.92766270
112  48.80276598  009.92818751  48.80276749  009.92820511
111  48.80276598  009.92818751
111  48.80274906  009.92863964
111  48.80273382  009.92904689
111  48.80268420  009.92904425
112  48.80265835  009.92899005  48.80266138  009.92896405
111  48.80265835  009.92899005
112  48.80265835  009.92899005  48.80266440  009.92895028
111  48.80266701  009.92891660
111  48.80268245  009.92849311
112  48.80268245  009.92849311  48.80268346  009.92842351
111  48.80265460  009.92837020
111  48.80254839  009.92818517
112  48.80254839  009.92818517  48.80252472  009.92813545
111  48.80255623  009.92813098
113  48.80273817  009.92815345
130 Airport Boundary 20
111  48.80165743  009.92133210
111  48.80159193  009.92165885
111  48.80150459  009.92296112
111  48.80174789  009.92428234
111  48.80166055  009.92520577
111  48.80110845  009.92640388
111  48.80196624  009.92739835
111  48.80211908  009.92853965
111  48.80194752  009.93041024
111  48.80212220  009.93048601
111  48.80241853  009.93166520
111  48.80338237  009.93178833
111  48.80370366  009.93333221
111  48.80396567  009.93358794
111  48.80464567  009.93331326
113  48.80205463  009.92156044
120 Linear Feature 19
111  48.80278882  009.92875844 2
115  48.80274219  009.93023249
120 Linear Feature 18
111  48.80268697  009.93020253 1
115  48.80251403  009.93015335
120 Linear Feature 17
111  48.80269468  009.93000567 1
115  48.80253962  009.92995944
120 Linear Feature 16
111  48.80270229  009.92981141 1
115  48.80256446  009.92977112
120 Linear Feature 15
111  48.80270938  009.92963028 1
115  48.80258798  009.92959284
120 Linear Feature 14
111  48.80271658  009.92944654 1
115  48.80261054  009.92942185
120 Linear Feature 13
111  48.80250176  009.93080545 1
111  48.80265271  009.93072988 1
111  48.80270780  009.93097579 1
115  48.80255605  009.93105219
120 Linear Feature 6
111  48.80272862  009.92913906 1
111  48.80271658  009.92944654 1
111  48.80270938  009.92963028 1
111  48.80270229  009.92981141 1
111  48.80269468  009.93000567 1
111  48.80268697  009.93020253 1
111  48.80267639  009.93047261 1
115  48.80245198  009.93057919
120 Linear Feature 5
111  48.80287502  009.92939743 1
115  48.80283742  009.93041885
120 Linear Feature 3
111  48.80342149  009.93133470 4
115  48.80340297  009.93145532
120 Linear Feature 4
111  48.80274906  009.92863964 4
115  48.80283396  009.92864728
1300  48.80256764  009.93123827 343.07 hangar props Hangar B 2
1301 A none 
1300  48.80244228  009.93070696 343.27 hangar props Hangar B 1
1301 A none 
1300  48.80248620  009.93014362  11.26 hangar props Hangar A 5
1301 A none 
1300  48.80251545  009.92994854  11.79 hangar props Hangar A 4
1301 A none 
1300  48.80253843  009.92976298  10.86 hangar props Hangar A 3
1301 A none 
1300  48.80256454  009.92958535  11.77 hangar props Hangar A 2
1301 A none 
1300  48.80258439  009.92941248  10.48 hangar props Hangar A 1
1301 A none 
1300  48.80278811  009.93058205 251.27 tie_down props Fuel Station
1301 A general_aviation 
1300  48.80286631  009.93021060 188.64 tie_down props Apron 4
1301 A general_aviation 
1300  48.80287362  009.93000125 188.64 tie_down props Apron 3
1301 A general_aviation 
1300  48.80287989  009.92977286 188.64 tie_down props Apron 2
1301 A general_aviation 
1300  48.80289243  009.92955082 188.64 tie_down props Apron 1
1301 A general_aviation 
99
