A
1000 Generated by Infinite Flight Airport Editing (World Parser)/AB

1     2910 1 1 SAVQ Maquinchao
100   16.46   2   0 0.25 0 2 0 06  -41.25176936 -068.73952094    0.00    0.00 2 10 0 0 24  -41.24823064 -068.72658926    0.00    0.00 2 10 0 0
21  -41.25092363 -068.73738271  1  70.00   3.00 06  VASI
21  -41.24907661 -068.72872720  1 250.00   3.00 24  VASI
110   2 0.30  70.00 Default taxiway for RWY 06
111 -41.25183684 -068.73948828  53 102 
111 -41.25218694 -068.73931883  53 102 
111 -41.24864894 -068.72638646  53 102 
111 -41.24829884 -068.72655590 
112 -41.24834949 -068.72674104 -41.24832629 -068.72664745  53 102 
111 -41.24840980 -068.72660703  53 102 
112 -41.24852115 -068.72655313 -41.24860467 -068.72651271  53 102 
111 -41.24862999 -068.72660528  53 102 
111 -41.25033568 -068.73284004  53 102 
111 -41.25005518 -068.73297580 
111 -41.25008050 -068.73306837  53 102 
111 -41.25036100 -068.73293261  53 102 
112 -41.25206669 -068.73916738 -41.25209202 -068.73925995  53 102 
111 -41.25200850 -068.73930037  53 102 
112 -41.25189715 -068.73935426 -41.25181364 -068.73939469  53 102 
113 -41.25178619 -068.73930314 
120 Default hold RWY 06 (near)
111 -41.25197815 -068.73941989  54 
115 -41.25195283 -068.73932732 
120 Default hold RWY 06 (centre)
111 -41.25022181 -068.73299998  54 
115 -41.25019649 -068.73290741 
120 Default hold RWY 06 (far)
111 -41.24846548 -068.72658008  54 
115 -41.24844015 -068.72648751 
18  -41.24951284 -068.73329077 1 BCN
19  -41.25161122 -068.73980713 1 WS
19  -41.24838875 -068.72630305 1 WS


130 Airport Boundary
111 -041.25218582 -068.73931885
111 -041.25183868 -068.73948669
111 -041.25177002 -068.73951721
111 -041.24822998 -068.72658539
113 -041.24864960 -068.72638702
99
