A
1000 Generated by Infinite Flight Airport Editing (World Parser)

1     1550 0 0 CJH4 Ferland
100   21.03   3   0 0.00 0 1 0 09   49.44638397 -106.93837927    0.00    0.00 1  0 0 2 27   49.44443976 -106.92638579    0.00    0.00 1  0 0 0
110  15 0.00 104.00 Taxiway
111  49.44629236 -106.93841420 
111  49.44623607 -106.93839413 
111  49.44428842 -106.92639407 
113  49.44434792 -106.92642120 
110   3 0.00 104.00 Taxiway
111  49.44399471 -106.92650957 
111  49.44428842 -106.92639407 
111  49.44623607 -106.93839413 
113  49.44594307 -106.93832395 
130 Airport Boundary
111  49.44660000 -106.93839000 
111  49.44594425 -106.93843490 
111  49.44388000 -106.92638000 
113  49.44458000 -106.92638000 
14   49.44600300 -106.93194600    6 0 Viewpoint
15   49.44580000 -106.93680000  14.00 Ramp Start
18   49.44511000 -106.93556200 1 BCN
19   49.44511000 -106.93459300 1 WS

99
