A
1000 Generated by Infinite Flight Airport Editing (World Parser)/AB

1      377 0 1 CYPD PORT HAWKESBURY
100   45.72   1   0 0.25 0 2 0 11   45.65653300 -061.37814700    0.00    0.00 2  0 0 1 29   45.65648600 -061.35858900    0.00    0.00 2  0 0 0
110   1 0.30  90.19 Default taxiway for RWY 11
111  45.65632953 -061.37814797   3 102 
111  45.65529867 -061.37815286   3 102 
111  45.65525334 -061.35859484   3 102 
111  45.65628420 -061.35858995 
112  45.65628556 -061.35917861  45.65628263 -061.35888429   3 102 
111  45.65603576 -061.35888546   3 102 
112  45.65570660 -061.35888702  45.65545974 -061.35888819   3 102 
111  45.65546042 -061.35918252   3 102 
111  45.65548138 -061.36822571   3 102 
111  45.65630652 -061.36822180 
111  45.65630721 -061.36851613   3 102 
111  45.65548207 -061.36852004   3 102 
112  45.65550303 -061.37756323  45.65550371 -061.37785755   3 102 
111  45.65575057 -061.37785638   3 102 
112  45.65607973 -061.37785482  45.65632660 -061.37785365   3 102 
113  45.65632817 -061.37755932 
120 Default hold RWY 11 (near)
111  45.65591583 -061.37814993   4 
115  45.65591515 -061.37785560 
120 Default hold RWY 11 (centre)
111  45.65589351 -061.36851809   4 
115  45.65589282 -061.36822376 
120 Default hold RWY 11 (far)
111  45.65587118 -061.35888624   4 
115  45.65587050 -061.35859191 
18   45.65795040 -061.36836458 1 BCN
19   45.65715153 -061.37873272 1 WS
19   45.65586737 -061.35800349 1 WS
51 12280 CTAF/UNICOM


130 Airport Boundary
111  045.65525436 -061.35859299
111  045.65530014 -061.37815094
111  045.65591431 -061.37815094
111  045.65653229 -061.37814713
111  045.65648651 -061.35858917
113  045.65628433 -061.35858917
99
