A
1000 Generated by Infinite Flight Airport Editing (World Parser)/AB

1       13 0 1 MUSL SANTA LUCIA
100   29.87   1   0 0.25 0 0 0 07   21.50687800 -077.02861700    0.00   59.44 2  0 0 0 25   21.51202500 -077.01213100    0.00   64.01 2  0 0 0
110   1 0.30  71.45 Default taxiway for RWY 07
111  21.50675271 -077.02857180   3 
111  21.50611348 -077.02834120   3 
111  21.51126129 -077.01185577   3 
111  21.51190052 -077.01208638 
112  21.51181499 -077.01236030  21.51185562 -077.01222257   3 
111  21.51170271 -077.01216741   3 
112  21.51149884 -077.01209386  21.51134594 -077.01203870   3 
111  21.51130318 -077.01217566   3 
111  21.50883619 -077.02007597   3 
111  21.50934800 -077.02026061 
111  21.50930523 -077.02039757   3 
111  21.50879342 -077.02021293   3 
112  21.50632643 -077.02811325  21.50628367 -077.02825020   3 
111  21.50643657 -077.02830536   3 
112  21.50664044 -077.02837891  21.50679335 -077.02843407   3 
113  21.50683824 -077.02829789 
120 Default hold RWY 07 (near)
111  21.50649574 -077.02847910   4 
115  21.50653851 -077.02834214 
120 Default hold RWY 07 (centre)
111  21.50904826 -077.02030487   4 
115  21.50909103 -077.02016791 
120 Default hold RWY 07 (far)
111  21.51160078 -077.01213063   4 
115  21.51164355 -077.01199367 
19   21.50717473 -077.02902881 1 WS
19   21.51172823 -077.01171921 1 WS
54 12970 INFO


130 Airport Boundary
111  021.50611305 -077.02834320
111  021.50687790 -077.02861786
111  021.51202583 -077.01213074
111  021.51189995 -077.01208496
113  021.51126099 -077.01185608
99
