A
1000 Generated by Infinite Flight Airport Editing (World Parser)/AB

1       65 0 1 X35  DUNNELLON MARION CO PARK OF COMMERCE
100   30.48   1   0 0.25 0 2 0 05   29.05927800 -082.38191400    0.00    0.00 2  0 0 0 23   29.06884400 -082.37093300    0.00    0.00 2  0 0 0
100   18.29   1   0 0.25 0 2 0 09   29.05941400 -082.38411400    0.00    0.00 2  0 0 0 27   29.05936100 -082.36939700    0.00    0.00 2  0 0 0
21   29.06078596 -082.38072631  2  45.09   3.00 05  PAPI-4L
21   29.06733613 -082.37212097  2 225.10   3.00 23  PAPI-4L
110   1 0.30  90.23 Default taxiway for RWY 09
111  29.05933396 -082.38411437   3 102 
111  29.05892027 -082.38411629   3 102 
111  29.05886807 -082.36939928   3 102 
111  29.05928176 -082.36939736 
112  29.05928243 -082.36958564  29.05927985 -082.36949151   3 102 
111  29.05918110 -082.36949197   3 102 
112  29.05904944 -082.36949258  29.05895070 -082.36949304   3 102 
111  29.05895103 -082.36958718   3 102 
111  29.05897629 -082.37671034   3 102 
111  29.05930769 -082.37670880 
111  29.05930803 -082.37680294   3 102 
111  29.05897663 -082.37680448   3 102 
112  29.05900189 -082.38392763  29.05900223 -082.38402177   3 102 
111  29.05910097 -082.38402131   3 102 
112  29.05923263 -082.38402070  29.05933138 -082.38402024   3 102 
113  29.05933329 -082.38392609 
110   1 0.30  45.09 Default taxiway for RWY 05
111  29.05918246 -082.38180505   3 102 
111  29.05869517 -082.38124942   3 102 
111  29.06826162 -082.37026938   3 102 
111  29.06874891 -082.37082506 
112  29.06855527 -082.37104731  29.06865049 -082.37093438   3 102 
111  29.06853393 -082.37080145   3 102 
112  29.06837851 -082.37062421  29.06826194 -082.37049128   3 102 
111  29.06816512 -082.37060240   3 102 
111  29.06362394 -082.37581461   3 102 
111  29.06401409 -082.37625950 
111  29.06391727 -082.37637062   3 102 
111  29.06352712 -082.37592573   3 102 
112  29.05898595 -082.38113793  29.05888913 -082.38124905   3 102 
111  29.05900570 -082.38138197   3 102 
112  29.05916112 -082.38155919  29.05927768 -082.38169211   3 102 
113  29.05937610 -082.38158280 
120 Default hold RWY 09 (near)
111  29.05916713 -082.38411515   4 
115  29.05916680 -082.38402101 
120 Default hold RWY 05 (near)
111  29.05898659 -082.38158171   4 
115  29.05908341 -082.38147058 
120 Default hold RWY 09 (centre)
111  29.05914120 -082.37680372   4 
115  29.05914086 -082.37670958 
120 Default hold RWY 05 (centre)
111  29.06372140 -082.37614726   4 
115  29.06381822 -082.37603614 
120 Default hold RWY 09 (far)
111  29.05911527 -082.36949228   4 
115  29.05911493 -082.36939814 
120 Default hold RWY 05 (far)
111  29.06845622 -082.37071283   4 
115  29.06855304 -082.37060170 
18   29.05996393 -082.37675591 1 BCN
19   29.05937577 -082.38246854 1 WS
19   29.05966154 -082.38430113 1 WS
19   29.05911344 -082.36920990 1 WS
19   29.06874618 -082.37037842 1 WS
51 12280 CTAF/UNICOM
55 11860 JACKSONVILLE APP/DEP


130 Airport Boundary
111  029.05869484 -082.38124847
111  029.05891991 -082.38411713
111  029.05941391 -082.38411713
111  029.06884384 -082.37093353
111  029.06826210 -082.37026978
111  029.05936050 -082.36940002
113  029.05886841 -082.36940002
99
