A
1000 Generated by Infinite Flight Airport Editing (World Parser)/AB

1     3527 1 1 MDCZ Constanza
100   33.53   1   0 0.25 0 2 0 08   18.89724316 -070.72559963    0.00    0.00 2  0 0 0 26   18.90274464 -070.70773477    0.00    0.00 2  0 0 0
110   1 0.30  71.97 Default taxiway for RWY 08
111  18.89710185 -070.72555100   3 102 
111  18.89638244 -070.72530345   3 102 
111  18.90188477 -070.70743918   3 102 
111  18.90260418 -070.70768673 
112  18.90251078 -070.70798998  18.90255534 -070.70783762   3 102 
111  18.90238319 -070.70777838   3 102 
112  18.90215367 -070.70769940  18.90198152 -070.70764016   3 102 
111  18.90193482 -070.70779179   3 102 
111  18.89930041 -070.71634486   3 102 
111  18.89987637 -070.71654305 
111  18.89982967 -070.71669468   3 102 
111  18.89925371 -070.71649649   3 102 
112  18.89661929 -070.72504957  18.89657259 -070.72520119   3 102 
111  18.89674474 -070.72526042   3 102 
112  18.89697426 -070.72533940  18.89714641 -070.72539864   3 102 
113  18.89719525 -070.72524775 
120 Default hold RWY 08 (near)
111  18.89681280 -070.72545154   4 
115  18.89685950 -070.72529991 
120 Default hold RWY 08 (centre)
111  18.89954062 -070.71659522   4 
115  18.89958732 -070.71644359 
120 Default hold RWY 08 (far)
111  18.90226843 -070.70773889   4 
115  18.90231513 -070.70758727 
18   18.90099809 -070.71701283 1 BCN
19   18.89758012 -070.72605097 1 WS
19   18.90240764 -070.70728345 1 WS


130 Airport Boundary
111  018.89638329 -070.72530365
111  018.89724350 -070.72560120
111  018.90274429 -070.70773315
113  018.90188408 -070.70743561
99
