I
1100 Generated by WorldEditor 2.2.0r2

1    415 0 0 3LL8 McLeansboro
100 16.76 1 0 0.00 0 0 0 01  38.07381738 -088.53868848    0    0 2 0 0 0 19  38.07880389 -088.53823162    0    0 2 0 0 0
110 1 0.00 0.0000 New Taxiway 1
111  38.07525182 -088.53848834
112  38.07537800 -088.53825506  38.07537583 -088.53812556
111  38.07527056 -088.53806779
111  38.07510190 -088.53805986
111  38.07509066 -088.53790909
112  38.07505068 -088.53784720  38.07502257 -088.53784455
111  38.07476959 -088.53784720
111  38.07452348 -088.53786466
112  38.07447975 -088.53797733  38.07447903 -088.53800856
111  38.07447975 -088.53797733
112  38.07447975 -088.53797733  38.07447975 -088.53798927
112  38.07448100 -088.53836456  38.07448172 -088.53836915
111  38.07448100 -088.53836456
112  38.07448100 -088.53836456  38.07448606 -088.53847844
111  38.07461218 -088.53853278
111  38.07425363 -088.53856610
112  38.07438231 -088.53838995  38.07439966 -088.53825494
111  38.07438231 -088.53838995
112  38.07438231 -088.53838995  38.07438158 -088.53838627
111  38.07438855 -088.53796305
112  38.07432984 -088.53786149  38.07429152 -088.53785690
111  38.07432984 -088.53786149
112  38.07432984 -088.53786149  38.07431971 -088.53785873
111  38.07410996 -088.53789481
111  38.07380013 -088.53792338
111  38.07380263 -088.53787418
111  38.07403125 -088.53785990
111  38.07436607 -088.53782340
111  38.07452348 -088.53779959
112  38.07537925 -088.53775833  38.07542913 -088.53775465
111  38.07565118 -088.53769907
111  38.07564389 -088.53777181
111  38.07563868 -088.53787100
111  38.07572509 -088.53786174
111  38.07571364 -088.53774139
111  38.07583232 -088.53772949
111  38.07584169 -088.53784719
111  38.07594372 -088.53783397
111  38.07593331 -088.53771230
111  38.07615922 -088.53768982
111  38.07617588 -088.53796225
111  38.07556893 -088.53802970
112  38.07546795 -088.53824924  38.07547734 -088.53840812
111  38.07546795 -088.53824924
112  38.07546795 -088.53824924  38.07548168 -088.53838333
113  38.07559912 -088.53844629
130 Airport Boundary 2
111  38.07955278 -088.53816069
111  38.07904998 -088.53860287
111  38.07843116 -088.53888129
111  38.07441524 -088.53905329
111  38.07268124 -088.53904510
111  38.07206886 -088.53889771
111  38.07163697 -088.53849650
111  38.07158540 -088.53760399
111  38.07148227 -088.53705539
111  38.07249430 -088.53756305
111  38.07391889 -088.53774319
111  38.07436367 -088.53771039
111  38.07630394 -088.53754659
111  38.07903064 -088.53739097
111  38.07979773 -088.53716169
113  38.07997177 -088.53789868
1300  38.07533212 -088.53792088 273.69 tie_down props Apron
1301 A general_aviation 
1300  38.07578350 -088.53786402 273.69 hangar props Hangar 2
1301 A none 
1300  38.07605550 -088.53781137 273.69 hangar props Hangar 1
1301 A none 
99
