A
1000 Generated by Infinite Flight Airport Editing (World Parser)/AB

1     2069 0 1 FB6  Edmonton Josephburg
100   22.86   1   0 0.25 0 2 0 08   53.72805400 -113.09306000    0.00    0.00 2  0 0 0 26   53.72638700 -113.07944000    0.00    0.00 2  0 0 0
110   1 0.30 101.68 Default taxiway for RWY 08
111  53.72795547 -113.09309444   3 102 
111  53.72744961 -113.09327124   3 102 
111  53.72578338 -113.07965069   3 102 
111  53.72628924 -113.07947389 
112  53.72633090 -113.07981442  53.72630787 -113.07964492   3 102 
111  53.72618699 -113.07968717   3 102 
112  53.72602582 -113.07974350  53.72590495 -113.07978574   3 102 
111  53.72592578 -113.07995601   3 102 
111  53.72670682 -113.08634063   3 102 
111  53.72711194 -113.08619904 
111  53.72713277 -113.08636930   3 102 
111  53.72672765 -113.08651089   3 102 
112  53.72750869 -113.09289550  53.72752952 -113.09306577   3 102 
111  53.72765039 -113.09302352   3 102 
112  53.72781156 -113.09296719  53.72793244 -113.09292495   3 102 
113  53.72791381 -113.09275391 
120 Default hold RWY 08 (near)
111  53.72775181 -113.09316562   4 
115  53.72773098 -113.09299536 
120 Default hold RWY 08 (centre)
111  53.72692911 -113.08644048   4 
115  53.72690828 -113.08627022 
120 Default hold RWY 08 (far)
111  53.72610641 -113.07971533   4 
115  53.72608558 -113.07954507 
18   53.72792518 -113.08600804 1 BCN
19   53.72839651 -113.09329538 1 WS
19   53.72604446 -113.07920474 1 WS
51 12350 CTAF


130 Airport Boundary
111  053.72578430 -113.07965088
111  053.72745132 -113.09326935
111  053.72805405 -113.09306335
113  053.72638702 -113.07943726
99
