A
1000 Generated by Infinite Flight Airport Editing (World Parser)

1      955 1 0 KGYH DONALDSON CENTER
100   45.72   2   2 0.00 0 3 0 05   34.74990022 -082.38496809    0.00    0.00 3  8 0 0 23   34.76674522 -082.36785409    0.00    0.00 2  0 0 0
110   2 0.00  39.00 A
111  34.76373887 -082.37154352 102 
111  34.76389296 -082.37178215 102 
111  34.76437552 -082.37252945 102 
112  34.76452775 -082.37256342  34.76462836 -082.37254037 
111  34.76452775 -082.37256342 106 
111  34.76463685 -082.37265607 
112  34.76463685 -082.37265607  34.76462383 -082.37277133 106 
111  34.76469013 -082.37277034 106 
111  34.76466476 -082.37294020 102 
112  34.76438059 -082.37302359  34.76425158 -082.37316911 
111  34.76438059 -082.37302359 102 
111  34.76320371 -082.37422059 
111  34.76291420 -082.37451506 102 
111  34.76229846 -082.37514132 
111  34.76205493 -082.37538902 102 
111  34.76200124 -082.37544362 
111  34.76176638 -082.37568250 102 
111  34.76043876 -082.37703575 
111  34.76035472 -082.37690538 102 
111  34.76063694 -082.37662173 
111  34.76086086 -082.37639667 102 
111  34.76110862 -082.37614765 
112  34.76118106 -082.37595275  34.76120532 -082.37580720 
111  34.76118106 -082.37595275 
111  34.76121918 -082.37555133 
112  34.76134500 -082.37523345  34.76144954 -082.37514629 
111  34.76134500 -082.37523345 
111  34.76300854 -082.37354879 
112  34.76325414 -082.37346046  34.76339104 -082.37348366 
111  34.76325414 -082.37346046 
111  34.76356672 -082.37349104 
112  34.76374813 -082.37346046  34.76380358 -082.37342671 
111  34.76374813 -082.37346046 102 
111  34.76388209 -082.37333137 
112  34.76391558 -082.37315471  34.76389309 -082.37305827 
111  34.76391558 -082.37315471 
111  34.76381790 -082.37300506 
112  34.76374255 -082.37296447  34.76371907 -082.37292280 
111  34.76374255 -082.37296447 
112  34.76374255 -082.37296447  34.76372885 -082.37294423 
112  34.76375762 -082.37279987  34.76381632 -082.37273676 
112  34.76389884 -082.37279461  34.76390960 -082.37281009 
111  34.76389884 -082.37279461 
112  34.76389884 -082.37279461  34.76392916 -082.37284700 
111  34.76392004 -082.37290231 
111  34.76402291 -082.37305779 
112  34.76414034 -082.37306800  34.76418827 -082.37302513 
111  34.76414034 -082.37306800 102 
111  34.76423050 -082.37297100 102 
112  34.76423470 -082.37258304  34.76412580 -082.37236837 
111  34.76423470 -082.37258304 102 
111  34.76378268 -082.37190189 102 
111  34.76367699 -082.37174263 
111  34.76353929 -082.37174590 
111  34.76362460 -082.37166106 
113  34.76367699 -082.37174263 
111  34.76344220 -082.37377815 
112  34.76341361 -082.37364125  34.76332783 -082.37358788 
111  34.76341361 -082.37364125 
111  34.76319991 -082.37362501 
112  34.76319991 -082.37362501  34.76313128 -082.37362501 
111  34.76307410 -082.37367373 
111  34.76227348 -082.37450441 
112  34.76228111 -082.37474572  34.76235545 -082.37485478 
113  34.76248507 -082.37475965 102 
111  34.76219200 -082.37503944 
112  34.76217640 -082.37483483  34.76210709 -082.37472725 
111  34.76199271 -082.37478421 
111  34.76141966 -082.37538283 
112  34.76141966 -082.37538283  34.76136247 -082.37544612 
111  34.76135182 -082.37555753 
113  34.76131172 -082.37594105 102 
110   2 0.00  39.00 A
111  34.76043876 -082.37703575 102 
111  34.75931568 -082.37816900 102 
111  34.75920529 -082.37826545 
111  34.75895957 -082.37848014 102 
111  34.75869541 -082.37871094 
111  34.75854147 -082.37884545 102 
111  34.75849639 -082.37888484 
111  34.75844868 -082.37892652 102 
111  34.75818937 -082.37915308 102 
111  34.75803578 -082.37928136 
111  34.75771251 -082.37955136 102 
111  34.75711507 -082.38005035 
111  34.75681238 -082.38030316 102 
111  34.75641865 -082.38063201 102 
111  34.75610040 -082.38092990 
111  34.75591944 -082.38109929 102 
111  34.75556172 -082.38143413 
111  34.75533500 -082.38166517 102 
111  34.75466511 -082.38234786 
111  34.75458163 -082.38243293 102 
111  34.75438326 -082.38263508 
111  34.75424734 -082.38277360 
111  34.75374828 -082.38328219 102 
111  34.75314901 -082.38389289 
111  34.75304059 -082.38400339 102 
111  34.75256080 -082.38327454 102 
111  34.75240437 -082.38303689   3 102 
111  34.75234222 -082.38294942   3 
112  34.75219426 -082.38296001  34.75211997 -082.38302538 
111  34.75219426 -082.38296001 
111  34.75248694 -082.38266238 
112  34.75248694 -082.38266238  34.75242419 -082.38273935   3 
111  34.75246066 -082.38285367   3 102 
111  34.75251132 -082.38292936   3 102 
111  34.75255932 -082.38300108 102 
111  34.75266792 -082.38316207 102 
111  34.75294970 -082.38357977 102 
112  34.75324334 -082.38359379  34.75335677 -082.38348641 
111  34.75324334 -082.38359379 102 
111  34.75551067 -082.38133862 102 
111  34.75635830 -082.38052439 102 
111  34.75811205 -082.37904339 102 
111  34.75842227 -082.37877353 
111  34.75846542 -082.37873599 102 
111  34.75882661 -082.37842179 
111  34.75912144 -082.37816532 102 
111  34.75924895 -082.37805440 102 
111  34.76008653 -082.37718406 
113  34.76035472 -082.37690538 
110   2 0.00  10.00 A3
111  34.76008653 -082.37718406 102 
112  34.76011141 -082.37698597  34.76005976 -082.37689167 
111  34.76011141 -082.37698597 102 
111  34.76007387 -082.37691505 102 
112  34.75991317 -082.37684907  34.75980126 -082.37687134 
111  34.75991317 -082.37684907 102 
111  34.75881358 -082.37711099 102 
111  34.75807444 -082.37728705   3 
111  34.75767903 -082.37738124 
111  34.75825191 -082.37680500   3 
112  34.75830239 -082.37702868  34.75838509 -082.37713260 
111  34.75830239 -082.37702868 
112  34.75830239 -082.37702868  34.75833173 -082.37705899   3 102 
111  34.75841436 -082.37704661   3 102 
111  34.75852319 -082.37701914 102 
111  34.75879258 -082.37695114 102 
111  34.75986180 -082.37669362 
112  34.75986180 -082.37669362  34.76006086 -082.37665433 102 
111  34.76017061 -082.37680963 102 
111  34.76020258 -082.37686704 
112  34.76020258 -082.37686704  34.76026284 -082.37693776 102 
113  34.76035472 -082.37690538 
110   2 0.00  39.00 A4
111  34.76367699 -082.37174263   3 102 
111  34.76362460 -082.37166106   3 102 
111  34.76357818 -082.37158879   3 
112  34.76338626 -082.37158748  34.76326969 -082.37165909 
111  34.76338626 -082.37158748 
111  34.76373195 -082.37123884 
112  34.76373195 -082.37123884  34.76365761 -082.37134243   3 
111  34.76369322 -082.37146281   3 102 
113  34.76373887 -082.37154352 
110   1 0.00 129.00 B
111  34.76618391 -082.36738321 102 
111  34.76611457 -082.36727575 
112  34.76611457 -082.36727575  34.76606036 -082.36720830 102 
111  34.76595314 -082.36724407 
111  34.76583022 -082.36707925 102 
112  34.76603476 -082.36699046  34.76613474 -082.36698166 102 
111  34.76623229 -082.36708299 102 
113  34.76634672 -082.36723108 
110   1 0.00  39.00 B
111  34.75704779 -082.37630979 102 
112  34.75674972 -082.37623819  34.75660822 -082.37634831 
111  34.75674972 -082.37623819 102 
111  34.75614242 -082.37674755 102 
111  34.75250157 -082.38044799 102 
111  34.75199610 -082.38107320 
112  34.75199610 -082.38107320  34.75190024 -082.38123420 102 
111  34.75198377 -082.38140331 
111  34.75151474 -082.38069842 102 
112  34.75181966 -082.38072342  34.75198837 -082.38059509 
111  34.75181966 -082.38072342 102 
111  34.75237362 -082.38026961 102 
111  34.75661215 -082.37596705 
112  34.75661215 -082.37596705  34.75675829 -082.37583152 
113  34.75666947 -082.37559271 
110   2 0.00  39.00 B
111  34.76646505 -082.36782622   3 
111  34.76639838 -082.36772116   3 102 
111  34.76636032 -082.36766119 102 
111  34.76626216 -082.36750652 102 
111  34.76618391 -082.36738321 
111  34.76634672 -082.36723108 102 
111  34.76641859 -082.36734924 102 
113  34.76661383 -082.36767019 
110   1 0.00  39.00 B
111  34.75701829 -082.37572922 102 
111  34.75787026 -082.37512447 102 
111  34.75803811 -082.37498683 102 
111  34.75952103 -082.37348314 
111  34.75979503 -082.37320531 102 
111  34.76168442 -082.37128479 
111  34.76198160 -082.37098378 102 
111  34.76583022 -082.36707925 
111  34.76595314 -082.36724407 102 
111  34.76559807 -082.36752595 102 
111  34.75813370 -082.37508174 102 
111  34.75798421 -082.37522098 102 
111  34.75728466 -082.37579791 
112  34.75728466 -082.37579791  34.75721756 -082.37585718 102 
111  34.75723362 -082.37599668 102 
111  34.75734590 -082.37617682 102 
113  34.75732744 -082.37619862 
110   1 0.00  39.00 B
111  34.75083211 -082.38037154 102 
112  34.75059342 -082.38036825  34.75047665 -082.38044885 
111  34.75059342 -082.38036825 102 
111  34.75000653 -082.38085893 
111  34.75000255 -082.38085152 
111  34.75058577 -082.38026445 
111  34.75046584 -082.38007943 
111  34.74984833 -082.38070054 
111  34.74983449 -082.38068022 102 
113  34.75056791 -082.37982167 
110   2 0.00  39.00 B
111  34.75058577 -082.38026445 
111  34.75000255 -082.38085152 
111  34.74993934 -082.38091515 
111  34.74996166 -082.38094449 
111  34.74888047 -082.38204713 
112  34.74888047 -082.38204713  34.74860795 -082.38244436 
111  34.74877953 -082.38278289 
111  34.74874913 -082.38281283 
111  34.74843506 -082.38233570 
111  34.74828451 -082.38250029 
112  34.74811354 -082.38247234  34.74803115 -082.38249548 
111  34.74797065 -082.38264625 
111  34.74798596 -082.38225495 
111  34.74805740 -082.38225806 
111  34.74806664 -082.38201819 
111  34.74800065 -082.38201550 
111  34.74802678 -082.38145063 
111  34.74815692 -082.38145373 
111  34.74814161 -082.38178292 
112  34.74814671 -082.38182950  34.74815212 -082.38184662 
111  34.74814671 -082.38182950 
112  34.74814671 -082.38182950  34.74817593 -082.38194013 
111  34.74825240 -082.38203149 
111  34.74826824 -082.38201220 
112  34.74859780 -082.38193122  34.74877208 -082.38174610 
111  34.74859780 -082.38193122 
111  34.74983449 -082.38068022 
111  34.74984833 -082.38070054 
113  34.75046584 -082.38007943 
110   1 0.00 130.00 B1
112  34.74987947 -082.38426915  34.74999297 -082.38427595 
111  34.74987947 -082.38426915 
111  34.74977952 -082.38437530 
111  34.74962222 -082.38454234 102 
111  34.74950465 -082.38435809 102 
111  34.74828721 -082.38250029 
111  34.74843776 -082.38233570 
111  34.74875183 -082.38281283 102 
113  34.74966082 -082.38419665 102 
110   2 0.00  39.00 B1
111  34.74977681 -082.38437530   3 102 
111  34.74983235 -082.38445195 
112  34.74983235 -082.38445195  34.74991284 -082.38454892   3 
111  34.75006150 -082.38448541 
111  34.74976882 -082.38477676 
111  34.74970534 -082.38467710 
113  34.74961951 -082.38454234 
110   1 0.00 130.00 B2
111  34.75198159 -082.38253533 
111  34.75194673 -082.38247748 
112  34.75194673 -082.38247748  34.75210949 -082.38233548 
111  34.75203704 -082.38219016 
111  34.75209091 -082.38212845 102 
111  34.75193402 -082.38188771 102 
111  34.75131770 -082.38094204 102 
111  34.75083211 -082.38037154 
111  34.75101175 -082.38008458 102 
111  34.75151474 -082.38069842 
111  34.75198377 -082.38140331 102 
111  34.75212888 -082.38169018 102 
111  34.75226923 -082.38194980 
111  34.75231975 -082.38189173 
112  34.75252746 -082.38189173  34.75264125 -082.38177953 
111  34.75252746 -082.38189173 
113  34.75256646 -082.38193798 
110   1 0.00  86.00 B2
111  34.75056791 -082.37982167 102 
111  34.75058097 -082.37982334 102 
111  34.75071111 -082.37887924 102 
111  34.75075704 -082.37784434   5 
111  34.75110139 -082.37783975 102 
112  34.75094966 -082.37804018  34.75090213 -082.37819971 
111  34.75094966 -082.37804018 102 
111  34.75087867 -082.37951803 
112  34.75087867 -082.37951803  34.75085950 -082.37983196 102 
111  34.75101175 -082.38008458 
113  34.75083211 -082.38037154 
110   1 0.00 130.00 B3
111  34.75730598 -082.37712189 
111  34.75728109 -082.37708237 
112  34.75734927 -082.37680445  34.75730008 -082.37665477 
111  34.75734927 -082.37680445 
111  34.75739797 -082.37674913 102 
111  34.75721769 -082.37652295 102 
111  34.75704779 -082.37630979 
111  34.75666947 -082.37559271 
112  34.75669688 -082.37537454  34.75676314 -082.37529740 
111  34.75669688 -082.37537454 
111  34.75674893 -082.37531456 
111  34.75692552 -082.37558642 
111  34.75701829 -082.37572922 
111  34.75732744 -082.37619862 102 
111  34.75741173 -082.37632660 102 
111  34.75757416 -082.37657323 
111  34.75762055 -082.37652189 
112  34.75762055 -082.37652189  34.75776603 -082.37662007 
111  34.75785253 -082.37649109 
113  34.75788627 -082.37653473 
110   2 0.00  86.00 Apron CC
111  34.75329531 -082.37743342 
111  34.75261082 -082.37809022 
112  34.75253981 -082.37782058  34.75237686 -082.37774739 
111  34.75253981 -082.37782058 
111  34.75110139 -082.37783975 
111  34.75075704 -082.37784434 
111  34.75077507 -082.37742313 
111  34.75091260 -082.37421078 
111  34.75091682 -082.37411208 
111  34.75098884 -082.37242993 
111  34.75099581 -082.37226703 
111  34.75100289 -082.37210161 
111  34.75108853 -082.37010142 
111  34.75161397 -082.37011179 
111  34.75162533 -082.37001500 
111  34.75362478 -082.37017053 
111  34.75361427 -082.37040215 
111  34.75360384 -082.37063198 
111  34.75360083 -082.37069846 
111  34.75358885 -082.37096241 
111  34.75356129 -082.37157012 
111  34.75354895 -082.37184197 
111  34.75354261 -082.37198176 
111  34.75352879 -082.37228649 
111  34.75350075 -082.37290467 
111  34.75348879 -082.37316819 
111  34.75348257 -082.37330544 
111  34.75346942 -082.37359525 
111  34.75344498 -082.37413402 
113  34.75331402 -082.37702112 
110   1 0.00  39.00 Apron
111  34.76358349 -082.36772917 
111  34.76370489 -082.36790788 
111  34.76256370 -082.36905330 
112  34.76256370 -082.36905330  34.76242232 -082.36922539 
111  34.76253264 -082.36942755 
111  34.76264755 -082.36960900 
111  34.76268792 -082.36985850 
111  34.76171424 -082.37084460 
111  34.76162837 -082.37093157 
111  34.75953231 -082.37305438 
111  34.75944713 -082.37314065 
111  34.75897075 -082.37362310 
112  34.75897075 -082.37362310  34.75889350 -082.37348296 
111  34.75876728 -082.37357001 
111  34.75864588 -082.37338444 
112  34.75869524 -082.37320419  34.75866464 -082.37309952 
111  34.75869524 -082.37320419 
111  34.75858850 -082.37305610 
111  34.75860045 -082.37294867 
111  34.75814411 -082.37221605 
111  34.75803096 -082.37211130 
111  34.75784290 -082.37198133 
111  34.75788115 -082.37194060 
111  34.75801343 -082.37204147 
111  34.75813158 -082.37193971 
111  34.75877527 -082.37290591 
111  34.75897714 -082.37271313 
111  34.75824529 -082.37158166 
111  34.75855787 -082.37126159 
111  34.75929178 -082.37236357 
111  34.75974783 -082.37191173 
111  34.75906905 -082.37084541 
111  34.75938087 -082.37052526 
111  34.75994736 -082.37138760 
111  34.76053026 -082.37080316 
111  34.76060917 -082.37072405 
111  34.76078098 -082.37097191 
111  34.76088930 -082.37086863 
111  34.76115657 -082.37127141 
111  34.76240087 -082.37000045 
111  34.76239451 -082.36991525 
111  34.76256343 -082.36974075 
111  34.76232345 -082.36938335 
111  34.76229060 -082.36933612 
111  34.76198088 -082.36964672 
113  34.76186209 -082.36945565 
110   1 0.00  39.85 Apron
111  34.76229846 -082.37514132 102 
112  34.76228877 -082.37524882  34.76230309 -082.37527893 
111  34.76228877 -082.37524882 
112  34.76228877 -082.37524882  34.76232913 -082.37532648 102 
111  34.76241077 -082.37528827 
111  34.76267573 -082.37501447 
111  34.76306110 -082.37562471 
111  34.76282758 -082.37586865 
111  34.76279232 -082.37590547 
111  34.76283045 -082.37596348 
111  34.76286667 -082.37592403 
111  34.76304585 -082.37618159 
111  34.76239774 -082.37687073 
111  34.76234818 -082.37689393 
111  34.76190974 -082.37690553 
111  34.76182927 -082.37700762 
111  34.76138131 -082.37633473 
111  34.76153380 -082.37618159 
111  34.76164627 -082.37634633 
111  34.76176446 -082.37623495 
111  34.76213617 -082.37681039 
111  34.76234585 -082.37680111 
111  34.76189208 -082.37609868 
111  34.76200464 -082.37599132 
111  34.76245832 -082.37668045 
111  34.76259176 -082.37655284 
111  34.76260691 -082.37643257 
111  34.76206355 -082.37560541 
111  34.76210376 -082.37559687 102 
111  34.76216658 -082.37552873 102 
112  34.76215495 -082.37539393  34.76211589 -082.37532895 
111  34.76215495 -082.37539393 
112  34.76215495 -082.37539393  34.76213282 -082.37535906 102 
113  34.76205493 -082.37538902 
110   1 0.00 129.85 Apron
111  34.76200124 -082.37544362 102 
112  34.76199490 -082.37555094  34.76201384 -082.37559128 102 
111  34.76206078 -082.37560468 
111  34.76260691 -082.37643257 
111  34.76259176 -082.37655284 
111  34.76245832 -082.37668045 
111  34.76200464 -082.37599132 
111  34.76189208 -082.37609868 
111  34.76234585 -082.37680111 
111  34.76213617 -082.37681039 
111  34.76176446 -082.37623495 
111  34.76164627 -082.37634633 
111  34.76153380 -082.37618159 102 
111  34.76184294 -082.37586355 102 
112  34.76185015 -082.37569786  34.76178828 -082.37560028 
111  34.76185015 -082.37569786 
112  34.76185015 -082.37569786  34.76183239 -082.37566904 102 
113  34.76177047 -082.37567999 
110   1 0.00 120.00 Apron
111  34.75920529 -082.37826545 
112  34.75920728 -082.37840640  34.75923662 -082.37846593 
111  34.75920728 -082.37840640 
111  34.75922448 -082.37844081 
111  34.75930681 -082.37858860 
112  34.75941101 -082.37859337  34.75947166 -082.37854693 
111  34.75941101 -082.37859337 
111  34.75965440 -082.37906419 
111  34.75970007 -082.37903639 
111  34.75975353 -082.37914377 
111  34.75969539 -082.37918604 
111  34.75973052 -082.37925875 
111  34.75963157 -082.37932669 
111  34.75968992 -082.37945639 
111  34.75978887 -082.37939463 
111  34.76005527 -082.37996595 
111  34.75977594 -082.38017512 
111  34.75971585 -082.38004511 
111  34.75949963 -082.38021918 
111  34.75926046 -082.37972589 
111  34.75896175 -082.37993815 
111  34.75918840 -082.38044358 
111  34.75910637 -082.38050700 
111  34.75919010 -082.38070712 
112  34.75923830 -082.38075344  34.75927127 -082.38076208 
111  34.75923830 -082.38075344 
111  34.75902264 -082.38079359 
112  34.75910231 -082.38063506  34.75908929 -082.38054142 
111  34.75910231 -082.38063506 
111  34.75864627 -082.37960862 
111  34.75858329 -082.37946476 
111  34.75856314 -082.37945867 
111  34.75856088 -082.37936390 
111  34.75847074 -082.37894846 
111  34.75844868 -082.37892652 
111  34.75849639 -082.37888484 
111  34.75850052 -082.37893189 
111  34.75858731 -082.37934067 
112  34.75858731 -082.37934067  34.75861003 -082.37942605 
111  34.75869535 -082.37938227 
111  34.75885065 -082.37973690 
111  34.75881253 -082.37976643 
111  34.75884203 -082.37983302 
111  34.75889224 -082.37979385 
111  34.75886451 -082.37973057 
111  34.75915045 -082.37950488 
111  34.75902958 -082.37922436 
111  34.75894596 -082.37903029 
111  34.75906207 -082.37892693 
111  34.75914178 -082.37880248 
112  34.75914768 -082.37869144  34.75912616 -082.37862357 
111  34.75914768 -082.37869144 
111  34.75908899 -082.37856134 
111  34.75907593 -082.37853671 
112  34.75907593 -082.37853671  34.75904463 -082.37848909 
113  34.75895957 -082.37848014 
110   2 0.00  86.00 Apron
111  34.74977715 -082.37626811 
112  34.75021958 -082.37650304  34.75039065 -082.37673485 
111  34.75039901 -082.37701305 
111  34.75037169 -082.37786888 
111  34.75016893 -082.37786888 
111  34.75020330 -082.37705747 
112  34.74987682 -082.37653465  34.74954527 -082.37640158 
111  34.74987682 -082.37653465 
111  34.74977715 -082.37650956 
111  34.74977715 -082.37652629 
111  34.74878739 -082.37652629 
112  34.74835781 -082.37703237  34.74833136 -082.37743588 
111  34.74835781 -082.37703237 
111  34.74817004 -082.38104306 
111  34.74765028 -082.38106380 
111  34.74760484 -082.38199707 
111  34.74749975 -082.38203510 
111  34.74757928 -082.38032755 
111  34.74715325 -082.38032755 
111  34.74721307 -082.37899555 
111  34.74722088 -082.37882166 
111  34.74722608 -082.37870591 
111  34.74725047 -082.37816289 
111  34.74727322 -082.37765645 
111  34.74730859 -082.37686893 
111  34.74731033 -082.37683022 
111  34.74731437 -082.37674018 
111  34.74731851 -082.37664799 
111  34.74735224 -082.37589705 
111  34.74737789 -082.37532603 
111  34.74738704 -082.37512215 
111  34.74739687 -082.37490335 
111  34.74740302 -082.37476635 
111  34.74742202 -082.37434344 
111  34.74743617 -082.37402826 
111  34.74745633 -082.37357948 
111  34.74747174 -082.37323630 
111  34.74748254 -082.37299593 
111  34.74749902 -082.37262895 
111  34.74752101 -082.37213947 
111  34.74755492 -082.37138439 
111  34.74755801 -082.37131569 
111  34.74758269 -082.37076625 
111  34.74762285 -082.36987196 
111  34.74763040 -082.36970388 
111  34.74770141 -082.36970734 
111  34.74770141 -082.36966586 
111  34.74816720 -082.36966240 
111  34.74789407 -082.37559275 
111  34.74809359 -082.37559275 
111  34.74834738 -082.37005491 
111  34.74835179 -082.36995856 
111  34.74921430 -082.36994712 
111  34.74921196 -082.36980429 
113  34.75006167 -082.36988713 
111  34.74806612 -082.37608410 
111  34.74786767 -082.37608670 
111  34.74780365 -082.37747350 
113  34.74800424 -082.37747350 
111  34.74988534 -082.37649506 
112  34.74988534 -082.37649506  34.75022394 -082.37660237 
111  34.75023003 -082.37705311 
111  34.75020117 -082.37786482 
111  34.75032943 -082.37786482 
111  34.75035989 -082.37702436 
112  34.75020919 -082.37653266  34.75008398 -082.37635451 
111  34.74977066 -082.37631279 
111  34.74950179 -082.37626604 
111  34.74949752 -082.37630500 
111  34.74930334 -082.37628942 
113  34.74929480 -082.37633876 
110   2 0.00  39.00 Apron
111  34.76239451 -082.36991677 
111  34.76240087 -082.37000197 
111  34.76115657 -082.37127293 
111  34.76088930 -082.37087015 
111  34.76078098 -082.37097343 
111  34.76060917 -082.37072557 
111  34.76053026 -082.37080468 
111  34.76052691 -082.37074830 
111  34.75995760 -082.37070415 
111  34.75969940 -082.37045220 
111  34.75970182 -082.37042657 
111  34.76011458 -082.37046186 
111  34.76023914 -082.37047252 
111  34.76070020 -082.37051194 
112  34.76089012 -082.37044181  34.76096677 -082.37037637 
111  34.76089012 -082.37044181 
111  34.76186209 -082.36945717 
111  34.76198088 -082.36964824 
111  34.76229060 -082.36933764 
111  34.76232345 -082.36938487 
111  34.76097955 -082.37075951 
113  34.76121671 -082.37111691 
110   2 0.00  39.00 Pad
111  34.75973052 -082.37925875 
111  34.75978887 -082.37939463 
111  34.75968992 -082.37945639 
113  34.75963157 -082.37932669 
110   1 0.00 130.00 Pad
111  34.76168442 -082.37128479 102 
112  34.76173036 -082.37106473  34.76169336 -082.37098921 
111  34.76173036 -082.37106473 102 
111  34.76162837 -082.37093309 
111  34.76171424 -082.37084612 102 
111  34.76180658 -082.37096703 
112  34.76180658 -082.37096703  34.76187189 -082.37104255 102 
113  34.76198160 -082.37098378 
110   1 0.00 130.00 Pad
111  34.75952103 -082.37348314 102 
112  34.75955206 -082.37327978  34.75951505 -082.37320426 
111  34.75955206 -082.37327978 102 
111  34.75944713 -082.37314217 
111  34.75953231 -082.37305590 102 
111  34.75962827 -082.37318209 
112  34.75962827 -082.37318209  34.75969359 -082.37325761 102 
113  34.75979503 -082.37320531 
110   1 0.00  86.00 Pad
111  34.74809359 -082.37559275 
111  34.74789407 -082.37559275 
111  34.74816720 -082.36966240 
111  34.74821427 -082.36967150 
111  34.74826849 -082.36982861 
111  34.74826333 -082.37005172 
113  34.74834738 -082.37005491 
110   1 0.00  86.00 Pad
111  34.74800424 -082.37747350 
111  34.74780365 -082.37747350 
111  34.74786767 -082.37608670 
113  34.74806612 -082.37608410 
110   1 0.00  86.00 Pad
111  34.75032943 -082.37786482 
111  34.75020117 -082.37786482 
111  34.75023003 -082.37705311 
112  34.74988534 -082.37649506  34.74955245 -082.37633513 
111  34.74988534 -082.37649506 
111  34.74929480 -082.37633876 
111  34.74930334 -082.37628942 
111  34.74949752 -082.37630500 
111  34.74950179 -082.37626604 
111  34.74977066 -082.37631279 
112  34.75020919 -082.37653266  34.75037382 -082.37674812 
113  34.75035989 -082.37702436 
110   1 0.00 130.00 Pad
111  34.76256343 -082.36974227 
111  34.76121671 -082.37111691 
111  34.76097955 -082.37075951 
113  34.76232345 -082.36938487 
110   1 0.00  39.00 Pad
111  34.75686692 -082.37519262 
111  34.75699247 -082.37536903 
111  34.75694619 -082.37541976 
112  34.75694619 -082.37541976  34.75691167 -082.37547192 
111  34.75692552 -082.37558642 
113  34.75674893 -082.37531456 
110   2 0.00  30.00 Pad
111  34.75902958 -082.37922436 
111  34.75873416 -082.37945075 
111  34.75864232 -082.37925459 
111  34.75876189 -082.37916389 
111  34.75865916 -082.37894508 
111  34.75862326 -082.37886859 
112  34.75862326 -082.37886859  34.75859313 -082.37882799 
111  34.75854147 -082.37884545 
111  34.75869541 -082.37871094 
112  34.75867698 -082.37881375  34.75869527 -082.37886744 
111  34.75867698 -082.37881375 
111  34.75871850 -082.37889758 
111  34.75882428 -082.37911116 
113  34.75894558 -082.37903311 
110   2 0.00  39.00 Pad
111  34.75803578 -082.37928136 
112  34.75798391 -082.37943388  34.75800253 -082.37948269 
111  34.75798391 -082.37943388 
111  34.75801389 -082.37950688 
112  34.75801389 -082.37950688  34.75803395 -082.37954697 
111  34.75808309 -082.37953776 
111  34.75829760 -082.37946757 
111  34.75836910 -082.37939177 
111  34.75848443 -082.37956302 
111  34.75858329 -082.37946476 
111  34.75864627 -082.37960862 
112  34.75858822 -082.37959391  34.75856387 -082.37961134 
111  34.75858822 -082.37959391 
111  34.75853978 -082.37964163 
111  34.75887654 -082.38040807 
111  34.75877966 -082.38050633 
111  34.75826992 -082.37973989 
111  34.75816756 -082.37984977 
111  34.75870355 -082.38067197 
111  34.75846136 -082.38093025 
111  34.75839217 -082.38082357 
111  34.75835526 -082.38086287 
111  34.75820303 -082.38066916 
111  34.75825147 -082.38052317 
111  34.75784783 -082.37991396 
111  34.75779939 -082.37996449 
111  34.75777632 -082.37992238 
111  34.75784783 -082.37985781 
112  34.75789396 -082.37962198  34.75784240 -082.37952959 
113  34.75771251 -082.37955136 
110   2 0.00  39.00 Pad
111  34.75762374 -082.38073026 
111  34.75752225 -082.38085379 
112  34.75752225 -082.38085379  34.75744413 -082.38093014 
111  34.75728883 -082.38082908 
111  34.75695899 -082.38034733 
112  34.75695899 -082.38034733  34.75691520 -082.38027386 
111  34.75681238 -082.38030316 
111  34.75711507 -082.38005035 
112  34.75708315 -082.38026477  34.75712812 -082.38037282 
111  34.75708315 -082.38026477 
111  34.75721271 -082.38048012 
112  34.75730050 -082.38048815  34.75734429 -082.38044781 
111  34.75730050 -082.38048815 
113  34.75740300 -082.38038130 
110   2 0.00  39.00 Pad
111  34.75610040 -082.38092990 
111  34.75601836 -082.38148707 
111  34.75576695 -082.38172569 
111  34.75533500 -082.38166517 
111  34.75556172 -082.38143413 
111  34.75552015 -082.38150391 
112  34.75552015 -082.38150391  34.75550079 -082.38153010 
111  34.75552015 -082.38155725 
111  34.75569084 -082.38159656 
111  34.75594455 -082.38137477 
111  34.75596531 -082.38113895 
112  34.75596531 -082.38113895  34.75596639 -082.38108264 
113  34.75591944 -082.38109929 
110   2 0.00  39.00 Pad
111  34.76283045 -082.37596348 
111  34.76279232 -082.37590547 
111  34.76282758 -082.37586865 
113  34.76286667 -082.37592403 
110   2 0.00  39.00 Pad
111  34.75882661 -082.37842179 
112  34.75884702 -082.37826875  34.75881865 -082.37821636 
111  34.75884702 -082.37826875 
111  34.75876291 -082.37811035 
112  34.75868578 -082.37806155  34.75865937 -082.37801154 
111  34.75868578 -082.37806155 
112  34.75870898 -082.37789684  34.75876767 -082.37784564 
111  34.75870898 -082.37789684 
112  34.75870898 -082.37789684  34.75878821 -082.37783135 
112  34.75884562 -082.37790394  34.75885736 -082.37792656 
111  34.75884562 -082.37790394 
112  34.75884562 -082.37790394  34.75886812 -082.37793609 
111  34.75886841 -082.37799953 
111  34.75896372 -082.37814718 
112  34.75896372 -082.37814718  34.75901165 -082.37820910 
113  34.75912144 -082.37816532 
110   2 0.00  39.00 Pad
111  34.76063694 -082.37662173 
112  34.76066337 -082.37647613  34.76063500 -082.37642374 
111  34.76066337 -082.37647613 
111  34.76056979 -082.37632636 
112  34.76047728 -082.37626604  34.76045086 -082.37621604 
111  34.76047728 -082.37626604 
112  34.76050047 -082.37610277  34.76055917 -082.37605158 
111  34.76050047 -082.37610277 
112  34.76050047 -082.37610277  34.76057971 -082.37603729 
112  34.76064777 -082.37610699  34.76065951 -082.37612962 
111  34.76064777 -082.37610699 
112  34.76064777 -082.37610699  34.76067027 -082.37613914 
111  34.76065990 -082.37620402 
111  34.76075521 -082.37635168 
112  34.76075521 -082.37635168  34.76080314 -082.37641359 
113  34.76086086 -082.37639667 
110   1 0.00  39.00 Pad
111  34.75251132 -082.38292936 
111  34.75259268 -082.38284594 
111  34.75259333 -082.38285992 
111  34.75256741 -082.38292433 
112  34.75256741 -082.38292433  34.75255888 -082.38295670 
113  34.75255932 -082.38300108 
110   1 0.00 130.00 Pad
111  34.75314901 -082.38389289 
111  34.75318286 -082.38394516 
111  34.75328207 -082.38409839 
112  34.75332094 -082.38409955  34.75334139 -082.38408115 
111  34.75332094 -082.38409955 
111  34.75336225 -082.38405576 
111  34.75349959 -082.38427212 
111  34.75372554 -082.38404625 
111  34.75359274 -082.38383549 
111  34.75363968 -082.38379020 
112  34.75351662 -082.38375502  34.75344815 -082.38381888 
111  34.75351662 -082.38375502 
111  34.75354587 -082.38381014 
111  34.75347522 -082.38388311 
111  34.75342348 -082.38381806 
111  34.75344171 -082.38379588 
111  34.75343295 -082.38377995 
111  34.75351853 -082.38370714 
112  34.75363961 -082.38373408  34.75369208 -082.38380767 
111  34.75363961 -082.38373408 
112  34.75363961 -082.38373408  34.75365117 -082.38375031 
111  34.75369169 -082.38374200 
111  34.75381928 -082.38365484 
111  34.75381017 -082.38370080 
111  34.75383621 -082.38392423 
111  34.75379324 -082.38396543 
111  34.75381408 -082.38402248 
112  34.75381408 -082.38402248  34.75384431 -082.38409933 
111  34.75379585 -082.38416034 
111  34.75367997 -082.38429187 
112  34.75367997 -082.38429187  34.75363996 -082.38433408 
111  34.75366695 -082.38437903 
111  34.75377372 -082.38457711 
112  34.75377372 -082.38457711  34.75379061 -082.38460416 
111  34.75384272 -082.38460405 
111  34.75370341 -082.38471180 
112  34.75371382 -082.38462782  34.75369871 -082.38458993 
111  34.75371382 -082.38462782 
111  34.75361878 -082.38442657 
111  34.75357451 -082.38439012 
111  34.75342123 -082.38432774 
111  34.75326334 -082.38449312 
111  34.75312924 -082.38430138 
112  34.75314486 -082.38416510  34.75311196 -082.38409583 
111  34.75314486 -082.38416510 
111  34.75307653 -082.38405913 
113  34.75304059 -082.38400339 
110   1 0.00 130.00 Pad
111  34.75437516 -082.38303682 
112  34.75442284 -082.38294432  34.75440667 -082.38287902 
111  34.75442284 -082.38294432 
111  34.75432295 -082.38279482 
111  34.75430626 -082.38276983 
112  34.75430626 -082.38276983  34.75429156 -082.38275105 
111  34.75424734 -082.38277360 
111  34.75438326 -082.38263508 
112  34.75439564 -082.38271614  34.75441621 -082.38275282 
111  34.75439564 -082.38271614 
111  34.75448743 -082.38285036 
111  34.75454257 -082.38284653 
111  34.75459455 -082.38279668 
111  34.75468750 -082.38294240 
111  34.75465390 -082.38297705 
111  34.75462921 -082.38307471 
113  34.75467934 -082.38313949 
110   2 0.00  72.50 Pad
111  34.75539458 -082.38324919 
111  34.75537163 -082.38333488 
111  34.75527711 -082.38334446 
111  34.75521122 -082.38332199 
111  34.75523612 -082.38323010 
111  34.75521804 -082.38322263 
113  34.75522768 -082.38318963 
110   2 0.00  73.00 Pad
111  34.75491520 -082.38322102 
111  34.75494906 -082.38309007 
111  34.75484621 -082.38305521 
111  34.75493651 -082.38272735 
111  34.75504611 -082.38276475 
111  34.75502571 -082.38284486 
111  34.75494255 -082.38281276 
111  34.75492523 -082.38286774 
111  34.75497120 -082.38288724 
111  34.75495014 -082.38297115 
111  34.75488543 -082.38294656 
111  34.75486280 -082.38303441 
111  34.75509709 -082.38311771 
113  34.75505913 -082.38327011 
110   2 0.00 163.00 Pad
111  34.75395517 -082.38379325 
112  34.75383707 -082.38392434  34.75370613 -082.38392244 
111  34.75383707 -082.38392434 
111  34.75381017 -082.38370080 
111  34.75381928 -082.38365484 
111  34.75387173 -082.38342198 
112  34.75384190 -082.38329371  34.75380284 -082.38326043 
111  34.75374828 -082.38328219 
111  34.75424734 -082.38277360 
111  34.75424043 -082.38287454 
111  34.75423564 -082.38294453 
111  34.75428448 -082.38300589 
111  34.75437516 -082.38303682 
111  34.75467934 -082.38313949 
111  34.75491520 -082.38322102 
111  34.75505913 -082.38327011 
111  34.75521122 -082.38332199 
111  34.75527711 -082.38334446 
111  34.75537163 -082.38333488 
112  34.75537163 -082.38333488  34.75541305 -082.38335195 
111  34.75541889 -082.38339705 
111  34.75541417 -082.38350826 
112  34.75528026 -082.38356195  34.75519207 -082.38351966 
111  34.75528026 -082.38356195 
112  34.75528026 -082.38356195  34.75525955 -082.38355219 
111  34.75524245 -082.38350251 
111  34.75458589 -082.38327934 
111  34.75441855 -082.38322246 
111  34.75415372 -082.38313244 
112  34.75415372 -082.38313244  34.75409070 -082.38310560 
111  34.75405447 -082.38318997 
111  34.75397098 -082.38359263 
113  34.75393632 -082.38374794 
110   1 0.00   0.00 Pad
111  34.75405282 -082.38360277 
111  34.75412968 -082.38358376 
111  34.75422733 -082.38379610 
111  34.75447080 -082.38361070 
111  34.75435492 -082.38334764 
111  34.75441182 -082.38331548 
111  34.75441855 -082.38322246 
111  34.75458589 -082.38327934 
111  34.75450725 -082.38365380 
112  34.75450725 -082.38365380  34.75447079 -082.38374147 
111  34.75454698 -082.38380110 
111  34.75476895 -082.38388675 
112  34.75489003 -082.38402937  34.75493611 -082.38414351 
111  34.75489003 -082.38402937 
112  34.75489003 -082.38402937  34.75490135 -082.38405594 
111  34.75496164 -082.38406265 
111  34.75480931 -082.38411494 
112  34.75483535 -082.38404046  34.75482403 -082.38399618 
111  34.75483535 -082.38404046 
112  34.75483535 -082.38404046  34.75482161 -082.38399520 
111  34.75476504 -082.38396281 
111  34.75457882 -082.38388041 
112  34.75457882 -082.38388041  34.75448189 -082.38384902 
111  34.75437701 -082.38388199 
111  34.75430801 -082.38388041 
111  34.75429182 -082.38390727 
111  34.75429369 -082.38393904 
111  34.75424812 -082.38393904 
111  34.75424829 -082.38390439 
111  34.75414266 -082.38381385 
111  34.75395517 -082.38379325 
111  34.75393632 -082.38374794 
113  34.75397098 -082.38359263 
110   2 0.00  73.00 Pad
111  34.75527031 -082.38298300 
111  34.75524736 -082.38297498 
111  34.75527258 -082.38288216 
111  34.75527370 -082.38284241 
111  34.75541501 -082.38289063 
111  34.75540123 -082.38290872 
111  34.75537756 -082.38299515 
113  34.75527695 -082.38296202 
110   2 0.00  25.00 Pad
111  34.75555968 -082.38356233 
111  34.75544893 -082.38362137 
111  34.75541417 -082.38350826 
111  34.75541889 -082.38339705 
113  34.75549097 -082.38335471 
110   2 0.00  39.00 Pad
111  34.75852319 -082.37701914 
111  34.75841436 -082.37704661 
112  34.75830239 -082.37702868  34.75826922 -082.37698721 
111  34.75830239 -082.37702868 
111  34.75846016 -082.37689622 
114  34.75846016 -082.37689622  34.75842129 -082.37701672 
110   2 0.00  86.00 Pad
111  34.75389460 -082.37159934 
111  34.75380957 -082.37160060 
111  34.75381378 -082.37149831 
111  34.75381869 -082.37137915 
111  34.75371248 -082.37138020 
112  34.75371248 -082.37138020  34.75361973 -082.37138020 
111  34.75356129 -082.37157012 
111  34.75358885 -082.37096241 
112  34.75371300 -082.37113319  34.75380695 -082.37114639 
111  34.75371300 -082.37113319 
111  34.75382885 -082.37113362 
111  34.75383459 -082.37101459 
111  34.75383935 -082.37091594 
113  34.75392421 -082.37091510 
110   1 0.00  86.00 Pad
111  34.75382885 -082.37113362 
111  34.75371300 -082.37113319 
112  34.75359831 -082.37101892  34.75357034 -082.37091198 
111  34.75359831 -082.37101892 
113  34.75383459 -082.37101459 
110   1 0.00  86.00 Pad
111  34.75381378 -082.37149831 
111  34.75358377 -082.37149724 
112  34.75358377 -082.37149724  34.75363316 -082.37137263 
111  34.75371248 -082.37138020 
113  34.75381869 -082.37137915 
110   2 0.00  86.00 Pad
111  34.75383643 -082.37292452 
111  34.75375139 -082.37292579 
111  34.75375561 -082.37282350 
111  34.75376052 -082.37270433 
111  34.75365431 -082.37270539 
112  34.75365431 -082.37270539  34.75356156 -082.37270539 
111  34.75350075 -082.37290467 
111  34.75352879 -082.37228649 
112  34.75365483 -082.37245838  34.75374878 -082.37247157 
111  34.75365483 -082.37245838 
111  34.75377067 -082.37245880 
111  34.75377641 -082.37233978 
111  34.75378117 -082.37224113 
113  34.75386603 -082.37224029 
110   1 0.00  86.00 Pad
111  34.75377067 -082.37245880 
111  34.75365483 -082.37245838 
112  34.75354014 -082.37234411  34.75351217 -082.37223716 
111  34.75354014 -082.37234411 
113  34.75377641 -082.37233978 
110   1 0.00  86.00 Pad
111  34.75375561 -082.37282350 
111  34.75352560 -082.37282243 
112  34.75352560 -082.37282243  34.75357499 -082.37269781 
111  34.75365431 -082.37270539 
113  34.75376052 -082.37270433 
110   2 0.00  86.00 Pad
111  34.75377214 -082.37420601 
111  34.75368711 -082.37420727 
111  34.75369132 -082.37410498 
111  34.75369623 -082.37398582 
111  34.75359002 -082.37398687 
112  34.75359002 -082.37398687  34.75349727 -082.37398687 
111  34.75344498 -082.37413402 
111  34.75346942 -082.37359525 
112  34.75359054 -082.37373986  34.75368449 -082.37375306 
111  34.75359054 -082.37373986 
111  34.75370639 -082.37374028 
111  34.75371213 -082.37362126 
111  34.75371689 -082.37352261 
113  34.75380175 -082.37352177 
110   1 0.00  86.00 Pad
111  34.75370639 -082.37374028 
111  34.75359054 -082.37373986 
112  34.75347585 -082.37362559  34.75344788 -082.37351865 
111  34.75347585 -082.37362559 
113  34.75371213 -082.37362126 
110   1 0.00  86.00 Pad
111  34.75369132 -082.37410498 
111  34.75345658 -082.37409912 
112  34.75345658 -082.37409912  34.75350596 -082.37397451 
111  34.75359002 -082.37398687 
113  34.75369623 -082.37398582 
110   2 0.00  39.00 Pad
111  34.74707018 -082.38217165 
111  34.74704718 -082.38268228 
111  34.74750361 -082.38267596 
111  34.74748282 -082.38321240 
111  34.74796081 -082.38290656 
111  34.74518687 -082.38569176 
111  34.74353506 -082.38316809 
111  34.74354131 -082.38274986 
111  34.74393353 -082.38275912 
111  34.74392559 -082.38311486 
111  34.74427551 -082.38311106 
111  34.74427551 -082.38275746 
111  34.74538386 -082.38274606 
111  34.74538074 -082.38311867 
112  34.74561505 -082.38286012  34.74563109 -082.38265792 
111  34.74561505 -082.38286012 
111  34.74562130 -082.38208449 
111  34.74662661 -082.38205026 
111  34.74661578 -082.38220970 
112  34.74661578 -082.38220970  34.74661724 -082.38228952 
111  34.74669534 -082.38234683 
111  34.74678387 -082.38234420 
111  34.74687858 -082.38234139 
111  34.74695153 -082.38233923 
114  34.74695153 -082.38233923  34.74702732 -082.38233568 
110   2 0.00  86.00 Pad
111  34.74713108 -082.38081962 
112  34.74702689 -082.38071313  34.74697214 -082.38070780 
111  34.74702689 -082.38071313 
111  34.74694061 -082.38071014 
111  34.74685183 -082.38070705 
111  34.74681263 -082.38070569 
112  34.74667163 -082.38085399  34.74666287 -082.38096860 
111  34.74667163 -082.38085399 
111  34.74666026 -082.38116795 
111  34.74567616 -082.38118872 
111  34.74569110 -082.38104849 
111  34.74566762 -082.38105368 
111  34.74566976 -082.38089267 
111  34.74565055 -082.38081736 
111  34.74534114 -082.38080697 
111  34.74536141 -082.38022526 
111  34.74539022 -082.38021747 
111  34.74525151 -082.38003308 
111  34.74610507 -082.37909998 
111  34.74615202 -082.37918049 
111  34.74619154 -082.37916480 
111  34.74622244 -082.37828634 
111  34.74635474 -082.37827595 
111  34.74627634 -082.38028167 
111  34.74630021 -082.38027991 
111  34.74632167 -082.37981217 
111  34.74678543 -082.37981044 
111  34.74675665 -082.38040354 
111  34.74662752 -082.38040514 
111  34.74662637 -082.38047273 
111  34.74703955 -082.38047527 
112  34.74703955 -082.38047527  34.74711949 -082.38044995 
113  34.74715325 -082.38032755 
110   1 0.00  86.00 Pad
111  34.74817004 -082.38104306 
111  34.74815692 -082.38145373 
111  34.74802678 -082.38145063 
111  34.74800065 -082.38201550 
111  34.74806664 -082.38201819 
111  34.74805740 -082.38225806 
111  34.74798596 -082.38225495 
111  34.74797065 -082.38264625 
111  34.74796081 -082.38290656 
111  34.74748282 -082.38321240 
111  34.74750361 -082.38267596 
111  34.74704718 -082.38268228 
111  34.74707018 -082.38217165 
111  34.74713108 -082.38081962 
111  34.74715325 -082.38032755 
111  34.74757928 -082.38032755 
111  34.74749975 -082.38203510 
111  34.74760484 -082.38199707 
113  34.74765028 -082.38106380 
110   2 0.00  86.00 Pad
111  34.74722608 -082.37870591 
112  34.74715080 -082.37858986  34.74711232 -082.37858791 
111  34.74715080 -082.37858986 
111  34.74690434 -082.37857921 
111  34.74691661 -082.37830430 
111  34.74711794 -082.37830627 
112  34.74711794 -082.37830627  34.74720772 -082.37830432 
113  34.74725047 -082.37816289 
110   2 0.00  86.00 Pad
111  34.74727322 -082.37765645 
112  34.74719135 -082.37753549  34.74715287 -082.37753354 
111  34.74719135 -082.37753549 
111  34.74694488 -082.37752484 
111  34.74696996 -082.37698763 
111  34.74715849 -082.37698701 
112  34.74715849 -082.37698701  34.74724827 -082.37698506 
113  34.74730859 -082.37686893 
110   2 0.00  86.00 Pad
111  34.74731851 -082.37664799 
112  34.74724299 -082.37656137  34.74720451 -082.37655941 
111  34.74724299 -082.37656137 
111  34.74699652 -082.37655851 
111  34.74702160 -082.37601351 
111  34.74721013 -082.37601288 
112  34.74721013 -082.37601288  34.74729991 -082.37601093 
113  34.74735224 -082.37589705 
110   2 0.00  86.00 Pad
111  34.74743617 -082.37402826 
111  34.74711389 -082.37403701 
111  34.74713267 -082.37357708 
113  34.74745633 -082.37357948 
110   2 0.00  86.00 Pad
111  34.74749902 -082.37262895 
111  34.74732470 -082.37262614 
111  34.74717145 -082.37271821 
111  34.74720249 -082.37207369 
111  34.74734411 -082.37213271 
113  34.74752101 -082.37213947 
110   2 0.00  86.00 Pad
111  34.74755801 -082.37131569 
112  34.74745973 -082.37117075  34.74738686 -082.37114978 
111  34.74745973 -082.37117075 
111  34.74666592 -082.37117594 
111  34.74666806 -082.37070329 
111  34.74709483 -082.37070069 
112  34.74722500 -082.37091364  34.74733365 -082.37092171 
111  34.74722500 -082.37091364 
111  34.74745290 -082.37092215 
112  34.74745290 -082.37092215  34.74754962 -082.37091570 
113  34.74758269 -082.37076625 
110   2 0.00  86.00 Pad
111  34.74762285 -082.36987196 
112  34.74750080 -082.36974693  34.74743190 -082.36974532 
111  34.74750080 -082.36974693 
111  34.74727118 -082.36975373 
112  34.74727118 -082.36975373  34.74715326 -082.36975050 
111  34.74713998 -082.37000427 
111  34.74669168 -082.37000563 
111  34.74669574 -082.36988150 
111  34.74650369 -082.36987914 
111  34.74651145 -082.36965249 
111  34.74672471 -082.36965693 
111  34.74672677 -082.36953917 
111  34.74680825 -082.36953445 
111  34.74684456 -082.36948227 
111  34.74690053 -082.36940184 
111  34.74691414 -082.36918988 
111  34.74724454 -082.36917001 
111  34.74733379 -082.36927740 
111  34.74742706 -082.36939690 
111  34.74750610 -082.36949817 
112  34.74750610 -082.36949817  34.74758957 -082.36949495 
111  34.74764629 -082.36938335 
113  34.74763040 -082.36970388 
110   2 0.00  36.00 Pad
111  34.75649618 -082.37504830 
111  34.75639803 -082.37514747 
111  34.75628398 -082.37500838 
113  34.75639139 -082.37488850 
110   2 0.00  39.00 Closed T
111  34.76320371 -082.37422059 
112  34.76320371 -082.37422059  34.76315990 -082.37428300 
111  34.76318650 -082.37440329 
111  34.76330606 -082.37455380 
111  34.76320383 -082.37465450 
111  34.76307149 -082.37450876 
112  34.76291420 -082.37451506  34.76282365 -082.37458197 
113  34.76291420 -082.37451506 
110   1 0.00  39.00 Closed T
111  34.75699908 -082.37536346 
111  34.75687524 -082.37518284 
111  34.75863569 -082.37340838 
113  34.75875817 -082.37357939 
110   1 0.00  39.00 Road
111  34.76364200 -082.36575070 
111  34.76342614 -082.36648504 
111  34.76331450 -082.36677848 
111  34.76259343 -082.36846676 
112  34.76259343 -082.36846676  34.76252477 -082.36862951 
111  34.76236748 -082.36881708 
111  34.76136296 -082.36985312 
112  34.76091675 -082.37018126  34.76071746 -082.37026069 
111  34.76039414 -082.37026153 
111  34.76028469 -082.37024714 
112  34.76028469 -082.37024714  34.76024745 -082.37023915 
111  34.76022201 -082.37029057 
111  34.76020566 -082.37040296 
112  34.76020566 -082.37040296  34.76020347 -082.37045361 
111  34.76023914 -082.37047252 
111  34.76011458 -082.37046186 
112  34.76015629 -082.37040058  34.76016286 -082.37035393 
111  34.76015629 -082.37040058 
111  34.76017209 -082.37028353 
112  34.76014048 -082.37021486  34.76010435 -082.37019620 
111  34.76014048 -082.37021486 
111  34.75962940 -082.37013416 
112  34.75945158 -082.37023257  34.75937462 -082.37031258 
111  34.75945158 -082.37023257 
111  34.75918236 -082.37051292 
111  34.75922367 -082.37057263 
111  34.75828124 -082.37151988 
111  34.75824768 -082.37148531 
111  34.75795849 -082.37176502 
111  34.75787845 -082.37185930 
112  34.75787845 -082.37185930  34.75784833 -082.37189742 
111  34.75788115 -082.37194212 
111  34.75784290 -082.37198285 
111  34.75765897 -082.37172102 
112  34.75755311 -082.37170216  34.75749438 -082.37169610 
111  34.75745758 -082.37165502 
111  34.75739639 -082.37157721 
111  34.75730008 -082.37167702 
111  34.75722261 -082.37155131 
111  34.75732073 -082.37145388 
111  34.75719902 -082.37128088 
111  34.75721989 -082.37116108 
112  34.75742918 -082.37110818  34.75751777 -082.37102942 
111  34.75742918 -082.37110818 
111  34.75801271 -082.37051734 
112  34.75801271 -082.37051734  34.75802971 -082.37044700 
111  34.75796709 -082.37044226 
111  34.75790639 -082.37043773 
111  34.75791691 -082.37034176 
111  34.75802588 -082.37034382 
112  34.75802588 -082.37034382  34.75816663 -082.37035127 
111  34.75821927 -082.37031307 
112  34.75868145 -082.37001179  34.75899088 -082.36988690 
111  34.75868145 -082.37001179 
112  34.75868145 -082.37001179  34.75892995 -082.36991032 
111  34.75932695 -082.36998463 
111  34.76040303 -082.37016675 
112  34.76087706 -082.37009309  34.76110808 -082.36999864 
111  34.76128644 -082.36980808 
111  34.76232465 -082.36875380 
112  34.76252605 -082.36843951  34.76259471 -082.36830022 
111  34.76252605 -082.36843951 
111  34.76324635 -082.36674480 
111  34.76335832 -082.36645229 
113  34.76358354 -082.36574351 
111  34.75740526 -082.37132697 
112  34.75737739 -082.37131243  34.75736146 -082.37132576 
111  34.75736445 -082.37137907 
111  34.75748788 -082.37154386 
112  34.75748788 -082.37154386  34.75754761 -082.37161293 
113  34.75759141 -082.37161414 
111  34.75758837 -082.37134362 
111  34.75756100 -082.37137161 
112  34.75757085 -082.37143692  34.75759604 -082.37147291 
111  34.75761466 -082.37146091 
113  34.75764751 -082.37143025 
111  34.75838597 -082.37037747 
111  34.75841162 -082.37041158 
111  34.75852492 -082.37030035 
112  34.75899306 -082.37015789  34.75923421 -082.37016434 
111  34.75899306 -082.37015789 
112  34.75930779 -082.37021010  34.75948706 -082.37026332 
111  34.75930779 -082.37021010 
112  34.75938868 -082.37019010  34.75941402 -082.37017027 
111  34.75938868 -082.37019010 
111  34.75941182 -082.37016078 
112  34.75940196 -082.37009281  34.75936667 -082.37006527 
111  34.75940196 -082.37009281 
111  34.75930122 -082.37006882 
112  34.75870410 -082.37009281  34.75844221 -082.37018018 
111  34.75870410 -082.37009281 
112  34.75870410 -082.37009281  34.75851981 -082.37015184 
111  34.75826576 -082.37037101 
111  34.75747121 -082.37117702 
112  34.75747121 -082.37117702  34.75743925 -082.37120846 
111  34.75746464 -082.37128364 
111  34.75748325 -082.37130897 
112  34.75753392 -082.37130382  34.75755976 -082.37127733 
111  34.75753392 -082.37130382 
111  34.75755934 -082.37127611 
113  34.75753472 -082.37123033 
111  34.75878397 -082.37027591 
111  34.75878596 -082.37025773 
112  34.75878596 -082.37025773  34.75864360 -082.37027106 
111  34.75854804 -082.37037648 
111  34.75857790 -082.37041646 
111  34.75866849 -082.37032437 
113  34.75869537 -082.37035951 
111  34.75905673 -082.37023471 
112  34.75891437 -082.37023471  34.75884867 -082.37025409 
111  34.75891437 -082.37023471 
111  34.75891139 -082.37026621 
111  34.75893528 -082.37030014 
111  34.75897012 -082.37026379 
113  34.75899799 -082.37029772 
111  34.75864444 -082.37082663 
111  34.75871017 -082.37093396 
111  34.75928092 -082.37035438 
112  34.75925687 -082.37026852  34.75919114 -082.37025096 
111  34.75925687 -082.37026852 
111  34.75916228 -082.37025291 
112  34.75916228 -082.37025291  34.75912844 -082.37024806 
111  34.75913984 -082.37028413 
113  34.75915587 -082.37031145 
111  34.75861929 -082.37085747 
111  34.75843812 -082.37103895 
111  34.75850867 -082.37114043 
113  34.75868823 -082.37096480 
111  34.75841408 -082.37107018 
111  34.75792189 -082.37157169 
111  34.75798441 -082.37166926 
113  34.75847821 -082.37116775 
111  34.75789565 -082.37159359 
111  34.75781615 -082.37166396 
111  34.75779085 -082.37161998 
111  34.75777399 -082.37163904 
111  34.75768606 -082.37151148 
112  34.75768606 -082.37151148  34.75763788 -082.37150269 
111  34.75764270 -082.37155107 
111  34.75778242 -082.37176366 
112  34.75789444 -082.37175339  34.75795828 -082.37169915 
111  34.75789444 -082.37175339 
113  34.75795226 -082.37169328 
110   2 0.00  75.00 Road
111  34.75592064 -082.37495152 
111  34.75681645 -082.37054561 
112  34.75681645 -082.37054561  34.75683585 -082.37045353 
111  34.75675598 -082.37041961 
111  34.75677401 -082.37019894 
112  34.75691625 -082.37006007  34.75694147 -082.36994201 
111  34.75691625 -082.37006007 
111  34.75737530 -082.36778919 
111  34.75756191 -082.36783220 
111  34.75712168 -082.36998789 
112  34.75712168 -082.36998789  34.75711198 -082.37016734 
111  34.75726111 -082.37023859 
111  34.75786436 -082.37029576 
111  34.75791691 -082.37034176 
111  34.75790639 -082.37043773 
111  34.75790329 -082.37046601 
111  34.75785357 -082.37052603 
111  34.75715743 -082.37046095 
112  34.75715743 -082.37046095  34.75707790 -082.37045859 
111  34.75699387 -082.37062290 
111  34.75693288 -082.37091141 
112  34.75693288 -082.37091141  34.75691348 -082.37101530 
111  34.75703850 -082.37107237 
111  34.75722812 -082.37111386 
111  34.75721989 -082.37116108 
111  34.75719902 -082.37128088 
111  34.75701189 -082.37123027 
112  34.75685859 -082.37130889  34.75682949 -082.37139862 
111  34.75685859 -082.37130889 
111  34.75653792 -082.37292998 
112  34.75653792 -082.37292998  34.75652434 -082.37302915 
111  34.75661862 -082.37307500 
111  34.75717413 -082.37319962 
111  34.75714289 -082.37335519 
111  34.75658488 -082.37322601 
112  34.75645774 -082.37331640  34.75642864 -082.37341793 
111  34.75645774 -082.37331640 
111  34.75625853 -082.37425583 
111  34.75622245 -082.37442706 
112  34.75622245 -082.37442706  34.75621422 -082.37447212 
111  34.75625958 -082.37448907 
111  34.75633342 -082.37450445 
112  34.75633342 -082.37450445  34.75640088 -082.37451747 
111  34.75644635 -082.37458913 
111  34.75652372 -082.37469994 
111  34.75639875 -082.37482785 
111  34.75636212 -082.37476207 
111  34.75641295 -082.37471723 
111  34.75635330 -082.37464117 
112  34.75625958 -082.37459623  34.75621350 -082.37458722 
111  34.75618610 -082.37462263 
111  34.75617116 -082.37474368 
112  34.75617116 -082.37474368  34.75616869 -082.37484299 
111  34.75620367 -082.37491043 
113  34.75606579 -082.37481416 
110   1 0.00  86.00 Road
111  34.75677975 -082.37459325 
111  34.75674040 -082.37463505 
111  34.75675805 -082.37466166 
111  34.75671271 -082.37470678 
111  34.75668427 -082.37467303 
111  34.75664547 -082.37471187 
111  34.75658875 -082.37462686 
111  34.75663050 -082.37458970 
111  34.75653755 -082.37445287 
111  34.75628421 -082.37438133 
112  34.75628421 -082.37438133  34.75624906 -082.37437951 
111  34.75622245 -082.37442706 
111  34.75625853 -082.37425583 
112  34.75629890 -082.37432288  34.75633031 -082.37433380 
111  34.75629890 -082.37432288 
111  34.75655436 -082.37438656 
112  34.75661797 -082.37444601  34.75664557 -082.37448511 
111  34.75661797 -082.37444601 
111  34.75667919 -082.37454003 
113  34.75672146 -082.37450100 
110   2 0.00  39.00 Road
111  34.75674893 -082.37531456 
112  34.75674942 -082.37524148  34.75672770 -082.37520513 
111  34.75674942 -082.37524148 
111  34.75658104 -082.37498174 
111  34.75665592 -082.37490225 
111  34.75681486 -082.37515065 
113  34.75686692 -082.37519262 
110   1 0.00  86.00 Road
111  34.74707797 -082.38176350 
111  34.74688592 -082.38175311 
111  34.74686429 -082.38228486 
112  34.74686429 -082.38228486  34.74686562 -082.38232840 
111  34.74687858 -082.38234139 
111  34.74678387 -082.38234420 
112  34.74681660 -082.38228155  34.74681925 -082.38223801 
111  34.74681660 -082.38228155 
111  34.74683707 -082.38189343 
111  34.74670278 -082.38188905 
111  34.74672801 -082.38123891 
111  34.74686458 -082.38123891 
111  34.74687584 -082.38079052 
112  34.74687584 -082.38079052  34.74687981 -082.38073731 
111  34.74685183 -082.38070705 
111  34.74694061 -082.38071014 
112  34.74691926 -082.38077728  34.74692058 -082.38082082 
111  34.74691926 -082.38077728 
112  34.74699926 -082.38087909  34.74703504 -082.38092585 
111  34.74704810 -082.38097922 
113  34.74711425 -082.38098701 
111  34.74696572 -082.38102335 
111  34.74702225 -082.38102883 
112  34.74692155 -082.38088692  34.74684916 -082.38087921 
111  34.74692155 -082.38088692 
111  34.74688638 -082.38174703 
113  34.74693789 -082.38174962 
110   1 0.00 356.00 Road
111  34.75675598 -082.37041961 
111  34.75442505 -082.37024036 
111  34.75426863 -082.37022833 
111  34.75381280 -082.37019308 
112  34.75381280 -082.37019308  34.75367235 -082.37019308 
111  34.75361427 -082.37040215 
111  34.75362478 -082.37017053 
111  34.75162533 -082.37001500 
111  34.75094557 -082.36993860 
111  34.75093701 -082.37009439 
111  34.75108853 -082.37010142 
111  34.75100289 -082.37210161 
111  34.75083560 -082.37209683 
111  34.75092324 -082.37012788 
111  34.75058472 -082.37011845 
111  34.75048162 -082.37214284 
111  34.75083378 -082.37214284 
111  34.75083216 -082.37225995 
111  34.75041128 -082.37226736 
111  34.75040945 -082.37230178 
111  34.75092814 -082.37230465 
112  34.75092814 -082.37230465  34.75097054 -082.37230626 
111  34.75099581 -082.37226703 
111  34.75098884 -082.37242993 
112  34.75093100 -082.37238346  34.75089522 -082.37238346 
111  34.75093100 -082.37238346 
111  34.75020651 -082.37239441 
112  34.75014446 -082.37246549  34.75013903 -082.37251726 
111  34.75014446 -082.37246549 
111  34.75014031 -082.37253926 
111  34.75007266 -082.37253728 
111  34.75018904 -082.36997555 
112  34.75015415 -082.36989766  34.75011582 -082.36988833 
111  34.75015415 -082.36989766 
111  34.75006167 -082.36988713 
111  34.74921196 -082.36980429 
111  34.74921430 -082.36994712 
111  34.74835179 -082.36995856 
111  34.74834738 -082.37005491 
111  34.74826333 -082.37005172 
111  34.74826849 -082.36982861 
111  34.74821427 -082.36967150 
111  34.74816720 -082.36966240 
111  34.74770141 -082.36966586 
111  34.74770141 -082.36970734 
111  34.74763040 -082.36970388 
111  34.74764552 -082.36938228 
111  34.74766105 -082.36905210 
111  34.74743571 -082.36905618 
111  34.74742706 -082.36939690 
111  34.74733379 -082.36927740 
111  34.74735121 -082.36905332 
111  34.74689145 -082.36905466 
111  34.74686094 -082.36934111 
112  34.74686094 -082.36934111  34.74686203 -082.36940108 
111  34.74690053 -082.36940184 
111  34.74684456 -082.36948227 
111  34.74681603 -082.36941327 
111  34.74672683 -082.36905332 
111  34.74669757 -082.36904875 
111  34.74669866 -082.36897334 
111  34.74749439 -082.36897334 
111  34.74751082 -082.36858197 
111  34.74640986 -082.36859912 
111  34.74641159 -082.36837628 
111  34.74815400 -082.36834772 
111  34.74815165 -082.36843913 
111  34.74775496 -082.36843913 
112  34.74766107 -082.36852769  34.74765746 -082.36862005 
111  34.74766107 -082.36852769 
111  34.74764933 -082.36880765 
111  34.74768689 -082.36889335 
111  34.74769393 -082.36880765 
111  34.74813287 -082.36880765 
111  34.74811993 -082.36926077 
111  34.74818921 -082.36926472 
111  34.74817513 -082.36953611 
111  34.74824085 -082.36953611 
111  34.74828780 -082.36835343 
111  34.75042633 -082.36833627 
111  34.75065872 -082.36863623 
111  34.75060950 -082.36969038 
113  34.75677401 -082.37019894 
111  34.75033620 -082.37227562 
111  34.75028080 -082.37226976 
111  34.75029043 -082.37197070 
112  34.75023382 -082.37189740  34.75018925 -082.37189593 
111  34.75017359 -082.37195897 
111  34.75016275 -082.37223164 
112  34.75016275 -082.37223164  34.75015914 -082.37229615 
111  34.75021575 -082.37230201 
113  34.75033620 -082.37230201 
111  34.75035175 -082.37044226 
112  34.75030499 -082.37040015  34.75026666 -082.37039881 
111  34.75024679 -082.37045595 
111  34.75018331 -082.37176737 
112  34.75023974 -082.37182318  34.75028383 -082.37182961 
113  34.75028735 -082.37177810 
111  34.75039382 -082.36989973 
111  34.75031388 -082.36989573 
112  34.75026680 -082.36998502  34.75026242 -082.37005299 
111  34.75026680 -082.36998502 
111  34.75025475 -082.37026356 
112  34.75025475 -082.37026356  34.75025147 -082.37030887 
111  34.75029965 -082.37031154 
113  34.75036864 -082.37031020 
111  34.74685659 -082.36905818 
111  34.74677337 -082.36905551 
111  34.74681279 -082.36923675 
113  34.74684017 -082.36923542 
110   1 0.00  39.00 Road
111  34.75666947 -082.37559271 
111  34.75641911 -082.37525520 
111  34.75617544 -082.37496444 
111  34.75612545 -082.37504810 
111  34.75119061 -082.37972069 
111  34.75109556 -082.37956595 
111  34.75088141 -082.37975814 
111  34.75087507 -082.37970548 
111  34.75261082 -082.37809022 
111  34.75329531 -082.37743342 
111  34.75331402 -082.37702112 
112  34.75360933 -082.37713891  34.75382200 -082.37701996 
111  34.75360933 -082.37713891 
111  34.75592064 -082.37495152 
111  34.75606579 -082.37481416 
111  34.75620367 -082.37491043 
111  34.75628398 -082.37500838 
111  34.75639803 -082.37514747 
111  34.75662628 -082.37542583 
113  34.75669688 -082.37537454 
110   1 0.00  86.00 Road
111  34.75473100 -082.37430978 
111  34.75415149 -082.37431768 
111  34.75416003 -082.37408134 
111  34.75401066 -082.37407874 
111  34.75403200 -082.37367358 
111  34.75411725 -082.37368137 
111  34.75412589 -082.37346580 
111  34.75418350 -082.37346061 
111  34.75419028 -082.37332702 
112  34.75419028 -082.37332702  34.75419149 -082.37326984 
111  34.75414083 -082.37324843 
111  34.75353970 -082.37325543 
112  34.75353970 -082.37325543  34.75350802 -082.37325653 
111  34.75348257 -082.37330544 
111  34.75348879 -082.37316819 
112  34.75354396 -082.37320608  34.75358197 -082.37320498 
111  34.75354396 -082.37320608 
111  34.75413822 -082.37319242 
112  34.75419694 -082.37310479  34.75420175 -082.37304028 
111  34.75419694 -082.37310479 
111  34.75419759 -082.37305444 
111  34.75409878 -082.37305285 
111  34.75412652 -082.37223228 
111  34.75422681 -082.37223228 
111  34.75423748 -082.37199074 
112  34.75423748 -082.37199074  34.75424230 -082.37193063 
111  34.75420334 -082.37192321 
111  34.75361011 -082.37193880 
112  34.75361011 -082.37193880  34.75356675 -082.37193733 
111  34.75354261 -082.37198176 
111  34.75354895 -082.37184197 
112  34.75360901 -082.37188719  34.75365840 -082.37189012 
111  34.75360901 -082.37188719 
111  34.75420120 -082.37187127 
112  34.75424760 -082.37181932  34.75425242 -082.37177534 
111  34.75424760 -082.37181932 
111  34.75425882 -082.37153975 
111  34.75415426 -082.37153296 
111  34.75417680 -082.37107372 
111  34.75427802 -082.37107845 
111  34.75429723 -082.37083691 
112  34.75422998 -082.37074454  34.75417939 -082.37073428 
111  34.75422998 -082.37074454 
111  34.75360083 -082.37069846 
111  34.75360384 -082.37063198 
111  34.75422894 -082.37068368 
111  34.75429723 -082.37066030 
111  34.75431857 -082.37031488 
112  34.75431857 -082.37031488  34.75432098 -082.37025330 
111  34.75426863 -082.37022833 
111  34.75442505 -082.37024036 
112  34.75436682 -082.37032321  34.75436441 -082.37038332 
111  34.75436682 -082.37032321 
111  34.75433777 -082.37082133 
112  34.75437963 -082.37123055  34.75437601 -082.37136983 
111  34.75430790 -082.37157711 
112  34.75430790 -082.37157711  34.75430669 -082.37163576 
111  34.75433991 -082.37165503 
111  34.75437488 -082.37165696 
111  34.75437897 -082.37160195 
111  34.75465146 -082.37160049 
111  34.75468987 -082.37067848 
113  34.75485418 -082.37068887 
111  34.75433480 -082.37173142 
112  34.75429867 -082.37179006  34.75429686 -082.37183522 
111  34.75433601 -082.37185163 
114  34.75436853 -082.37179555  34.75437034 -082.37172946 
111  34.75434131 -082.37208958 
111  34.75437310 -082.37208516 
111  34.75437742 -082.37203393 
111  34.75442479 -082.37203475 
111  34.75441684 -082.37219602 
111  34.75437311 -082.37219602 
111  34.75437444 -082.37215086 
111  34.75433139 -082.37214765 
112  34.75429031 -082.37219001  34.75428832 -082.37224211 
111  34.75429031 -082.37219001 
111  34.75425916 -082.37286688 
112  34.75425916 -082.37286688  34.75425916 -082.37293075 
111  34.75433204 -082.37293784 
111  34.75433535 -082.37287430 
111  34.75461161 -082.37287172 
111  34.75464871 -082.37202830 
112  34.75461161 -082.37197831  34.75457226 -082.37197121 
111  34.75461161 -082.37197831 
111  34.75436119 -082.37198798 
111  34.75436384 -082.37192832 
112  34.75429626 -082.37197024  34.75429228 -082.37203325 
111  34.75429626 -082.37197024 
111  34.75429229 -082.37205733 
114  34.75429229 -082.37205733  34.75429129 -082.37208641 
111  34.75431995 -082.37313602 
111  34.75432240 -082.37303148 
112  34.75428701 -082.37300550  34.75426013 -082.37301035 
111  34.75425290 -082.37305442 
111  34.75425152 -082.37312062 
114  34.75428310 -082.37318404  34.75431396 -082.37319010 
111  34.75427549 -082.37337623 
111  34.75431585 -082.37337819 
111  34.75432223 -082.37331922 
111  34.75437339 -082.37332233 
111  34.75436736 -082.37348731 
111  34.75431067 -082.37348511 
111  34.75431158 -082.37343054 
111  34.75426971 -082.37342700 
112  34.75423182 -082.37346247  34.75422729 -082.37349662 
111  34.75423182 -082.37346247 
111  34.75419684 -082.37417205 
112  34.75419684 -082.37417205  34.75419412 -082.37422602 
111  34.75426534 -082.37422526 
111  34.75426866 -082.37416477 
111  34.75453060 -082.37416850 
111  34.75458161 -082.37324544 
111  34.75430907 -082.37326318 
112  34.75427278 -082.37325142  34.75425106 -082.37325583 
111  34.75424423 -082.37329334 
111  34.75424293 -082.37334392 
114  34.75424293 -082.37334392  34.75424293 -082.37336595 
110   1 0.00  39.00 Road
111  34.75541889 -082.38339705 
111  34.75540929 -082.38337163 
111  34.75548090 -082.38325278 
111  34.75563323 -082.38310540 
111  34.75566578 -082.38306262 
111  34.75563453 -082.38300240 
112  34.75557073 -082.38294377  34.75553355 -082.38293097 
111  34.75557073 -082.38294377 
111  34.75541501 -082.38289063 
111  34.75527370 -082.38284241 
111  34.75504611 -082.38276475 
111  34.75493651 -082.38272735 
111  34.75473635 -082.38265904 
111  34.75471197 -082.38269052 
111  34.75468297 -082.38264779 
111  34.75463740 -082.38269708 
111  34.75459444 -082.38263527 
111  34.75461006 -082.38261784 
111  34.75459444 -082.38260041 
111  34.75463089 -082.38254812 
112  34.75464131 -082.38246888  34.75462191 -082.38243483 
111  34.75458163 -082.38243293 
111  34.75466511 -082.38234786 
112  34.75467386 -082.38241659  34.75469407 -082.38243824 
111  34.75467386 -082.38241659 
111  34.75474546 -082.38251009 
111  34.75479903 -082.38260265 
111  34.75557733 -082.38287117 
112  34.75557733 -082.38287117  34.75565413 -082.38289184 
111  34.75570070 -082.38298330 
111  34.75587499 -082.38333253 
111  34.75594961 -082.38343986 
112  34.75594961 -082.38343986  34.75598276 -082.38347135 
111  34.75603522 -082.38344631 
111  34.75585936 -082.38360313 
112  34.75588020 -082.38351280  34.75587454 -082.38346360 
111  34.75588020 -082.38351280 
111  34.75583463 -082.38338761 
111  34.75569662 -082.38312297 
111  34.75564279 -082.38315067 
111  34.75566734 -082.38323034 
111  34.75547955 -082.38332340 
113  34.75549097 -082.38335471 
110   1 0.00  39.00 Road
111  34.75842227 -082.37877353 
112  34.75842629 -082.37874095  34.75842368 -082.37871876 
111  34.75842629 -082.37874095 
112  34.75842629 -082.37874095  34.75823229 -082.37790737 
111  34.75801444 -082.37734819 
111  34.75803304 -082.37732932 
112  34.75845297 -082.37873156  34.75864046 -082.37958890 
111  34.75845297 -082.37873156 
113  34.75846542 -082.37873599 
110   2 0.00  39.85 Shoulder
111  34.75782396 -082.37643693 
111  34.75777303 -082.37636366 
111  34.76636032 -082.36766119 
113  34.76639838 -082.36772116 
110   2 0.00  39.85 Shoulder
111  34.75249805 -082.38184583 
111  34.75244475 -082.38177256 
111  34.75719135 -082.37695153 
113  34.75724058 -082.37702255 
110   2 0.00  39.85 Shoulder
111  34.75009554 -082.38525619 
111  34.75246066 -082.38285367 
111  34.76694115 -082.36814419 
111  34.76699910 -082.36823760 
111  34.76373887 -082.37154352 
111  34.76353929 -082.37174590 
111  34.75846016 -082.37689622 
111  34.75807444 -082.37728705 
111  34.75803304 -082.37732932 
111  34.75801444 -082.37734819 
111  34.75259268 -082.38284594 
111  34.75240437 -082.38303689 
113  34.75014021 -082.38533278 
110   2 0.00  39.85 Shoulder
111  34.74970534 -082.38467710 
111  34.74961951 -082.38454234 
111  34.74987677 -082.38426915 
112  34.74987677 -082.38426915  34.74975988 -082.38427182 
111  34.74965811 -082.38419665 
111  34.74967345 -082.38418073 
112  34.75011637 -082.38413102  34.75032481 -082.38392975 
111  34.75011637 -082.38413102 
111  34.75186757 -082.38235083 
113  34.75191776 -082.38243094 
110   1 0.00 168.00 Closed Runway
111  34.75756191 -082.36783220 
111  34.75737530 -082.36778919 
111  34.74345370 -082.36458061 
111  34.74356784 -082.36389020 
113  34.75769702 -082.36713409 
110   3 0.00  86.00 WS Circle
112  34.75658298 -082.37700654  34.75658198 -082.37709014  21 106 
112  34.75645049 -082.37716763  34.75636587 -082.37717005  21 106 
112  34.75632422 -082.37699304  34.75632521 -082.37690459  21 106 
114  34.75645715 -082.37684925  34.75652584 -082.37685167  21 106 
130 Airport Boundary
111  34.74763155 -082.39305720 
111  34.74222952 -082.38191489 
111  34.74396440 -082.37779670 
111  34.74396440 -082.37250718 
111  34.74309594 -082.36641270 
111  34.74119517 -082.36607448 
111  34.74198182 -082.36100351 
111  34.75855502 -082.36515485 
111  34.75783508 -082.36934080 
111  34.76047201 -082.36980883 
111  34.76118617 -082.36951910 
111  34.76217502 -082.36838245 
111  34.76938594 -082.36049701 
111  34.77277425 -082.36594151 
111  34.76389071 -082.37452486 
111  34.76456873 -082.37530653 
111  34.76015162 -082.38056880 
113  34.75385889 -082.38658225 
120 RH
111  34.76389296 -082.37178215   4 
111  34.76378268 -082.37190189 
111  34.75879258 -082.37695114   4 
111  34.75881358 -082.37711099 
111  34.75266792 -082.38316207   4 
115  34.75256080 -082.38327454 
120 TH
111  34.76228877 -082.37524882   5 
111  34.76215495 -082.37539393 
111  34.76199490 -082.37555094   5 
111  34.76185015 -082.37569786 
111  34.75922448 -082.37844081   5 
111  34.75908899 -082.37856134 
111  34.75871850 -082.37889758   5 
111  34.75865916 -082.37894508 
111  34.75798391 -082.37943388   5 
111  34.75784314 -082.37957015 
111  34.75708569 -082.38027113   5 
111  34.75697917 -082.38037470 
111  34.75466993 -082.38241237   5 
111  34.75463160 -082.38245519 
111  34.75439564 -082.38271614   5 
111  34.75432295 -082.38279482 
111  34.75424043 -082.38287454   5 
111  34.75384190 -082.38329371 
111  34.75318286 -082.38394516   5 
115  34.75307653 -082.38405913 
120 RH
111  34.74950194 -082.38435809   4 
111  34.74965811 -082.38419665 
111  34.75193402 -082.38188771   4 
111  34.75212888 -082.38169018 
111  34.75721769 -082.37652295   4 
111  34.75741173 -082.37632660 
111  34.76626216 -082.36750652   4 
115  34.76641859 -082.36734924 
120 TH
111  34.74811354 -082.38247234   5 
115  34.74814671 -082.38182950 
120 TL
111  34.75079240 -082.37973278   1 
112  34.75077912 -082.37954370  34.75078408 -082.37942515 
111  34.75077912 -082.37954370   1 
111  34.75086020 -082.37780727 
111  34.75026647 -082.37784577   1 
111  34.75029833 -082.37707525   1 
112  34.74977106 -082.37638241  34.74922129 -082.37630405 
111  34.74977106 -082.37638241   1 
115  34.74848292 -082.37614405 
120 TL
111  34.75415762 -082.38277631   1 
115  34.75422276 -082.38271146 
120 TL
111  34.75285932 -082.38358280   1 
111  34.75299837 -082.38379073   1 
112  34.75314056 -082.38378882  34.75321692 -082.38372071 
111  34.75314056 -082.38378882   1 
115  34.75391342 -082.38301944 
120 TL
111  34.75435343 -082.38258145   1 
111  34.75633179 -082.38061231   1 
111  34.75830703 -082.37897568   1 
115  34.75895882 -082.37842655 
120 TL
111  34.75466625 -082.38322470   1 
111  34.75433546 -082.38271924 
112  34.75433546 -082.38271924  34.75427493 -082.38266366   1 
111  34.75422276 -082.38271146   1 
111  34.75435343 -082.38258145   1 
116  34.75433546 -082.38271924  34.75436990 -082.38280060 
120 TL
111  34.75538046 -082.38347209   1 
111  34.75466625 -082.38322470   1 
111  34.75416126 -082.38304978   1 
111  34.75405051 -082.38301142 
112  34.75405051 -082.38301142  34.75397134 -082.38298826   1 
111  34.75391342 -082.38301944   1 
111  34.75415762 -082.38277631   1 
116  34.75416126 -082.38304978  34.75426400 -082.38317475 
120 TL
111  34.75980894 -082.37991651   1 
111  34.75914832 -082.37848435 
112  34.75914832 -082.37848435  34.75905566 -082.37837852   1 
111  34.75895882 -082.37842655   1 
111  34.75916834 -082.37821455   1 
116  34.75914832 -082.37848435  34.75920952 -082.37863124 
120 TL
111  34.76016111 -082.37720922   1 
115  34.75916834 -082.37821455 
120 TL
111  34.76171996 -082.37563098   1 
115  34.76039459 -082.37697292 
120 TL
111  34.75920366 -082.37693557   1 
111  34.75990019 -082.37676817   1 
112  34.76015411 -082.37691567  34.76024885 -082.37708797 
111  34.76015411 -082.37691567 
112  34.76015411 -082.37691567  34.76029009 -082.37703235   1 
111  34.76039459 -082.37697292   1 
111  34.76016111 -082.37720922   1 
116  34.76015411 -082.37691567  34.76004154 -082.37677593 
120 TL
111  34.76407767 -082.37222142   1 
111  34.76435792 -082.37266014 
112  34.76435792 -082.37266014  34.76444167 -082.37284771   1 
111  34.76433977 -082.37297854   1 
115  34.76221565 -082.37512918 
120 TL
111  34.76203781 -082.37530933   1 
111  34.76195385 -082.37539400   1 
112  34.76192762 -082.37563284  34.76198091 -082.37576004 
111  34.76192762 -082.37563284 
112  34.76192762 -082.37563284  34.76182588 -082.37555112   1 
111  34.76171996 -082.37563098   1 
115  34.76195385 -082.37539400 
120 TL
111  34.76240361 -082.37560523   1 
116  34.76217618 -082.37558979  34.76206711 -082.37566869 
120 TL
111  34.76185269 -082.37682972   1 
111  34.76163165 -082.37648300   1 
112  34.76161687 -082.37617734  34.76170440 -082.37606719 
111  34.76161687 -082.37617734   1 
111  34.76217618 -082.37558979 
112  34.76217618 -082.37558979  34.76225926 -082.37548741   1 
115  34.76222349 -082.37532964 
120 TL
111  34.76281002 -082.37622703   1 
111  34.76240361 -082.37560523   1 
111  34.76222349 -082.37532964 
112  34.76222349 -082.37532964  34.76213625 -082.37524229   1 
111  34.76203781 -082.37530933   1 
111  34.76221565 -082.37512918   1 
116  34.76222349 -082.37532964  34.76227806 -082.37545466 
120 TL
111  34.75242136 -082.38292960   1 
111  34.75261415 -082.38321713   1  59 
115  34.75285932 -082.38358280 
120 TL
111  34.75833999 -082.37714312   1 
111  34.75880334 -082.37703177   1  59 
115  34.75920366 -082.37693557 
120 TL
111  34.76365629 -082.37156432   1 
111  34.76383643 -082.37184524   1  59 
115  34.76407767 -082.37222142 
120 TL
111  34.74932960 -082.38389574   1 
111  34.74850385 -082.38263589   1 
112  34.74859722 -082.38213383  34.74879501 -082.38190016 
111  34.74859722 -082.38213383   1 
115  34.75050951 -082.38019205 
120 TL
111  34.75139329 -082.38086396   1 
111  34.75096538 -082.38021074 
112  34.75096538 -082.38021074  34.75071263 -082.38001410   1 
111  34.75050951 -082.38019205   1 
111  34.75065270 -082.38004728 
112  34.75065270 -082.38004728  34.75076482 -082.37994197   1 
111  34.75079240 -082.37973278   1 
116  34.75096538 -082.38021074  34.75112568 -082.38047396 
120 TL
111  34.75663034 -082.37609427   1 
111  34.75188864 -082.38090907 
112  34.75188864 -082.38090907  34.75169475 -082.38118820   1 
111  34.75178445 -082.38146079   1 
111  34.75139329 -082.38086396   1 
116  34.75188864 -082.38090907  34.75214679 -082.38071219 
120 TL
111  34.75708658 -082.37603171   1 
115  34.75698241 -082.37587247 
120 TL
111  34.75956162 -082.37354741   1 
111  34.75794356 -082.37519081   1 
115  34.75716037 -082.37574636 
120 TL
111  34.75715314 -082.37613303   1  59 
111  34.75710406 -082.37602114 
112  34.75710406 -082.37602114  34.75707546 -082.37584768   1 
111  34.75716037 -082.37574636   1 
111  34.75698241 -082.37587247   1 
115  34.75677473 -082.37594785 
120 TL
111  34.76173971 -082.37133610   1 
115  34.75983989 -082.37326514 
120 TL
111  34.76582053 -082.36719238   1 
115  34.76201799 -082.37105383 
120 TL
111  34.75940284 -082.37295280   1 
111  34.75960009 -082.37326265 
112  34.75960009 -082.37326265  34.75968713 -082.37336936   1 
111  34.75983989 -082.37326514   1 
111  34.75956162 -082.37354741   1 
116  34.75960009 -082.37326265  34.75952423 -082.37314459 
120 TL
111  34.76158094 -082.37074149   1 
111  34.76177818 -082.37105134 
112  34.76177818 -082.37105134  34.76186523 -082.37115805   1 
111  34.76201799 -082.37105383   1 
111  34.76173971 -082.37133610   1 
116  34.76177818 -082.37105134  34.76170233 -082.37093328 
120 TL
111  34.76655565 -082.36774747   1 
111  34.76634451 -082.36742513   1  59 
111  34.76619605 -082.36719847   1  59 
112  34.76610490 -082.36715603  34.76605083 -082.36714506 
111  34.76610490 -082.36715603 
112  34.76610490 -082.36715603  34.76591466 -082.36711337   1 
115  34.76582053 -082.36719238 
120 TL
111  34.75677473 -082.37594785   1 
111  34.75663034 -082.37609427   1 
112  34.75707188 -082.37605385  34.75731938 -082.37620035 
111  34.75707188 -082.37605385 
112  34.75707188 -082.37605385  34.75708467 -082.37605659   1  59 
115  34.75715314 -082.37613303 
120 TL
111  34.75749920 -082.37665982   1 
111  34.75733300 -082.37640682   1  59 
111  34.75715314 -082.37613303   1  59 
115  34.75708658 -082.37603171 
120 TL
111  34.75217874 -082.38206281   1 
111  34.75201220 -082.38180853   1  59 
115  34.75178445 -082.38146079 
120 TL
111  34.74986161 -082.38470762   1 
111  34.74957971 -082.38427752   1  59 
115  34.74932960 -082.38389574 
120 TL
112  34.75217874 -082.38206281  34.75244222 -082.38234891   1 
111  34.75271529 -082.38209300   1 
115  34.75313602 -082.38166559 
120 TL
111  34.75157493 -082.38328240   1 
111  34.75199610 -082.38285455   1 
112  34.75242136 -082.38292960  34.75261807 -082.38313103 
111  34.75242136 -082.38292960 
112  34.75242136 -082.38292960  34.75229656 -082.38265387   1 
111  34.75244709 -082.38239544   1 
115  34.75286832 -082.38196781 
120 TL
111  34.76271570 -082.37196396   1 
111  34.76313687 -082.37153611   1 
112  34.76365629 -082.37156432  34.76388907 -082.37181317 
111  34.76365629 -082.37156432 
112  34.76365629 -082.37156432  34.76350408 -082.37123010   1 
111  34.76372146 -082.37094283   1 
115  34.76414263 -082.37051498 
120 TL
111  34.75703844 -082.37770084   1 
111  34.75745961 -082.37727299   1 
112  34.75749920 -082.37665982  34.75732357 -082.37630419 
111  34.75749920 -082.37665982 
112  34.75749920 -082.37665982  34.75774378 -082.37696949   1 
111  34.75802818 -082.37669592   1 
115  34.75844913 -082.37626801 
120 TL
111  34.75689780 -082.37787364   1 
111  34.75731873 -082.37744578 
112  34.75731873 -082.37744578  34.75739178 -082.37738633   1 
111  34.75756035 -082.37733044   1 
111  34.75833999 -082.37714312 
112  34.75833999 -082.37714312  34.75788238 -082.37699526   1 
111  34.75820547 -082.37654537   1 
115  34.75862664 -082.37611752 
120 TL
111  34.74735806 -082.38067297   1 
112  34.74767325 -082.38049023  34.74794156 -082.38052029 
111  34.74767325 -082.38049023 
112  34.74767325 -082.38049023  34.74744952 -082.38044804   1 
115  34.74750656 -082.38023191 
120 TL
111  34.74720176 -082.38248735   1 
112  34.74751447 -082.38231604  34.74769493 -082.38231102 
111  34.74751447 -082.38231604 
112  34.74751447 -082.38231604  34.74731132 -082.38230725   1 
115  34.74729299 -082.38206566 
120 TL
111  34.74460833 -082.38345583   1 
112  34.74448599 -082.38328988  34.74448233 -082.38316316 
111  34.74448599 -082.38328988   1 
115  34.74449695 -082.38309202 
120 TL
111  34.74608450 -082.38055504   1 
111  34.74717518 -082.38058789 
112  34.74717518 -082.38058789  34.74731800 -082.38058991   1 
111  34.74741540 -082.38042783 
111  34.74735097 -082.38082483   1 
116  34.74717518 -082.38058789  34.74702903 -082.38056162 
120 TL
111  34.74372792 -082.38302447   1 
111  34.74372792 -082.38312537   1 
111  34.74389910 -082.38339554 
112  34.74389910 -082.38339554  34.74393685 -082.38345250   1 
111  34.74402214 -082.38346715   1 
111  34.74460833 -082.38345583   1 
111  34.74509737 -082.38344639 
112  34.74509737 -082.38344639  34.74518539 -082.38344437   1 
111  34.74527604 -082.38353377   1 
111  34.74548056 -082.38384150   1 
112  34.74580453 -082.38382521  34.74597735 -082.38364912 
111  34.74580453 -082.38382521   1 
111  34.74720176 -082.38248735   1 
112  34.74728317 -082.38227594  34.74728591 -082.38216904 
111  34.74728317 -082.38227594   1 
111  34.74729299 -082.38206566   1 
111  34.74735097 -082.38082483   1 
111  34.74735806 -082.38067297   1 
112  34.74741540 -082.38042783  34.74746824 -082.38031942 
111  34.74741540 -082.38042783   1 
111  34.74750656 -082.38023191   1 
111  34.74764900 -082.37992576 
112  34.74764900 -082.37992576  34.74768221 -082.37985594   1 
111  34.74768589 -082.37976479   1 
111  34.74780819 -082.37721652   1 
111  34.74782229 -082.37692286   1 
111  34.74783144 -082.37673224   1 
111  34.74784622 -082.37642413   1 
111  34.74785634 -082.37621342   1 
111  34.74787170 -082.37589339   1 
111  34.74789451 -082.37541804   1 
111  34.74785974 -082.37513810   1 
111  34.74786516 -082.37502387   1 
111  34.74799067 -082.37237678   1 
115  34.74746678 -082.37237947 
120 TL
111  34.74527604 -082.38353377   1 
111  34.74519800 -082.38341689   1 
112  34.74516555 -082.38330604  34.74516555 -082.38325745 
111  34.74516555 -082.38330604   1 
115  34.74517554 -082.38308434 
120 TL
111  34.74807824 -082.37607789   1 
111  34.74800580 -082.37607268 
112  34.74800580 -082.37607268  34.74790598 -082.37608635   1 
111  34.74785634 -082.37621342   1 
111  34.74787170 -082.37589339   1 
116  34.74800580 -082.37607268  34.74810687 -082.37610457 
120 TL
111  34.74858006 -082.37527772   1 
111  34.74803720 -082.37526533 
112  34.74803720 -082.37526533  34.74793738 -082.37527900   1 
111  34.74789451 -082.37541804 
111  34.74786516 -082.37502387   1 
116  34.74803720 -082.37526533  34.74818983 -082.37532859 
120 TL
111  34.74804906 -082.37657011   1 
111  34.74796868 -082.37656767 
112  34.74796868 -082.37656767  34.74786886 -082.37658133   1 
111  34.74783144 -082.37673224   1 
111  34.74784622 -082.37642413   1 
116  34.74796868 -082.37656767  34.74806975 -082.37659956 
120 TL
111  34.74802961 -082.37706726   1 
111  34.74794923 -082.37706481 
112  34.74794923 -082.37706481  34.74784941 -082.37707848   1 
111  34.74780819 -082.37721652   1 
111  34.74782229 -082.37692286   1 
116  34.74794923 -082.37706481  34.74805030 -082.37709671 
120 TL
111  34.76000435 -082.37187933   1 
111  34.76014226 -082.37207749 
112  34.76014226 -082.37207749  34.76024530 -082.37219443   1 
111  34.76039619 -082.37209180 
111  34.76012168 -082.37237324   1 
116  34.76014226 -082.37207749  34.76007020 -082.37192943 
120 TL
111  34.76049390 -082.37137743   1 
111  34.76063181 -082.37157559 
112  34.76063181 -082.37157559  34.76073485 -082.37169253   1 
111  34.76089281 -082.37158265 
111  34.76059881 -082.37188407   1 
116  34.76063181 -082.37157559  34.76055976 -082.37142753 
120 TL
111  34.75920721 -082.37331078   1 
111  34.76012168 -082.37237324   1 
111  34.76039619 -082.37209180   1 
111  34.76059881 -082.37188407   1 
111  34.76089281 -082.37158265   1 
115  34.76257742 -082.36985555 
120 TB
111  34.75870633 -082.37333361   3 
112  34.75895130 -082.37325044  34.75910202 -082.37327001   3 
111  34.75919264 -082.37318293   3 
115  34.76254523 -082.36974926 
120 TB
111  34.76195254 -082.36973660   3 
115  34.75865445 -082.37312777 
120 TB
111  34.74516263 -082.38407976   3 
115  34.74687501 -082.38244641 
120 TB
111  34.75661215 -082.37596705  53 
111  34.75677805 -082.37580172  53 
115  34.75701829 -082.37572922 
120 TB
112  34.75757416 -082.37657323  34.75769365 -082.37666843  53 102 
116  34.75788627 -082.37653473  34.75799410 -082.37642454 
120 TB
112  34.75730598 -082.37712189  34.75739443 -082.37703193  53 102 
116  34.75739797 -082.37674913  34.75735497 -082.37653009 
120 TB
111  34.74764554 -082.36943588   3 
111  34.74772291 -082.36945202   3 
111  34.74808764 -082.36970759 
112  34.74808764 -082.36970759  34.74821585 -082.36980175   3 
111  34.74822470 -082.37000889   3 
111  34.74819154 -082.37076753   3 
111  34.74829543 -082.37093163   3 
111  34.74811638 -082.37477877 
112  34.74811638 -082.37477877  34.74810975 -082.37493481   3 
111  34.74824805 -082.37498054   3 
111  34.74845142 -082.37498592 
111  34.74843373 -082.37553473   3 
111  34.74824584 -082.37554280   3 
112  34.74808005 -082.37573111  34.74807121 -082.37590598 
111  34.74808005 -082.37573111   3 
111  34.74789437 -082.37971276 
112  34.74789437 -082.37971276  34.74788995 -082.37983920   3 
111  34.74782806 -082.38000599   3 
111  34.74757827 -082.38071890   3 
111  34.74750030 -082.38256610   3 
115  34.74546548 -082.38451845 
120 TB
111  34.74762285 -082.36987196   3 
111  34.74788102 -082.37003431 
112  34.74788102 -082.37003431  34.74790366 -082.37004533   3 
111  34.74790294 -082.37009878   3 
111  34.74787736 -082.37063461   3 
111  34.74781890 -082.37092364   3 
111  34.74761806 -082.37535311   3 
111  34.74767392 -082.37576654   3 
111  34.74749123 -082.37976330 
112  34.74749123 -082.37976330  34.74747989 -082.37982128   3 
111  34.74743027 -082.37989535   3 
115  34.74726803 -082.38021164 
120 RM
111  34.74747846 -082.37311843  22 
111  34.74777623 -082.37311843 
111  34.74849200 -082.37419375  22 
111  34.74786414 -082.37440644 
111  34.74771527 -082.37442220  22 
111  34.74742399 -082.37442220 
111  34.74739810 -082.37520380  22 
111  34.74769261 -082.37519592 
111  34.74780588 -082.37548345  22 
111  34.74842713 -082.37546661 
111  34.74761494 -082.37701561  22 
111  34.74742399 -082.37701561  22 
112  34.74733951 -082.37692599  34.74734065 -082.37684454 
111  34.74733951 -082.37692599 
111  34.74722237 -082.37890082  22 
111  34.74752579 -082.37889985 
111  34.74712998 -082.38235526  22 
115  34.74749843 -082.38255297 
120 RM
111  34.74800192 -082.36963955  22 
111  34.74753718 -082.37977005 
112  34.74753718 -082.37977005  34.74752208 -082.38005569  22 
111  34.74739373 -082.38015374  22 
111  34.74732078 -082.38021830 
112  34.74732078 -082.38021830  34.74718765 -082.38034859  22 
111  34.74717047 -082.38060300  22 
111  34.74709973 -082.38218408 
112  34.74709973 -082.38218408  34.74708326 -082.38233108  22 
111  34.74696662 -082.38237508  22 
111  34.74593211 -082.38239391  22 
115  34.74562856 -082.38224326 
120 RM
111  34.75262823 -082.37049172  22 
111  34.75264650 -082.37010706  22 
112  34.75259535 -082.37003591  34.75254237 -082.37003591 
111  34.75259535 -082.37003591  22 
111  34.74919922 -082.36975132  22 
111  34.74874042 -082.36957124  22 
115  34.74654085 -082.36959349 
120 RM
111  34.75271041 -082.37060493  20 
111  34.75273884 -082.37012627  20 
112  34.75267251 -082.36999550  34.75259537 -082.36998170 
111  34.75267251 -082.36999550  20 
111  34.74921076 -082.36971338  20 
111  34.74875178 -082.36953435  20 
111  34.74775034 -082.36953968  20 
112  34.74772684 -082.36948717  34.74772911 -082.36945127 
111  34.74772684 -082.36948717 
111  34.74765717 -082.36948632 
112  34.74765717 -082.36948632  34.74765604 -082.36954292  20 
111  34.74762794 -082.36953746  20 
111  34.74653965 -082.36955525 
111  34.74653782 -082.36963751  20 
111  34.74794260 -082.36961938 
112  34.74794260 -082.36961938  34.74797127 -082.36961938  20 
111  34.74796896 -082.36966863  20 
111  34.74791050 -082.37095594 
112  34.74791050 -082.37095594  34.74790662 -082.37099649  20 
111  34.74787761 -082.37100041  20 
111  34.74757336 -082.37100553 
111  34.74756887 -082.37108934  20 
111  34.74787030 -082.37108712  20 
112  34.74790136 -082.37112269  34.74790136 -082.37115946 
111  34.74790136 -082.37112269  20 
111  34.74781185 -082.37303385 
112  34.74781185 -082.37303385  34.74780835 -082.37306927  20 
111  34.74778444 -082.37307165  20 
111  34.74748143 -082.37307307 
111  34.74747753 -082.37315836  20 
111  34.74777348 -082.37315614  20 
112  34.74780470 -082.37319313  34.74780761 -082.37324059 
111  34.74780470 -082.37319313  20 
111  34.74775156 -082.37433450 
112  34.74775156 -082.37433450  34.74775092 -082.37437580  20 
111  34.74772416 -082.37437674  20 
111  34.74742199 -082.37437974 
111  34.74741907 -082.37446345  20 
111  34.74771137 -082.37446568  20 
112  34.74774425 -082.37449680  34.74774361 -082.37452797 
111  34.74774425 -082.37449680  20 
111  34.74771868 -082.37511666 
112  34.74771868 -082.37511666  34.74771441 -082.37515296  20 
111  34.74768579 -082.37515668  20 
111  34.74739289 -082.37515801 
111  34.74738984 -082.37524561  20 
111  34.74767849 -082.37523672  20 
112  34.74771149 -082.37528326  34.74771234 -082.37533408 
111  34.74771149 -082.37528326  20 
111  34.74763623 -082.37693510 
112  34.74763623 -082.37693510  34.74763623 -082.37696397  20 
111  34.74759810 -082.37697261  20 
111  34.74740811 -082.37697039  20 
112  34.74737316 -082.37693715  34.74737626 -082.37689824 
111  34.74737316 -082.37693715  20 
111  34.74737888 -082.37678141 
112  34.74737888 -082.37678141  34.74737991 -082.37672995  20 
111  34.74731437 -082.37674018 
111  34.74731033 -082.37683022  20 
111  34.74730557 -082.37696372 
112  34.74730557 -082.37696372  34.74730557 -082.37704279  20 
111  34.74739167 -082.37705932  20 
111  34.74759628 -082.37705488  20 
112  34.74762733 -082.37710157  34.74762115 -082.37715302 
111  34.74762733 -082.37710157  20 
111  34.74754667 -082.37882591 
112  34.74754667 -082.37882591  34.74754314 -082.37885934  20 
111  34.74751589 -082.37886199  20 
111  34.74722172 -082.37886264 
111  34.74721812 -082.37894203  20 
111  34.74751589 -082.37894203  20 
112  34.74753782 -082.37897316  34.74753782 -082.37900745 
111  34.74753782 -082.37897316  20 
111  34.74753757 -082.37897928  20 
111  34.74750542 -082.37977711 
112  34.74750542 -082.37977711  34.74749434 -082.37999181  20 
111  34.74736792 -082.38013151  20 
111  34.74730581 -082.38018487 
112  34.74730581 -082.38018487  34.74715155 -082.38036016  20 
115  34.74714068 -082.38058907 
120 RM
111  34.75255497 -082.37059579  20 
111  34.75257656 -082.37010865  20 
112  34.75253006 -082.37006014  34.75250137 -082.37006198 
111  34.75253006 -082.37006014  20 
111  34.74919617 -082.36978932  20 
111  34.74873447 -082.36961145  20 
111  34.74806993 -082.36961954  20 
112  34.74803445 -082.36965262  34.74803445 -082.36968437 
111  34.74803445 -082.36965262  20 
111  34.74781950 -082.37433628 
112  34.74781950 -082.37433628  34.74781744 -082.37436891  20 
111  34.74785574 -082.37436384  20 
111  34.74848985 -082.37414702 
111  34.74849287 -082.37423706  20 
111  34.74784517 -082.37445021  20 
112  34.74781497 -082.37449982  34.74781085 -082.37454625 
111  34.74781497 -082.37449982  20 
111  34.74777270 -082.37539249 
112  34.74777270 -082.37539249  34.74777078 -082.37542834  20 
111  34.74779685 -082.37543292  20 
111  34.74843248 -082.37542740 
111  34.74843097 -082.37551377  20 
111  34.74779535 -082.37551928  20 
112  34.74776515 -082.37555970  34.74776387 -082.37559399 
111  34.74776515 -082.37555970  20 
111  34.74757039 -082.37977225 
112  34.74757039 -082.37977225  34.74756018 -082.38003869  20 
111  34.74740837 -082.38019303  20 
111  34.74734345 -082.38024815 
112  34.74734345 -082.38024815  34.74723115 -082.38034893  20 
111  34.74720455 -082.38057960  20 
111  34.74712755 -082.38226922 
112  34.74712755 -082.38226922  34.74712549 -082.38230562  20 
111  34.74715178 -082.38233026  20 
111  34.74751859 -082.38251275 
111  34.74750500 -082.38259544  20 
111  34.74708704 -082.38238046  20 
112  34.74702966 -082.38238229  34.74700492 -082.38240740 
111  34.74702966 -082.38238229  20 
111  34.74699645 -082.38242088  20 
111  34.74593386 -082.38243375  20 
111  34.74562322 -082.38228492  20 
111  34.74562171 -082.38219856  20 
111  34.74593122 -082.38236025  20 
115  34.74665850 -082.38234922 
120 PT
111  34.76289557 -082.37547511   1 
111  34.76291689 -082.37550756   1 
111  34.76293599 -082.37553666   1 
111  34.76291689 -082.37550756   1 
115  34.76295505 -082.37547156 
120 PT
111  34.76282404 -082.37536616   1 
111  34.76284535 -082.37539861   1 
111  34.76286445 -082.37542771   1 
111  34.76284535 -082.37539861   1 
115  34.76288352 -082.37536261 
120 PT
111  34.76274865 -082.37525129   1 
111  34.76276996 -082.37528374   1 
111  34.76278907 -082.37531284   1 
111  34.76276996 -082.37528374   1 
115  34.76280813 -082.37524774 
120 PT
111  34.76267712 -082.37514234   1 
111  34.76269843 -082.37517479   1 
111  34.76271753 -082.37520389   1 
111  34.76269843 -082.37517479   1 
115  34.76273660 -082.37513879 
120 PT
111  34.76239164 -082.37663743   1 
111  34.76241295 -082.37666988   1 
111  34.76243206 -082.37669898   1 
111  34.76241295 -082.37666988   1 
115  34.76238063 -082.37670111 
120 PT
111  34.76231919 -082.37652683   1 
111  34.76234050 -082.37655928   1 
111  34.76235961 -082.37658839   1 
111  34.76234050 -082.37655928   1 
115  34.76230818 -082.37659052 
120 PT
111  34.76225024 -082.37642001   1 
111  34.76227155 -082.37645246   1 
111  34.76229065 -082.37648156   1 
111  34.76227155 -082.37645246   1 
115  34.76223923 -082.37648369 
120 PT
111  34.76217778 -082.37630941   1 
111  34.76219910 -082.37634187   1 
111  34.76221820 -082.37637097   1 
111  34.76219910 -082.37634187   1 
115  34.76216678 -082.37637310 
120 PT
111  34.76210581 -082.37619996   1 
111  34.76212712 -082.37623241   1 
111  34.76214623 -082.37626151   1 
111  34.76212712 -082.37623241   1 
115  34.76209480 -082.37626364 
120 PT
111  34.76203336 -082.37608936   1 
111  34.76205467 -082.37612182   1 
111  34.76207377 -082.37615091   1 
111  34.76205467 -082.37612182   1 
115  34.76202235 -082.37615305 
120 PT
111  34.76254669 -082.37611351   1 
111  34.76256800 -082.37614596   1 
111  34.76258711 -082.37617506   1 
111  34.76256800 -082.37614596   1 
115  34.76253568 -082.37617719 
120 PT
111  34.76247424 -082.37600291   1 
111  34.76249555 -082.37603536   1 
111  34.76251465 -082.37606446   1 
111  34.76249555 -082.37603536   1 
115  34.76246323 -082.37606660 
120 PT
111  34.76240227 -082.37589346   1 
111  34.76242358 -082.37592591   1 
111  34.76244268 -082.37595501   1 
111  34.76242358 -082.37592591   1 
115  34.76239126 -082.37595714 
120 PT
111  34.76232981 -082.37578286   1 
111  34.76235113 -082.37581531   1 
111  34.76237023 -082.37584441   1 
111  34.76235113 -082.37581531   1 
115  34.76231880 -082.37584655 
120 PT
111  34.76221878 -082.37654618   1 
111  34.76224009 -082.37657863   1 
111  34.76225920 -082.37660773   1 
111  34.76224009 -082.37657863   1 
115  34.76227826 -082.37654263 
120 PT
111  34.76214725 -082.37643698   1 
111  34.76216856 -082.37646943   1 
111  34.76218766 -082.37649853   1 
111  34.76216856 -082.37646943   1 
115  34.76220673 -082.37643342 
120 PT
111  34.76207571 -082.37632802   1 
111  34.76209702 -082.37636047   1 
111  34.76211613 -082.37638957   1 
111  34.76209702 -082.37636047   1 
115  34.76213519 -082.37632447 
120 PT
111  34.76200032 -082.37621315   1 
111  34.76202164 -082.37624560   1 
111  34.76204074 -082.37627470   1 
111  34.76202164 -082.37624560   1 
115  34.76205981 -082.37620960 
120 PT
111  34.76192879 -082.37610420   1 
111  34.76195010 -082.37613665   1 
111  34.76196921 -082.37616575   1 
111  34.76195010 -082.37613665   1 
115  34.76198827 -082.37610065 
120 PT
111  34.76251309 -082.37624147   1 
111  34.76253441 -082.37627392   1 
111  34.76255351 -082.37630302   1 
111  34.76253441 -082.37627392   1 
115  34.76257258 -082.37623792 
120 PT
111  34.76244156 -082.37613226   1 
111  34.76246287 -082.37616471   1 
111  34.76248197 -082.37619381   1 
111  34.76246287 -082.37616471   1 
115  34.76250104 -082.37612871 
120 PT
111  34.76237002 -082.37602331   1 
111  34.76239133 -082.37605576   1 
111  34.76241044 -082.37608486   1 
111  34.76239133 -082.37605576   1 
115  34.76242951 -082.37601976 
120 PT
111  34.76229464 -082.37590843   1 
111  34.76231595 -082.37594089   1 
111  34.76233505 -082.37596999   1 
111  34.76231595 -082.37594089   1 
115  34.76235412 -082.37590488 
120 PT
111  34.76222310 -082.37579948   1 
111  34.76224441 -082.37583193   1 
111  34.76226352 -082.37586103   1 
111  34.76224441 -082.37583193   1 
115  34.76228258 -082.37579593 
14   34.75669247 -082.37482344   82 0 Tower Viewpoint
15   34.75945747 -082.37963591 120.59 AvServe
15   34.76268964 -082.37566154 219.00 Donaldson Jet Center
15   34.76610490 -082.36715603 349.39 Hold Short Rwy 23
15   34.74932960 -082.38389574 310.00 Hold Short Rwy 5
15   34.76034293 -082.37123584 219.00 Stevens Aviation
18   34.76024399 -082.37796794 1 Airport Beacon
19   34.76503239 -082.37075360 1 WS
19   34.75645921 -082.37701304 1 WS
20   34.75218403 -082.38313758 219.85  0 4 {@B}1{@@,@B}7
20   34.75429256 -082.38099398 219.85  0 4 {@B}2{@@,@B}6
20   34.75640189 -082.37885143 219.85  0 4 {@B}3{@@,@B}5
20   34.75851020 -082.37671031 219.85  0 4 {@B}4{@@,@B}4
20   34.76062015 -082.37456577 219.85  0 4 {@B}5{@@,@B}3
20   34.76272970 -082.37242327 219.85  0 4 {@B}6{@@,@B}2
20   34.76483717 -082.37028402 219.85  0 4 {@B}7{@@,@B}1
20   34.76397063 -082.37170082 129.30  0 2 {@L}A{@R}23-5{@@,safety}
20   34.75274091 -082.38310736 129.30  0 2 {@L}A{@R}23-5{@@,safety}
20   34.75879827 -082.37683557 190.00  0 2 {@L}A3{@R}23-5{@@,safety}
20   34.76620389 -082.36757190 309.30  0 2 {@L}B{@R}5-23{@@,safety}
20   34.74942016 -082.38443771 309.30  0 2 {@L}B1{@R}5-23{@@,safety}
20   34.75184559 -082.38197441 309.30  0 2 {@L}B2{@R}5-23{@@,safety}
20   34.75713383 -082.37659923 309.30  0 2 {@L}B3{@R}5-23{@@,safety}
20   34.75908816 -082.37804030 129.30  0 2 {@Y,^l}23|5{^r}
20   34.76205166 -082.37505883 129.30  0 2 {@Y,^l}23|5{^r}
20   34.75210562 -082.38024982 219.30  0 2 {@Y,^l}5
20   34.76192865 -082.37132909 309.30  0 2 {@Y,^l}5|23{^r}
20   34.75976557 -082.37351489 309.30  0 2 {@Y,^l}5|23{^r}
20   34.76341013 -082.37179020  39.30  0 2 {@Y,^l}A
20   34.75227294 -082.38305394  39.30  0 2 {@Y,^l}A
20   34.75001077 -082.38432951 219.30  0 2 {@Y,^l}B1
20   34.75244431 -082.38186731 219.30  0 2 {@Y,^l}B2
20   34.75776826 -082.37646610 219.30  0 2 {@Y,^l}B3
20   34.75969860 -082.37313173 219.30  0 1 {@Y,^l}FBO
20   34.76193457 -082.37089234 219.30  0 1 {@Y,^l}FBO
20   34.75783343 -082.37746852  39.30  0 2 {@Y,^lu}A3
20   34.75077832 -082.38058493 138.70  0 2 {@Y}5{^r}
20   34.75258762 -082.38273584 219.30  0 2 {@Y}A{^r}
20   34.75843470 -082.37684338 219.30  0 2 {@Y}A3{^rd}
20   34.76628901 -082.36778398  39.30  0 2 {@Y}B{^r}
20   34.75729999 -082.37694453  39.30  0 2 {@Y}B3{^r}
20   34.76166521 -082.37114075  39.30  0 1 {@Y}FBO{^r}
20   34.75947835 -082.37334553  39.30  0 1 {@Y}FBO{^r}
50 12732 AWOS 3
51 13332 CTAF/UNICOM
52 12140 CLNC DEL
52 12595 CLNC DEL
53 12140 GND
54 13332 TWR
55 11880 GREER APP/DEP

99
