A
1000 Generated by Infinite Flight Airport Editing (World Parser)/AB

1     1453 0 0 YCUE Cue
100   49.99  15   0 0.25 0 0 0 4   -27.45792973  117.91048360    0.00    0.00 0  0 0 0 22  -27.44340549  117.92451185    0.00    0.00 0  0 0 0
110   1 0.25  40.60 New Taxiway 7
111 -27.45756755  117.91068125 
111 -27.45773303  117.91088892 
111 -27.45633023  117.91224939 
113 -27.45614971  117.91202052 
110   1 0.25   0.00 New Taxiway 17
111 -27.45736462  117.91091568 
112 -27.45691332  117.91036895 -27.45689452  117.91035200 
112 -27.45678545  117.91045796 -27.45677041  117.91048762 
111 -27.45628150  117.91096230 
111 -27.45573994  117.91028843 
112 -27.45596559  117.91007228 -27.45604457  117.90994090 
112 -27.45619876  117.90989004 -27.45628150  117.90980951 
111 -27.45641689  117.90959760 
113 -27.45745471  117.91084576 
110   1 0.25  40.60 New Taxiway 6
111 -27.44369507  117.92400365 
111 -27.44512370  117.92265897 
111 -27.44531892  117.92291279 
113 -27.44389731  117.92428904  20 
110   4 0.25  40.60 New Taxiway 9
111 -27.44608269  117.91957128 
111 -27.44779507  117.91969519 
112 -27.45910600  117.90817696 -27.45922006  117.90798417 
111 -27.46017051  117.90894809 
111 -27.44927814  117.91958085 
112 -27.45644189  117.91988179 -27.45645760  117.91988179 
112 -27.45645760  117.92058990 -27.45645760  117.92060760 
112 -27.45606485  117.92073152 -27.45592346  117.92073152 
111 -27.45504370  117.92082003 
111 -27.44812877  117.92050994 
111 -27.44688495  117.92183001 
112 -27.44950851  117.92905216 -27.44953993  117.92929998 
112 -27.44880156  117.92953010 -27.44872301  117.92953010 
111 -27.44622513  117.92243185 
111 -27.44300205  117.92562800 
112 -27.44253075  117.92559260 -27.44231082  117.92553950 
111 -27.44218514  117.92507926 
111 -27.44595582  117.92142495 
111 -27.44560160  117.92059824 
111 -27.43879562  117.92042720 
111 -27.43869441  117.91931542 
111 -27.43970645  117.91942945 
111 -27.44512088  117.91951497 
112 -27.44438715  117.91720588 -27.44441245  117.91689230 
113 -27.44509558  117.91700633 
110   1 0.25   0.00 New Taxiway 12
111 -27.44711526  117.91766585 
111 -27.44715729  117.91764217 
111 -27.44722268  117.91778163 
111 -27.44718531  117.91782005 
111 -27.44722671  117.91788879 
111 -27.44718096  117.91792562 
111 -27.44717224  117.91790229 
111 -27.44718858  117.91788265 
111 -27.44715699  117.91784214 
111 -27.44710470  117.91786056 
111 -27.44703825  117.91772430 
111 -27.44707856  117.91769606 
111 -27.44631436  117.91617167 
113 -27.44635289  117.91615431 
110   1 0.25   0.00 New Taxiway 11
112 -27.44822309  117.91963615 -27.44820808  117.91964743 
111 -27.44814300  117.91963615 
111 -27.44738714  117.91868289 
111 -27.44704676  117.91869417 
111 -27.44697167  117.91818088 
111 -27.44717190  117.91810191 
111 -27.44739215  117.91846291 
113 -27.44826814  117.91957974 
110   1 0.25   0.00 New Taxiway 14
112 -27.44810237  117.91849817 -27.44809939  117.91844348  22 
112 -27.44816476  117.91841335 -27.44820932  117.91841112  22 
112 -27.44824002  117.91849593 -27.44823903  117.91853946  22 
114 -27.44817070  117.91857405 -27.44814693  117.91857517  22 
110   4 0.25   0.00 New Taxiway 13
111 -27.44704040  117.91854332 
112 -27.44696544  117.91852175 -27.44694311  117.91852175 
111 -27.44559764  117.91859027 
111 -27.44557947  117.91847425 
111 -27.44696649  117.91842647 
114 -27.44702706  117.91837187 -27.44703312  117.91836505 
120 Linear Feature 18
111 -27.44798956  117.91943987   4 
115 -27.44808543  117.91934658 
120 Linear Feature 16
111 -27.45743583  117.91080723  20 
115 -27.45759967  117.91101965 
14  -27.44685209  117.91811774    6 0 New Tower Viewpoint 11
15  -27.44713676  117.91836344 114.44 New Ramp Start 10
19  -27.44817169  117.91848812 0 New Windsock 8
51 12760 CTAF


130 Airport Boundary
111 -027.46017075  117.90895081
111 -027.45910645  117.90818024
111 -027.45641708  117.90959930
111 -027.43869400  117.91931915
111 -027.43879509  117.92042542
111 -027.44253159  117.92559052
111 -027.44880104  117.92952728
111 -027.44950867  117.92905426
113 -027.45645714  117.92059326
99
