I
1050 Generated by WorldEditor 1.7.21r1

1     20 1 0 SAVV Viedma Gobernador Castello
100 45.11 1 0 0.25 0 2 0 11 -40.86703506 -063.01121627    0   29 3 0 0 0 29 -40.87318937 -062.98204768    0   29 3 0 0 0
100 45.11 1 0 0.25 0 1 0 02 -40.87099225 -063.00148746    0  144 2 0 0 0 20 -40.85914510 -062.99401644    0    0 2 0 0 0
110 2 0.00 105.5900 New Taxiway 6
111 -40.87298943 -062.98200193 3 102
112 -40.87289109 -062.98203957 -40.87281616 -062.98201148
111 -40.87289109 -062.98203957 3 102
112 -40.87282879 -062.98207890 -40.87281522 -062.98214678
111 -40.87282879 -062.98207890 3 102
111 -40.87274027 -062.98252229
112 -40.87274027 -062.98252229 -40.87272735 -062.98258243 3 102
111 -40.87273850 -062.98263855
112 -40.87273850 -062.98263855 -40.87278239 -062.98291101 3 102
113 -40.87275361 -062.98311786
110 2 0.00 105.5900 New Taxiway 4
111 -40.86238838 -063.00446782
111 -40.86241133 -063.00443644
111 -40.86251757 -063.00429117
111 -40.86206369 -063.00368792
111 -40.86190690 -063.00389990
111 -40.86158033 -063.00344620
111 -40.86136939 -063.00372447
111 -40.86173938 -063.00423620
111 -40.86190241 -063.00403081
111 -40.86192018 -063.00405292
111 -40.86189611 -063.00408499
111 -40.86192771 -063.00413083
111 -40.86183202 -063.00425353
111 -40.86193468 -063.00440309
113 -40.86214385 -063.00414161
110 2 0.00 105.5900 New Taxiway 3
111 -40.86673031 -063.01098783 3 102
111 -40.86680013 -063.01102220 3 102
112 -40.86684091 -063.01114016 -40.86683100 -063.01122910
111 -40.86684091 -063.01114016
111 -40.86699299 -063.01042789
112 -40.86699299 -063.01042789 -40.86692417 -063.01062337 3 102
113 -40.86680083 -063.01066428
110 2 0.00 105.5900 New Taxiway 2
111 -40.86370435 -063.00575459
111 -40.86389520 -063.00551517
111 -40.86391723 -063.00554914
111 -40.86415824 -063.00524825
111 -40.86315479 -063.00389240
113 -40.86271930 -063.00443714
110 1 0.00 105.5900 New Taxiway 1
111 -40.86932016 -063.00136860
112 -40.86932016 -063.00136860 -40.86947343 -063.00094227
111 -40.86982360 -063.00104287
111 -40.86972644 -063.00039557
112 -40.86972644 -063.00039557 -40.86961838 -063.00031468
111 -40.86959013 -063.00008567
111 -40.86925613 -062.99970230
112 -40.86925613 -062.99970230 -40.86917661 -063.00001103
111 -40.86894461 -062.99990278
111 -40.86868804 -063.00032821
112 -40.86868804 -063.00032821 -40.86886051 -063.00058436 3 102
111 -40.86874714 -063.00085759 3 102
111 -40.86835399 -063.00148501 3 102
111 -40.86797344 -063.00197622 3 102
111 -40.86493616 -063.00589679
112 -40.86493616 -063.00589679 -40.86473062 -063.00610839 3 102
111 -40.86450476 -063.00591819 3 102
111 -40.86418800 -063.00549463
112 -40.86418800 -063.00549463 -40.86411969 -063.00539083 3 102
111 -40.86417821 -063.00520991 3 102
111 -40.86315394 -063.00381675 3
111 -40.86306757 -063.00392300
112 -40.86306757 -063.00392300 -40.86303641 -063.00395292
111 -40.86299538 -063.00390035
111 -40.86277042 -063.00361830
111 -40.86617878 -062.99886326
112 -40.86625452 -062.99879569 -40.86629208 -062.99877801
111 -40.86625452 -062.99879569
111 -40.86619207 -062.99875609
112 -40.86619207 -062.99875609 -40.86618410 -062.99879860
111 -40.86616569 -062.99882972
111 -40.86276272 -063.00357516
112 -40.86276272 -063.00357516 -40.86274950 -063.00359084
111 -40.86273846 -063.00358291
112 -40.86273846 -063.00358291 -40.86268724 -063.00354498
111 -40.86262660 -063.00356925
111 -40.86227019 -063.00367836 20
111 -40.86238030 -063.00354053 20
111 -40.86228634 -063.00340853 20
111 -40.86217185 -063.00355168
111 -40.86178795 -063.00303529
111 -40.86152461 -063.00336879
111 -40.86158033 -063.00344620
111 -40.86190690 -063.00389990
111 -40.86206369 -063.00368792
111 -40.86251757 -063.00429117
111 -40.86241133 -063.00443644
111 -40.86238838 -063.00446782
111 -40.86353029 -063.00597152
112 -40.86353029 -063.00597152 -40.86358289 -063.00602976
111 -40.86361984 -063.00597346
111 -40.86375519 -063.00582569
112 -40.86375519 -063.00582569 -40.86405062 -063.00565932 3 102
111 -40.86424114 -063.00594114 3 102
111 -40.86446764 -063.00624687 3
111 -40.86480160 -063.00669768 3 102
111 -40.86488035 -063.00680398 3 102
111 -40.86556089 -063.00772261 3 102
111 -40.86569008 -063.00798080
112 -40.86569008 -063.00798080 -40.86573551 -063.00807988 3 102
111 -40.86575028 -063.00815940 3 102
111 -40.86618681 -063.01039082 3 102
112 -40.86661895 -063.01094603 -40.86697129 -063.01107416
111 -40.86661895 -063.01094603 3 102
111 -40.86673031 -063.01098783
111 -40.86680083 -063.01066428
112 -40.86680083 -063.01066428 -40.86644701 -063.01074775 3 102
111 -40.86637707 -063.01032652 3 102
111 -40.86603057 -063.00854646
112 -40.86603057 -063.00854646 -40.86601324 -063.00847231 3 102
112 -40.86612912 -063.00848692 -40.86615257 -063.00853275
111 -40.86612912 -063.00848692
112 -40.86612912 -063.00848692 -40.86626137 -063.00871134 3 102
112 -40.86669641 -063.00880543 -40.86693369 -063.00876850
111 -40.86669641 -063.00880543
112 -40.86669641 -063.00880543 -40.86677388 -063.00879337 3 102
112 -40.86694056 -063.00871295 -40.86702555 -063.00866250
111 -40.86694056 -063.00871295 3 102
111 -40.86723386 -063.00849341
112 -40.86723386 -063.00849341 -40.86737829 -063.00839679 3 102
111 -40.86737354 -063.00862058
111 -40.86759524 -063.00757322
112 -40.86759524 -063.00757322 -40.86747902 -063.00800355 3 102
111 -40.86724416 -063.00817904 3 102
111 -40.86687882 -063.00845801
112 -40.86687882 -063.00845801 -40.86680492 -063.00850256 3 102
112 -40.86667893 -063.00853396 -40.86661962 -063.00854237
111 -40.86667893 -063.00853396
112 -40.86667893 -063.00853396 -40.86644983 -063.00856645 3 102
111 -40.86633080 -063.00838140 3 102
111 -40.86508155 -063.00668998 3 102
112 -40.86503261 -063.00659989 -40.86500772 -063.00654312
111 -40.86503261 -063.00659989
112 -40.86503261 -063.00659989 -40.86498322 -063.00648723 3 102
112 -40.86505586 -063.00606233 -40.86518120 -063.00584237
111 -40.86505586 -063.00606233 3 102
111 -40.86810137 -063.00214890 3 102
111 -40.86876818 -063.00134288
112 -40.86876818 -063.00134288 -40.86885382 -063.00124042 3 102
113 -40.86890129 -063.00137923
130 Airport Boundary
111 -40.87471733 -063.00288778
111 -40.87123450 -062.99818735
111 -40.87527035 -062.97879950
111 -40.87242058 -062.97493651
111 -40.87111685 -062.98147943
111 -40.86843085 -062.98498976
111 -40.86600060 -062.99643006
111 -40.85783993 -062.99143011
111 -40.85637913 -062.99334073
111 -40.85825462 -062.99570839
111 -40.85921278 -062.99608220
111 -40.86274700 -063.00069260
111 -40.85799073 -063.00719279
113 -40.86494038 -063.01602773
120 Runway Hold 03
111 -40.86797344 -063.00197622 4
111 -40.86803558 -063.00206010 4
115 -40.86810137 -063.00214890
120 Runway Hold 02
111 -40.86667893 -063.00853396 4
111 -40.86668818 -063.00867760 4
115 -40.86669641 -063.00880543
120 Runway Hold 01
111 -40.86637707 -063.01032652 4
111 -40.86628500 -063.01035764 4
115 -40.86618681 -063.01039082
120 Linear Feature 23
112 -40.86889955 -063.00094707 -40.86919521 -063.00091336 1
111 -40.86910635 -063.00137825 1
115 -40.86895834 -063.00207404
120 Linear Feature 22
111 -40.86316721 -063.00446939 1
111 -40.86337122 -063.00443009 1
116 -40.86347257 -063.00445652 -40.86351239 -063.00449162
120 Linear Feature 21
111 -40.86348813 -063.00490812 1
111 -40.86372340 -063.00488303 1
116 -40.86380913 -063.00490876 -40.86384512 -063.00494153
120 Linear Feature 20
111 -40.86505586 -063.00606233 2
115 -40.86493616 -063.00589679
120 Linear Feature 19
111 -40.86488035 -063.00680398 2
115 -40.86503261 -063.00659989
120 Linear Feature 18
112 -40.86439947 -063.00596150 -40.86472686 -063.00628181 1
115 -40.86498248 -063.00599277
120 Linear Feature 17
112 -40.86489041 -063.00662275 -40.86473340 -063.00631943 1
111 -40.86498248 -063.00599277 1
111 -40.86768014 -063.00251782 7
111 -40.86803558 -063.00206010 1
111 -40.86889955 -063.00094707 1
111 -40.86920543 -063.00055305
112 -40.86920543 -063.00055305 -40.86930809 -063.00040247 1
111 -40.86935475 -063.00019718 1
115 -40.86950709 -062.99947336
120 Linear Feature 16
112 -40.86748649 -063.00814812 -40.86768260 -063.00814157 1
111 -40.86758604 -063.00858416 1
115 -40.86743514 -063.00929701
120 Linear Feature 15
111 -40.86572947 -063.00775291 1
111 -40.86624629 -063.00845120
112 -40.86624629 -063.00845120 -40.86637781 -063.00862437 7
112 -40.86668818 -063.00867760 -40.86687781 -063.00864902
111 -40.86668818 -063.00867760 1
112 -40.86691711 -063.00858255 -40.86704930 -063.00849706
111 -40.86691711 -063.00858255 1
111 -40.86748649 -063.00814812 1
111 -40.86759330 -063.00806663
112 -40.86759330 -063.00806663 -40.86770341 -063.00796956 1
111 -40.86775757 -063.00774699 1
115 -40.86794490 -063.00687469
120 Linear Feature 14
111 -40.86669691 -063.01083836 1
115 -40.86688306 -063.01090830
120 Linear Feature 13
112 -40.86390609 -063.00537790 -40.86386176 -063.00535459 1
111 -40.86382290 -063.00535501 1
115 -40.86350899 -063.00537307
120 Linear Feature 12
112 -40.86261809 -063.00393245 -40.86259291 -063.00393917 1
111 -40.86257793 -063.00395833 1
115 -40.86239586 -063.00419221
120 Linear Feature 11
111 -40.86258678 -063.00444054 1
111 -40.86289303 -063.00404493 1
112 -40.86292306 -063.00402509 -40.86294115 -063.00402193
111 -40.86292306 -063.00402509
112 -40.86292306 -063.00402509 -40.86290769 -063.00401426 1
111 -40.86289775 -063.00399890 1
115 -40.86267057 -063.00368202
120 Linear Feature 10
111 -40.86407461 -063.00552393 1
111 -40.86400073 -063.00516622 1
111 -40.86380913 -063.00490876 1
111 -40.86347257 -063.00445652 1
111 -40.86321824 -063.00411476 1
111 -40.86292306 -063.00402509 1
111 -40.86261809 -063.00393245 1
111 -40.86225909 -063.00382339
112 -40.86225909 -063.00382339 -40.86221089 -063.00380711 1
111 -40.86218416 -063.00377205 1
115 -40.86183695 -063.00331240
120 Linear Feature 9
111 -40.86363095 -063.00586359 20
111 -40.86304386 -063.00506035
112 -40.86304386 -063.00506035 -40.86303034 -063.00503705 20
111 -40.86299607 -063.00503304 20
111 -40.86294946 -063.00502524
112 -40.86294946 -063.00502524 -40.86290890 -063.00501657 20
111 -40.86288633 -063.00498623 20
111 -40.86267406 -063.00471704
112 -40.86267406 -063.00471704 -40.86264702 -063.00468258 20
112 -40.86258311 -063.00466698 -40.86253984 -063.00461237
111 -40.86258311 -063.00466698 20
115 -40.86241133 -063.00443644
120 Linear Feature 8
111 -40.86316823 -063.00494546 1
111 -40.86348813 -063.00490812 1
116 -40.86353376 -063.00492770 -40.86355686 -063.00494981
120 Linear Feature 7
111 -40.86735040 -063.00969168 1
111 -40.86719722 -063.01041872
112 -40.86719722 -063.01041872 -40.86706509 -063.01093588 1
111 -40.86669691 -063.01083836 1
111 -40.86659358 -063.01079957
112 -40.86659358 -063.01079957 -40.86634295 -063.01068610 1
111 -40.86628500 -063.01035764 7
111 -40.86616046 -063.00972325 1
111 -40.86584105 -063.00809652
112 -40.86584105 -063.00809652 -40.86579347 -063.00787295 1
111 -40.86572947 -063.00775291 1
111 -40.86489041 -063.00662275 1
111 -40.86439947 -063.00596150 1
111 -40.86407461 -063.00552393
112 -40.86407461 -063.00552393 -40.86402558 -063.00545989 1
112 -40.86390609 -063.00537790 -40.86384837 -063.00533621
111 -40.86390609 -063.00537790
112 -40.86390609 -063.00537790 -40.86386539 -063.00534850 1
112 -40.86379593 -063.00527884 -40.86376515 -063.00523926
111 -40.86379593 -063.00527884 1
111 -40.86353376 -063.00492770 1
111 -40.86320165 -063.00448290
112 -40.86320165 -063.00448290 -40.86318930 -063.00446790 1
111 -40.86316721 -063.00446939 1
115 -40.86286399 -063.00453143
21 -40.87282664 -062.98602079 2 285.8560 3.00 29  PAPI-4L
21 -40.86736902 -063.00737418 2 105.2055 3.00 11  PAPI-4L
14 -40.86288529 -063.00532327  82.02 0 Tower Viewpoint
1300 -40.86170202 -063.00379934 138.30 hangar jets|turboprops|props Hangar 02
1301 A none 
1300 -40.86200327 -063.00419766 138.30 hangar jets|turboprops|props Hangar 01
1301 A none 
1300 -40.86183695 -063.00331240  45.17 tie_down jets|turboprops|props Ramp GA 07
1301 A general_aviation 
1300 -40.86239586 -063.00419221 -44.19 tie_down jets|turboprops|props Ramp GA 06
1301 A general_aviation 
1300 -40.86258678 -063.00444054 -44.20 tie_down jets|turboprops|props Ramp GA 05
1301 A general_aviation 
1300 -40.86267057 -063.00368202  46.60 tie_down jets|turboprops|props Ramp GA 04
1301 A general_aviation 
1300 -40.86286399 -063.00453143  -8.89 gate jets|turboprops Gate 03
1301 C airline 
1300 -40.86316823 -063.00494546  -4.99 gate jets|turboprops Gate 02
1301 C airline 
1300 -40.86350899 -063.00537307  -2.22 gate jets|turboprops Gate 01
1301 C airline 
18 -40.86288455 -063.00532477 1 BCN
54 11830 Viedma Tower
99
