A
1000 Generated by Infinite Flight Airport Editing (World Parser)/AB

1      203 0 0 YNGT NGANGORIORDT
100   17.07   4   0 0.25 0 0 0 11  -12.56188524  134.26783666    0.00    0.00 0  0 0 0 29  -12.56755458  134.27797318    0.00    0.00 0  0 0 0
110   3 0.25   0.00 New Taxiway 12
111 -12.56082230  134.26631034 
112 -12.56188215  134.26659898 -12.56201631  134.26672268 
111 -12.56378719  134.26955408 
112 -12.56400184  134.26941663 -12.56416283  134.26944412 
112 -12.56437748  134.26969153 -12.56431040  134.26987021 
111 -12.56416283  134.26998017 
111 -12.56473971  134.27113472 
112 -12.56500803  134.27114846 -12.56514218  134.27114846 
112 -12.56535684  134.27125842 -12.56530317  134.27140961 
112 -12.56510194  134.27172574 -12.56514218  134.27186319 
112 -12.56648318  134.27423501 -12.56659121  134.27450064 
112 -12.56702334  134.27587305 -12.56717458  134.27624936 
112 -12.56825489  134.27828583 -12.56825489  134.27830797 
112 -12.56814686  134.27857360 -12.56812526  134.27861787 
112 -12.56756349  134.27888349 -12.56752028  134.27890563 
111 -12.56747707  134.27890563 
112 -12.56743386  134.27859573 -12.56739064  134.27852932 
112 -12.56650479  134.27709051 -12.56646157  134.27700197 
112 -12.56600784  134.27638217 -12.56587821  134.27636003 
112 -12.56577017  134.27627149 -12.56570536  134.27618295 
112 -12.56410649  134.27286261 -12.56410649  134.27275193 
112 -12.56373919  134.27188864 -12.56367437  134.27180010 
114 -12.56298297  134.27056050 -12.56293976  134.27051623 
14  -12.56477990  134.27082138    6 0 New Tower Viewpoint 12
15  -12.56507261  134.27133368   0.00 New Ramp Start 10
19  -12.56393836  134.26974679 0 New Windsock 11


130 Airport Boundary
111 -012.56825447  134.27828979
111 -012.56535721  134.27125549
111 -012.56437778  134.26969910
111 -012.56188202  134.26660156
111 -012.56082249  134.26631165
111 -012.56577015  134.27627563
111 -012.56747723  134.27890015
111 -012.56756306  134.27888489
113 -012.56814671  134.27857971
99
