A
1000 Generated by Infinite Flight Airport Editing (World Parser)/AB

1      544 0 1 SWLV SANTO ANTONIO DO LEVERGER
100   14.94   1   0 0.25 0 0 0 18  -15.84796100 -056.08847500    0.00    0.00 2  0 0 0 36  -15.85875300 -056.08637200    0.00    0.00 2  0 0 0
110   1 0.30 169.38 Default taxiway for RWY 18
111 -15.84797297 -056.08854136   3 
111 -15.84803529 -056.08888697   3 
111 -15.85882730 -056.08678411   3 
111 -15.85876498 -056.08643848 
112 -15.85863287 -056.08646422 -15.85869934 -056.08645365   3 
111 -15.85871420 -056.08653605   3 
112 -15.85873401 -056.08664591 -15.85874887 -056.08672831   3 
111 -15.85868281 -056.08674118   3 
111 -15.85345194 -056.08776044   3 
111 -15.85340200 -056.08748349 
111 -15.85333595 -056.08749636   3 
111 -15.85338589 -056.08777331   3 
112 -15.84815502 -056.08879257 -15.84808896 -056.08880544   3 
111 -15.84807410 -056.08872305   3 
112 -15.84805429 -056.08861319 -15.84803943 -056.08853079   3 
113 -15.84810508 -056.08851562 
120 Default hold RWY 18 (near)
111 -15.84799814 -056.08868099   4 
115 -15.84806419 -056.08866812 
120 Default hold RWY 18 (centre)
111 -15.85336112 -056.08763598   4 
115 -15.85342717 -056.08762311 
120 Default hold RWY 18 (far)
111 -15.85872410 -056.08659098   4 
115 -15.85879015 -056.08657811 
19  -15.84779200 -056.08829615 1 WS
19  -15.85892199 -056.08655086 1 WS


130 Airport Boundary
111 -015.85882759 -056.08678436
111 -015.84803486 -056.08888626
111 -015.84797287 -056.08854294
111 -015.84796143 -056.08847427
113 -015.85875320 -056.08637238
99
