I
1050 Generated by WorldEditor 2.3.0r2

1    279 0 0 KATA Hall Miller Municipal
1302 flatten 1
100 18.29 1 0 0.00 0 2 0 5  33.09957096 -094.19967622    0    0 2 0 0 2 23  33.10598682 -094.18988023    0    0 2 0 0 2
100 22.86 3 0 0.00 0 0 0 15  33.10494524 -094.19675703    0    0 0 0 0 0 33  33.09891593 -094.19408962    0    0 0 0 0 0
110 2 0.00 0.0000 New Taxiway 711
111  33.10498598 -094.19322367
111  33.10507108 -094.19320079
111  33.10508547 -094.19334076
111  33.10500037 -094.19336363
111  33.10499603 -094.19332141
111  33.10491956 -094.19334009
111  33.10491596 -094.19330508
113  33.10499243 -094.19328640
110 3 0.00 0.0000 New Taxiway 736
111  33.09888905 -094.19420876
111  33.09888019 -094.19420476
111  33.09867983 -094.19414254
111  33.09866241 -094.19356813
111  33.09873088 -094.19360000
111  33.09873406 -094.19370717
112  33.09873406 -094.19370717  33.09874277 -094.19378238
111  33.09880899 -094.19384488
111  33.09896198 -094.19393472
112  33.09897527 -094.19400331  33.09896443 -094.19405848
113  33.09897527 -094.19400331
110 2 0.00 0.0000 New Taxiway 708
111  33.10468773 -094.19441290
111  33.10468765 -094.19438123
111  33.10460523 -094.19437981
112  33.10460523 -094.19437981  33.10457382 -094.19437352
112  33.10460511 -094.19432967  33.10463515 -094.19432721
111  33.10460511 -094.19432967
111  33.10468753 -094.19433109
111  33.10468675 -094.19401460
111  33.10456012 -094.19401161
111  33.10456001 -094.19396530
111  33.10468663 -094.19396828
111  33.10468605 -094.19373076
111  33.10477091 -094.19373076
113  33.10477259 -094.19441290
110 2 0.00 0.0000 New Taxiway 704
111  33.10486228 -094.19629766
111  33.10475867 -094.19621206
111  33.10485489 -094.19604456
113  33.10495849 -094.19613016
110 2 0.00 0.0000 New Taxiway 704
111  33.10474697 -094.19620957
111  33.10472117 -094.19618826
111  33.10468976 -094.19624136
111  33.10464287 -094.19620262
111  33.10467429 -094.19614952
111  33.10464336 -094.19612397
111  33.10464478 -094.19612139
111  33.10472360 -094.19597826
113  33.10482721 -094.19606386
110 2 0.00 0.0000 New Taxiway 704
111  33.10463833 -094.19611575
111  33.10456312 -094.19605262
111  33.10461199 -094.19596683
113  33.10468720 -094.19602996
110 2 0.00 0.0000 New Taxiway 705
111  33.10414019 -094.19571554
111  33.10419156 -094.19562724
111  33.10421642 -094.19564734
111  33.10424459 -094.19559956
111  33.10425438 -094.19560748
111  33.10428209 -094.19555912
111  33.10431035 -094.19558197
111  33.10428264 -094.19563033
111  33.10429236 -094.19563819
111  33.10426419 -094.19568596
111  33.10435481 -094.19575924
111  33.10437047 -094.19573390
111  33.10439800 -094.19575616
111  33.10438234 -094.19578151
111  33.10448228 -094.19586233
111  33.10450980 -094.19581351
111  33.10453795 -094.19583628
111  33.10451044 -094.19588509
111  33.10460358 -094.19596041
111  33.10455220 -094.19604871
111  33.10452324 -094.19602529
111  33.10450031 -094.19606844
111  33.10447269 -094.19604611
111  33.10449562 -094.19600295
111  33.10439612 -094.19592249
111  33.10436860 -094.19597017
111  33.10434046 -094.19594742
111  33.10436798 -094.19589974
111  33.10427822 -094.19582716
111  33.10424465 -094.19588497
111  33.10423268 -094.19587529
111  33.10421739 -094.19590209
111  33.10419338 -094.19588268
111  33.10420867 -094.19585587
111  33.10419724 -094.19584664
113  33.10423081 -094.19578882
110 3 0.00 0.0000 New Taxiway 714
111  33.10462160 -094.19455519
112  33.10462160 -094.19455519  33.10448790 -094.19430237
112  33.10430833 -094.19474504  33.10441364 -094.19507979
111  33.10430833 -094.19474504
112  33.10430833 -094.19474504  33.10431265 -094.19476113
111  33.10430516 -094.19477030
111  33.10425365 -094.19480956
111  33.10421440 -094.19477482
111  33.10422340 -094.19475035
111  33.10419185 -094.19471763
111  33.10415840 -094.19472525
111  33.10409147 -094.19466601
111  33.10398585 -094.19457251
112  33.10397967 -094.19431481  33.10403718 -094.19413629
111  33.10397967 -094.19431481
111  33.10450857 -094.19351419
112  33.10450857 -094.19351419  33.10457294 -094.19344880
111  33.10466149 -094.19349444
111  33.10478759 -094.19361091
111  33.10484807 -094.19352236
111  33.10473077 -094.19340956
112  33.10473077 -094.19340956  33.10471308 -094.19337550
111  33.10474203 -094.19330349
111  33.10512791 -094.19267422
112  33.10512791 -094.19267422  33.10514574 -094.19271490
111  33.10514796 -094.19280473
111  33.10513933 -094.19373475
111  33.10506559 -094.19373340
111  33.10506627 -094.19353818
111  33.10497072 -094.19353664
111  33.10497003 -094.19373187
111  33.10497565 -094.19390689
111  33.10497497 -094.19403911
111  33.10497816 -094.19405025
111  33.10497518 -094.19410721
111  33.10496138 -094.19410626
111  33.10495924 -094.19414706
111  33.10497304 -094.19414801
111  33.10496965 -094.19421276
111  33.10495961 -094.19421212
111  33.10495170 -094.19438318
111  33.10495148 -094.19439170
111  33.10494146 -094.19439098
111  33.10493259 -094.19462221
111  33.10494791 -094.19462331
111  33.10494716 -094.19464399
111  33.10494646 -094.19485400
113  33.10476945 -094.19484990
110 3 0.00 0.0000 New Taxiway 713
111  33.10300817 -094.19580263
111  33.10316748 -094.19555958
111  33.10346363 -094.19510775
112  33.10348809 -094.19543618  33.10349046 -094.19543477
111  33.10348809 -094.19543618
112  33.10348809 -094.19543618  33.10348969 -094.19543523
111  33.10370660 -094.19563087
111  33.10392441 -094.19577763
111  33.10393657 -094.19575711
111  33.10395404 -094.19572765
111  33.10399927 -094.19576549
111  33.10402999 -094.19571366
111  33.10398476 -094.19567582
111  33.10400261 -094.19564570
111  33.10391227 -094.19556387
111  33.10388176 -094.19550900
111  33.10407343 -094.19521352
111  33.10431737 -094.19541464
112  33.10432024 -094.19542855  33.10431759 -094.19543423
111  33.10432024 -094.19542855
111  33.10430419 -094.19545638
111  33.10443290 -094.19555860
111  33.10449484 -094.19561892
111  33.10456501 -094.19567247
111  33.10460986 -094.19558969
111  33.10467370 -094.19556407
111  33.10479558 -094.19535154
111  33.10487214 -094.19521390
111  33.10498507 -094.19530242
112  33.10501877 -094.19545586  33.10502978 -094.19554076
111  33.10501877 -094.19545586
112  33.10503176 -094.19581530  33.10503274 -094.19596361
111  33.10503176 -094.19581530
111  33.10502651 -094.19643027
112  33.10502651 -094.19643027  33.10506229 -094.19662553
111  33.10506284 -094.19693529
113  33.10489284 -094.19686483
110 2 0.00 0.0000 New Taxiway 711
111  33.10497072 -094.19353664
111  33.10506627 -094.19353818
111  33.10506559 -094.19373340
113  33.10497003 -094.19373187
110 2 0.00 0.0000 New Taxiway 711
111  33.10497565 -094.19390689
111  33.10506646 -094.19390984
111  33.10506577 -094.19404206
113  33.10497497 -094.19403911
110 2 0.00 0.0000 New Taxiway 710
111  33.10495961 -094.19421212
111  33.10496965 -094.19421276
111  33.10497304 -094.19414801
111  33.10495924 -094.19414706
111  33.10496138 -094.19410626
111  33.10497518 -094.19410721
111  33.10497816 -094.19405025
111  33.10503024 -094.19405356
111  33.10502887 -094.19409024
111  33.10507180 -094.19409297
111  33.10506414 -094.19423017
111  33.10508423 -094.19423146
111  33.10507684 -094.19439116
113  33.10495170 -094.19438318
110 2 0.00 0.0000 New Taxiway 710
111  33.10494146 -094.19439098
111  33.10495148 -094.19439170
111  33.10507928 -094.19440085
111  33.10507042 -094.19463208
111  33.10494791 -094.19462331
113  33.10493259 -094.19462221
110 2 0.00 0.0000 New Taxiway 709
111  33.10494618 -094.19493806
111  33.10494633 -094.19489303
111  33.10479007 -094.19489099
111  33.10476945 -094.19484990
111  33.10494646 -094.19485400
111  33.10494716 -094.19464399
111  33.10503798 -094.19464456
111  33.10503746 -094.19480078
111  33.10499324 -094.19480044
111  33.10499316 -094.19482409
111  33.10503738 -094.19482443
111  33.10503712 -094.19490051
111  33.10499359 -094.19490024
113  33.10499347 -094.19493835
110 2 0.00 0.0000 New Taxiway 706
111  33.10414043 -094.19511023
111  33.10415078 -094.19517514
111  33.10435618 -094.19534494
112  33.10436844 -094.19534323  33.10437209 -094.19533782
111  33.10436844 -094.19534323
111  33.10456921 -094.19497642
111  33.10470814 -094.19508533
111  33.10451322 -094.19542798
111  33.10454094 -094.19545149
111  33.10466282 -094.19523897
111  33.10479558 -094.19535154
111  33.10467370 -094.19556407
111  33.10460986 -094.19558969
111  33.10456501 -094.19567247
111  33.10449484 -094.19561892
111  33.10443290 -094.19555860
111  33.10430419 -094.19545638
111  33.10432024 -094.19542855
112  33.10432024 -094.19542855  33.10432289 -094.19542288
111  33.10431737 -094.19541464
113  33.10407343 -094.19521352
110 2 0.00 0.0000 New Taxiway 704
111  33.10393657 -094.19575711
111  33.10384623 -094.19567528
111  33.10391227 -094.19556387
111  33.10400261 -094.19564570
111  33.10398476 -094.19567582
111  33.10402999 -094.19571366
111  33.10399927 -094.19576549
113  33.10395404 -094.19572765
110 2 0.00 0.0000 New Taxiway 703
111  33.10217584 -094.19707250
111  33.10218181 -094.19707883
112  33.10218181 -094.19707883  33.10215130 -094.19717106
112  33.10224335 -094.19721760  33.10227624 -094.19722280
111  33.10224335 -094.19721760
111  33.10261368 -094.19721038
112  33.10264849 -094.19716604  33.10265216 -094.19713155
111  33.10264849 -094.19716604
111  33.10264598 -094.19702071
111  33.10299319 -094.19701294
111  33.10299782 -094.19725669
111  33.10300237 -094.19749638
111  33.10242210 -094.19750940
111  33.10242143 -094.19743493
111  33.10240760 -094.19743507
111  33.10240714 -094.19738451
111  33.10242097 -094.19738437
111  33.10242081 -094.19736706
112  33.10242081 -094.19736706  33.10242064 -094.19736564
112  33.10242012 -094.19736293  33.10241982 -094.19736160
111  33.10242012 -094.19736293
111  33.10239723 -094.19738155
111  33.10238289 -094.19735783
111  33.10240578 -094.19733922
112  33.10240578 -094.19733922  33.10239890 -094.19733302
111  33.10239230 -094.19733020
111  33.10203647 -094.19733916
111  33.10199632 -094.19736183
111  33.10197886 -094.19738846
113  33.10197289 -094.19738213
110 2 0.00 0.0000 New Taxiway 702
111  33.10449915 -094.19477506
111  33.10438886 -094.19469014
111  33.10447254 -094.19452026
113  33.10458283 -094.19460519
110 1 0.00 0.0000 New Taxiway 700
111  33.09995868 -094.19922063
111  33.09994324 -094.19926699
112  33.09994324 -094.19926699  33.09991351 -094.19936829 102
112  33.09997101 -094.19946501  33.10001247 -094.19951347
111  33.09997101 -094.19946501 102
111  33.10016507 -094.19965184
112  33.10024940 -094.19968641  33.10029856 -094.19969152
111  33.10024940 -094.19968641
112  33.10024940 -094.19968641  33.10029451 -094.19969109
112  33.10040368 -094.19959736  33.10045597 -094.19951945
111  33.10040368 -094.19959736
111  33.10261855 -094.19621566
111  33.10309400 -094.19548974
111  33.10361186 -094.19469907
112  33.10361186 -094.19469907  33.10363804 -094.19464429
112  33.10361710 -094.19454408  33.10360367 -094.19450129
111  33.10361710 -094.19454408
112  33.10361710 -094.19454408  33.10360448 -094.19450386
111  33.10358664 -094.19447658
111  33.10339619 -094.19430335 102
111  33.10336788 -094.19427760 102
112  33.10318631 -094.19431500  33.10309405 -094.19439948
111  33.10318631 -094.19431500
111  33.10317245 -094.19432869
111  33.10343614 -094.19392485
111  33.10342021 -094.19395848
112  33.10342021 -094.19395848  33.10336785 -094.19408844 102
111  33.10343254 -094.19418735 102
111  33.10345439 -094.19420810
111  33.10363674 -094.19438132
112  33.10370729 -094.19440642  33.10374809 -094.19441048
111  33.10370729 -094.19440642
112  33.10370729 -094.19440642  33.10374605 -094.19441028
112  33.10383747 -094.19433950  33.10388017 -094.19428017
111  33.10383747 -094.19433950
111  33.10625963 -094.19064248
112  33.10625963 -094.19064248  33.10628557 -094.19059038
112  33.10626233 -094.19050288  33.10624748 -094.19046566
111  33.10626233 -094.19050288
112  33.10626233 -094.19050288  33.10624755 -094.19046582
111  33.10622638 -094.19044172
111  33.10603156 -094.19025677
112  33.10602715 -094.19025337  33.10602428 -094.19025126
111  33.10602715 -094.19025337
111  33.10616093 -094.19004585
111  33.10638468 -094.19025937
112  33.10638468 -094.19025937  33.10639211 -094.19026924
112  33.10640477 -094.19028893  33.10641075 -094.19029876
111  33.10640477 -094.19028893
112  33.10640477 -094.19028893  33.10650920 -094.19046051
111  33.10640122 -094.19062120
111  33.10470076 -094.19321752
112  33.10470076 -094.19321752  33.10465214 -094.19331070
111  33.10472483 -094.19340384
111  33.10473077 -094.19340956
111  33.10484807 -094.19352236
111  33.10478759 -094.19361091
111  33.10466149 -094.19349444
112  33.10450857 -094.19351419  33.10444421 -094.19357958
111  33.10450857 -094.19351419
111  33.10397967 -094.19431481
112  33.10397967 -094.19431481  33.10392215 -094.19449333
111  33.10398585 -094.19457251
111  33.10409147 -094.19466601
111  33.10415840 -094.19472525
111  33.10419185 -094.19471763
111  33.10422340 -094.19475035
111  33.10421440 -094.19477482
111  33.10425365 -094.19480956
111  33.10430516 -094.19477030
112  33.10430833 -094.19474504  33.10430402 -094.19472896
111  33.10430833 -094.19474504
112  33.10430833 -094.19474504  33.10420303 -094.19441029
112  33.10462160 -094.19455519  33.10475530 -094.19480802
111  33.10462160 -094.19455519
111  33.10476945 -094.19484990
111  33.10479007 -094.19489099
111  33.10493511 -094.19518010
111  33.10501014 -094.19523918
111  33.10513909 -094.19532364
111  33.10513967 -094.19539517
111  33.10498507 -094.19530242
111  33.10487214 -094.19521390
111  33.10470814 -094.19508533
111  33.10456921 -094.19497642
111  33.10439009 -094.19483601
112  33.10439009 -094.19483601  33.10435681 -094.19481387
111  33.10430496 -094.19485697
111  33.10426665 -094.19491572
111  33.10432896 -094.19497466
111  33.10424262 -094.19510570
111  33.10418111 -094.19504751
111  33.10414043 -094.19511023
111  33.10407343 -094.19521352
111  33.10388176 -094.19550900
111  33.10380125 -094.19543523
111  33.10378791 -094.19545661
111  33.10361571 -094.19529846
111  33.10362891 -094.19527731
111  33.10355914 -094.19521338
111  33.10386890 -094.19473932
112  33.10386890 -094.19473932  33.10381220 -094.19469616
112  33.10370498 -094.19473953  33.10365568 -094.19478661
111  33.10370498 -094.19473953
111  33.10346363 -094.19510775
111  33.10316748 -094.19555958
111  33.10300817 -094.19580263
111  33.10269081 -094.19628682
111  33.10217584 -094.19707250
111  33.10197289 -094.19738213
111  33.10012953 -094.20019449
111  33.09999631 -094.20007091 102
111  33.09963590 -094.19973658
113  33.09962852 -094.19972974
111  33.10449391 -094.19478569
111  33.10449915 -094.19477506
111  33.10458283 -094.19460519
111  33.10447254 -094.19452026
112  33.10447254 -094.19452026  33.10436348 -094.19448562
112  33.10440188 -094.19475205  33.10449773 -094.19487302
111  33.10440188 -094.19475205
111  33.10442785 -094.19477585
113  33.10443855 -094.19475724
110 2 0.00 0.0000 New Taxiway 700
111  33.10432896 -094.19497466
111  33.10446317 -094.19510163
111  33.10437763 -094.19523342
113  33.10424262 -094.19510570
110 2 0.00 0.0000 New Taxiway 700
111  33.10378791 -094.19545661
111  33.10372525 -094.19555702
111  33.10355291 -094.19539910
113  33.10361571 -094.19529846
110 2 0.00 0.0000 New Taxiway 700
111  33.10602715 -094.19025337
112  33.10602715 -094.19025337  33.10601880 -094.19024725 102
112  33.10597279 -094.19022684  33.10594647 -094.19021936
111  33.10597279 -094.19022684
111  33.10611643 -094.19000339 102
113  33.10616093 -094.19004585
110 1 0.00 0.0000 New Taxiway 700
111  33.10597279 -094.19022684
112  33.10597279 -094.19022684  33.10593894 -094.19021722 102
112  33.10584834 -094.19025086  33.10580255 -094.19028515
111  33.10584834 -094.19025086
111  33.10583405 -094.19026270
111  33.10603699 -094.18992758
111  33.10605142 -094.18994070 102
113  33.10611643 -094.19000339
130 Airport Boundary 735
111  33.10515525 -094.19278526
111  33.10515780 -094.19753830
111  33.10203959 -094.19758865
111  33.09879223 -094.20287812
111  33.09851679 -094.20309845
111  33.09829543 -094.20357216
111  33.09682541 -094.20217032
111  33.09838392 -094.20078946
111  33.09852100 -094.20038150
111  33.09841673 -094.19907411
111  33.09854105 -094.19826299
111  33.09869098 -094.19819588
111  33.09872846 -094.19834841
111  33.09886961 -094.19842180
111  33.09896972 -094.19832889
111  33.09896972 -094.19816537
111  33.09883887 -094.19806775
111  33.09875095 -094.19752351
111  33.09859287 -094.19693730
111  33.09766315 -094.19471569
111  33.09836250 -094.19249634
111  33.10303472 -094.19241338
111  33.10299046 -094.18973174
111  33.10486624 -094.18971050
111  33.10514273 -094.18997152
111  33.10621666 -094.18845911
111  33.10732342 -094.18874454
111  33.10747871 -094.18882203
111  33.10720346 -094.18954103
111  33.10708596 -094.18966168
113  33.10704817 -094.18986963
120 Linear Feature 734
111  33.10024940 -094.19968641 54
115  33.09999631 -094.20007091
120 Linear Feature 733
111  33.10269081 -094.19628682 54
115  33.10261855 -094.19621566
120 Linear Feature 732
111  33.10309400 -094.19548974 54
115  33.10316748 -094.19555958
120 Linear Feature 731
111  33.10370729 -094.19440642 54
115  33.10361710 -094.19454408
120 Linear Feature 730
111  33.10640477 -094.19028893 54
115  33.10626233 -094.19050288
120 Linear Feature 729
111  33.10394563 -094.19529237 51
111  33.10396738 -094.19525974 51
115  33.10398953 -094.19522650
120 Linear Feature 729
111  33.10386951 -094.19540979 51
111  33.10389126 -094.19537715 51
115  33.10391342 -094.19534391
120 Linear Feature 729
111  33.10379613 -094.19496979 51
111  33.10381788 -094.19493715 51
115  33.10384003 -094.19490391
120 Linear Feature 729
111  33.10372001 -094.19508586 51
111  33.10374175 -094.19505323 51
115  33.10376391 -094.19501999
120 Linear Feature 729
111  33.10364375 -094.19520212 51
111  33.10366550 -094.19516949 51
115  33.10368766 -094.19513624
120 Linear Feature 728
111  33.10396738 -094.19525974 51
115  33.10400377 -094.19529452
120 Linear Feature 728
111  33.10389126 -094.19537715 51
115  33.10392765 -094.19541193
120 Linear Feature 728
111  33.10378148 -094.19490238 51
115  33.10381788 -094.19493715
120 Linear Feature 728
111  33.10370536 -094.19501845 51
115  33.10374175 -094.19505323
120 Linear Feature 728
111  33.10362911 -094.19513471 51
115  33.10366550 -094.19516949
120 Linear Feature 727
112  33.10429071 -094.19484316  33.10425255 -094.19490095 51
112  33.10412290 -094.19487224  33.10406350 -094.19482708
111  33.10412290 -094.19487224
112  33.10412290 -094.19487224  33.10407818 -094.19483305 51
116  33.10409147 -094.19466601  33.10413753 -094.19457581
120 Linear Feature 726
111  33.10282274 -094.19721481 51
115  33.10282194 -094.19712914
120 Linear Feature 726
111  33.10270809 -094.19721716 51
115  33.10270730 -094.19713149
120 Linear Feature 726
111  33.10293784 -094.19721245 51
115  33.10293704 -094.19712677
120 Linear Feature 726
111  33.10294104 -094.19737865 51
115  33.10293986 -094.19730643
120 Linear Feature 726
111  33.10282541 -094.19738102 51
115  33.10282423 -094.19730881
120 Linear Feature 726
111  33.10270942 -094.19738340 51
115  33.10270824 -094.19731119
120 Linear Feature 726
111  33.10259496 -094.19738575 51
115  33.10259378 -094.19731354
120 Linear Feature 726
111  33.10248012 -094.19738811 51
115  33.10247894 -094.19731590
120 Linear Feature 723
112  33.10195070 -094.19732166  33.10197448 -094.19729249 51
111  33.10203020 -094.19728092 51
111  33.10221854 -094.19727620 51
115  33.10299782 -094.19725669
120 Linear Feature 724
112  33.10212283 -094.19705876  33.10208378 -094.19717882 51
116  33.10221854 -094.19727620  33.10228243 -094.19728750
120 Linear Feature 721
112  33.10371277 -094.19463041  33.10376627 -094.19457641 51
112  33.10388040 -094.19461287  33.10393230 -094.19464839
111  33.10388040 -094.19461287
112  33.10388040 -094.19461287  33.10397441 -094.19467720 51
112  33.10394761 -094.19502477  33.10386066 -094.19519460
111  33.10394761 -094.19502477 51
115  33.10373866 -094.19533649
120 Linear Feature 722
112  33.10385886 -094.19440728  33.10380463 -094.19452028 51
115  33.10388040 -094.19461287
120 Linear Feature 720
111  33.10361580 -094.19443046 51
116  33.10364962 -094.19472686  33.10357666 -094.19489282
120 Linear Feature 719
111  33.10332374 -094.19416025 51
112  33.10318034 -094.19418757  33.10311625 -094.19426015
111  33.10318034 -094.19418757 51
115  33.10283315 -094.19471658
120 Linear Feature 718
112  33.10386368 -094.19439991  33.10374063 -094.19452138 51
111  33.10361580 -094.19443046 51
111  33.10332374 -094.19416025 51
112  33.10331569 -094.19398045  33.10336754 -094.19388624
111  33.10331569 -094.19398045 51
115  33.10365650 -094.19346208
120 Linear Feature 717
112  33.10446929 -094.19347496  33.10457719 -094.19336988 51
115  33.10469188 -094.19344851
120 Linear Feature 716
112  33.10466586 -094.19317473  33.10459629 -094.19333914 51
111  33.10469188 -094.19344851 51
115  33.10480635 -094.19355527
120 Linear Feature 715
111  33.09978583 -094.19950822 51
112  33.09985034 -094.19964190  33.09991215 -094.19971238
111  33.09985034 -094.19964190 51
111  33.10004825 -094.19982766
112  33.10004825 -094.19982766  33.10020642 -094.19995599 51
111  33.10032744 -094.19980091 51
111  33.10195070 -094.19732166 51
111  33.10212283 -094.19705876 51
115  33.10284342 -094.19595818
120 Linear Feature 715
111  33.10297641 -094.19575507 51
111  33.10364962 -094.19472686 51
111  33.10371277 -094.19463041 51
111  33.10385886 -094.19440728 51
111  33.10386368 -094.19439991 51
111  33.10446929 -094.19347496 51
111  33.10466586 -094.19317473 51
111  33.10633256 -094.19062915 51
112  33.10630022 -094.19034136  33.10618206 -094.19019405
111  33.10630022 -094.19034136 51
111  33.10607274 -094.19013221
112  33.10607274 -094.19013221  33.10601958 -094.19009043 51
115  33.10594924 -094.19009825
21  33.10078976 -094.19830940 2 51.9800 4.00 New Light Fixture 81
21  33.10502284 -094.19086149 2 231.9800 4.00 New Light Fixture 81
1300  33.10469350 -094.19380582 -179.83 hangar props Hangar 21-G
1301 A none 
1300  33.10469426 -094.19399132 -179.83 hangar props Hangar 21-E
1301 A none 
1300  33.10469285 -094.19417492 -179.83 hangar props Hangar 21-C
1301 A none 
1300  33.10476523 -094.19389717   0.16 hangar props Hangar 21-F
1301 A none 
1300  33.10476605 -094.19407982   0.16 hangar props Hangar 21-D
1301 A none 
1300  33.10476748 -094.19426418   0.16 hangar props Hangar 21-B
1301 A none 
1300  33.10469385 -094.19435587 -179.83 hangar props Hangar 21-A
1301 A none 
1300  33.10500285 -094.19329566 -172.95 hangar props Hangar 20
1301 A none 
1300  33.10497891 -094.19363376 -180.29 hangar props Hangar 19
1301 A none 
1300  33.10498430 -094.19397286 -180.29 hangar props Hangar 18
1301 A none 
1300  33.10498660 -094.19412797 -182.68 hangar props Hangar 17
1301 A none 
1300  33.10496798 -094.19429826 -182.68 hangar props Hangar 16
1301 A none 
1300  33.10495216 -094.19450240 -182.68 hangar turboprops|props Hangar 15
1301 A none 
1300  33.10495373 -094.19472559 -180.24 hangar props Hangar 14
1301 A none 
1300  33.10495307 -094.19487105 -180.24 hangar props Hangar 13
1301 A none 
1300  33.10453337 -094.19467728 -30.45 hangar props Hangar 12
1301 A none 
1300  33.10429900 -094.19504981 141.80 hangar props Hangar 11
1301 A none 
1300  33.10445891 -094.19535063 -125.52 hangar props Hangar 10
1301 A none 
1300  33.10461883 -094.19549861 -125.52 hangar props Hangar 09
1301 A none 
1300  33.10364917 -094.19534984  52.62 hangar props Hangar 08-B
1301 A none 
1300  33.10373904 -094.19543044  52.62 hangar props Hangar 08-A
1301 A none 
1300  33.10395917 -094.19569366 -35.31 hangar props Hangar 07
1301 A none 
1300  33.10423772 -094.19567385  55.93 hangar props Hangar 06-F
1301 A none 
1300  33.10436464 -094.19577634  55.93 hangar props Hangar 06-D
1301 A none 
1300  33.10449205 -094.19587863  55.93 hangar props Hangar 06-B
1301 A none 
1300  33.10425952 -094.19579970 -124.62 hangar props Hangar 06-E
1301 A none 
1300  33.10438656 -094.19590197 -124.62 hangar props Hangar 06-C
1301 A none 
1300  33.10451275 -094.19600603 -124.62 hangar props Hangar 06-A
1301 A none 
1300  33.10460926 -094.19607547 -124.62 hangar props Hangar 05
1301 A none 
1300  33.10470507 -094.19614670 -124.62 hangar props Hangar 04
1301 A none 
1300  33.10481891 -094.19624181 -124.62 hangar props Hangar 03
1301 A none 
1300  33.10270756 -094.19712327 271.14 hangar props Hangar 02-C
1301 A none 
1300  33.10282168 -094.19712185 271.14 hangar props Hangar 02-B
1301 A none 
1300  33.10293655 -094.19711822 271.14 hangar props Hangar 02-A
1301 A none 
1300  33.10248032 -094.19739588  91.14 hangar props Hangar 01-E
1301 A none 
1300  33.10259523 -094.19739399  91.14 hangar props Hangar 01-D
1301 A none 
1300  33.10270946 -094.19739111  91.14 hangar props Hangar 01-C
1301 A none 
1300  33.10282553 -094.19738854  91.14 hangar props Hangar 01-B
1301 A none 
1300  33.10294167 -094.19738685  91.14 hangar props Hangar 01-A
1301 A none 
1300  33.10381788 -094.19493715 -38.71 tie_down props Tie Down 5
1301 A general_aviation 
1300  33.10374175 -094.19505323 -38.71 tie_down props Tie Down 4
1301 A general_aviation 
1300  33.10366550 -094.19516949 -38.71 tie_down props Tie Down 3
1301 A general_aviation 
1300  33.10396738 -094.19525974 141.49 tie_down props Tie Down 2
1301 A general_aviation 
1300  33.10389126 -094.19537715 141.49 tie_down props Tie Down 1
1301 A general_aviation 
18  33.10502237 -094.19510375 1 New Airport Beacon 79
19  33.10279442 -094.19271203 1 New Windsock 76
51 12290 Hall Miller Muni Unicom
99
