A
1000 Generated by Infinite Flight Airport Editing (World Parser)/AB

1     2023 0 1 42K  Smith Field
100   60.96   1   0 0.25 0 0 0 17   37.97857870 -098.96581176    0.00    0.00 2  0 0 0 35   37.97145130 -098.96549602    0.00    0.00 2  0 0 0
110   1 0.30 178.00 Default taxiway for RWY 17
111  37.97856921 -098.96615668   3 
111  37.97852126 -098.96789841   3 
111  37.97139386 -098.96758244   3 
111  37.97144181 -098.96584088 
112  37.97199007 -098.96586517  37.97171586 -098.96585587   3 
111  37.97170437 -098.96627316   3 
112  37.97168905 -098.96682955  37.97167756 -098.96724685   3 
111  37.97195169 -098.96725900   3 
111  37.97483006 -098.96738659   3 
111  37.97486844 -098.96599271 
111  37.97514258 -098.96600486   3 
111  37.97510420 -098.96739875   3 
112  37.97798257 -098.96752634  37.97825670 -098.96753848   3 
111  37.97826819 -098.96712115   3 
112  37.97828351 -098.96656471  37.97829500 -098.96614738   3 
113  37.97802095 -098.96613239 
120 Default hold RWY 17 (near)
111  37.97854998 -098.96685509   4 
115  37.97827585 -098.96684293 
120 Default hold RWY 17 (centre)
111  37.97512335 -098.96670323   4 
115  37.97484921 -098.96669107 
120 Default hold RWY 17 (far)
111  37.97169671 -098.96655136   4 
115  37.97142258 -098.96653922 
19   37.97915568 -098.96479272 1 WS
19   37.97087432 -098.96651495 1 WS


130 Airport Boundary
111  037.97139359 -098.96758270
111  037.97851944 -098.96789551
111  037.97854996 -098.96685791
111  037.97858047 -098.96581268
113  037.97145081 -098.96549225
99
