A
1000 Generated by Infinite Flight Airport Editing (World Parser)/AB

1      812 0 0 YWWE WARRAWEE
100   54.86   4   0 0.25 0 0 0 7   -20.29751152  146.61414765    0.00    0.00 0  0 0 0 25  -20.29525886  146.62142704    0.00    0.00 0  0 0 0
110   4 0.25   0.00 New Taxiway 19
111 -20.29944160  146.61239851 
112 -20.29885278  146.61309737 -20.29857503  146.61333427 
112 -20.29800844  146.61435295 -20.29783068  146.61468461 
112 -20.29747517  146.61603496 -20.29739740  146.61666275 
112 -20.29737518  146.61708917 -20.29738629  146.61730238 
112 -20.29807509  146.61883040 -20.29813064  146.61892516 
111 -20.29790845  146.61888963 
111 -20.29733074  146.61737345 
112 -20.29713076  146.61660352 -20.29707521  146.61642585 
111 -20.29705299  146.61620079 
111 -20.29768625  146.61431741 
112 -20.29799733  146.61403313 -20.29807509  146.61376069 
113 -20.29879723  146.61300261 
14  -20.29671970  146.61503997    6 0 New Tower Viewpoint 27
15  -20.29725297  146.61618894 290.23 New Ramp Start 26
19  -20.29756404  146.61486229 0 New Windsock 28


130 Airport Boundary
111 -020.29944229  146.61239624
111 -020.29751205  146.61415100
111 -020.29525948  146.62142944
113 -020.29807472  146.61883545
99
