A
1000 Generated by Infinite Flight Airport Editing (World Parser)/AB

1     4277 1 1 MMCB GENERAL MARIANO MATAMOROS
100   45.11   1   0 0.25 0 2 1 02   18.82365000 -099.26837500    0.00   59.44 2  0 0 0 20   18.84587800 -099.25422500   79.25    0.00 2  0 0 0
21   18.82539861 -099.26775659  2  31.07   3.00 02  PAPI-4L
21   18.84351859 -099.25523255  2 211.07   3.00 20  PAPI-4L
10   18.83078600 -099.26253500 xxx  31.28   600 0.0 0.0   300 161161  1 0 0 0.25 0
10   18.83189200 -099.26310000 xxx 121.28   600 0.0 0.0    90 161161  1 0 0 0.25 0
10   18.84590700 -099.25482200 xxx  31.28   200 0.0 0.0   100 161161  1 0 0 0.25 0
10   18.82392900 -099.26892100 xxx  31.28   200 0.0 0.0   100 161161  1 0 0 0.25 0
14   18.82989900 -099.26313000   50 0 ATC Tower
15   18.83087500 -099.26223800 121.00 Plataforma 1
18   18.83550200 -099.26289200 1 BCN
19   18.82424100 -099.27011900 1 WS
19   18.84592000 -099.25419800 1 WS
54 11835 CUERNAVACA TWR
55 12890 TOLUCA APP


130 Airport Boundary
111  018.82365036 -099.26837158
111  018.82392883 -099.26892090
111  018.84590721 -099.25482178
111  018.84587860 -099.25422668
113  018.83078575 -099.26253510
99
