A
1000 Generated by Infinite Flight Airport Editing (World Parser)/AB

1       36 1 1 MMMT MINATITLAN
100   45.11   1   0 0.25 0 3 1 01   18.09437200 -094.58371900    0.00   60.96 2  0 0 0 19   18.11246700 -094.57764400    0.00   54.86 2  0 0 0
21   18.09620857 -094.58354527  2  17.70   3.00 01  PAPI-4L
21   18.11063044 -094.57781782  2 197.70   3.00 19  PAPI-4L
10   18.10162700 -094.57861300 xxx  17.70   500 0.0 0.0   300 161161  1 0 0 0.25 0
10   18.10192500 -094.58004000 xxx  50.00  1350 0.0 0.0    90 161161  1 0 0 0.25 0
10   18.10255100 -094.57788800 xxx  17.70  1300 0.0 0.0   100 161161  1 0 0 0.25 0
10   18.10279800 -094.57867400 xxx  17.70  1300 0.0 0.0    90 161161  1 0 0 0.25 0
10   18.10345300 -094.57799500 xxx  17.70   700 0.0 0.0   300 161161  1 0 0 0.25 0
10   18.10559800 -094.57902500 xxx 160.00   900 0.0 0.0    90 161161  1 0 0 0.25 0
10   18.10446200 -094.57842300 xxx 107.70   200 0.0 0.0    90 161161  1 0 0 0.25 0
10   18.09403200 -094.58347300 xxx  17.70   200 0.0 0.0   100 161161  1 0 0 0.25 0
10   18.11260800 -094.57724000 xxx  17.70   200 0.0 0.0   100 161161  1 0 0 0.25 0
14   18.10261700 -094.57756000   50 0 ATC Tower
15   18.10400400 -094.57750700 107.00 Plataforma 1
18   18.10366600 -094.58149500 1 BCN
19   18.09461800 -094.58453300 1 WS
19   18.11222100 -094.57683000 1 WS
54 11810 TWR


130 Airport Boundary
111  018.09403229 -094.58347321
111  018.09437180 -094.58371735
111  018.11246681 -094.57764435
111  018.11260796 -094.57723999
113  018.10255051 -094.57788849
99
