A
1000 Generated by Infinite Flight Airport Editing (World Parser)/AB

1      585 0 1 02A  GRAGG WADE FLD
100   30.48   1   0 0.25 0 2 0 08   32.84937200 -086.61782800  249.63    0.00 2  0 0 0 26   32.85159400 -086.60504400    0.00    0.00 2  0 0 0
21   32.85049380 -086.61318575  1  78.31   3.00 08  VASI
21   32.85092770 -086.60706778  1 258.31   3.00 26  VASI
110   1 0.30  78.31 Default taxiway for RWY 08
111  32.84923990 -086.61779546   3 102 
111  32.84856618 -086.61762949   3 102 
111  32.85078883 -086.60484580   3 102 
111  32.85146255 -086.60501178 
112  32.85140696 -086.60533151  32.85143255 -086.60517110   3 102 
111  32.85127138 -086.60513140   3 102 
112  32.85105650 -086.60507846  32.85089534 -086.60503876   3 102 
111  32.85086755 -086.60519862   3 102 
111  32.84982571 -086.61119080   3 102 
111  32.85036512 -086.61132369 
111  32.85033733 -086.61148355   3 102 
111  32.84979792 -086.61135066   3 102 
112  32.84875608 -086.61734284  32.84872829 -086.61750270   3 102 
111  32.84888945 -086.61754240   3 102 
112  32.84910433 -086.61759534  32.84926550 -086.61763504   3 102 
113  32.84929549 -086.61747573 
120 Default hold RWY 08 (near)
111  32.84896909 -086.61772874   4 
115  32.84899689 -086.61756887 
120 Default hold RWY 08 (centre)
111  32.85006652 -086.61141683   4 
115  32.85009431 -086.61125697 
120 Default hold RWY 08 (far)
111  32.85116394 -086.60510493   4 
115  32.85119174 -086.60494506 
18   32.85142337 -086.61166818 1 BCN
19   32.84971932 -086.61824699 1 WS
19   32.85124664 -086.60462505 1 WS
51 12280 CTAF/UNICOM
55 12120 MONTGOMERY APP/DEP


130 Airport Boundary
111  032.84856796 -086.61763000
111  032.84923935 -086.61779785
111  032.84937286 -086.61782837
111  032.85159302 -086.60504150
111  032.85119247 -086.60494232
113  032.85078812 -086.60484314
99
