A
1000 Generated by Infinite Flight Airport Editing (World Parser)/AB

1      311 1 0 UNOS Omsk Severny
100   79.86   2   0 0.00 1 2 1 05   54.96579735  073.53243473    0.00    0.00 2  9 0 0 23   54.98056946  073.57059170    0.00    0.00 2  9 0 0
110   2 0.00  76.00 New Taxiway 2
111  54.97237885  073.53839788 
111  54.97252808  073.53821980 
111  54.97248107  073.53818775 
111  54.97243609  073.53817350 
111  54.97241156  073.53815926 
111  54.97238090  073.53818419 
111  54.97235228  073.53812720 
113  54.97228686  073.53815214 
110   4 0.00 142.25 New Taxiway 8
111  54.97664913  073.54083201 
111  54.97472828  073.54304947 
111  54.97484578  073.54328459 
113  54.97675585  073.54111509 
110   2 0.00 150.00 New Taxiway 5
112  54.97664699  073.54958593  54.97662868  073.54914724 
112  54.97682857  073.54896524  54.97692699  073.54885357 
111  54.97845573  073.54722794 
112  54.97922828  073.54631480  54.97927174  073.54626773 
112  54.97917415  073.54575767  54.97911425  073.54560008 
111  54.97691656  073.53954810 
111  54.97633682  073.54017192 
111  54.97678830  073.54123176 
111  54.97692398  073.54153199 
112  54.97852684  073.54593390  54.97862331  073.54620088 
112  54.97852294  073.54666687  54.97838296  073.54683167 
112  54.97671288  073.54867953  54.97661446  073.54878721 
114  54.97630547  073.54858104  54.97608609  073.54835102 
110   1 0.00  76.00 New Taxiway 4
111  54.96750412  073.46231603 
111  54.96783168  073.46231497 
111  54.96781100  073.45602948 
111  54.96487670  073.45601117 
113  54.96486619  073.46231267 
110   2 0.00  90.00 New Taxiway 3
111  54.96732316  073.46228986 
111  54.96731600  073.46373656 
111  54.96707305  073.46379701 
111  54.96707305  073.46496566 
111  54.96735071  073.46496566 
111  54.96740855  073.48451071 
111  54.96817210  073.49174459 
111  54.96842662  073.49535156 
111  54.96915546  073.50258566 
111  54.97004626  073.51312491 
111  54.97041647  073.51645005 
111  54.97104119  073.52511582 
111  54.96844975  073.52840075 
111  54.96860015  073.52870304 
111  54.97079824  073.52600255 
111  54.97128413  073.52525689 
111  54.97059000  073.51699424 
111  54.96950252  073.50484255 
111  54.96895878  073.49875680 
111  54.96853074  073.49514987 
111  54.96832250  073.49178470 
111  54.96802170  073.48864123 
111  54.96754738  073.48449029 
111  54.96747797  073.48060130 
111  54.96759365  073.46494451 
111  54.96794072  073.46490420 
111  54.96792915  073.46381606 
111  54.96751267  073.46373545 
113  54.96752424  073.46230474 
110   2 0.00  54.57 New Taxiway 2
112  54.97870543  073.56466828  54.97866537  073.56432608 
112  54.97881687  073.56410207  54.97892152  073.56394898 
111  54.97939115  073.56336076 
111  54.97964800  073.56389518 
111  54.98046473  073.56290583 
111  54.98023627  073.56230590 
112  54.98069165  073.56181941  54.98077921  073.56172823 
112  54.98114172  073.56181981  54.98122074  073.56195936 
112  54.98075075  073.56080619  54.98084685  073.56124903 
112  54.98060342  073.56157294  54.98051800  073.56167342 
112  54.97870893  073.56385756  54.97862236  073.56396562 
114  54.97831761  073.56374657  54.97809539  073.56354620 
110   2 0.00 145.00 New Taxiway 1
112  54.96635496  073.53276707  54.96624166  073.53226709 
112  54.96664179  073.53116032  54.96707736  073.53060333 
112  54.96819069  073.52917846  54.96831111  073.52906968 
112  54.96858269  073.52937831  54.96868082  073.52963471 
112  54.98322070  073.56720588  54.98332057  073.56747421 
112  54.98317002  073.56787364  54.98303269  073.56805495 
112  54.98283825  073.56792225  54.98275294  073.56772282 
111  54.98260185  073.56728973 
111  54.98177697  073.56833875 
112  54.98195081  073.56881963  54.98201115  073.56901543 
112  54.98187392  073.56931885  54.98181565  073.56939137 
112  54.98116007  073.57013815  54.98103731  073.57026869 
112  54.98075329  073.56997550  54.98059696  073.56974023 
111  54.98024462  073.57086991 
111  54.98042008  073.57136092 
111  54.98369875  073.56768897 
111  54.98049885  073.55948707 
111  54.98095472  073.55880937 
111  54.97939627  073.55489459 
111  54.97896939  073.55545663 
111  54.97420792  073.54317618 
111  54.97486146  073.54237013 
111  54.97297954  073.53764216 
111  54.97237328  073.53836658 
111  54.96867830  073.52886002 
111  54.96843529  073.52829980 
111  54.96525544  073.53224094 
113  54.96564744  073.53311693 
110   2 0.00 323.20 New Taxiway 7
112  54.97455173  073.54405603  54.97451762  073.54383813 
112  54.97464033  073.54355115  54.97470287  073.54344715 
111  54.97484642  073.54328378 
111  54.97472881  073.54304874 
112  54.97454524  073.54328142  54.97446719  073.54337590 
114  54.97420757  073.54320057  54.97408535  073.54308171 
110   2 0.00  55.49 New Taxiway 6
111  54.97831566  073.54734382 
111  54.97850147  073.54780102 
111  54.97864349  073.54762527 
113  54.97846495  073.54720306 
110   2 0.00  55.49 New Taxiway 6
111  54.97771555  073.54794435 
111  54.97790135  073.54840155 
111  54.97801967  073.54822581 
113  54.97786484  073.54781736 
110   2 0.00 324.18 New Taxiway 9
111  54.98319931  073.56820630 
111  54.98357154  073.56821768 
111  54.98356501  073.56787628 
111  54.98400254  073.56771696 
111  54.98436824  073.56854771 
111  54.98454456  073.56827458 
111  54.98408090  073.56727313 
111  54.98451844  073.56674964 
111  54.98482536  073.56666998 
111  54.98493638  073.56623754 
112  54.98582092  073.56524645  54.98582092  073.56528059 
111  54.98601665  073.56578264 
111  54.98623253  073.56548233 
111  54.98606394  073.56497846 
111  54.98639483  073.56448916 
111  54.98628245  073.56410914 
111  54.98590030  073.56460296 
111  54.98566778  073.56388185 
111  54.98544574  073.56418911 
111  54.98567626  073.56491576 
112  54.98517103  073.56554071  54.98513663  073.56557667 
112  54.98504285  073.56549544  54.98503597  073.56535158 
111  54.98505392  073.56470122 
111  54.98480577  073.56463294 
112  54.98472088  073.56614650  54.98470196  073.56631432 
111  54.98455694  073.56634656 
112  54.98440089  073.56630582  54.98438197  073.56618594 
111  54.98435518  073.56507676 
111  54.98417233  073.56507676 
112  54.98418539  073.56673826  54.98414928  073.56688811 
114  54.98357426  073.56736956  54.98340057  073.56728265 
110   2 0.00  55.49 New Taxiway 6
111  54.97708580  073.54864453 
111  54.97727161  073.54904665 
111  54.97740573  073.54889844 
113  54.97721929  073.54846247 
110   2 0.00  76.00 New Taxiway 10
111  54.97084041  073.52593122 
112  54.97134978  073.52596535  54.97144117  073.52620418 
112  54.97227709  073.52845673  54.97238676  073.52875926 
112  54.97221179  073.52900279  54.97209602  073.52911955 
111  54.97190308  073.52936293 
111  54.97227142  073.53047027 
111  54.97277992  073.52985600 
111  54.97312603  073.53067509 
111  54.97325664  073.53049307 
112  54.97146733  073.52578333  54.97142468  073.52567188 
112  54.97158487  073.52546480  54.97168845  073.52540111 
111  54.97185915  073.52565819 
111  54.97217913  073.52528278 
111  54.97193095  073.52477464 
111  54.97155875  073.52524865 
112  54.97126489  073.52519177  54.97118568  073.52501132 
112  54.97124529  073.52436131  54.97129404  073.52420209 
111  54.97172201  073.52390626 
111  54.97165018  073.52346259 
112  54.97109207  073.52367574  54.97094584  073.52335730 
114  54.97111339  073.52525201  54.97103723  073.52500256 
120 Linear Feature 7
112  54.97418705  073.54282077  54.97408201  073.54292015   1 
116  54.97392929  073.54281489  54.97384126  073.54269108 
120 Linear Feature 6
112  54.97393302  073.54219500  54.97389234  073.54225358   1 
116  54.97384857  073.54260616  54.97389039  073.54282950 
120 Linear Feature 6
112  54.97370099  073.54159051  54.97366032  073.54164909   1 
116  54.97361774  073.54200921  54.97365956  073.54223255 
120 Linear Feature 6
112  54.97344554  073.54093752  54.97340486  073.54099610   1 
116  54.97336097  073.54134532  54.97340279  073.54156866 
120 Linear Feature 6
112  54.97317660  073.54022441  54.97313593  073.54028298   1 
116  54.97309193  073.54063656  54.97313375  073.54085990 
120 Linear Feature 6
112  54.97294904  073.53963401  54.97290836  073.53969259   1 
116  54.97286437  073.54004617  54.97290618  073.54026950 
120 Linear Feature 6
112  54.97271158  073.53903500  54.97267090  073.53909358   1 
116  54.97262691  073.53944716  54.97266872  073.53967050 
120 Linear Feature 5
112  54.97429149  073.54178617  54.97434490  073.54172602   1 
116  54.97449682  073.54177882  54.97457255  073.54189355 
120 Linear Feature 5
112  54.97403639  073.54118168  54.97408980  073.54112153   1 
116  54.97425618  073.54116705  54.97433191  073.54128178 
120 Linear Feature 5
112  54.97379935  073.54053345  54.97385276  073.54047330   1 
116  54.97400397  073.54052619  54.97407970  073.54064092 
120 Linear Feature 5
112  54.97351200  073.53981557  54.97356541  073.53975542   1 
116  54.97371781  073.53980795  54.97379354  073.53992269 
120 Linear Feature 5
112  54.97328443  073.53922517  54.97333784  073.53916503   1 
116  54.97349025  073.53921756  54.97356597  073.53933229 
120 Linear Feature 5
112  54.97304697  073.53862617  54.97310038  073.53856602   1 
116  54.97325279  073.53861855  54.97332851  073.53873329 
120 Linear Feature 4
112  54.97435704  073.54142339  54.97440446  073.54162609   1 
112  54.97429149  073.54178617  54.97425226  073.54184246   1 
112  54.97393305  073.54219498  54.97386766  073.54226808   1 
116  54.97367160  073.54214856  54.97357444  073.54200966 
120 Linear Feature 4
112  54.97411164  073.54079972  54.97415906  073.54100241   1 
112  54.97403638  073.54118168  54.97399715  073.54123797   1 
112  54.97370102  073.54159049  54.97363563  073.54166359   1 
116  54.97343793  073.54154433  54.97334077  073.54140544 
120 Linear Feature 4
112  54.97386436  073.54017145  54.97391178  073.54037414   1 
112  54.97379935  073.54053345  54.97376011  073.54058974   1 
112  54.97344556  073.54093749  54.97338018  073.54101059   1 
116  54.97318496  073.54089023  54.97308781  073.54075133 
120 Linear Feature 4
112  54.97357766  073.53945266  54.97362508  073.53965535   1 
112  54.97351199  073.53981557  54.97347276  073.53987186   1 
112  54.97317663  073.54022438  54.97311124  073.54029748   1 
116  54.97291445  073.54017760  54.97281729  073.54003871 
120 Linear Feature 4
112  54.97335009  073.53886226  54.97339752  073.53906496   1 
112  54.97328443  073.53922518  54.97324520  073.53928147   1 
112  54.97294906  073.53963398  54.97288368  073.53970708   1 
116  54.97268688  073.53958721  54.97258972  073.53944831 
120 Linear Feature 4
112  54.97311263  073.53826326  54.97316006  073.53846595   1 
112  54.97304697  073.53862617  54.97300774  073.53868246   1 
112  54.97271160  073.53903498  54.97264622  073.53910807   1 
116  54.97244942  073.53898820  54.97235226  073.53884930 
120 Linear Feature 3
112  54.97223024  073.53842139  54.97235971  073.53861379   1 
112  54.97248924  073.53854746  54.97254763  073.53847670   1 
112  54.97286593  073.53806649  54.97294744  073.53796337   1 
112  54.97310059  073.53823288  54.97316878  073.53840393   1 
112  54.97461740  073.54208594  54.97465287  073.54217794   1 
112  54.97458789  073.54234956  54.97452878  073.54242096   1 
111  54.97418705  073.54282077   1 
116  54.97413408  073.54334441  54.97422607  073.54368989 
120 Linear Feature 1
112  54.96598100  073.53290932  54.96585277  073.53235575   1 
112  54.96629775  073.53127978  54.96651890  073.53100137   1 
112  54.96810052  073.52900305  54.96827707  073.52877643   1 
112  54.96867920  073.52923363  54.96888362  073.52977428   1 
112  54.98332761  073.56711910  54.98345769  073.56746357   1 
112  54.98326494  073.56798809  54.98311627  073.56815591   1 
112  54.98113315  073.57037308  54.98086284  073.57066454   1 
116  54.98038578  073.57010395  54.98011716  073.56971240 
15   54.97272503  073.53824965 145.00 New Ramp Start 1
15   54.97293285  073.53877515 145.00 New Ramp Start 2
15   54.97317507  073.53936720 145.00 New Ramp Start 3
15   54.97340719  073.53995478 145.00 New Ramp Start 4
15   54.97369181  073.54065826 145.00 New Ramp Start 5
15   54.97394708  073.54128822 145.00 New Ramp Start 6
15   54.97419108  073.54189966 145.00 New Ramp Start 7
15   54.97443879  073.54252367 145.00 New Ramp Start 8
18   54.97527076  073.54905320 1 BCN
19   54.96628885  073.53034659 1 WS
19   54.98007731  073.57268017 1 WS


130 Airport Boundary
111  054.96486664  073.46231079
111  054.96487808  073.45600891
111  054.96781158  073.45603180
111  054.98639297  073.56449127
111  054.98623276  073.56548309
111  054.98454285  073.56827545
111  054.98436737  073.56855011
111  054.98041916  073.57135773
113  054.96525574  073.53224182
99
