A
1000 Generated by InfiniteFlight-AirportParser/AB

1      454 1 0 PHMK MOLOKAI
100   30.48   1   1 1.00 0 2 0 05   21.14961634 -157.10111033    0.00    0.00 2  0 0 1 23   21.15574766 -157.08962632    0.00    0.00 2  0 0 0
100   30.48   1   0 0.00 0 2 0 17   21.15745730 -157.09763968  130.15    0.00 2  0 0 0 35   21.14888100 -157.09762367    0.00    0.00 2  0 0 0
21   21.15091244 -157.09948826  2  60.21   3.00 New PAPI-4L
110   1 1.00  60.00 New Taxiway 19
112  21.15652878 -157.09749941  21.15654541 -157.09749049 
111  21.15654125 -157.09747415 
112  21.15653293 -157.09726163  21.15653155 -157.09723339 
111  21.15649967 -157.09704912 
112  21.15647195 -157.09690942  21.15646779 -157.09688416 
112  21.15643890 -157.09663651  21.15643890 -157.09662128 
111  21.15642673 -157.09651249 
112  21.15630903 -157.09619700  21.15630701 -157.09619482 
111  21.15626439 -157.09618829 
111  21.15627454 -157.09607733 
111  21.15636991 -157.09608385 
112  21.15635165 -157.09611431  21.15634150 -157.09613390 
111  21.15633743 -157.09616756 
111  21.15647745 -157.09660490 
112  21.15651600 -157.09695521  21.15652412 -157.09701830 
111  21.15656876 -157.09723371 
113  21.15658499 -157.09750134 
110   1 1.00  60.21 New Taxiway 2
111  21.14969368 -157.10097776 
111  21.14986648 -157.10092571 
111  21.14993004 -157.10096608 102 
112  21.15022374 -157.10115264  21.15027356 -157.10118469 102 
111  21.15033247 -157.10111724 102 
111  21.15210249 -157.09786113 
111  21.15205466 -157.09777246 
112  21.15225801 -157.09748386  21.15227007 -157.09747681 
111  21.15234131 -157.09742980 102 
111  21.15381972 -157.09463041 
111  21.15380849 -157.09461837 
111  21.15254277 -157.09607702 
111  21.15246545 -157.09604417 
111  21.15240856 -157.09588619 
111  21.15264966 -157.09570590 
111  21.15273541 -157.09572878 
111  21.15402342 -157.09425702 102 
111  21.15459436 -157.09315850 102 
112  21.15423819 -157.09297227  21.15418189 -157.09294773 
111  21.15417261 -157.09300212 
111  21.15412328 -157.09295701 
111  21.15408389 -157.09266295 
111  21.15435037 -157.09251846 
111  21.15441048 -157.09255378 
112  21.15439730 -157.09257938  21.15438413 -157.09260499 
111  21.15444424 -157.09264119 102 
112  21.15475715 -157.09282131  21.15477773 -157.09283102 102 
111  21.15478844 -157.09281071 102 
112  21.15613376 -157.09032493  21.15617753 -157.09024828 102 
111  21.15611772 -157.09019666 102 
112  21.15582450 -157.09003086  21.15577928 -157.09000896 102 
111  21.15575302 -157.09005432 
111  21.15568884 -157.09001991 
111  21.15558427 -157.08986185 
111  21.15585508 -157.08970579 
111  21.15592425 -157.08973674 102 
111  21.15641039 -157.09003265 102 
111  21.15547975 -157.09177023 102 
111  21.15599939 -157.09205432 
111  21.15570963 -157.09263411 
111  21.15589891 -157.09274916 
111  21.15588324 -157.09280733 
111  21.15597004 -157.09287585 
112  21.15631695 -157.09308454  21.15639718 -157.09313788 
112  21.15657209 -157.09307594  21.15662986 -157.09305357 
111  21.15691298 -157.09279583 
111  21.15695569 -157.09299049 
112  21.15693647 -157.09297217  21.15691725 -157.09295385 
111  21.15684036 -157.09294927 
112  21.15593016 -157.09378101  21.15590762 -157.09385922 
112  21.15608665 -157.09391326  21.15612643 -157.09391611 
111  21.15624313 -157.09381230 
111  21.15634790 -157.09404693 
112  21.15671336 -157.09403878  21.15676243 -157.09404163 
111  21.15679293 -157.09408002 
111  21.15657544 -157.09412695 
111  21.15657146 -157.09411273 
111  21.15630754 -157.09410115 
111  21.15646755 -157.09450307 
111  21.15647961 -157.09453598 
112  21.15651039 -157.09461576  21.15653029 -157.09466148 
111  21.15659851 -157.09474988 
112  21.15693111 -157.09497849  21.15697944 -157.09500288 
111  21.15704767 -157.09500897 
111  21.15724097 -157.09499068 
111  21.15725518 -157.09504860 
112  21.15704482 -157.09506689  21.15693395 -157.09507603 
111  21.15663976 -157.09486294 
111  21.15663120 -157.09487648 
111  21.15667974 -157.09490979 
111  21.15667586 -157.09509509 
111  21.15621958 -157.09510758 
111  21.15632249 -157.09486816 
111  21.15655742 -157.09485983 
111  21.15654577 -157.09478488 
111  21.15644753 -157.09462950 
112  21.15633686 -157.09434844  21.15631162 -157.09428182 
111  21.15624246 -157.09415668 
111  21.15622965 -157.09487120 
111  21.15617198 -157.09488265 
112  21.15617210 -157.09414194  21.15617050 -157.09408688 
111  21.15611915 -157.09407827 
111  21.15564738 -157.09502633 
111  21.15561850 -157.09501428 
111  21.15609199 -157.09403072 
112  21.15602051 -157.09396346  21.15596653 -157.09393687 
111  21.15591705 -157.09395646 
111  21.15535620 -157.09511843 
111  21.15519734 -157.09502897 
111  21.15564086 -157.09413960 
111  21.15512709 -157.09387484 
111  21.15518053 -157.09374858 
111  21.15512528 -157.09371652 
111  21.15515427 -157.09355142 102 
111  21.15476651 -157.09331059 102 
111  21.15466787 -157.09332982 
111  21.15464296 -157.09338110 
111  21.15461008 -157.09336293 102 
111  21.15441454 -157.09375483 
111  21.15464579 -157.09389233 
111  21.15475320 -157.09369960 
111  21.15496802 -157.09383592 
111  21.15471026 -157.09431205 
111  21.15448308 -157.09417851 
111  21.15460365 -157.09396697 
111  21.15437647 -157.09383129 102 
112  21.15366186 -157.09516240  21.15363386 -157.09521537 102 
111  21.15366351 -157.09538048 102 
112  21.15453389 -157.09731586  21.15457898 -157.09741398 102 
111  21.15479116 -157.09749361 
111  21.15440134 -157.09768790 
112  21.15398143 -157.09749309  21.15437446 -157.09731599 102 
111  21.15422458 -157.09695704 102 
112  21.15411032 -157.09670430  21.15406758 -157.09661969 
111  21.15393606 -157.09664437 
111  21.15369494 -157.09677482 
112  21.15360836 -157.09692641  21.15356561 -157.09695579 
112  21.15340231 -157.09686530  21.15333546 -157.09677364 
112  21.15345601 -157.09662322  21.15352506 -157.09657974 
111  21.15363357 -157.09663497 
112  21.15390647 -157.09649395  21.15393058 -157.09647397 
111  21.15396565 -157.09643049 
111  21.15395031 -157.09638701 
111  21.15394921 -157.09634587 102 
111  21.15359765 -157.09556109 102 
111  21.15358160 -157.09556109 102 
112  21.15353988 -157.09545441  21.15353025 -157.09543032 
111  21.15350618 -157.09545269 102 
111  21.15246651 -157.09740563 
111  21.15249829 -157.09749080 
111  21.15233236 -157.09777090 
111  21.15220175 -157.09790907 102 
111  21.15025150 -157.10148720 102 
111  21.14979566 -157.10121881 
113  21.14972525 -157.10117735 
111  21.15588902 -157.09366905  20 
112  21.15585087 -157.09366281  21.15583148 -157.09365726  20 
111  21.15582049 -157.09364895  20 
111  21.15579333 -157.09368708  20 
111  21.15566531 -157.09360111  20 
111  21.15569247 -157.09355605  20 
111  21.15565561 -157.09352277  20 
111  21.15562652 -157.09356852  20 
112  21.15564592 -157.09361913  21.15566919 -157.09364894  20 
112  21.15578687 -157.09371689  21.15580562 -157.09371758  20 
114  21.15586898 -157.09369609  21.15588385 -157.09367737  20 
111  21.15588300 -157.09356106  20 
112  21.15588154 -157.09359856  21.15589709 -157.09360638  20 
112  21.15592089 -157.09359283  21.15593352 -157.09358137  20 
111  21.15596752 -157.09355429  20 
112  21.15597141 -157.09353033  21.15596704 -157.09352251  20 
111  21.15595538 -157.09351470  20 
113  21.15590680 -157.09358294  20 
111  21.15601985 -157.09349679  20 
112  21.15603534 -157.09350137  21.15604924 -157.09348991  20 
111  21.15611763 -157.09343319  20 
112  21.15611710 -157.09340855  21.15611015 -157.09340167  20 
111  21.15610534 -157.09339824  20 
111  21.15606366 -157.09344980  20 
113  21.15604817 -157.09343605  20 
111  21.15617308 -157.09336337  20 
112  21.15617308 -157.09338576  21.15618959 -157.09337222  20 
111  21.15626225 -157.09331173  20 
112  21.15626711 -157.09328881  21.15625836 -157.09327839  20 
113  21.15625011 -157.09327787  20 
111  21.15630318 -157.09325482  20 
111  21.15632116 -157.09327774  20 
112  21.15634885 -157.09323503  21.15635516 -157.09321159  20 
112  21.15634156 -157.09317773  21.15633184 -157.09316888  20 
111  21.15607044 -157.09300039  20 
112  21.15601425 -157.09299200  21.15599932 -157.09300954  20 
111  21.15599292 -157.09302174  20 
111  21.15595166 -157.09298590  20 
111  21.15592677 -157.09302174  20 
111  21.15600003 -157.09305377  20 
111  21.15602919 -157.09300877  20 
113  21.15633091 -157.09318352  20 
112  21.15585424 -157.09375973  21.15582904 -157.09378429  20 
111  21.15572481 -157.09376709  20 
112  21.15559538 -157.09367989  21.15558049 -157.09365656  20 
111  21.15555987 -157.09361603  20 
111  21.15549114 -157.09369340  20 
111  21.15551749 -157.09371797  20 
111  21.15554269 -157.09367375  20 
111  21.15579926 -157.09382236  20 
112  21.15577620 -157.09386237  21.15577052 -157.09387861  20 
111  21.15578093 -157.09388470  20 
112  21.15580743 -157.09389688  21.15583015 -157.09390703  20 
111  21.15584151 -157.09388673  20 
113  21.15590304 -157.09371722 
111  21.15542501 -157.09359551 
111  21.15548266 -157.09363888 
111  21.15555323 -157.09356691 
111  21.15555323 -157.09353554 
111  21.15549643 -157.09349862 
111  21.15547320 -157.09353092 
111  21.15533981 -157.09344049 
111  21.15527096 -157.09358721 
113  21.15539058 -157.09365918 
110   3 1.00  60.00 New Taxiway 21
111  21.15663889 -157.09635541 
112  21.15664699 -157.09655234  21.15658757 -157.09663922 
111  21.15623106 -157.09690565 
111  21.15462756 -157.09686869 
111  21.15371703 -157.09511792 
111  21.15640808 -157.09004370 
111  21.15659276 -157.09098604 
111  21.15599939 -157.09205432 
111  21.15512709 -157.09387484 
111  21.15564086 -157.09413960 
111  21.15514172 -157.09509567 
111  21.15480141 -157.09494508 
111  21.15447704 -157.09558402 
111  21.15487218 -157.09572418 
111  21.15461357 -157.09620317 
111  21.15508298 -157.09620636 
111  21.15510081 -157.09617450 
111  21.15624808 -157.09615895 
111  21.15624072 -157.09600099 
113  21.15650098 -157.09595360 
120 Linear Feature 18
111  21.15010370 -157.10107692   4 
115  21.14997117 -157.10131849 
120 Linear Feature 17
111  21.15193493 -157.09839677   4 
115  21.15182306 -157.09837924 
120 Linear Feature 16
111  21.15422371 -157.09695328   4 
115  21.15434505 -157.09688869 
120 Linear Feature 15
111  21.15261217 -157.09692240   4 
115  21.15269807 -157.09698012 
120 Linear Feature 14
111  21.15332079 -157.09506298   4 
115  21.15337348 -157.09511334 
120 Linear Feature 13
111  21.15613351 -157.08986388   4 
115  21.15600194 -157.09013003 
120 Linear Feature 12
111  21.15460444 -157.09274285   4 
115  21.15443405 -157.09307319 
120 Linear Feature 3
111  21.15551972 -157.09287609  20 
115  21.15559556 -157.09292134 
120 Linear Feature 3
111  21.15543955 -157.09302792  20 
115  21.15551539 -157.09307316 
120 Linear Feature 3
111  21.15532860 -157.09323840  20 
115  21.15540444 -157.09328365 
120 Linear Feature 3
111  21.15551261 -157.09289058  20 
115  21.15558845 -157.09293583 
120 Linear Feature 3
111  21.15543244 -157.09304241  20 
115  21.15550828 -157.09308766 
120 Linear Feature 3
111  21.15532149 -157.09325289  20 
115  21.15539733 -157.09329813 
120 Linear Feature 1
111  21.15528425 -157.09332330  20 
111  21.15532149 -157.09325289  20 
111  21.15532903 -157.09323864  20 
111  21.15543244 -157.09304241 
111  21.15543955 -157.09302792  20 
115  21.15551261 -157.09289058 
120 Linear Feature 2
111  21.15526963 -157.09331423  20 
111  21.15529209 -157.09327189 
111  21.15531266 -157.09323310  20 
115  21.15549492 -157.09288947 
120 Linear Feature 1
111  21.15570963 -157.09263411  20 
115  21.15560597 -157.09282764 
120 Linear Feature 12
111  21.15579138 -157.09212549   2 
115  21.15586954 -157.09208217 
120 Linear Feature 6
111  21.15437509 -157.09712214   1 
111  21.15456599 -157.09754148   1 
112  21.15470523 -157.09760973  21.15481133 -157.09761400   1 
115  21.15514710 -157.09761045 
120 Linear Feature 5
111  21.15361242 -157.09514343   1 
112  21.15360626 -157.09541968  21.15366451 -157.09555406   1 
111  21.15437509 -157.09712214   1 
116  21.15412113 -157.09760851  21.15375206 -157.09771862 
120 Linear Feature 4
111  21.15220656 -157.09778535   1 
111  21.15037717 -157.10115356   1 
112  21.15017338 -157.10127916  21.15004179 -157.10120346   1 
115  21.14980912 -157.10105377 
120 Linear Feature 11
111  21.15575486 -157.09214883   2 
115  21.15559715 -157.09224258 
120 Linear Feature 11
111  21.15515807 -157.09323489   2 
115  21.15500928 -157.09331456 
120 Linear Feature 11
111  21.15538855 -157.09279379   2 
115  21.15523976 -157.09287346 
120 Linear Feature 10
111  21.15541658 -157.09216855   1 
111  21.15569716 -157.09232782   1 
112  21.15574548 -157.09226866  21.15576496 -157.09222847   1 
111  21.15575486 -157.09214883   1 
111  21.15579138 -157.09212549   1 
112  21.15574155 -157.09203815  21.15569555 -157.09200725   1 
111  21.15562782 -157.09200591   1 
115  21.15549749 -157.09192798 
120 Linear Feature 10
111  21.15483890 -157.09325387   1 
111  21.15510363 -157.09340710   1 
112  21.15514922 -157.09335019  21.15516760 -157.09331151   1 
111  21.15515807 -157.09323489   1 
111  21.15519253 -157.09321243   1 
112  21.15514551 -157.09312841  21.15510211 -157.09309867   1 
111  21.15503821 -157.09309738   1 
115  21.15491524 -157.09302240 
120 Linear Feature 10
111  21.15506939 -157.09281277   1 
111  21.15533411 -157.09296600   1 
112  21.15537971 -157.09290909  21.15539808 -157.09287041   1 
111  21.15538855 -157.09279379   1 
111  21.15542301 -157.09277133   1 
112  21.15537599 -157.09268731  21.15533259 -157.09265758   1 
111  21.15526870 -157.09265628   1 
115  21.15514573 -157.09258131 
120 Linear Feature 9
111  21.15462508 -157.09336116   2 
115  21.15547975 -157.09177023 
120 Linear Feature 8
111  21.15377880 -157.09334452   1 
111  21.15405730 -157.09282097   1 
112  21.15429118 -157.09277056  21.15440812 -157.09283907   1 
115  21.15472666 -157.09304155 
120 Linear Feature 7
111  21.15409960 -157.09422442   1 
111  21.15213849 -157.09646990   1 
112  21.15203170 -157.09664478  21.15200257 -157.09669891   1 
115  21.15197151 -157.09675720 
120 Linear Feature 3
111  21.15538685 -157.09033544   1 
111  21.15552875 -157.09006669   1 
112  21.15592262 -157.08991738  21.15614011 -157.09004252   1 
111  21.15623824 -157.09010224   1 
112  21.15624222 -157.09022737  21.15619183 -157.09032407   1 
111  21.15472666 -157.09304155   1 
111  21.15409960 -157.09422442   1 
111  21.15361242 -157.09514343   1 
115  21.15237528 -157.09746932 
120 Linear Feature 20
111  21.15654209 -157.09747140   4 
115  21.15658184 -157.09747140 
120 Linear Feature 22
111  21.15445823 -157.09378421   5 
115  21.15442043 -157.09385299 
14   21.15541383 -157.09318976    6 0 New Tower Viewpoint 26
15   21.15474076 -157.09411339  58.32 GA Parking
15   21.15574205 -157.09215603  28.93 Gate 1
15   21.15538066 -157.09279807  29.40 Gate 2
15   21.15514736 -157.09324103  31.83 Gate 3
15   21.15656831 -157.09653244 233.13 New Ramp Start 8
18   21.15317170 -157.09660228 1 BCN
19   21.15449996 -157.09487614 1 New Windsock 2
20   21.15468051 -157.09256484 155.80  0 2 {@R}05-23
50 12820 ATIS
51 12570 CTAF
53 12190 GND
54 12570 TWR

130 Airport Boundary
111  021.14888191 -157.09762573
111  021.14961624 -157.10110474
111  021.14972496 -157.10118103
111  021.15025139 -157.10148621
111  021.15745735 -157.09764099
111  021.15725517 -157.09504700
111  021.15695572 -157.09298706
111  021.15659332 -157.09098816
111  021.15641022 -157.09002686
111  021.15613365 -157.08985901
113  021.15574837 -157.08963013
99
