A
1000 Generated by Infinite Flight Airport Editing (World Parser)/AB

1      981 1 1 SSNQ Nioaque
100   17.07   2   0 0.25 0 2 0 18  -21.17918457 -055.83157884    0.00    0.00 2 10 0 0 36  -21.18970423 -055.82897416    0.00    0.00 2 10 0 0
21  -21.18088256 -055.83088572  1 167.00   3.00 18  VASI
21  -21.18800625 -055.82966735  1 347.00   3.00 36  VASI
110   2 0.30 167.00 Default taxiway for RWY 18
111 -21.17920134 -055.83165675  53 102 
111 -21.17928823 -055.83206038  53 102 
111 -21.18980791 -055.82945592  53 102 
111 -21.18972102 -055.82905226 
112 -21.18957135 -055.82908931 -21.18964669 -055.82907313  53 102 
111 -21.18966742 -055.82916945  53 102 
112 -21.18969506 -055.82929786 -21.18971579 -055.82939418  53 102 
111 -21.18964096 -055.82941271  53 102 
111 -21.18456821 -055.83066862  53 102 
111 -21.18449860 -055.83034524 
111 -21.18442376 -055.83036377  53 102 
111 -21.18449337 -055.83068715  53 102 
112 -21.17942062 -055.83194306 -21.17934579 -055.83196159  53 102 
111 -21.17932506 -055.83186528  53 102 
112 -21.17929742 -055.83173687 -21.17927669 -055.83164057  53 102 
113 -21.17935101 -055.83161969 
120 Default hold RWY 18 (near)
111 -21.17923640 -055.83181961  54 
115 -21.17931124 -055.83180108 
120 Default hold RWY 18 (centre)
111 -21.18445882 -055.83052664  54 
115 -21.18453366 -055.83050811 
120 Default hold RWY 18 (far)
111 -21.18968124 -055.82923366  54 
115 -21.18975608 -055.82921514 
18  -21.18432346 -055.82971474 1 BCN
19  -21.17898307 -055.83137513 1 WS
19  -21.18990573 -055.82917788 1 WS


130 Airport Boundary
111 -021.18980789 -055.82945633
111 -021.17928886 -055.83206177
111 -021.17923546 -055.83182144
111 -021.17918396 -055.83157730
113 -021.18970490 -055.82897568
99
