I
1050 Generated by WorldEditor 1.6.0r1

1     56 1 0 ENVA Trondheim Vaernes
1302 city Trondheim
1302 country Norway
1302 datum_lat 63.4575000
1302 datum_lon 010.9241667
1302 iata_code TRD
1302 transition_alt 7000
100 45.11 1 0 0.00 1 3 1 09  63.45762431  010.88675811  253    0 3 3 0 1 27  63.45752618  010.94651422  227    0 3 3 0 1
110 2 0.00 0.0000 North Ramp
111  63.45934297  010.91563775
111  63.45934225  010.91592364
111  63.45934165  010.91616518
111  63.45934100  010.91642801
111  63.45933724  010.91793394
111  63.45933660  010.91818968
111  63.45933591  010.91846671
111  63.45933221  010.91995136
111  63.45933157  010.92020710
111  63.45933089  010.92047702
111  63.45933013  010.92078187
111  63.45932785  010.92173752
111  63.45988563  010.92173987
111  63.45988761  010.92142888
111  63.45988920  010.92118026
111  63.45989114  010.92087480
111  63.45990027  010.91943992
111  63.45990199  010.91916998
111  63.45990375  010.91889295
111  63.45991321  010.91740831
111  63.45991479  010.91715970
111  63.45991803  010.91665068
111  63.45991823  010.91581314
113  63.45991826  010.91564265
110 2 0.00 0.0000 shoulder A5east
112  63.45608903  010.92497454  63.45605819  010.92512091
111  63.45608903  010.92497454
111  63.45719112  010.92497783
111  63.45719520  010.92483807
112  63.45719520  010.92483807  63.45719262  010.92463771
111  63.45712550  010.92462438
111  63.45632304  010.92459603
114  63.45632304  010.92459603  63.45618693  010.92462301
110 2 0.00 0.0000 shoulder A5west
112  63.45628421  010.92372378  63.45636180  010.92374376
111  63.45628421  010.92372378
111  63.45709461  010.92373156
112  63.45709461  010.92373156  63.45715797  010.92359990
111  63.45718433  010.92340404
113  63.45611168  010.92337366
110 2 0.00 0.0000 East Apron
111  63.45518533  010.92243000
111  63.45509385  010.92243102
111  63.45499827  010.92243102
111  63.45464055  010.92243103
111  63.45459283  010.92242872
111  63.45435723  010.92243097
111  63.45431294  010.92243354
111  63.45420122  010.92242850
111  63.45415290  010.92243074
111  63.45378581  010.92243010
111  63.45378579  010.92226537
111  63.45347298  010.92226549
111  63.45347295  010.92303139
111  63.45378573  010.92303266
111  63.45398465  010.92303302
111  63.45420135  010.92303521
111  63.45435701  010.92303521
111  63.45464069  010.92303522
111  63.45499801  010.92303522
111  63.45509372  010.92303776
111  63.45526790  010.92303780
111  63.45549028  010.92303784
111  63.45549196  010.92154151
111  63.45549423  010.92091154
111  63.45543111  010.92091155
111  63.45527524  010.92091158
113  63.45518529  010.92091160
110 2 0.00 0.0000 concret pad se
111  63.45398244  010.92495082
111  63.45433318  010.92496986
111  63.45440980  010.92484415
111  63.45441321  010.92479462
111  63.45441491  010.92460033
111  63.45408630  010.92458509
114  63.45408630  010.92458509  63.45398925  010.92458890
110 2 0.00 0.0000 N Apron
111  63.46497527  010.93178786
111  63.46542503  010.93179249
111  63.46542551  010.93164742
111  63.46543897  010.93164259
111  63.46543971  010.93147809
111  63.46542724  010.93147809
111  63.46546327  010.92958548
111  63.46546701  010.92930448
111  63.46548765  010.92852236
111  63.46548669  010.92846825
111  63.46561213  010.92815891
111  63.46562025  010.92779628
111  63.46553840  010.92779628
111  63.46553240  010.92803279
112  63.46553240  010.92803279  63.46552709  010.92820174
111  63.46544310  010.92826361
111  63.46512151  010.92822134
113  63.46504839  010.92820912
110 5 0.00 0.0000 old RWY stub
111  63.45680990  010.94093326
111  63.45634053  010.94212837
111  63.45636808  010.94220373
112  63.45639104  010.94218660  63.45639104  010.94219002
111  63.45638645  010.94222428
111  63.45642472  010.94227909
111  63.45645381  010.94232362
111  63.45645840  010.94237158
111  63.45649208  010.94236130
111  63.45651351  010.94239213
111  63.45652575  010.94241268
112  63.45656402  010.94235102  63.45656709  010.94235102
111  63.45663597  010.94224141
111  63.45666659  010.94212494
111  63.45669414  010.94209411
111  63.45671711  010.94204958
111  63.45673395  010.94200505
111  63.45681967  010.94178582
111  63.45685029  010.94172416
111  63.45691305  010.94159741
111  63.45693601  010.94152205
113  63.45702149  010.94137643
110 2 0.00 0.0000 NE Apron
111  63.46108250  010.94059070
111  63.46156983  010.94040860
111  63.46140594  010.93802540
111  63.46134216  010.93804920
111  63.46129432  010.93741672
111  63.46107159  010.93746190
113  63.46106177  010.93747167
110 2 0.00 0.0000 shoulder A8
111  63.45580483  010.93850317
111  63.45579829  010.93852026
111  63.45588123  010.93887435
111  63.45599909  010.93919914
111  63.45609658  010.93940367
112  63.45610827  010.93966296  63.45606256  010.93977001
111  63.45610827  010.93966296
111  63.45599134  010.93994842
112  63.45599134  010.93994842  63.45597847  010.93997960
111  63.45599346  010.94001740
111  63.45639318  010.94085713
111  63.45653350  010.94055740
112  63.45658174  010.94050422  63.45661095  010.94049939
111  63.45658174  010.94050422
112  63.45658174  010.94050422  63.45659834  010.94050147
112  63.45663981  010.94055503  63.45666138  010.94059726
111  63.45663981  010.94055503
112  63.45663981  010.94055503  63.45669934  010.94067159
111  63.45680990  010.94093326
111  63.45702149  010.94137643
111  63.45717227  010.94171450
112  63.45707951  010.94116746  63.45698893  010.94098186
111  63.45707951  010.94116746
111  63.45659061  010.94014316
111  63.45636032  010.93966069
111  63.45624355  010.93944335
111  63.45617480  010.93937253
113  63.45606784  010.93919670
110 2 0.00 0.0000 NW Apron
111  63.46087425  010.92096823
111  63.46065927  010.92096823
111  63.46065927  010.92120458
111  63.46072607  010.92120623
112  63.46072607  010.92120623  63.46079729  010.92121098
111  63.46080899  010.92142749
111  63.46091317  010.92142987
112  63.46091317  010.92142987  63.46091742  010.92124191
111  63.46097483  010.92122764
111  63.46112366  010.92122764
112  63.46121508  010.92144415  63.46122146  010.92164162
111  63.46121508  010.92144415
111  63.46121402  010.92203182
111  63.46131713  010.92203182
111  63.46131607  010.92152028
112  63.46131607  010.92152028  63.46132245  010.92123478
111  63.46140005  010.92122764
111  63.46268423  010.92123006
111  63.46268104  010.92014271
111  63.46159778  010.92012846
111  63.46159459  010.92073516
112  63.46159459  010.92073516  63.46157546  010.92094929
111  63.46148616  010.92094691
111  63.46123572  010.92094582
112  63.46123572  010.92094582  63.46119531  010.92094582
111  63.46118428  010.92086360
111  63.46118399  010.92008767
111  63.46116732  010.92008772
111  63.46088926  010.92008867
111  63.46081891  010.92008891
111  63.46081891  010.92023329
111  63.46087520  010.92023458
113  63.46087524  010.92061793
110 2 0.00 0.0000 Turnpad W
111  63.45727697  010.89063184
111  63.45742525  010.89063184
111  63.45742397  010.88945030
113  63.45727719  010.88945057
110 2 0.00 0.0000 Turnpad E
111  63.45772084  010.94649746
111  63.45772087  010.94656947
111  63.45786482  010.94657093
111  63.45786479  010.94535167
113  63.45772269  010.94535510
110 1 0.00 0.0000 Asphalt Area
111  63.45578127  010.89693264
111  63.45575020  010.90886666
111  63.45574881  010.90940144
111  63.45574759  010.90987027
111  63.45574687  010.91014621
111  63.45573994  010.91045320
111  63.45545878  010.91045614
111  63.45545463  010.91058472
112  63.45545463  010.91058472  63.45543230  010.91084462
111  63.45530282  010.91084531
111  63.45192021  010.91080351
112  63.45192021  010.91080351  63.45182864  010.91080753
111  63.45182257  010.91100962
111  63.45182757  010.91196798
111  63.45182933  010.91255841
111  63.45189212  010.91255596
111  63.45190132  010.91354454
111  63.45305522  010.91353588
111  63.45305133  010.91332284
111  63.45454328  010.91332594
111  63.45454306  010.91357930
111  63.45457279  010.91357914
111  63.45457283  010.91401211
111  63.45461134  010.91378178
111  63.45483314  010.91378047
111  63.45483347  010.91374910
111  63.45481139  010.91374932
111  63.45481101  010.91372048
111  63.45486058  010.91371984
111  63.45486058  010.91396111
111  63.45483298  010.91396065
111  63.45483336  010.91384079
111  63.45463304  010.91384086
111  63.45457449  010.91417898
111  63.45457339  010.91501001
111  63.45461097  010.91493541
111  63.45483560  010.91493494
111  63.45483552  010.91491291
111  63.45481886  010.91491327
111  63.45481928  010.91487724
111  63.45485812  010.91487677
111  63.45485812  010.91508686
111  63.45483602  010.91508680
111  63.45483602  010.91498534
111  63.45461781  010.91498628
111  63.45457066  010.91507979
111  63.45457013  010.91589989
111  63.45483402  010.91590060
111  63.45483402  010.91587799
111  63.45481918  010.91587799
111  63.45481875  010.91584360
111  63.45485749  010.91584407
111  63.45485770  010.91605252
111  63.45483528  010.91605275
111  63.45483476  010.91595618
111  63.45456898  010.91595477
111  63.45456918  010.91671246
111  63.45483349  010.91671317
111  63.45483412  010.91669173
111  63.45481865  010.91669079
111  63.45481865  010.91665758
111  63.45485696  010.91665805
111  63.45485718  010.91686249
111  63.45483549  010.91686296
111  63.45483560  010.91676498
111  63.45456929  010.91676545
111  63.45456937  010.91752294
111  63.45483346  010.91752226
111  63.45483493  010.91750377
111  63.45481911  010.91750440
111  63.45481919  010.91746635
111  63.45485438  010.91746528
111  63.45485473  010.91767488
111  63.45483366  010.91767488
111  63.45483346  010.91757313
111  63.45456993  010.91757347
111  63.45456965  010.91833691
111  63.45483073  010.91833623
111  63.45483164  010.91831792
111  63.45481345  010.91831588
111  63.45481310  010.91828632
111  63.45484983  010.91828536
111  63.45485039  010.91848682
111  63.45483066  010.91848558
111  63.45483073  010.91839321
111  63.45456965  010.91839293
111  63.45456912  010.91912463
111  63.45483182  010.91912883
111  63.45483084  010.91911763
111  63.45480771  010.91911709
111  63.45480815  010.91909623
111  63.45485484  010.91909673
111  63.45485487  010.91929016
111  63.45483289  010.91928782
111  63.45483379  010.91918082
111  63.45456908  010.91918043
111  63.45456960  010.91992290
111  63.45463360  010.92010393
111  63.45483348  010.92010532
111  63.45483318  010.92007499
111  63.45481036  010.92007500
111  63.45481039  010.92004245
111  63.45485607  010.92004345
111  63.45485611  010.92025424
111  63.45483363  010.92025313
111  63.45483414  010.92014871
111  63.45462499  010.92014788
111  63.45456802  010.91998093
111  63.45456927  010.92000454
111  63.45454874  010.92000319
111  63.45454887  010.92064578
111  63.45489888  010.92064623
112  63.45489888  010.92064623  63.45492262  010.92064889
111  63.45491706  010.92073577
111  63.45491609  010.92142513
111  63.45481565  010.92142707
111  63.45481572  010.92157104
111  63.45472426  010.92157213
111  63.45472415  010.92145117
111  63.45469647  010.92145093
111  63.45469594  010.92163092
111  63.45467385  010.92163284
111  63.45467393  010.92168163
111  63.45334665  010.92167808
111  63.45334822  010.92134297
111  63.45330875  010.92134221
111  63.45330856  010.92112501
111  63.45342937  010.92112623
111  63.45343025  010.92134339
111  63.45365268  010.92134452
111  63.45365326  010.92120722
111  63.45367899  010.92120559
111  63.45367841  010.92100261
111  63.45363475  010.92100236
111  63.45363475  010.92063405
111  63.45356069  010.92063267
111  63.45349090  010.92063077
111  63.45349138  010.92016936
111  63.45335480  010.92016854
111  63.45329817  010.92006556
111  63.45323215  010.91988820
111  63.45300933  010.91946407
111  63.45280344  010.91893420
111  63.45266393  010.91853457
111  63.45248459  010.91811052
111  63.45225232  010.91767264
112  63.45225232  010.91767264  63.45223504  010.91764212
111  63.45221685  010.91762381
111  63.45212818  010.91760775
111  63.45212394  010.91774556
111  63.45212401  010.91811125
111  63.45205176  010.91810924
111  63.45205185  010.91818817
111  63.45223286  010.91818424
111  63.45223143  010.91837574
111  63.45201613  010.91837598
111  63.45201545  010.91821504
111  63.45189509  010.91821335
111  63.45189638  010.91864813
111  63.45186443  010.91865328
111  63.45188834  010.91922659
111  63.45215022  010.91922828
111  63.45215122  010.91913250
111  63.45221224  010.91913728
111  63.45221227  010.91910156
111  63.45231996  010.91910128
111  63.45231916  010.91956829
111  63.45231940  010.91976457
111  63.45233144  010.92028324
111  63.45237509  010.92029748
111  63.45237509  010.92095064
111  63.45233235  010.92097303
111  63.45233053  010.92113174
111  63.45211671  010.92114026
111  63.45194465  010.92120824
111  63.45192765  010.92144102
111  63.45190178  010.92199423
111  63.45204860  010.92205348
112  63.45205770  010.92217760  63.45205322  010.92227323
111  63.45205770  010.92217760
112  63.45205770  010.92217760  63.45204405  010.92234648
111  63.45194765  010.92234037
111  63.45185557  010.92232795
111  63.45184873  010.92261381
111  63.45230830  010.92260960
111  63.45230892  010.92367296
111  63.45199901  010.92367597
111  63.45199890  010.92397100
111  63.45153230  010.92397102
111  63.45169415  010.92496571
111  63.45173462  010.92526980
111  63.45178556  010.92526708
111  63.45196498  010.92526791
111  63.45198206  010.92526798
111  63.45215905  010.92526639
111  63.45215928  010.92521800
111  63.45237355  010.92521690
111  63.45237428  010.92526876
111  63.45244824  010.92526932
111  63.45244835  010.92517793
111  63.45281484  010.92517574
111  63.45281508  010.92571965
111  63.45281508  010.92611562
111  63.45362837  010.92614761
111  63.45374177  010.92615208
111  63.45379744  010.92615427
112  63.45386183  010.92594964  63.45392360  010.92584367
111  63.45402138  010.92594134
111  63.45422391  010.92637596
111  63.45429263  010.92654293
111  63.45437646  010.92699392
112  63.45437646  010.92699392  63.45440541  010.92710440
111  63.45444469  010.92712179
111  63.45444910  010.92726886
111  63.45452252  010.92730930
111  63.45481063  010.92763163
111  63.45480736  010.92817617
111  63.45459237  010.92864502
111  63.45457818  010.92923350
111  63.45459237  010.92944351
111  63.45468950  010.92966573
111  63.45473861  010.92977805
111  63.45479754  010.92990992
111  63.45479426  010.93140193
111  63.45459019  010.93186101
111  63.45458909  010.93264731
111  63.45465130  010.93279382
111  63.45464803  010.93293057
111  63.45456945  010.93313081
111  63.45456945  010.93340674
111  63.45469823  010.93309906
112  63.45469823  010.93309906  63.45472660  010.93302825
111  63.45475170  010.93309662
111  63.45475279  010.93390978
111  63.45475311  010.93439807
111  63.45475350  010.93502349
111  63.45475360  010.93516764
111  63.45471004  010.93531411
111  63.45459166  010.93531430
111  63.45459152  010.93565123
111  63.45459144  010.93586508
111  63.45472774  010.93587437
111  63.45475411  010.93597673
111  63.45475448  010.93654286
111  63.45478639  010.93661495
111  63.45486357  010.93678831
111  63.45495778  010.93705240
111  63.45499507  010.93715966
111  63.45509069  010.93726126
111  63.45599240  010.93921455
111  63.45599909  010.93919914
111  63.45588123  010.93887435
111  63.45579829  010.93852026
111  63.45580483  010.93850317
111  63.45606784  010.93919670
111  63.45617480  010.93937253
111  63.45624355  010.93944335
111  63.45636032  010.93966069
111  63.45659061  010.94014316
111  63.45707951  010.94116746
112  63.45707951  010.94116746  63.45717009  010.94135306
111  63.45717227  010.94171450
111  63.45717445  010.94639853
112  63.45726809  010.94664226  63.45737024  010.94664079
111  63.45726809  010.94664226
111  63.45782052  010.94665252
112  63.45782052  010.94665252  63.45791983  010.94664763
111  63.45791983  010.94649133
111  63.45791110  010.94508219
112  63.45791110  010.94508219  63.45791001  010.94491367
111  63.45803988  010.94476714
111  63.45835854  010.94440325
111  63.46087297  010.94204640
112  63.46087297  010.94204640  63.46093735  010.94198046
111  63.46097555  010.94183635
111  63.46110214  010.94171423
111  63.46105194  010.94146510
112  63.46105194  010.94146510  63.46106067  010.94142114
111  63.46106722  010.94130146
111  63.46106067  010.94060780
111  63.46108250  010.94059070
111  63.46106177  010.93747167
111  63.46107159  010.93746190
111  63.46106722  010.93704913
112  63.46106722  010.93704913  63.46106722  010.93683663
111  63.46115999  010.93660460
111  63.46319422  010.93267938
112  63.46336447  010.93262809  63.46343945  010.93249148
111  63.46341358  010.93224703
111  63.46471335  010.92971392
112  63.46471335  010.92971392  63.46478342  010.92966750
112  63.46488906  010.92996797  63.46489299  010.93017609
111  63.46488906  010.92996797
111  63.46484366  010.93200576
111  63.46496108  010.93201993
111  63.46497527  010.93178786
111  63.46504839  010.92820912
111  63.46512151  010.92822134
112  63.46512151  010.92822134  63.46504839  010.92820912
111  63.46506040  010.92802347
111  63.46506367  010.92777185
112  63.46515971  010.92755688  63.46523739  010.92755238
111  63.46515971  010.92755688
111  63.46544236  010.92759353
112  63.46544236  010.92759353  63.46550129  010.92761063
111  63.46553840  010.92779628
111  63.46562025  010.92779628
111  63.46563116  010.92720022
111  63.46563969  010.92688259
111  63.46565735  010.92623774
112  63.46565735  010.92623774  63.46565910  010.92602619
111  63.46563443  010.92595192
111  63.46513130  010.92449632
111  63.46513916  010.92371892
111  63.46513287  010.92356415
111  63.46508416  010.92328978
111  63.46495529  010.92299781
111  63.46495529  010.92294857
111  63.46570648  010.92118977
111  63.46545975  010.92067620
111  63.46469914  010.92239982
111  63.46467871  010.92240684
111  63.46454041  010.92215007
111  63.46411215  010.92181798
111  63.46404748  010.92176783
111  63.46397650  010.92199119
111  63.46423554  010.92220986
111  63.46426540  010.92234353
111  63.46429526  010.92273749
111  63.46401160  010.92341208
111  63.46397901  010.92345584
111  63.46047446  010.92342032
112  63.46047446  010.92342032  63.46053857  010.92315021
111  63.46053669  010.92268596
111  63.46054046  010.92135229
112  63.46059515  010.92125944  63.46059703  010.92125522
111  63.46065927  010.92120458
111  63.46065927  010.92096823
111  63.46087425  010.92096823
111  63.46087524  010.92061793
111  63.46063664  010.92059683
112  63.46063664  010.92059683  63.46057063  010.92059261
111  63.46053669  010.92038581
111  63.46053858  010.91861321
112  63.46053858  010.91861321  63.46053669  010.91761719
111  63.45991803  010.91665068
111  63.45991479  010.91715970
111  63.45991321  010.91740831
111  63.45990375  010.91889295
111  63.45990199  010.91916998
111  63.45990027  010.91943992
111  63.45989114  010.92087480
111  63.45988920  010.92118026
111  63.45988761  010.92142888
111  63.45988563  010.92173987
112  63.46013759  010.92250043  63.46019710  010.92314667
111  63.46001520  010.92343238
111  63.45806133  010.92340198
111  63.45792988  010.92327918
111  63.45792877  010.92072567
111  63.45798949  010.91996685
111  63.45798929  010.91975392
111  63.45792805  010.91906347
111  63.45792737  010.91748652
112  63.45803013  010.91728194  63.45803013  010.91711999
111  63.45792719  010.91707736
111  63.45792677  010.91611414
111  63.45798197  010.91595192
111  63.45822976  010.91587562
112  63.45871028  010.91684556  63.45876069  010.91786952
111  63.45871028  010.91684556
111  63.45871338  010.91874720
112  63.45871338  010.91874720  63.45872660  010.91969928
111  63.45897170  010.92010578
111  63.45933013  010.92078187
111  63.45933089  010.92047702
111  63.45933157  010.92020710
111  63.45933221  010.91995136
111  63.45933591  010.91846671
111  63.45933660  010.91818968
111  63.45933724  010.91793394
111  63.45934100  010.91642801
111  63.45934165  010.91616518
111  63.45934225  010.91592364
111  63.45934297  010.91563775
112  63.45934297  010.91563775  63.45907707  010.91503004
111  63.45871122  010.91503004
111  63.45831774  010.91502272
111  63.45830319  010.91501051
111  63.45824681  010.91479275
111  63.45824499  010.91461772
111  63.45813313  010.91460347
111  63.45813313  010.91476018
112  63.45813313  010.91476018  63.45813495  010.91491486
111  63.45805491  010.91500440
111  63.45797034  010.91499830
111  63.45791577  010.91488026
111  63.45786757  010.91468081
111  63.45784483  010.91450172
111  63.45783574  010.91444880
111  63.45783665  010.91043950
111  63.45785666  010.91034792
111  63.45813916  010.91040020
111  63.45814859  010.91041426
111  63.45815042  010.91061413
111  63.45827274  010.91062175
111  63.45826802  010.90069384
111  63.45828845  010.90053559
111  63.45837488  010.90045822
111  63.45862790  010.90046525
111  63.45862790  010.89969156
111  63.45853832  010.89951221
111  63.45807316  010.89945242
111  63.45805115  010.89930824
111  63.45807630  010.89206722
111  63.45808258  010.88693633
112  63.45787986  010.88659521  63.45768447  010.88658759
111  63.45787986  010.88659521
111  63.45675866  010.88661879
112  63.45675866  010.88661879  63.45642883  010.88661447
111  63.45623985  010.88710063
111  63.45591195  010.88799437
112  63.45591195  010.88799437  63.45573317  010.88867491
111  63.45575214  010.88909801
111  63.45575217  010.89302505
111  63.45579168  010.89362051
113  63.45578189  010.89669485
111  63.45613469  010.89596666
111  63.45707623  010.89340531
111  63.45716190  010.89333040
111  63.45714631  010.89945900
111  63.45679793  010.89945519
111  63.45679911  010.89978508
111  63.45698930  010.89978580
111  63.45698725  010.90034015
111  63.45714966  010.90035055
111  63.45716261  010.90378900
112  63.45708929  010.90390446  63.45701416  010.90381432
111  63.45708929  010.90390446
112  63.45662221  010.90335149  63.45646471  010.90328464
111  63.45630992  010.90330895
112  63.45611711  010.90268914  63.45611983  010.90222124
111  63.45611711  010.90268914
113  63.45612526  010.89687388
111  63.45610625  010.91007207
111  63.45611711  010.90462750
112  63.45643484  010.90409277  63.45667652  010.90409277
111  63.45693450  010.90477334
112  63.45716668  010.90589142  63.45723005  010.90656693
111  63.45716668  010.90589142
111  63.45715175  010.90987762
112  63.45731468  010.91035159  63.45747309  010.91052173
111  63.45731468  010.91035159
111  63.45730382  010.91416767
112  63.45692998  010.91466278  63.45666431  010.91470936
111  63.45692998  010.91466278
111  63.45675825  010.91466394
111  63.45640108  010.91465554
111  63.45617957  010.91440465
112  63.45610353  010.91408259  63.45608588  010.91384966
113  63.45610353  010.91408259
111  63.45610896  010.91788649
111  63.45610625  010.91774065
111  63.45613341  010.91613644
112  63.45632945  010.91560724  63.45650785  010.91545682
111  63.45632945  010.91560724
111  63.45675096  010.91557909
111  63.45696515  010.91558697
112  63.45719791  010.91598453  63.45720825  010.91627958
111  63.45719791  010.91598453
111  63.45720334  010.91711477
111  63.45720334  010.91744897
111  63.45719248  010.91904710
111  63.45711825  010.91970945
111  63.45711644  010.91986136
111  63.45718433  010.92068777
111  63.45718433  010.92340404
112  63.45709461  010.92373156  63.45703124  010.92386322
111  63.45709461  010.92373156
111  63.45628421  010.92372378
112  63.45628421  010.92372378  63.45620662  010.92370381
111  63.45611168  010.92337366
112  63.45611168  010.92337366  63.45608760  010.92328738
111  63.45607095  010.92313058
113  63.45610082  010.91826936
111  63.45606552  010.92512367
112  63.45608903  010.92497454  63.45610679  010.92489022
111  63.45608903  010.92497454
112  63.45608903  010.92497454  63.45611986  010.92482817
112  63.45632304  010.92459603  63.45645916  010.92456904
111  63.45632304  010.92459603
111  63.45712550  010.92462438
112  63.45719520  010.92483807  63.45719777  010.92503844
111  63.45719520  010.92483807
111  63.45719112  010.92497783
111  63.45718977  010.92525128
111  63.45718433  010.92971752
111  63.45717890  010.93010035
111  63.45717619  010.93216638
111  63.45699288  010.93216638
111  63.45699470  010.93257554
111  63.45717347  010.93258566
111  63.45716532  010.93443294
111  63.45606552  010.93611611
111  63.45606552  010.92832606
111  63.45606823  010.92810123
111  63.45606823  010.92789463
113  63.45606552  010.92768195
111  63.45716804  010.93474283
111  63.45717257  010.93682504
111  63.45694808  010.93681997
111  63.45694808  010.93704582
111  63.45696980  010.93710658
111  63.45698067  010.93752586
111  63.45717347  010.93754409
111  63.45717890  010.93927589
111  63.45712187  010.93951287
111  63.45696437  010.93990176
111  63.45691006  010.93995645
111  63.45677700  010.93968909
111  63.45625832  010.93856494
112  63.45606008  010.93763524  63.45606552  010.93724634
113  63.45606280  010.93652324
111  63.45792415  010.92510551
111  63.45795809  010.92501436
111  63.46297738  010.92510051
111  63.46308600  010.92557154
111  63.45872750  010.93573074
111  63.45871619  010.93367471
111  63.45858720  010.93367977
111  63.45852157  010.93398868
111  63.45832017  010.93402413
111  63.45803730  010.93679420
111  63.45790604  010.93679927
111  63.45791962  010.93257580
111  63.45808934  010.93257580
111  63.45808934  010.93215042
113  63.45791509  010.93214535
111  63.45976169  010.93565953
111  63.46429443  010.92508929
111  63.46476061  010.92506397
111  63.46483981  010.92524125
111  63.46488281  010.92533243
111  63.46497333  010.92557556
111  63.46490996  010.92866029
112  63.46474250  010.92927825  63.46461125  010.92951125
111  63.46474250  010.92927825
111  63.46331456  010.93205391
112  63.46314258  010.93208937  63.46306790  010.93225651
111  63.46311090  010.93244392
111  63.46253384  010.93354300
111  63.46239806  010.93319352
112  63.46218760  010.93313781  63.46208577  010.93334547
111  63.46218986  010.93356832
111  63.46234148  010.93391273
111  63.46106064  010.93640458
112  63.46094523  010.93691611  63.46094296  010.93727063
111  63.46094523  010.93691611
111  63.46094296  010.93731115
112  63.46078003  010.93756942  63.46064425  010.93754410
111  63.46078003  010.93756942
111  63.45979757  010.93597416
114  63.45979757  010.93597416  63.45973094  010.93583461
111  63.46069941  010.94085423
112  63.46083301  010.94078860  63.46091774  010.94083964
111  63.46093729  010.94098549
111  63.46093678  010.94136163
112  63.46081346  010.94177307  63.46072548  010.94187517
111  63.46081346  010.94177307
111  63.46066682  010.94193350
112  63.46054951  010.94186787  63.46048759  010.94175849
113  63.46049737  010.94154701
111  63.46090145  010.93807582
112  63.46094055  010.93822167  63.46094055  010.93833106
111  63.46094055  010.93822167
111  63.46094381  010.94040939
112  63.46081998  010.94062816  63.46072874  010.94063546
111  63.46081998  010.94062816
111  63.46067986  010.94064275
112  63.46060165  010.94073026  63.46056906  010.94082506
111  63.46060165  010.94073026
111  63.46040938  010.94140116
112  63.46040938  010.94140116  63.46038006  010.94155430
111  63.46041264  010.94164910
111  63.46046478  010.94188246
112  63.46046478  010.94188246  63.46049702  010.94202561
111  63.46044334  010.94212925
111  63.46013891  010.94242210
111  63.45922322  010.94326064
111  63.45919715  010.94333356
111  63.45831731  010.94415022
111  63.45815437  010.94428876
111  63.45806381  010.94433326
112  63.45790997  010.94404083  63.45790482  010.94369848
111  63.45790997  010.94404083
111  63.45790345  010.94017604
111  63.45800121  010.93973851
111  63.45958168  010.93612153
114  63.45972506  010.93616528  63.45982282  010.93629654
111  63.45571913  010.93154922
111  63.45571687  010.93296706
112  63.45549510  010.93345318  63.45528690  010.93360509
111  63.45519412  010.93296706
112  63.45539100  010.93268856  63.45541589  010.93252145
111  63.45540005  010.93185811
111  63.45521449  010.93143276
114  63.45550189  010.93112387  63.45569424  010.93124034
111  63.45572140  010.92830339
111  63.45572140  010.92966046
112  63.45549962  010.93022253  63.45530953  010.93027317
111  63.45521675  010.92993390
111  63.45521901  010.92982756
111  63.45540458  010.92946297
111  63.45540232  010.92870342
111  63.45521675  010.92824262
114  63.45550189  010.92789323  63.45569877  010.92801476
111  63.45572366  010.92530568
111  63.45572818  010.92652097
112  63.45550868  010.92702734  63.45533443  010.92707291
111  63.45550868  010.92702734
112  63.45550868  010.92702734  63.45547230  010.92703118
111  63.45545083  010.92692100
111  63.45545210  010.92625766
111  63.45549510  010.92612094
111  63.45549284  010.92561457
111  63.45545437  010.92550823
111  63.45546115  010.92490059
114  63.45546115  010.92490059  63.45568293  010.92488033
111  63.45727719  010.88945057
111  63.45742397  010.88945030
111  63.45781354  010.88944959
111  63.45772269  010.94535510
111  63.45786479  010.94535167
111  63.45786482  010.94657093
111  63.45772087  010.94656947
111  63.45772084  010.94649746
111  63.45733268  010.94649394
111  63.45742525  010.89063184
113  63.45727697  010.89063184
111  63.45518529  010.92091160
111  63.45527524  010.92091158
111  63.45543111  010.92091155
111  63.45549423  010.92091154
111  63.45549196  010.92154151
111  63.45549028  010.92303784
111  63.45526790  010.92303780
111  63.45509372  010.92303776
111  63.45499801  010.92303522
111  63.45464069  010.92303522
111  63.45435701  010.92303521
111  63.45420135  010.92303521
111  63.45398465  010.92303302
111  63.45378573  010.92303266
111  63.45347295  010.92303139
111  63.45347298  010.92226549
111  63.45378579  010.92226537
111  63.45378581  010.92243010
111  63.45415290  010.92243074
111  63.45420122  010.92242850
111  63.45431294  010.92243354
111  63.45435723  010.92243097
111  63.45459283  010.92242872
111  63.45464055  010.92243103
111  63.45499827  010.92243102
111  63.45509385  010.92243102
113  63.45518533  010.92243000
112  63.45408630  010.92458509  63.45418335  010.92458128
111  63.45408630  010.92458509
111  63.45441491  010.92460033
111  63.45441321  010.92479462
111  63.45440980  010.92484415
111  63.45433318  010.92496986
113  63.45398244  010.92495082
111  63.45366248  010.92518495
111  63.45366362  010.92576761
111  63.45341722  010.92576738
113  63.45341674  010.92518665
111  63.45443548  010.92513994
111  63.45443572  010.92539763
111  63.45443690  010.92654860
111  63.45431204  010.92615811
112  63.45405381  010.92558983  63.45397861  010.92539300
111  63.45397151  010.92518982
111  63.45400273  010.92516125
111  63.45435123  010.92516125
113  63.45435210  010.92514187
111  63.46515927  010.92668359
111  63.46548350  010.92673356
112  63.46555685  010.92694296  63.46555685  010.92710001
111  63.46555685  010.92694296
111  63.46555154  010.92717377
112  63.46555154  010.92717377  63.46554303  010.92735462
111  63.46547500  010.92736890
111  63.46516246  010.92733558
112  63.46507209  010.92710239  63.46506678  010.92691202
111  63.46507209  010.92710239
111  63.46508060  010.92680494
114  63.46508060  010.92680494  63.46509017  010.92665027
111  63.46511568  010.92512260
112  63.46514119  010.92502266  63.46516352  010.92499648
111  63.46520923  010.92507263
111  63.46554303  010.92595306
112  63.46557705  010.92611963  63.46558130  010.92622195
111  63.46557705  010.92611963
111  63.46556855  010.92633141
112  63.46556855  010.92633141  63.46556429  010.92646943
111  63.46549307  010.92647656
111  63.46516139  010.92641945
112  63.46509548  010.92621243  63.46509442  010.92610773
113  63.46509548  010.92621243
111  63.45329466  010.92059304
111  63.45327132  010.92091442
111  63.45323361  010.92090237
111  63.45319770  010.92131213
111  63.45304329  010.92124785
113  63.45310793  010.92051671
111  63.45259262  010.92165359
111  63.45256569  010.92169778
111  63.45258185  010.92177411
111  63.45252439  010.92184240
111  63.45237357  010.92121169
113  63.45246335  010.92111528
111  63.45231073  010.92164957
111  63.45224789  010.92172590
111  63.45219223  010.92150897
113  63.45225687  010.92142461
111  63.45488618  010.93382822
111  63.45492496  010.93372215
112  63.45545068  010.93432960  63.45588590  010.93455619
111  63.45545068  010.93432960
112  63.45545068  010.93432960  63.45571882  010.93454782
111  63.45571354  010.93483581
111  63.45571569  010.93782002
111  63.45569358  010.93805346
112  63.45563166  010.93806107  63.45560456  010.93800118
111  63.45563166  010.93806107
111  63.45504474  010.93679422
112  63.45488888  010.93599071  63.45488265  010.93565033
113  63.45488888  010.93599071
112  63.45711663  010.88779314  63.45711422  010.88788476
111  63.45711663  010.88779314
111  63.45711897  010.89220753
112  63.45640442  010.89223088  63.45613726  010.89229429
111  63.45613086  010.89236771
111  63.45613235  010.88913364
112  63.45624529  010.88847281  63.45635393  010.88820111
111  63.45624529  010.88847281
111  63.45653087  010.88770836
112  63.45681601  010.88742751  63.45701353  010.88739938
111  63.45681601  010.88742751
111  63.45715711  010.88742751
113  63.45715757  010.88757967
110 5 0.00 0.0000 Fireroad west
111  63.45606823  010.92789463
112  63.45606823  010.92789463  63.45672740  010.92744933
111  63.45718977  010.92525128
111  63.45719112  010.92497783
112  63.45606552  010.92768195  63.45553031  010.92797620
113  63.45606552  010.92768195
110 5 0.00 0.0000 Fireroad east
111  63.45606552  010.92832606
112  63.45606552  010.92832606  63.45667888  010.92846306
111  63.45717890  010.93010035
111  63.45718433  010.92971752
112  63.45606823  010.92810123  63.45546599  010.92800798
113  63.45606823  010.92810123
110 1 0.00 0.0000 Tower
112  63.45270122  010.91780015  63.45274211  010.91790778
111  63.45279061  010.91781377
112  63.45279545  010.91763179  63.45276133  010.91754341
113  63.45271520  010.91760632
110 2 0.00 0.0000 Towerbase
111  63.45296773  010.91699170
111  63.45284100  010.91699285
111  63.45284091  010.91713631
111  63.45279237  010.91713631
111  63.45279241  010.91721665
111  63.45263434  010.91721665
112  63.45260568  010.91728494  63.45260327  010.91735591
111  63.45260568  010.91728494
111  63.45260569  010.91744965
111  63.45258593  010.91746572
111  63.45258594  010.91753535
111  63.45260628  010.91755815
111  63.45271519  010.91755811
111  63.45271520  010.91760632
112  63.45279545  010.91763179  63.45282956  010.91772016
111  63.45279061  010.91781377
111  63.45279059  010.91802814
111  63.45283729  010.91802812
111  63.45283727  010.91806291
111  63.45296834  010.91806430
111  63.45296836  010.91757952
111  63.45298873  010.91757956
111  63.45298932  010.91733442
113  63.45296779  010.91733321
110 2 0.00 0.0000 Terminal
111  63.45442240  010.91364256
111  63.45442100  010.91536046
111  63.45437660  010.91536603
111  63.45437630  010.91590518
111  63.45442292  010.91589915
111  63.45442392  010.91674099
111  63.45439708  010.91674113
111  63.45439539  010.91646441
111  63.45428600  010.91646605
111  63.45428773  010.91719910
111  63.45413687  010.91720096
111  63.45413767  010.91762193
111  63.45409264  010.91762193
111  63.45409351  010.91722669
111  63.45403982  010.91722669
111  63.45404156  010.91865651
111  63.45409178  010.91865651
111  63.45409178  010.91824578
111  63.45413767  010.91824771
111  63.45413850  010.91867673
111  63.45429258  010.91867551
111  63.45429148  010.91917225
111  63.45440003  010.91917187
111  63.45440090  010.91943730
111  63.45443986  010.91943924
111  63.45443899  010.92000110
111  63.45445891  010.91999916
111  63.45445804  010.92071601
111  63.45396922  010.92069425
111  63.45397045  010.92048404
111  63.45390167  010.92048098
111  63.45390194  010.92023323
111  63.45381784  010.92023330
111  63.45381671  010.92013772
111  63.45356017  010.92013286
111  63.45356069  010.92063267
111  63.45363475  010.92063405
111  63.45363475  010.92100236
111  63.45367841  010.92100261
111  63.45367899  010.92120559
111  63.45365326  010.92120722
111  63.45365268  010.92134452
111  63.45343025  010.92134339
111  63.45334822  010.92134297
111  63.45334665  010.92167808
111  63.45467393  010.92168163
111  63.45467385  010.92163284
111  63.45469594  010.92163092
111  63.45469647  010.92145093
111  63.45472415  010.92145117
111  63.45472426  010.92157213
111  63.45481572  010.92157104
111  63.45481565  010.92142707
111  63.45491609  010.92142513
111  63.45491706  010.92073577
111  63.45454853  010.92073588
111  63.45454887  010.92064578
111  63.45454874  010.92000319
111  63.45456927  010.92000454
111  63.45456802  010.91998093
111  63.45462499  010.92014788
111  63.45483414  010.92014871
111  63.45483363  010.92025313
111  63.45485611  010.92025424
111  63.45485607  010.92004345
111  63.45481039  010.92004245
111  63.45481036  010.92007500
111  63.45483318  010.92007499
111  63.45483348  010.92010532
111  63.45463360  010.92010393
111  63.45456960  010.91992290
111  63.45456908  010.91918043
111  63.45483379  010.91918082
111  63.45483289  010.91928782
111  63.45485487  010.91929016
111  63.45485484  010.91909673
111  63.45480815  010.91909623
111  63.45480771  010.91911709
111  63.45483084  010.91911763
111  63.45483182  010.91912883
111  63.45456912  010.91912463
111  63.45456965  010.91839293
111  63.45483073  010.91839321
111  63.45483066  010.91848558
111  63.45485039  010.91848682
111  63.45484983  010.91828536
111  63.45481310  010.91828632
111  63.45481345  010.91831588
111  63.45483164  010.91831792
111  63.45483073  010.91833623
111  63.45456965  010.91833691
111  63.45456993  010.91757347
111  63.45483346  010.91757313
111  63.45483366  010.91767488
111  63.45485473  010.91767488
111  63.45485438  010.91746528
111  63.45481919  010.91746635
111  63.45481911  010.91750440
111  63.45483493  010.91750377
111  63.45483346  010.91752226
111  63.45456937  010.91752294
111  63.45456929  010.91676545
111  63.45483560  010.91676498
111  63.45483549  010.91686296
111  63.45485718  010.91686249
111  63.45485696  010.91665805
111  63.45481865  010.91665758
111  63.45481865  010.91669079
111  63.45483412  010.91669173
111  63.45483349  010.91671317
111  63.45456918  010.91671246
111  63.45456898  010.91595477
111  63.45483476  010.91595618
111  63.45483528  010.91605275
111  63.45485770  010.91605252
111  63.45485749  010.91584407
111  63.45481875  010.91584360
111  63.45481918  010.91587799
111  63.45483402  010.91587799
111  63.45483402  010.91590060
111  63.45457013  010.91589989
111  63.45457066  010.91507979
111  63.45461781  010.91498628
111  63.45483602  010.91498534
111  63.45483602  010.91508680
111  63.45485812  010.91508686
111  63.45485812  010.91487677
111  63.45481928  010.91487724
111  63.45481886  010.91491327
111  63.45483552  010.91491291
111  63.45483560  010.91493494
111  63.45461097  010.91493541
111  63.45457339  010.91501001
111  63.45457449  010.91417898
111  63.45463304  010.91384086
111  63.45483336  010.91384079
111  63.45483298  010.91396065
111  63.45486058  010.91396111
111  63.45486058  010.91371984
111  63.45481101  010.91372048
111  63.45481139  010.91374932
111  63.45483347  010.91374910
111  63.45483314  010.91378047
111  63.45461134  010.91378178
111  63.45457283  010.91401211
111  63.45457279  010.91357914
111  63.45454306  010.91357930
111  63.45454328  010.91332594
111  63.45305133  010.91332284
111  63.45305522  010.91353588
113  63.45305727  010.91364725
110 1 0.00 0.0000 Hangar NW 01
111  63.46088950  010.91925249
111  63.46088926  010.92008867
111  63.46116732  010.92008772
113  63.46116829  010.91925087
110 1 0.00 0.0000 Hangar NW 02
111  63.46268104  010.92014271
111  63.46268091  010.91935662
111  63.46159824  010.91935260
113  63.46159778  010.92012846
110 1 0.00 0.0000 Hangar N
111  63.46542724  010.93147809
111  63.46543971  010.93147809
111  63.46583792  010.93151563
111  63.46584326  010.93124322
111  63.46575317  010.93123068
111  63.46578668  010.92961016
113  63.46546327  010.92958548
110 1 0.00 0.0000 Hangar NE
111  63.46156983  010.94040860
111  63.46190058  010.94029079
111  63.46172726  010.93785739
111  63.46140308  010.93796622
113  63.46140594  010.93802540
110 2 0.00 0.0000 Hangar 1
111  63.45185212  010.92367460
111  63.45199901  010.92367597
111  63.45230892  010.92367296
111  63.45230830  010.92260960
113  63.45184873  010.92261381
110 2 0.00 0.0000 Hangar 2
111  63.45237444  010.92574501
111  63.45250818  010.92574484
111  63.45250795  010.92594515
111  63.45278805  010.92594265
111  63.45278797  010.92571892
111  63.45281508  010.92571965
111  63.45281484  010.92517574
111  63.45244835  010.92517793
111  63.45244824  010.92526932
113  63.45237428  010.92526876
110 2 0.00 0.0000 Hangar 3
111  63.45341674  010.92518665
111  63.45341722  010.92576738
111  63.45366362  010.92576761
113  63.45366248  010.92518495
110 1 0.00 0.0000 Firestation by Major Tom July 2017
111  63.45390263  010.92685389
111  63.45391769  010.92712219
111  63.45387456  010.92713535
111  63.45388588  010.92734506
111  63.45392951  010.92733289
111  63.45393926  010.92752039
111  63.45407028  010.92748727
111  63.45406680  010.92741552
111  63.45409610  010.92740732
111  63.45408908  010.92726780
111  63.45405873  010.92727630
113  63.45403330  010.92681938
110 1 0.00 0.0000 Hangar 4
111  63.45440195  010.93564553
111  63.45459152  010.93565123
111  63.45459166  010.93531430
113  63.45440391  010.93530775
110 2 0.00 0.0000 Building Main Gate
111  63.45172352  010.92176023
111  63.45170539  010.92213532
111  63.45188410  010.92218530
113  63.45190477  010.92180936
110 2 0.00 0.0000 Building 1
111  63.45212394  010.91774556
111  63.45156322  010.91774421
111  63.45156273  010.91781376
111  63.45148364  010.91781408
111  63.45148313  010.91812772
111  63.45161864  010.91812875
111  63.45161873  010.91829105
111  63.45166740  010.91829307
111  63.45166424  010.91813214
111  63.45178074  010.91813402
111  63.45178065  010.91821564
111  63.45189509  010.91821335
111  63.45201545  010.91821504
111  63.45201613  010.91837598
111  63.45223143  010.91837574
111  63.45223286  010.91818424
111  63.45205185  010.91818817
111  63.45205176  010.91810924
113  63.45212401  010.91811125
110 2 0.00 0.0000 Building 2
111  63.45231996  010.91910128
111  63.45221227  010.91910156
111  63.45221224  010.91913728
111  63.45221223  010.91956886
113  63.45231916  010.91956829
110 2 0.00 0.0000 Building 3
111  63.45231940  010.91976457
111  63.45211378  010.91976536
111  63.45211223  010.92086009
111  63.45211382  010.92108624
111  63.45218205  010.92108624
111  63.45218205  010.92113031
111  63.45233053  010.92113174
111  63.45233235  010.92097303
111  63.45237509  010.92095064
111  63.45237509  010.92029748
113  63.45233144  010.92028324
110 2 0.00 0.0000 Building 5
111  63.45246335  010.92111528
111  63.45237357  010.92121169
111  63.45252439  010.92184240
111  63.45258185  010.92177411
111  63.45256569  010.92169778
113  63.45259262  010.92165359
110 2 0.00 0.0000 Building 4
111  63.45225687  010.92142461
111  63.45219223  010.92150897
111  63.45224789  010.92172590
113  63.45231073  010.92164957
110 2 0.00 0.0000 Building 6
111  63.45329466  010.92059304
111  63.45310793  010.92051671
111  63.45304329  010.92124785
111  63.45319770  010.92131213
111  63.45323361  010.92090237
113  63.45327132  010.92091442
110 2 0.00 0.0000 Building 7
111  63.45178556  010.92526708
111  63.45178517  010.92580234
111  63.45191762  010.92580299
111  63.45191760  010.92568394
111  63.45196500  010.92568234
113  63.45196498  010.92526791
110 2 0.00 0.0000 Building 8
111  63.45198223  010.92578523
111  63.45209426  010.92578678
111  63.45209427  010.92590407
111  63.45218907  010.92590409
111  63.45218907  010.92578358
111  63.45215958  010.92578355
111  63.45215905  010.92526639
113  63.45198206  010.92526798
110 2 0.00 0.0000 Building 9
111  63.45362837  010.92614761
111  63.45362896  010.92666857
111  63.45374142  010.92666861
113  63.45374177  010.92615208
110 2 0.00 0.0000 Building 10
111  63.45141097  010.91935180
111  63.45139881  010.91953762
111  63.45148663  010.91956935
113  63.45149712  010.91938516
110 2 0.00 0.0000 Building 11
111  63.45435123  010.92539763
111  63.45443572  010.92539763
111  63.45443548  010.92513994
111  63.45435210  010.92514187
113  63.45435123  010.92516125
110 2 0.00 0.0000 Building 12
111  63.45411221  010.92662517
111  63.45415715  010.92672426
111  63.45421177  010.92672420
111  63.45429263  010.92654293
113  63.45422391  010.92637596
110 2 0.00 0.0000 Building 13
111  63.45152734  010.92047555
111  63.45142736  010.92047417
111  63.45142740  010.92074604
111  63.45136392  010.92074602
111  63.45136394  010.92093884
111  63.45142736  010.92093884
111  63.45142735  010.92088667
113  63.45152733  010.92088662
110 2 0.00 0.0000 Building 14
111  63.45157580  010.92043682
111  63.45157584  010.92081564
111  63.45166919  010.92081566
113  63.45166917  010.92043671
130 Airport Boundary 1
111  63.45557441  010.88867558
111  63.45559401  010.89501032
111  63.45528671  010.89638410
111  63.45536044  010.90909306
111  63.45538156  010.91043192
111  63.45529924  010.91065202
111  63.45186858  010.91063291
111  63.45176492  010.91090174
111  63.45176612  010.91256087
111  63.45182933  010.91255841
111  63.45189212  010.91255596
111  63.45190132  010.91354454
111  63.45305522  010.91353588
111  63.45305727  010.91364725
111  63.45442240  010.91364256
111  63.45442100  010.91536046
111  63.45437660  010.91536603
111  63.45437630  010.91590518
111  63.45442292  010.91589915
111  63.45442392  010.91674099
111  63.45439708  010.91674113
111  63.45439539  010.91646441
111  63.45428600  010.91646605
111  63.45428773  010.91719910
111  63.45413687  010.91720096
111  63.45413850  010.91867673
111  63.45429258  010.91867551
111  63.45429148  010.91917225
111  63.45440003  010.91917187
111  63.45440090  010.91943730
111  63.45443986  010.91943924
111  63.45443899  010.92000110
111  63.45445891  010.91999916
111  63.45445804  010.92071601
111  63.45396922  010.92069425
111  63.45397045  010.92048404
111  63.45390167  010.92048098
111  63.45390194  010.92023323
111  63.45381784  010.92023330
111  63.45381671  010.92013772
111  63.45356017  010.92013286
111  63.45336086  010.92014336
111  63.45323824  010.91987103
111  63.45301541  010.91944899
111  63.45301660  010.91699125
111  63.45296773  010.91699170
111  63.45284100  010.91699285
111  63.45248403  010.91699589
111  63.45248778  010.91734267
111  63.45232094  010.91772051
111  63.45220686  010.91753746
111  63.45213030  010.91753908
111  63.45212818  010.91760775
111  63.45212394  010.91774556
111  63.45156322  010.91774421
111  63.45156273  010.91781376
111  63.45148364  010.91781408
111  63.45148313  010.91812772
111  63.45161864  010.91812875
111  63.45161873  010.91829105
111  63.45166740  010.91829307
111  63.45166710  010.91813396
111  63.45178074  010.91813402
111  63.45178065  010.91821564
111  63.45189799  010.91821546
111  63.45189638  010.91864813
111  63.45186443  010.91865328
111  63.45188834  010.91922659
111  63.45215022  010.91922828
111  63.45215122  010.91913250
111  63.45221224  010.91913728
111  63.45221223  010.91956886
111  63.45231916  010.91956829
111  63.45231940  010.91976457
111  63.45211378  010.91976536
111  63.45211223  010.92086009
111  63.45175881  010.92086409
112  63.45171907  010.92077762  63.45171758  010.92069394
111  63.45171907  010.92077762
111  63.45172839  010.91997104
111  63.45165345  010.91997424
111  63.45165506  010.91971662
112  63.45159272  010.91959023  63.45152389  010.91955341
111  63.45159272  010.91959023
111  63.45148663  010.91956935
111  63.45149712  010.91938516
111  63.45141097  010.91935180
111  63.45133326  010.91926815
112  63.45133326  010.91926815  63.45130034  010.91925476
111  63.45126981  010.91930538
111  63.45119559  010.92082099
111  63.45146173  010.92120337
111  63.45157523  010.92143394
111  63.45158206  010.92192571
111  63.45166238  010.92214666
111  63.45185485  010.92220278
111  63.45185557  010.92232795
111  63.45184873  010.92261381
111  63.45185212  010.92367460
111  63.45199901  010.92367597
111  63.45200388  010.92396822
111  63.45153230  010.92397102
111  63.45169415  010.92496571
111  63.45173462  010.92526980
111  63.45178556  010.92526708
111  63.45178517  010.92580234
111  63.45178705  010.92614886
111  63.45219315  010.92614896
111  63.45219158  010.92668348
111  63.45176146  010.92669544
111  63.45175224  010.92687690
111  63.45162532  010.92763071
111  63.45206508  010.92817325
111  63.45264567  010.92965473
111  63.45299194  010.93108910
111  63.45322606  010.93244582
111  63.45344603  010.93410275
111  63.45349889  010.93685913
111  63.45352685  010.93806099
111  63.45387616  010.93881135
111  63.45421055  010.93929054
111  63.45473071  010.93957913
111  63.45484011  010.93953837
111  63.45582086  010.94300766
111  63.45584702  010.94720741
111  63.45652595  010.94868658
111  63.45658039  010.94947417
111  63.45751230  010.94855324
111  63.45807788  010.94685157
111  63.45835099  010.94628400
111  63.45861930  010.94539635
111  63.45885834  010.94452148
111  63.45911090  010.94423581
111  63.45918326  010.94369477
111  63.46094969  010.94204445
111  63.46117504  010.94180427
111  63.46117183  010.94162658
111  63.46155912  010.94134747
111  63.46147927  010.94046655
111  63.46191494  010.94031641
111  63.46170365  010.93723025
111  63.46120276  010.93736136
111  63.46117059  010.93669994
111  63.46307119  010.93319046
111  63.46443632  010.93298782
111  63.46481674  010.93298871
111  63.46482703  010.93223891
111  63.46499578  010.93223719
111  63.46500766  010.93183929
111  63.46543686  010.93183381
111  63.46543897  010.93164259
111  63.46543971  010.93147809
111  63.46583792  010.93151563
111  63.46584326  010.93124322
111  63.46575317  010.93123068
111  63.46578668  010.92961016
111  63.46546327  010.92958548
111  63.46546701  010.92930448
111  63.46548765  010.92852236
111  63.46562273  010.92821519
111  63.46562753  010.92780263
111  63.46568752  010.92628150
111  63.46597714  010.92634543
112  63.46553474  010.91902433  63.46522554  010.91685168
111  63.46553474  010.91902433
112  63.46553474  010.91902433  63.46551259  010.91890680
111  63.46527075  010.91926938
111  63.46456364  010.92042616
111  63.46321487  010.91966898
111  63.46315630  010.91685017
111  63.46311015  010.91681123
111  63.46317566  010.91639993
111  63.46285945  010.91613964
111  63.46260621  010.91611345
111  63.46050084  010.91622407
112  63.46032818  010.91609295  63.46031801  010.91594503
111  63.46032818  010.91609295
112  63.45960006  010.91463078  63.45921185  010.91425355
111  63.45860495  010.91433622
111  63.45855333  010.91382276
111  63.45828565  010.91380211
111  63.45828388  010.91347283
111  63.45866731  010.91346694
111  63.45866590  010.91075932
111  63.45853250  010.91048995
111  63.45855062  010.90887482
111  63.45860467  010.90713347
111  63.45867064  010.90581929
112  63.45898418  010.90349820  63.45927397  010.90308864
111  63.45898418  010.90349820
111  63.45934947  010.90214338
111  63.45934328  010.90049778
111  63.45900744  010.89979260
111  63.45900107  010.89776638
111  63.45918355  010.89775438
111  63.45926952  010.88988367
111  63.45852707  010.88969692
111  63.45850503  010.88669907
111  63.45819501  010.88412244
112  63.45819501  010.88412244  63.45817289  010.88358296
111  63.45786599  010.88345063
111  63.45729242  010.88351085
112  63.45709607  010.88429081  63.45707143  010.88496643
111  63.45709607  010.88429081
111  63.45686612  010.88618108
111  63.45653001  010.88624247
114  63.45653001  010.88624247  63.45587289  010.88636892
120 Hold A1
111  63.45670455  010.88680748 4 104
111  63.45671967  010.88705152 4 104
115  63.45673461  010.88728772
120 Hold A2
111  63.45639549  010.89238839 4 104
111  63.45639549  010.89262247 4 104
115  63.45639549  010.89285369
120 Hold A3
111  63.45632787  010.89446080 4 104
111  63.45641086  010.89461206 4 104
115  63.45648606  010.89474911
120 Hold A4
111  63.45674374  010.90362972 4 104
111  63.45670675  010.90384382 4 104
115  63.45666976  010.90405791
120 Hold A5
111  63.45676543  010.91491106 4 104
111  63.45676486  010.91514228 4 104
115  63.45676416  010.91543059
120 Hold A6
111  63.45675395  010.92395440 4 104
111  63.45675332  010.92417707 4 104
115  63.45675267  010.92440542
120 Hold A8
111  63.45673460  010.93979618 4 104
111  63.45666402  010.93996713 4 104
111  63.45659061  010.94014316 4 104
115  63.45658174  010.94050422
120 Hold B1
111  63.45837722  010.91568357 4
111  63.45837814  010.91546569 4
115  63.45837906  010.91524782
120 Hold B1+
111  63.45823321  010.91523505 2
111  63.45823134  010.91544916 2
115  63.45822966  010.91564741
120 Hold B2
111  63.45834783  010.92439028 4
111  63.45835055  010.92419318 4
115  63.45835334  010.92399153
120 Hold B east disused
111  63.45835854  010.94440325 4
115  63.45831731  010.94415022
120 Hold Y1 A4
111  63.45603832  010.90492145 2
111  63.45593631  010.90491713 2
115  63.45583364  010.90492145
120 Hold Y A6 west
111  63.45574566  010.92331011 2
111  63.45590190  010.92330793 2
115  63.45602216  010.92330610
120 Hold Y A6 east
111  63.45602037  010.92500152 2
111  63.45589891  010.92499869 2
115  63.45572950  010.92500152
120 Hold A6
111  63.45627174  010.92387258 2
111  63.45627218  010.92417560 2
115  63.45627353  010.92445513
120 Hold J
111  63.45553918  010.92388061 2
111  63.45553746  010.92417560 2
115  63.45553918  010.92456360
120 Hold L
111  63.45551045  010.92725939 2
111  63.45550957  010.92745260 2
115  63.45550865  010.92765312
120 Hold N
111  63.45550686  010.93087520 2
111  63.45550683  010.93066140 2
115  63.45550686  010.93045738
120 Hold M
111  63.45549968  010.93408524 2
111  63.45550054  010.93388435 2
115  63.45550147  010.93366741
120 M1A
111  63.45523617  010.92644343 1
111  63.45522303  010.92644343 1
115  63.45521007  010.92644090
120 M1
111  63.45501606  010.92644597 1
111  63.45499935  010.92644597 1
115  63.45498202  010.92644597
120 M1B
111  63.45479482  010.92644343 1
111  63.45477462  010.92644597 1
115  63.45475624  010.92644343
120 M2
111  63.45497521  010.92947466 1
111  63.45499607  010.92947212 1
115  63.45501606  010.92947212
120 M3
111  63.45497408  010.93266075 1
111  63.45499392  010.93266074 1
115  63.45501379  010.93266075
120 J1
111  63.45497460  010.92416482 1
111  63.45497456  010.92426769 1
115  63.45497460  010.92436012
120 J2
111  63.45374643  010.92417598 1
111  63.45374581  010.92427681 1
115  63.45374519  010.92436849
120 22
112  63.45211405  010.91196078  63.45207679  010.91196224 1
112  63.45211569  010.91182905  63.45215622  010.91182759 1
112  63.45211405  010.91196078  63.45207679  010.91196078
111  63.45211405  010.91196078 1
111  63.45211524  010.91276960 1
115  63.45206413  010.91276960
120 23
112  63.45251144  010.91194470  63.45247418  010.91194616 1
112  63.45251308  010.91181297  63.45255361  010.91181151 1
112  63.45251144  010.91194470  63.45247418  010.91194470
111  63.45251144  010.91194470 1
111  63.45251132  010.91275352 1
115  63.45246152  010.91275352
120 24
112  63.45290883  010.91194616  63.45287157  010.91194763 1
112  63.45291047  010.91181444  63.45295100  010.91181297 1
112  63.45290883  010.91194616  63.45287157  010.91194616
111  63.45290883  010.91194616 1
111  63.45290871  010.91275645 1
115  63.45285890  010.91275498
120 25
112  63.45330621  010.91194909  63.45326895  010.91195055 1
112  63.45330785  010.91181736  63.45334839  010.91181590 1
112  63.45330621  010.91194909  63.45326895  010.91194909
111  63.45330621  010.91194909 1
111  63.45330609  010.91275791 1
115  63.45325629  010.91275791
120 26
112  63.45369740  010.91195471  63.45366014  010.91195617 1
112  63.45369904  010.91182298  63.45373957  010.91182152 1
112  63.45369740  010.91195471  63.45366014  010.91195471
111  63.45369740  010.91195471 1
111  63.45369728  010.91276207 1
115  63.45364748  010.91276353
120 27
112  63.45409620  010.91195810  63.45405894  010.91195956 1
112  63.45409784  010.91182637  63.45413837  010.91182491 1
112  63.45409620  010.91195810  63.45405894  010.91195810
111  63.45409620  010.91195810 1
111  63.45409673  010.91276692 1
115  63.45404628  010.91276692
120 28
112  63.45449163  010.91196881  63.45445436  010.91197027 1
112  63.45449326  010.91183708  63.45453380  010.91183561 1
112  63.45449163  010.91196881  63.45445436  010.91196881
111  63.45449163  010.91196881 1
111  63.45449150  010.91277763 1
115  63.45444170  010.91277763
120 29
112  63.45488836  010.91197951  63.45485109  010.91198098 1
112  63.45488999  010.91184778  63.45493053  010.91184632 1
112  63.45488836  010.91197951  63.45485109  010.91197951
111  63.45488836  010.91197951 1
111  63.45488823  010.91278833 1
115  63.45483843  010.91278833
120 30
112  63.45557683  010.91361631  63.45557683  010.91352708 1
112  63.45563283  010.91362031  63.45563217  010.91370077 1
112  63.45557683  010.91361631  63.45557618  010.91353293
111  63.45557683  010.91361631 1 101
111  63.45550748  010.91362039 1 101
111  63.45529044  010.91362087 1
111  63.45488900  010.91362065 1
115  63.45474826  010.91361953
120 31
112  63.45564868  010.91477201  63.45564868  010.91468277 1
112  63.45570069  010.91477587  63.45570004  010.91485633 1
112  63.45564868  010.91477201  63.45564803  010.91468863
111  63.45564868  010.91477201 1 101
111  63.45550755  010.91477278 1 101
111  63.45528818  010.91477535 1
111  63.45482415  010.91477459 1
115  63.45482418  010.91482721
120 32
112  63.45563912  010.91574268  63.45563912  010.91565344 1
112  63.45569662  010.91574654  63.45569597  010.91582700 1
112  63.45563912  010.91574268  63.45563847  010.91565929
111  63.45563912  010.91574268 1 101
111  63.45550760  010.91574468 1 101
111  63.45528882  010.91574425 1
111  63.45482400  010.91574350 1
115  63.45482406  010.91579612
120 33
112  63.45564733  010.91656471  63.45564733  010.91647547 1
112  63.45569934  010.91656857  63.45569868  010.91664903 1
112  63.45564733  010.91656471  63.45564667  010.91648132
111  63.45564733  010.91656471 1 101
111  63.45550756  010.91656342 1 101
111  63.45528525  010.91656453 1
111  63.45482514  010.91656378 1
115  63.45482555  010.91661464
120 34
112  63.45564597  010.91737461  63.45564597  010.91728537 1
112  63.45569798  010.91737847  63.45569733  010.91745893 1
112  63.45564597  010.91737461  63.45564532  010.91729122
111  63.45564597  010.91737461 1 101
111  63.45550769  010.91737608 1 101
111  63.45528547  010.91737443 1
111  63.45482849  010.91737544 1
115  63.45482856  010.91742278
120 35
112  63.45564597  010.91818754  63.45564597  010.91809830 1
112  63.45569798  010.91819140  63.45569733  010.91827186 1
112  63.45564597  010.91818754  63.45564532  010.91810415
111  63.45564597  010.91818754 1 101
111  63.45550773  010.91818831 1 101
111  63.45528625  010.91818736 1
111  63.45483791  010.91818661 1
115  63.45483719  010.91823396
120 36
112  63.45564597  010.91900350  63.45564597  010.91891427 1
112  63.45569798  010.91900737  63.45569733  010.91908783 1
112  63.45564597  010.91900350  63.45564532  010.91892012
111  63.45564597  010.91900350 1 101
111  63.45550778  010.91900748 1 101
111  63.45527841  010.91900684 1
111  63.45483882  010.91900571 1
115  63.45483876  010.91905695
120 37
112  63.45550780  010.91949343  63.45551434  010.91973188 1 101
111  63.45564597  010.91992404
112  63.45564597  010.91992404  63.45564597  010.91983481 1
112  63.45569762  010.91992551  63.45569696  010.92000596 1
112  63.45564597  010.91992404  63.45564532  010.91984066
111  63.45564597  010.91992404 1 101
111  63.45550782  010.91990996 1 101
111  63.45527464  010.91990968 1
111  63.45483976  010.91990900 1
115  63.45483998  010.91995198
120 38
112  63.45564703  010.92072514  63.45564747  010.92080919 1
112  63.45570419  010.92072206  63.45570421  010.92063753 1
112  63.45564703  010.92072514  63.45564657  010.92081165
111  63.45564703  010.92072514 1 101
111  63.45550787  010.92072914 1 101
111  63.45527524  010.92073018 1 101
111  63.45519132  010.92073056 1
115  63.45519192  010.92079893
120 39
112  63.45563657  010.92154549  63.45563701  010.92164709 1
112  63.45569617  010.92154746  63.45569685  010.92145854 1
112  63.45563657  010.92154549  63.45563610  010.92164371
111  63.45563657  010.92154549 1 101
111  63.45550791  010.92154137 1
111  63.45549196  010.92154151 1
111  63.45542125  010.92154213 1
111  63.45526940  010.92179116 1
111  63.45522739  010.92186005 1
115  63.45525327  010.92193375
120 40
111  63.45509359  010.92366961 1
111  63.45509365  010.92339825 1
111  63.45509372  010.92303776 1
111  63.45509385  010.92243102 1
111  63.45509386  010.92239553 1
115  63.45505452  010.92239822
120 40L
111  63.45499773  010.92369234 1
111  63.45499785  010.92340079 1
111  63.45499801  010.92303522 1
111  63.45499827  010.92243102 1
111  63.45499834  010.92226604 1
115  63.45494666  010.92226834
120 41
111  63.45464085  010.92368951 1
111  63.45464078  010.92339571 1
111  63.45464069  010.92303522 1
111  63.45464055  010.92243103 1
115  63.45459283  010.92242872
120 41L
111  63.45435676  010.92369865 1
111  63.45435688  010.92339824 1
111  63.45435701  010.92303521 1
111  63.45435723  010.92243097 1
115  63.45431294  010.92243354
120 42
111  63.45420149  010.92368275 1
111  63.45420135  010.92303521 1
111  63.45420122  010.92242850 1
115  63.45415290  010.92243074
120 43
111  63.45378565  010.92361095 1
111  63.45378573  010.92303266 1
111  63.45378581  010.92243010 1
115  63.45375131  010.92243031
120 44
111  63.45339334  010.92363831 1
111  63.45339348  010.92242346 1
115  63.45334563  010.92242218
120 45
111  63.45298707  010.92362917 1
111  63.45298721  010.92242591 1
115  63.45293559  010.92242445
120 A1 side SW
111  63.45742607  010.88678566 3 102
111  63.45680011  010.88678603 3 102
112  63.45670455  010.88680748  63.45664633  010.88682990
111  63.45670455  010.88680748
112  63.45670455  010.88680748  63.45660487  010.88684587 3 102
112  63.45630483  010.88725077  63.45616564  010.88754869
111  63.45630483  010.88725077
112  63.45630483  010.88725077  63.45608435  010.88772267 3 102
111  63.45594056  010.88830182 3 102
112  63.45583908  010.88905257  63.45584892  010.88937293
111  63.45583908  010.88905257
112  63.45583908  010.88905257  63.45581090  010.89041413 3
115  63.45583831  010.89326390
120 A1 side NE
111  63.45607006  010.89264230 3
111  63.45606625  010.88925277 3 102
112  63.45613442  010.88853777  63.45620364  010.88823012
111  63.45613442  010.88853777
112  63.45613442  010.88853777  63.45635774  010.88778233 3 102
111  63.45647861  010.88754610 3 102
112  63.45673461  010.88728772  63.45690818  010.88722323
111  63.45673461  010.88728772
112  63.45673461  010.88728772  63.45683113  010.88724478 3 102
111  63.45690449  010.88725077 3 102
111  63.45734385  010.88725077 3 102
116  63.45742755  010.88753992  63.45742915  010.88779136
120 A1ctl
111  63.45761253  010.88796446 1 101
111  63.45761302  010.88745996 1 101
112  63.45741468  010.88704813  63.45721318  010.88702754
111  63.45741468  010.88704813 1 101
111  63.45687002  010.88700423 1 101
112  63.45671967  010.88705152  63.45663329  010.88709436
111  63.45671967  010.88705152
112  63.45671967  010.88705152  63.45662239  010.88709976 1 101
112  63.45640165  010.88738737  63.45630660  010.88757823
111  63.45640165  010.88738737
112  63.45640165  010.88738737  63.45622220  010.88774772 1 101
112  63.45603114  010.88843916  63.45595752  010.88876862 1 101
111  63.45594831  010.88922650 1 101
115  63.45595945  010.89357881
120 A2 ctl
111  63.45727614  010.89264687 1 101
111  63.45639549  010.89262247 1 101
116  63.45595945  010.89357881  63.45595322  010.89447164
120 A3 ctl
111  63.45760157  010.89444375 1 101
111  63.45760157  010.89340581 1 101
112  63.45727614  010.89264687  63.45700183  010.89258549
111  63.45727614  010.89264687
112  63.45727614  010.89264687  63.45712077  010.89266070 1 101
111  63.45699560  010.89299565 1 101
111  63.45641086  010.89461206 1 101
111  63.45606918  010.89552630 1 101
116  63.45595322  010.89614290  63.45594723  010.89646209
120 A4 ctl to Y1
111  63.45593879  010.90456778 1 101
112  63.45631681  010.90371146  63.45667953  010.90363916
111  63.45631681  010.90371146
112  63.45631681  010.90371146  63.45596154  010.90361591 1 101
115  63.45594189  010.90287239
120 A4 ctl
111  63.45703246  010.90437107 1 101
112  63.45670675  010.90384382  63.45651542  010.90368182 1 101
115  63.45631681  010.90371146
120 A4 ctl RWY
111  63.45753922  010.90430164 1 101
112  63.45703246  010.90437107  63.45675840  010.90380987
111  63.45703246  010.90437107
112  63.45703246  010.90437107  63.45751171  010.90580251 1 101
115  63.45754439  010.90826475
120 A5 ctl to Y
111  63.45591577  010.91589168 1 101
112  63.45619407  010.91513837  63.45646639  010.91507140
111  63.45619407  010.91513837
112  63.45619407  010.91513837  63.45609083  010.91507810 1 101
112  63.45591787  010.91488684  63.45582587  010.91481014
111  63.45591787  010.91488684
112  63.45591787  010.91488684  63.45585909  010.91482431 1 101
111  63.45570069  010.91477587
112  63.45565282  010.91473220  63.45562487  010.91469580
111  63.45565282  010.91473220 1 101
116  63.45550752  010.91425907  63.45545026  010.91389498
120 A5 ctl
111  63.45726089  010.91514173 1 101
111  63.45676486  010.91514228 1 101
115  63.45619407  010.91513837
120 A5 ctl RWY
111  63.45755894  010.91462060 1 101
112  63.45726089  010.91514173  63.45701268  010.91516487
111  63.45726089  010.91514173
112  63.45726089  010.91514173  63.45755582  010.91519835 1 101
111  63.45756313  010.91578123 1 101
115  63.45756163  010.91618302
120 A6 ctl to Y
111  63.45600889  010.92416983 1 101
112  63.45589943  010.92391044  63.45588342  010.92375413
111  63.45589943  010.92391044
112  63.45589943  010.92391044  63.45588342  010.92411258 1 101
111  63.45579170  010.92416596 1 101
112  63.45590159  010.92442630  63.45590374  010.92462879
111  63.45590159  010.92442630
114  63.45590159  010.92442630  63.45592019  010.92422190 1 101
120 A6 ctl
111  63.45728914  010.92418525 1 101
111  63.45675332  010.92417707 1 101
111  63.45627218  010.92417560 1 101
111  63.45600889  010.92416983 1 101
111  63.45590159  010.92417078 1 101
111  63.45579170  010.92416596 1 101
111  63.45569743  010.92416954 1 101
111  63.45553746  010.92417560 1 101
111  63.45533640  010.92419484
112  63.45533640  010.92419484  63.45522470  010.92434062 1 101
115  63.45523031  010.92457130
120 A6 ctl RWY
111  63.45752399  010.92378990 1 101
112  63.45728914  010.92418525  63.45711246  010.92420453
111  63.45728914  010.92418525
112  63.45728914  010.92418525  63.45754194  010.92426266 1 101
111  63.45754122  010.92476379 1 101
115  63.45754205  010.92544647
120 A8/Y ctl
111  63.45750437  010.94056381 1 101
112  63.45707644  010.94083836  63.45684602  010.94036292
111  63.45707644  010.94083836 1 101
111  63.45666402  010.93996713 1 101
111  63.45614728  010.93885290 1 101
112  63.45588095  010.93748019  63.45588095  010.93681058
111  63.45588095  010.93748019 1 101
111  63.45588544  010.93422255 1 101
111  63.45588394  010.93360651 1 101
111  63.45589292  010.93106535 1 101
111  63.45589292  010.93032878 1 101
111  63.45589591  010.92785122 1 101
111  63.45589591  010.92716153 1 101
111  63.45589891  010.92499869 1 101
111  63.45590159  010.92442630 1 101
111  63.45590159  010.92417078 1 101
111  63.45589943  010.92391044 1 101
111  63.45590190  010.92330793 1 101
111  63.45590452  010.92190935 1 101
111  63.45590598  010.92112488 1 101
111  63.45590745  010.92034042 1 101
111  63.45590910  010.91945876 1 101
111  63.45591067  010.91861874 1 101
111  63.45591224  010.91777875 1 101
111  63.45591368  010.91700817 1 101
111  63.45591527  010.91616123 1 101
111  63.45591577  010.91589168 1 101
111  63.45591705  010.91527958 1 101
111  63.45591787  010.91488684 1 101
111  63.45591867  010.91445348 1 101
111  63.45591925  010.91414109 1 101
111  63.45592112  010.91312753 1 101
111  63.45592328  010.91196125 1 101
111  63.45592559  010.91071164 1 101
111  63.45593631  010.90491713 1 101
111  63.45593879  010.90456778 1 101
111  63.45594189  010.90287239 1 101
111  63.45595322  010.89614290 1 101
115  63.45595945  010.89357881
120 B1 ctl
111  63.45785046  010.91544413 1
111  63.45823134  010.91544916 1
115  63.45837814  010.91546569
120 B1 RWY inlet
111  63.45762064  010.91511065 1
112  63.45785046  010.91544413  63.45800846  010.91550038
111  63.45785046  010.91544413
112  63.45785046  010.91544413  63.45766732  010.91552047 1
115  63.45762602  010.91577762
120 B1 side W
111  63.45934225  010.91592364 3 102
111  63.45911600  010.91553177 3 102
112  63.45872549  010.91524716  63.45850404  010.91523712
111  63.45872549  010.91524716 3 102
111  63.45837906  010.91524782 3 102
111  63.45823321  010.91523505 3 102
111  63.45799233  010.91521703 3 102
116  63.45777986  010.91479514  63.45771702  010.91434647
120 B1 side M5-M4
111  63.45933745  010.91794930 3 102
111  63.45916688  010.91763455 3 102
112  63.45901426  010.91699836  63.45898134  010.91661664
111  63.45901426  010.91699836 3 102
111  63.45899630  010.91671709 3 102
112  63.45893196  010.91624162  63.45887660  010.91600054
111  63.45893196  010.91624162 3 102
112  63.45893346  010.91592688  63.45898284  010.91582643 3 102
111  63.45905316  010.91592688 3 102
115  63.45934100  010.91642801
120 B1 side M6-M5
111  63.45933221  010.91995136 3 102
111  63.45915341  010.91962683 3 102
112  63.45900079  010.91886675  63.45899630  010.91853191
111  63.45900079  010.91886675 3 102
111  63.45900229  010.91828413 3 102
112  63.45913695  010.91810667  63.45924618  010.91826739 3 102
115  63.45933591  010.91846671
120 B1 side SE
111  63.45777388  010.91609766 3 102
112  63.45801477  010.91564564  63.45821676  010.91562555
111  63.45801477  010.91564564 3 102
111  63.45822966  010.91564741 3 102
111  63.45837722  010.91568357 3 102
112  63.45882723  010.91690126  63.45885566  010.91791245
111  63.45882723  010.91690126 3 102
111  63.45882124  010.91874286 3 102
112  63.45903521  010.91992484  63.45924169  010.92033334
111  63.45903521  010.91992484 3 102
115  63.45933089  010.92047702
120 B2 RWY inlet
111  63.45759011  010.92382548 1
112  63.45781096  010.92418709  63.45798692  010.92423932
111  63.45781096  010.92418709
112  63.45781096  010.92418709  63.45762782  010.92424736 1
115  63.45758832  010.92455272
120 B2 ctl
111  63.45781096  010.92418709 1
111  63.45835055  010.92419318 1
111  63.45969837  010.92420127 1
112  63.46015767  010.92374588  63.46035108  010.92327185 1
111  63.46034475  010.92269447 1
115  63.46034654  010.92246546
120 B2 side SW
111  63.45991037  010.92145836 3 102
111  63.46007735  010.92174767 3 102
112  63.46023177  010.92302545  63.46015097  010.92392955 3 102
111  63.45969492  010.92400991 3 102
111  63.45835334  010.92399153 3 102
111  63.45798202  010.92398973
112  63.45798202  010.92398973  63.45779888  010.92394553 3 102
115  63.45776297  010.92355981
120 B2 side NE
111  63.45775938  010.92483357 3 102
112  63.45797125  010.92438757  63.45814003  010.92438757 3 102
111  63.45834830  010.92439159 3 102
111  63.45969312  010.92439967 3 102
112  63.46024254  010.92384114  63.46044543  010.92330672 3 102
111  63.46042927  010.92268792 3 102
111  63.46042747  010.92182803 3 102
116  63.46051725  010.92136593  63.46059804  010.92121324
120 B2 side M5-M6
111  63.45990027  010.91943992 3 102
112  63.46011865  010.91981493  63.46019406  010.92001182
111  63.46011865  010.91981493 3 102
112  63.46022817  010.92025693  63.46024792  010.92046587
111  63.46022817  010.92025693 3 102
111  63.46025331  010.92057838 3 102
111  63.46025331  010.92115299 3 102
112  63.46012224  010.92129764  63.46000553  010.92116906
111  63.46012224  010.92129764 3 102
111  63.45994808  010.92100833 3 102
115  63.45989114  010.92087480
120 B2 side M4-M5
111  63.45991321  010.91740831 3 102
112  63.46012404  010.91781788  63.46016174  010.91795450
111  63.46012404  010.91781788 3 102
112  63.46025690  010.91861348  63.46025690  010.91907156
111  63.46025690  010.91861348 3 102
111  63.46025511  010.91913183 3 102
112  63.46012404  010.91929256  63.46000194  010.91917603
111  63.46012404  010.91929256 3 102
111  63.45994449  010.91897914 3 102
115  63.45990375  010.91889295
120 B2 side NW
112  63.46051366  010.92077528  63.46043286  010.92057035 3 102
111  63.46043286  010.92030916 3 102
111  63.46043466  010.91860143 3 102
112  63.46022099  010.91746830  63.45998937  010.91694995
111  63.46022099  010.91746830
112  63.46022099  010.91746830  63.46017970  010.91735980 3 102
115  63.45998219  010.91703031
120 H ctl
112  63.45592559  010.91071164  63.45586664  010.91123924 1 101
111  63.45567626  010.91141283 1 101
111  63.45530395  010.91139200 1 101
111  63.45504023  010.91139200 1 101
111  63.45477588  010.91139200 1 101
111  63.45466482  010.91139200 1 101
111  63.45433904  010.91139200 1 101
111  63.45423976  010.91139200 1 101
111  63.45393570  010.91139200 1 101
111  63.45383642  010.91139200 1 101
111  63.45355719  010.91139200 1 101
111  63.45345480  010.91139200 1 101
111  63.45314765  010.91139200 1 101
111  63.45304216  010.91139200 1 101
111  63.45276292  010.91139200 1 101
111  63.45265433  010.91139200 1 101
111  63.45236889  010.91139200 1 101
111  63.45225720  010.91139200 1 101
116  63.45211569  010.91182905  63.45210605  010.91223377
120 23 H
111  63.45265433  010.91139200 1 101
112  63.45251308  010.91181297  63.45249674  010.91218217
111  63.45251308  010.91181297
112  63.45251308  010.91181297  63.45250981  010.91144743 1
115  63.45236889  010.91139200
120 24 H
111  63.45304216  010.91139200 1 101
112  63.45291047  010.91181444  63.45290393  010.91215805
111  63.45291047  010.91181444
112  63.45291047  010.91181444  63.45288596  010.91147083 1
115  63.45276292  010.91139200
120 25 H
111  63.45345480  010.91139200 1 101
112  63.45330785  010.91181736  63.45330295  010.91214636
111  63.45330785  010.91181736
112  63.45330785  010.91181736  63.45328171  010.91146643 1
115  63.45314765  010.91139200
120 26 H
111  63.45383642  010.91139200 1 101
112  63.45369904  010.91182298  63.45369250  010.91214833
111  63.45369904  010.91182298
112  63.45369904  010.91182298  63.45366636  010.91146108 1
115  63.45355719  010.91139200
120 27 H
111  63.45423976  010.91139200 1 101
112  63.45409784  010.91182637  63.45408804  010.91213710
111  63.45409784  010.91182637
112  63.45409784  010.91182637  63.45407823  010.91147543 1
115  63.45393570  010.91139200
120 28 H
111  63.45466482  010.91139200 1 101
112  63.45449326  010.91183708  63.45448509  010.91224286
111  63.45449326  010.91183708
112  63.45449326  010.91183708  63.45447529  010.91144592 1
115  63.45433904  010.91139200
120 29 H
111  63.45504023  010.91139200 1 101
112  63.45488999  010.91184778  63.45488836  010.91221701
111  63.45488999  010.91184778
112  63.45488999  010.91184778  63.45487202  010.91149318 1
115  63.45477588  010.91139200
120 J ctl
111  63.45569743  010.92416954 1 101
112  63.45550803  010.92377705  63.45550183  010.92349937
111  63.45550803  010.92377705
112  63.45550803  010.92377705  63.45551734  010.92406166 1 101
111  63.45533640  010.92419484 1 101
111  63.45509849  010.92426299 1
111  63.45497456  010.92426769 1
111  63.45491543  010.92426993 1
111  63.45463000  010.92426993 1
111  63.45374581  010.92427681 1
115  63.45284600  010.92428382
120 K ctl
111  63.45574800  010.92745053 1
111  63.45550957  010.92745260 1
111  63.45535156  010.92745053 1
115  63.45515940  010.92745048
120 K ctl to M
111  63.45499820  010.92710822 1
112  63.45515940  010.92745048  63.45529906  010.92751447
111  63.45515940  010.92745048
112  63.45515940  010.92745048  63.45503410  010.92749315 1
115  63.45500036  010.92777353
120 K ctl to Y
111  63.45589591  010.92716153 1
112  63.45574800  010.92745053  63.45562545  010.92751059
111  63.45574800  010.92745053
112  63.45574800  010.92745053  63.45588608  010.92752222 1
115  63.45589591  010.92785122
120 L ctl
111  63.45571999  010.93066619 1
111  63.45550683  010.93066140 1
115  63.45514041  010.93065655
120 L ctl to M
111  63.45499390  010.93033352 1
112  63.45514041  010.93065655  63.45524433  010.93069043
111  63.45514041  010.93065655
112  63.45514041  010.93065655  63.45502353  010.93069043 1
115  63.45499390  010.93099401
120 L ctl to Y
111  63.45589292  010.93032878 1
112  63.45571999  010.93066619  63.45557211  010.93069426
111  63.45571999  010.93066619
112  63.45571999  010.93066619  63.45588642  010.93070395 1
115  63.45589292  010.93106535
120 J ctl to M1B
111  63.45463000  010.92426993 1
116  63.45477819  010.92465293  63.45479086  010.92491843
120 M ctl
111  63.45571999  010.93388183 1
111  63.45550054  010.93388435 1
111  63.45539680  010.93387219 1
112  63.45499424  010.93290315  63.45497623  010.93202600
111  63.45499424  010.93290315 1
111  63.45499392  010.93266074 1
111  63.45499390  010.93099401 1
111  63.45499390  010.93033352 1
111  63.45499607  010.92947212 1
111  63.45500036  010.92777353 1
111  63.45499870  010.92726174 1
111  63.45499820  010.92710822 1
111  63.45499935  010.92644597 1 101
115  63.45500251  010.92462054
120 M ctl to Y
111  63.45588544  010.93422255 1
112  63.45571999  010.93388183  63.45556478  010.93384308
111  63.45571999  010.93388183
112  63.45571999  010.93388183  63.45587217  010.93386633 1
115  63.45588394  010.93360651
120 M1A M1B ctl
111  63.45499870  010.92726174 1
112  63.45488165  010.92695957  63.45476304  010.92673088 1
111  63.45477440  010.92655866 1
111  63.45477462  010.92644597 1 101
111  63.45477819  010.92465293 1 101
112  63.45491543  010.92426993  63.45500558  010.92426389
111  63.45491543  010.92426993
112  63.45491543  010.92426993  63.45498240  010.92429016 1 101
111  63.45500251  010.92462054 1 101
112  63.45509849  010.92426299  63.45518050  010.92424801 1 101
111  63.45523031  010.92457130 1 101
111  63.45522303  010.92644343 1
111  63.45522107  010.92694828 1
116  63.45536869  010.92745083  63.45551253  010.92746494
120 M4/M5-M6 B2 ctl
111  63.46034834  010.92117968 1
111  63.46034654  010.92246546 1
116  63.46007722  010.92149309  63.45985638  010.92112744
120 M4-M5 turn ctl
112  63.46035013  010.91918264  63.46029088  010.91966883 1
115  63.46007722  010.91946793
120 M4-M5-M6 ctl
111  63.46034654  010.92041220 1
111  63.46035013  010.91918264 1
111  63.46034834  010.91860804 1
112  63.46014365  010.91755930  63.45992460  010.91715748
111  63.46014365  010.91755930 1
111  63.45991479  010.91715970 1
111  63.45946093  010.91637216 1
111  63.45934165  010.91616518 1
111  63.45907714  010.91571499 1
112  63.45875933  010.91546185  63.45857619  010.91544176
111  63.45875933  010.91546185 1
111  63.45837814  010.91546569 1
112  63.45891734  010.91692041  63.45893170  010.91808967
111  63.45891734  010.91692041 1
111  63.45891554  010.91714542 1
112  63.45909868  010.91775617  63.45920102  010.91796109
111  63.45909868  010.91775617 1
111  63.45933660  010.91818968 1
111  63.45945581  010.91839637 1
111  63.45990199  010.91916998 1
111  63.46007722  010.91946793 1
112  63.46034654  010.92041220  63.46037168  010.92089438
111  63.46034654  010.92041220 1
111  63.46034834  010.92117968 1
112  63.46007722  010.92149309  63.45985638  010.92129219
111  63.46007722  010.92149309 1
111  63.45988920  010.92118026 1
111  63.45945129  010.92041605 1
111  63.45933157  010.92020710 1
111  63.45915075  010.91989384 1
112  63.45891195  010.91884913  63.45890297  010.91824642
111  63.45891195  010.91884913 1
115  63.45891554  010.91714542
120 N ctl A8
111  63.45586892  010.93828130 1
112  63.45578413  010.93840407  63.45570682  010.93842360
111  63.45578413  010.93840407
112  63.45578413  010.93840407  63.45587266  010.93843755 1
115  63.45592627  010.93853798
120 N ctl
111  63.45578413  010.93840407 1
112  63.45566568  010.93830921  63.45563700  010.93825062
111  63.45566568  010.93830921 1
111  63.45500484  010.93689467 1
112  63.45481656  010.93619996  63.45481158  010.93593771
111  63.45481656  010.93619996 1
111  63.45481906  010.93340164
112  63.45481906  010.93340164  63.45482527  010.93322872 1
112  63.45487319  010.93301002  63.45489940  010.93291799
111  63.45487319  010.93301002
112  63.45487319  010.93301002  63.45491722  010.93285541 1
116  63.45499392  010.93266074  63.45502535  010.93246214
120 31-39 to Y
111  63.45591867  010.91445348 1 101
112  63.45570069  010.91477587  63.45550036  010.91480557
111  63.45570069  010.91477587
112  63.45570069  010.91477587  63.45591132  010.91490020 1 101
111  63.45591705  010.91527958 1 101
112  63.45569662  010.91574654  63.45548698  010.91582033
111  63.45569662  010.91574654
112  63.45569662  010.91574654  63.45590919  010.91579095 1 101
111  63.45591527  010.91616123 1 101
112  63.45569934  010.91656857  63.45549555  010.91660744
111  63.45569934  010.91656857
112  63.45569934  010.91656857  63.45590887  010.91659753 1 101
111  63.45591368  010.91700817 1 101
112  63.45569798  010.91737847  63.45549458  010.91740435
111  63.45569798  010.91737847
112  63.45569798  010.91737847  63.45590048  010.91741364 1 101
111  63.45591224  010.91777875 1 101
112  63.45569798  010.91819140  63.45550146  010.91824807
111  63.45569798  010.91819140
112  63.45569798  010.91819140  63.45588899  010.91823133 1 101
111  63.45591067  010.91861874 1 101
112  63.45569798  010.91900737  63.45548896  010.91905411
111  63.45569798  010.91900737
112  63.45569798  010.91900737  63.45590204  010.91904482 1 101
111  63.45590910  010.91945876 1 101
112  63.45569762  010.91992551  63.45549764  010.91998256
111  63.45569762  010.91992551
112  63.45569762  010.91992551  63.45588746  010.91997907 1 101
111  63.45590745  010.92034042 1 101
112  63.45570419  010.92072206  63.45551149  010.92077736
111  63.45570419  010.92072206
112  63.45570419  010.92072206  63.45589154  010.92076396 1 101
111  63.45590598  010.92112488 1 101
112  63.45569617  010.92154746  63.45551622  010.92156828
111  63.45569617  010.92154746
112  63.45569617  010.92154746  63.45586934  010.92158167 1 101
115  63.45590452  010.92190935
120 30 to Y
111  63.45592112  010.91312753 1 101
112  63.45563283  010.91362031  63.45539148  010.91366408
111  63.45563283  010.91362031
112  63.45563283  010.91362031  63.45587477  010.91367413 1 101
115  63.45591925  010.91414109
120 W ctl H/Y
111  63.45530395  010.91139200 1 101
112  63.45550739  010.91183866  63.45555393  010.91222742
111  63.45550739  010.91183866
112  63.45550739  010.91183866  63.45553842  010.91155404 1 101
111  63.45567626  010.91141283 1 101
116  63.45592328  010.91196125  63.45599464  010.91246803
120 W ctl
111  63.45550803  010.92377705 1 101
111  63.45550791  010.92154137 1 101
111  63.45550787  010.92072914 1 101
111  63.45550782  010.91990996 1 101
111  63.45550780  010.91949343 1 101
111  63.45550778  010.91900748 1 101
111  63.45550773  010.91818831 1 101
111  63.45550769  010.91737608 1 101
111  63.45550764  010.91657773 1 101
111  63.45550760  010.91574468 1 101
111  63.45550755  010.91477278 1 101
111  63.45550752  010.91425907 1 101
111  63.45550748  010.91362039 1 101
115  63.45550739  010.91183866
120 Y1 side A1-H
111  63.45583831  010.89326390 3
111  63.45583364  010.90492145 3
111  63.45580388  010.91055768
112  63.45580388  010.91055768  63.45579495  010.91126739 3 102
111  63.45541122  010.91120779 3
111  63.45189456  010.91118981 3
111  63.45189212  010.91255596 3
111  63.45190132  010.91354454 3
115  63.45305522  010.91353588
120 A2 side
111  63.45740476  010.89223339 3 102
112  63.45726515  010.89239307  63.45718137  010.89240001
111  63.45726515  010.89239307 3 102
111  63.45639549  010.89238839 3 102
116  63.45607006  010.89264230  63.45592274  010.89290953
120 Y side A3-A2
111  63.45605417  010.89480117 3
111  63.45606064  010.89361515 3 102
112  63.45639549  010.89285369  63.45671867  010.89282958
111  63.45639549  010.89285369 3 102
111  63.45676088  010.89286786 3 102
112  63.45680828  010.89315713  63.45673502  010.89344159
111  63.45680828  010.89315713 3 102
111  63.45632996  010.89446850 3 102
113  63.45611666  010.89504223 3 102
120 Y1 side A4-A3
111  63.45738304  010.90432029 3 102
112  63.45710381  010.90423003  63.45697035  010.90394392
111  63.45710381  010.90423003
112  63.45710381  010.90423003  63.45690452  010.90373633 3 102
111  63.45674374  010.90362972 3 102
112  63.45633436  010.90348719  63.45603031  010.90348025
111  63.45633436  010.90348719
112  63.45633436  010.90348719  63.45605425  010.90341328 3 102
111  63.45604582  010.90285543 3
111  63.45605652  010.89624335 3 102
112  63.45613153  010.89573408  63.45619669  010.89558134
111  63.45613153  010.89573408 3 102
111  63.45648606  010.89474911 3 102
111  63.45714232  010.89299038 3 102
112  63.45728708  010.89290633  63.45736531  010.89292381 3 102
115  63.45740166  010.89303873
120 Y1 side A5-A4
111  63.45736753  010.91419944 3
112  63.45699522  010.91490758  63.45664031  010.91504935
111  63.45699522  010.91490758 3
111  63.45676543  010.91491106 3
112  63.45635919  010.91483815  63.45625570  010.91476282
111  63.45635919  010.91483815
112  63.45635919  010.91483815  63.45608488  010.91466237 3
111  63.45602103  010.91411613 3
111  63.45603832  010.90492145 3
111  63.45604336  010.90455354 3 102
112  63.45637342  010.90393708  63.45670549  010.90392021
111  63.45637342  010.90393708
112  63.45637342  010.90393708  63.45653023  010.90393628 3 102
111  63.45666976  010.90405791 3 102
112  63.45699212  010.90462575  63.45710059  010.90499917
111  63.45699212  010.90462575
112  63.45699212  010.90462575  63.45730186  010.90576202 3 102
115  63.45738304  010.90720141
120 Y side A6-A5
111  63.45734891  010.92355100 3
112  63.45710381  010.92395366  63.45692386  010.92398838
111  63.45710381  010.92395366 3
111  63.45675395  010.92395440 3
111  63.45634471  010.92393509
112  63.45634471  010.92393509  63.45630867  010.92391944 3
111  63.45627174  010.92387258 3
112  63.45602216  010.92330610  63.45593280  010.92292014
111  63.45602216  010.92330610
112  63.45602216  010.92330610  63.45600450  010.92320845 3 102
111  63.45600549  010.92314139 3 102
111  63.45602100  010.91757350 3 102
111  63.45607375  010.91611557 3
112  63.45634988  010.91549769  63.45657016  010.91543521
111  63.45634988  010.91549769 3
111  63.45676416  010.91543059 3
111  63.45700453  010.91540744 3
112  63.45726866  010.91568268  63.45739037  010.91597919
111  63.45726866  010.91568268 3
115  63.45736689  010.91600306
120 Y side A8-A6
111  63.45732720  010.93994197 3
112  63.45691693  010.94017521  63.45663156  010.93982060
111  63.45691693  010.94017521 3
111  63.45673460  010.93979618 3
111  63.45620406  010.93865763 3
112  63.45598377  010.93735246  63.45595585  010.93652632 3
111  63.45600549  010.92512003 3
112  63.45602037  010.92500152  63.45603371  010.92493340
111  63.45602037  010.92500152
112  63.45602037  010.92500152  63.45605168  010.92484167 3
112  63.45627353  010.92445513  63.45641742  010.92434741
111  63.45627353  010.92445513
112  63.45627353  010.92445513  63.45629615  010.92443820 3
112  63.45634678  010.92441191  63.45637296  010.92440502
111  63.45634678  010.92441191 3
111  63.45675322  010.92440497 3
111  63.45713794  010.92440493 3
116  63.45735202  010.92486313  63.45737684  010.92518943
120 Y side J-L
111  63.45541910  010.92472438 3 102
112  63.45572950  010.92500152  63.45583199  010.92534458
111  63.45572950  010.92500152
112  63.45572950  010.92500152  63.45575930  010.92510128 3 102
112  63.45579141  010.92541862  63.45579351  010.92559848
111  63.45579141  010.92541862 3
111  63.45579451  010.92670990 3 102
112  63.45551045  010.92725939  63.45529316  010.92728417
111  63.45551045  010.92725939
112  63.45551045  010.92725939  63.45548852  010.92726189 3 102
115  63.45543771  010.92723057
120 Y side K-L
111  63.45512746  010.92807060 3 102
112  63.45550865  010.92765312  63.45574806  010.92778026 3 102
111  63.45578831  010.92818168 3
111  63.45578831  010.92993810 3 102
112  63.45550686  010.93045738  63.45526618  010.93054869 3 102
115  63.45512435  010.93004918
120 Y side L-M
111  63.45512435  010.93125714 3 102
112  63.45550686  010.93087520  63.45576077  010.93098847 3 102
111  63.45578831  010.93137516 3
111  63.45578520  010.93316629 3 102
112  63.45550147  010.93366741  63.45527271  010.93373204
111  63.45550147  010.93366741
112  63.45550147  010.93366741  63.45520269  010.93376820 3 102
111  63.45511389  010.93316516 3 102
116  63.45512125  010.93286082  63.45514459  010.93272824
120 Y side  M
111  63.45485132  010.93285387 3 102
112  63.45487319  010.93301002  63.45488872  010.93310501
111  63.45487319  010.93301002
112  63.45487319  010.93301002  63.45492546  010.93332980 3 102
112  63.45545012  010.93407571  63.45581850  010.93411853
111  63.45545012  010.93407571 3 102
111  63.45549968  010.93408524 3 102
112  63.45578210  010.93461027  63.45579141  010.93505457
111  63.45578210  010.93461027 3
111  63.45577590  010.93741495 3
112  63.45586892  010.93828130  63.45596161  010.93876334
111  63.45586892  010.93828130
112  63.45586892  010.93828130  63.45588585  010.93836936 3
112  63.45592627  010.93853798  63.45594834  010.93862202
111  63.45592627  010.93853798
112  63.45592627  010.93853798  63.45595773  010.93866009 3
112  63.45605324  010.93896082  63.45610132  010.93906841
111  63.45605324  010.93896082 3
111  63.45659061  010.94014316 3
111  63.45722315  010.94146620 3
116  63.45732869  010.94188062  63.45733424  010.94205441
120 Linear Feature 36
111  63.45625858  010.93588700 1
111  63.45630431  010.93588188 1
115  63.45635381  010.93587990
120 Linear Feature 35
111  63.45632207  010.93579466 1
111  63.45630431  010.93588188 1
115  63.45628398  010.93598644
120 Linear Feature 34
111  63.45694984  010.93483527 1
111  63.45699403  010.93483595 1
115  63.45703872  010.93483527
120 Linear Feature 33
111  63.45700993  010.93474343 1
111  63.45699403  010.93483595 1
115  63.45697819  010.93492810
120 Linear Feature 32
111  63.45948049  010.93534002 1
111  63.45933651  010.93547370 1
115  63.45919163  010.93560996
120 Linear Feature 31
111  63.45938843  010.93516953 1
111  63.45933651  010.93547370 1
115  63.45928051  010.93580176
120 Linear Feature 30
111  63.46154695  010.93054496 1
111  63.46138649  010.93070218 1
115  63.46122635  010.93085755
120 Linear Feature 29
111  63.46144855  010.93033894 1
111  63.46138649  010.93070218 1
115  63.46132475  010.93106357
120 Linear Feature 28
111  63.46226434  010.92887555 1
111  63.46232502  010.92851461 1
115  63.46238497  010.92815798
120 Linear Feature 27
111  63.46248019  010.92835691 1
111  63.46232502  010.92851461 1
115  63.46217229  010.92866951
120 Linear Feature 26
111  63.46441651  010.92380997 1
111  63.46428462  010.92392949 1
115  63.46413083  010.92406574
120 Linear Feature 25
111  63.46433398  010.92361815 1
111  63.46428462  010.92392949 1
115  63.46422923  010.92427888
120 white border
111  63.45329982  010.92167763 20
111  63.45329996  010.92221722 20
111  63.45392229  010.92221657 20
111  63.45435166  010.92221615 20
111  63.45478384  010.92221740 20
111  63.45503115  010.92221729 20
111  63.45510926  010.92239115 20
111  63.45521008  010.92216620 20
111  63.45513342  010.92199681 20
111  63.45513359  010.92031717 20
111  63.45499626  010.92031842 20
111  63.45485578  010.92016110
111  63.45480552  010.92010482 20
111  63.45470898  010.92010530 20
111  63.45470898  010.91976105 20
111  63.45481456  010.91975983 20
111  63.45489537  010.91951964 20
111  63.45492533  010.91943435 20
111  63.45485438  010.91925372
111  63.45480399  010.91912545 20
111  63.45470865  010.91912497 20
111  63.45470865  010.91884898 20
111  63.45480476  010.91884874 20
111  63.45489327  010.91865833 20
111  63.45492269  010.91859484 20
111  63.45485123  010.91843654
111  63.45480443  010.91833285 20
111  63.45470876  010.91833285 20
111  63.45470909  010.91803662 20
111  63.45480432  010.91803662 20
111  63.45489432  010.91784090 20
111  63.45492361  010.91777273 20
111  63.45485644  010.91762953
111  63.45480541  010.91752073 20
111  63.45470887  010.91752147 20
111  63.45470876  010.91724645 20
111  63.45480606  010.91724670 20
111  63.45489406  010.91703166 20
111  63.45492426  010.91695647 20
111  63.45485687  010.91681877
111  63.45480476  010.91671228 20
111  63.45470909  010.91671179 20
111  63.45470876  010.91642922 20
111  63.45480454  010.91642898 20
111  63.45489340  010.91622038 20
111  63.45492452  010.91614665 20
111  63.45485798  010.91601026
111  63.45480497  010.91590163 20
111  63.45470876  010.91590163 20
111  63.45470887  010.91558834 20
111  63.45483941  010.91558785
111  63.45492282  010.91536843 20
111  63.45493956  010.91531928 20
111  63.45492400  010.91527071 20
111  63.45485738  010.91508529
111  63.45480332  010.91493484 20
111  63.45470887  010.91493596 20
111  63.45470876  010.91460385 20
111  63.45484790  010.91460337 20
111  63.45494401  010.91438248 20
111  63.45497996  010.91430056 20
111  63.45486105  010.91394149
111  63.45480737  010.91377938 20
111  63.45470898  010.91377679 20
111  63.45470898  010.91341408 20
111  63.45480484  010.91341452 20
111  63.45480453  010.91310317 20
111  63.45301152  010.91310544 20
111  63.45301217  010.91332193 20
115  63.45305133  010.91332284
120 Manoeverung boarder
111  63.45182757  010.91196798 8
111  63.45211405  010.91196078 8
111  63.45251144  010.91194470 8
111  63.45290883  010.91194616 8
111  63.45330621  010.91194909 8
111  63.45369740  010.91195471 8
111  63.45409620  010.91195810 8
111  63.45449163  010.91196881 8
111  63.45488836  010.91197951 8
111  63.45529091  010.91198421 8
111  63.45529044  010.91362087 8
111  63.45528818  010.91477535 8
111  63.45528882  010.91574425 8
111  63.45528525  010.91656453 8
111  63.45528547  010.91737443 8
111  63.45528625  010.91818736 8
111  63.45527841  010.91900684 8
111  63.45527464  010.91990968 8
111  63.45527524  010.92073018 8
111  63.45527524  010.92091158 8
111  63.45526940  010.92179116 8
111  63.45526790  010.92303780 8
111  63.45526974  010.92340981 8
111  63.45435688  010.92339824 8
111  63.45435676  010.92369865 8
111  63.45275112  010.92373463 8
111  63.45275449  010.92479123 8
111  63.45435236  010.92479357 8
111  63.45435210  010.92514187 8
111  63.45443548  010.92513994 8
111  63.45542066  010.92513665 8
115  63.45541671  010.92649890
21  63.45805045  010.90022646 2 90.2100 3.00 09  PAPI-L
21  63.45715028  010.90022802 3 90.2100 3.00 09  PAPI-R
21  63.45799638  010.93689876 3 270.2600 3.40 27  PAPI-4R
21  63.45709044  010.93687649 2 270.2600 3.40 27  PAPI-4L
14  63.45274719  010.91771652 180.45 0 ATC Tower
1300  63.45223451  010.92315553 359.31 hangar turboprops|props Hangar 1
1301 C none 
1300  63.45261825  010.92533987 270.00 hangar turboprops|props Hangar 2
1301 B none 
1300  63.45353630  010.92529640 271.79 hangar turboprops|props Hangar 3
1301 A none 
1300  63.45181863  010.92457659  51.91 tie_down turboprops|props GA Tie-Down 01
1301 A general_aviation 
1300  63.45208411  010.92454165  49.84 tie_down turboprops|props GA Tie-Down 02
1301 A general_aviation 
1300  63.45238083  010.92492599   0.87 tie_down turboprops|props GA Tie-Down 03
1301 A general_aviation 
1300  63.45299183  010.92540205 275.83 tie_down turboprops|props GA Tie-Down 04
1301 A general_aviation 
1300  63.45319680  010.92539332 277.72 tie_down turboprops|props GA Tie-Down 05
1301 A general_aviation 
1300  63.45211524  010.91276960  89.88 gate jets|turboprops Gate 22
1301 C airline 
1300  63.45251132  010.91275352  89.92 gate jets|turboprops Gate 23
1301 C airline 
1300  63.45290871  010.91275645  89.88 gate jets|turboprops Gate 24
1301 C airline 
1300  63.45330609  010.91275791  89.88 gate jets|turboprops Gate 25
1301 C airline 
1300  63.45369728  010.91276207  90.12 gate jets|turboprops Gate 26
1301 C airline 
1300  63.45409673  010.91276692  89.76 gate jets|turboprops Gate 27
1301 C airline 
1300  63.45449150  010.91277763  90.12 gate jets|turboprops|props Gate 28
1301 C airline 
1300  63.45488823  010.91278833  89.66 gate jets|turboprops|props Gate 29
1301 C airline 
1300  63.45488900  010.91362065 179.72 gate jets|turboprops Gate 30
1301 D airline 
1300  63.45482415  010.91477459 180.00 gate jets|turboprops Gate 31
1301 C airline 
1300  63.45482400  010.91574350 179.65 gate jets|turboprops Gate 32
1301 C airline 
1300  63.45482514  010.91656378 179.39 gate jets|turboprops Gate 33
1301 C airline 
1300  63.45482849  010.91737544 180.00 gate jets|turboprops Gate 34
1301 C airline 
1300  63.45483791  010.91818661 180.16 gate jets|turboprops Gate 35
1301 C airline 
1300  63.45483882  010.91900571 179.63 gate jets|turboprops Gate 36
1301 C airline 
1300  63.45483976  010.91990900 179.60 gate jets|turboprops Gate 37
1301 C airline 
1300  63.45519132  010.92073056 179.89 gate jets|turboprops Gate 38
1301 C airline 
1300  63.45522739  010.92186005 142.67 gate jets|turboprops Gate 39
1301 C airline 
1300  63.45509386  010.92239553 270.00 gate jets|turboprops Gate 40
1301 C airline 
1300  63.45499834  010.92226604 269.93 gate jets Gate 40L
1301 D airline 
1300  63.45464055  010.92243103 269.89 gate jets|turboprops Gate 41
1301 C airline 
1300  63.45435723  010.92243097 270.00 gate jets Gate 41L
1301 D airline 
1300  63.45420122  010.92242850 270.08 gate jets|turboprops Gate 42
1301 C airline 
1300  63.45378581  010.92243010 270.00 gate jets|turboprops Gate 43
1301 C airline 
1300  63.45339348  010.92242346 270.00 gate jets|turboprops Gate 44
1301 C airline 
1300  63.45298721  010.92242591 270.06 gate jets|turboprops Gate 45
1301 C airline 
1300  63.45499935  010.92644597  89.96 tie_down heavy|jets|turboprops|props Apron M1
1301 E military 
1300  63.45499607  010.92947212  89.96 tie_down heavy|jets|turboprops|props Apron M2
1301 E military 
1300  63.45499392  010.93266074  89.95 tie_down heavy|jets|turboprops|props Apron M3
1301 E military 
1300  63.45946093  010.91637216 218.27 tie_down heavy|jets|turboprops|props Apron M4
1301 E military 
1300  63.45945581  010.91839637 217.77 tie_down heavy|jets|turboprops|props Apron M5
1301 E military 
1300  63.45945129  010.92041605 -142.29 tie_down heavy|jets|turboprops|props Apron M6
1301 E military 
1300  63.46102730  010.91990986  90.00 hangar turboprops|props|helos|fighters Mil Hangar 01
1301 B none 
1300  63.46252905  010.91993704  91.02 hangar turboprops|props|helos|fighters Mil Hangar 02A
1301 B none 
1300  63.46228214  010.91993704  90.86 hangar turboprops|props|helos|fighters Mil Hangar 02B
1301 B none 
1300  63.46204331  010.91993704  90.00 hangar turboprops|props|helos|fighters Mil Hangar 02C
1301 B none 
1300  63.46178020  010.91995516  90.86 hangar turboprops|props|helos|fighters Mil Hangar 02D
1301 B none 
18  63.45274719  010.91771652 1 BCN
19  63.45809116  010.89893302 1 WS
19  63.45910778  010.93071622 1 WS
50 12755 ATIS
54 11940 TWR
53 12160 Ground
55 11860 APP
55 11915 TAR
99
