I
1050 Generated by WorldEditor 2.1.0r1

1    466 0 0 UMNI Kukoviatsino
100 50.00 3 0 0.00 0 0 0 06  55.15988032  029.98034288    0    0 0 0 0 0 24  55.16182115  029.99047249    0    0 0 0 0 0
110 2 0.00 0.0000 New Taxiway 119
111  55.15935726  029.97390638
111  55.15914556  029.97390967
111  55.15914685  029.97424543
113  55.15935855  029.97424215
110 1 0.00 0.0000 New Taxiway 118
111  55.15956221  029.97460704
111  55.15955762  029.97341565
111  55.15955616  029.97303836
111  55.15950869  029.97303892
111  55.15951150  029.97376757
112  55.15944080  029.97390540  55.15937499  029.97391343
111  55.15944080  029.97390540
111  55.15935726  029.97390638
111  55.15935855  029.97424215
113  55.15935997  029.97460943
110 1 0.00 0.0000 New Taxiway 115
111  55.15650713  029.97965511
112  55.15650713  029.97965511  55.15646554  029.97963564
111  55.15642776  029.97960125
111  55.15585338  029.97894890
111  55.15583160  029.97901307
111  55.15641464  029.97967463
112  55.15641464  029.97967463  55.15648106  029.97975523
111  55.15649705  029.97981916
111  55.15647467  029.98019467
111  55.15674585  029.98024570
113  55.15677831  029.97970614
110 3 0.00 0.0000 New Taxiway 120
111  55.15935997  029.97460943
111  55.15920465  029.97461127
111  55.15920908  029.97563852
111  55.15961687  029.97566342
111  55.15958641  029.98227682
112  55.15958641  029.98227682  55.15953131  029.98259313
112  55.15933948  029.98271089  55.15930643  029.98316607
111  55.15933948  029.98271089
111  55.15923866  029.99062485
111  55.15967300  029.99167795
111  55.15954289  029.99184459
111  55.15975784  029.99236577
111  55.15990841  029.99224874
111  55.16199086  029.99049408
111  55.16216780  029.99053187
111  55.16291008  029.98546196
111  55.16265466  029.98396461
111  55.16296991  029.98377580
111  55.16174340  029.97707298
111  55.16160714  029.97525951
112  55.16160714  029.97525951  55.16153415  029.97478179
112  55.16119826  029.97455096  55.16113479  029.97418433
111  55.16119826  029.97455096
112  55.16119826  029.97455096  55.16119429  029.97438493
112  55.16124549  029.97423228  55.16125651  029.97405097
111  55.16124549  029.97423228
111  55.16124816  029.97347723
111  55.15955762  029.97341565
113  55.15956221  029.97460704
130 Airport Boundary 114
111  55.16306668  029.98393662
111  55.16260178  029.98085532
111  55.16232801  029.97967765
111  55.16191679  029.97715827
111  55.16173116  029.97424979
111  55.16168569  029.97388544
111  55.16157547  029.97362050
111  55.16121925  029.97310343
111  55.16108073  029.97300443
111  55.16092818  029.97295550
111  55.15909547  029.97301329
111  55.15880585  029.97565742
111  55.15837648  029.97565738
111  55.15833251  029.97579480
111  55.15826762  029.97588815
111  55.15732073  029.97662736
111  55.15677236  029.97687250
111  55.15590499  029.97858060
111  55.15579879  029.97903625
111  55.15573023  029.97964122
111  55.15564971  029.98158271
111  55.15565192  029.98212192
111  55.15569313  029.98265098
111  55.15601467  029.98473050
111  55.15610056  029.98560135
111  55.15617803  029.98660707
111  55.15624615  029.98700846
111  55.15652880  029.98783839
111  55.15835778  029.98919284
111  55.15950389  029.99181418
111  55.15970793  029.99255811
111  55.16223975  029.99053267
111  55.16302893  029.98505999
113  55.16307895  029.98456571
120 Linear Feature 117
111  55.15652656  029.97973632 20
111  55.15649954  029.98019618 20
111  55.15673618  029.98023878 20
113  55.15676320  029.97977893 20
120 Linear Feature 116
112  55.15660444  029.97991958  55.15657509  029.97996197 1
112  55.15661862  029.98006737  55.15665427  029.98009067 1
114  55.15668466  029.97997199  55.15667836  029.97990630 1
14  55.15918409  029.97429447  12.00 0 New Tower Viewpoint 77
1300  55.15929247  029.97407506  -0.36 hangar turboprops|props|helos General Aviation Hangar 1
1301 A none 
1300  55.16130189  029.97739138 158.03 tie_down turboprops|props|helos General Aviation Tie-Down 14
1301 A general_aviation 
1300  55.16120041  029.97686872 158.03 tie_down turboprops|props|helos General Aviation Tie-Down 13
1301 A general_aviation 
1300  55.16109990  029.97635106 158.03 tie_down turboprops|props|helos General Aviation Tie-Down 12
1301 A general_aviation 
1300  55.16100199  029.97584683 158.03 tie_down turboprops|props|helos General Aviation Tie-Down 11
1301 A general_aviation 
1300  55.16090035  029.97532332 158.03 tie_down turboprops|props|helos General Aviation Tie-Down 10
1301 A general_aviation 
1300  55.16079879  029.97480028 158.03 tie_down turboprops|props|helos General Aviation Tie-Down 9
1301 A general_aviation 
1300  55.16067978  029.97427565  90.77 tie_down turboprops|props|helos General Aviation Tie-Down 8
1301 A general_aviation 
1300  55.16047079  029.97427447  90.77 tie_down turboprops|props|helos General Aviation Tie-Down 7
1301 A general_aviation 
1300  55.16026939  029.97427565  90.77 tie_down turboprops|props|helos General Aviation Tie-Down 6
1301 A general_aviation 
1300  55.15978069  029.97474225   2.00 tie_down turboprops|props|helos General Aviation Tie-Down 5
1301 A general_aviation 
1300  55.15977398  029.97525875   2.00 tie_down turboprops|props|helos General Aviation Tie-Down 4
1301 A general_aviation 
1300  55.15976706  029.97579237   2.00 tie_down turboprops|props|helos General Aviation Tie-Down 3
1301 A general_aviation 
1300  55.15976026  029.97631635   2.00 tie_down turboprops|props|helos General Aviation Tie-Down 2
1301 A general_aviation 
1300  55.15975497  029.97683814   2.00 tie_down turboprops|props|helos General Aviation Tie-Down 1
1301 A general_aviation 
18  55.16277956  029.98397194 4 New Airport Beacon 80
19  55.16188916  029.97871057 1 New Windsock 78
99
