I
1050 Generated by WorldEditor

1    485 1 0 XUMH Chernoe Air Base
100 60.00 3 0 0.00 1 2 1 17  55.76436445  038.06374322    0    0 2 9 0 0 35  55.75626755  038.06338085    0    0 2 9 0 0
110 1 0.00 0.0000 New Taxiway 18
111  55.76019825  038.05974046
111  55.76032176  038.06000786
111  55.76060359  038.05961673
111  55.76030604  038.05893624
111  55.76002533  038.05929943
111  55.75971430  038.05972449
111  55.75983782  038.06003580
111  55.75979627  038.06010564
111  55.75985129  038.06022737
111  55.75992333  038.06012308
111  55.76007178  038.05992678
111  55.76008134  038.05991199
111  55.76008274  038.05991600
111  55.76012647  038.05985137
111  55.76011045  038.05981521
111  55.76018703  038.05971193
113  55.76019564  038.05973380
110 1 0.00 0.0000 TOWER
111  55.76073621  038.06023568
111  55.76077497  038.06051869
111  55.76090330  038.06046935
113  55.76086611  038.06018820
110 3 0.00 0.0000 New Taxiway 2
111  55.76254141  038.06089122
112  55.76250621  038.06105246  55.76248609  038.06113163
111  55.76251483  038.06117505
112  55.76295456  038.06123891  55.76296749  038.06124146
111  55.76295456  038.06123891
112  55.76295456  038.06123891  55.76295705  038.06123940
112  55.76297334  038.06124297  55.76298278  038.06124506
111  55.76297334  038.06124297
112  55.76302143  038.06105054  55.76302224  038.06097668
111  55.76302143  038.06105054
112  55.76302143  038.06105054  55.76302169  038.06102695
112  55.76301966  038.06097560  55.76301820  038.06095019
113  55.76301966  038.06097560
110 1 0.00 0.0000 New Taxiway 8
111  55.76288012  038.05920108
111  55.76287873  038.05945803
111  55.76332972  038.05946468
111  55.76333313  038.05946456
113  55.76333542  038.05920000
110 2 0.00 0.0000 New Taxiway 7
112  55.76310136  038.06039506  55.76311193  038.06040367
111  55.76310136  038.06039506
111  55.76310141  038.06006959
112  55.76318707  038.05990905  55.76325303  038.05990769
111  55.76332665  038.05991314
111  55.76332972  038.05946468
111  55.76287873  038.05945803
111  55.76286203  038.05945693
111  55.76286114  038.05991041
111  55.76301759  038.05991587
112  55.76306615  038.06002944  55.76306691  038.06012213
111  55.76305895  038.06037930
112  55.76305895  038.06037930  55.76306426  038.06037890
112  55.76307276  038.06038005  55.76307657  038.06038087
111  55.76307276  038.06038005
114  55.76307276  038.06038005  55.76307951  038.06038428
112  55.76304658  038.05948644  55.76304831  038.05948490
111  55.76306174  038.05953030
111  55.76306217  038.05968804
111  55.76297186  038.05968723
113  55.76297307  038.05948567
111  55.76286541  038.05948632
111  55.76292107  038.05948818
111  55.76292027  038.05968406
113  55.76286564  038.05968410
111  55.76320135  038.05948765
111  55.76320081  038.05968974
111  55.76310834  038.05969117
111  55.76310942  038.05952874
113  55.76312877  038.05948717
111  55.76332461  038.05949051
111  55.76332327  038.05968973
111  55.76325150  038.05968878
113  55.76325284  038.05948955
110 3 0.00 0.0000 New Taxiway 1
112  55.76237400  038.06113419  55.76242250  038.06113652
111  55.76237400  038.06113419
112  55.76237400  038.06113419  55.76242717  038.06113674
111  55.76246980  038.06100580
111  55.76250511  038.06086656
112  55.76176372  038.06074890  55.76170761  038.06074178
113  55.76171343  038.06106436
110 2 0.00 0.0000 New Taxiway 1
112  55.76307928  038.06104764  55.76308090  038.06092310
111  55.76309638  038.06087097
112  55.76317460  038.06062768  55.76317378  038.06044521
111  55.76317460  038.06062768
112  55.76317460  038.06062768  55.76317398  038.06048905
112  55.76310136  038.06039506  55.76306791  038.06036782
111  55.76310136  038.06039506
112  55.76310136  038.06039506  55.76309078  038.06038645
112  55.76307276  038.06038005  55.76306601  038.06037581
111  55.76307276  038.06038005
112  55.76307276  038.06038005  55.76306894  038.06037922
112  55.76305895  038.06037930  55.76305363  038.06037969
111  55.76305895  038.06037930
112  55.76305895  038.06037930  55.76301770  038.06038236
112  55.76293262  038.06061175  55.76292685  038.06079520
111  55.76293262  038.06061175
112  55.76293262  038.06061175  55.76292610  038.06081884
111  55.76301084  038.06087242
112  55.76301966  038.06097560  55.76302278  038.06102973
111  55.76301966  038.06097560
112  55.76301966  038.06097560  55.76302113  038.06100101
112  55.76302143  038.06105054  55.76302117  038.06107413
111  55.76302143  038.06105054
112  55.76302143  038.06105054  55.76302061  038.06112440
111  55.76297334  038.06124297
113  55.76309734  038.06127074
110 2 0.00 0.0000 New Taxiway 1
112  55.76406962  038.06120073  55.76407125  038.06107619
111  55.76408673  038.06102406
112  55.76416495  038.06078077  55.76416413  038.06059830
112  55.76406310  038.06053313  55.76402970  038.06052589
112  55.76392297  038.06076484  55.76391645  038.06097192
111  55.76400118  038.06102550
112  55.76401178  038.06120363  55.76401096  038.06127748
111  55.76395886  038.06140513
113  55.76409133  038.06143226
110 2 0.00 0.0000 New Taxiway 1
112  55.76451817  038.06129603  55.76451980  038.06117149
111  55.76453528  038.06111935
112  55.76461349  038.06087606  55.76461268  038.06069359
112  55.76451165  038.06062843  55.76447824  038.06062119
112  55.76437151  038.06086013  55.76436500  038.06106722
111  55.76444973  038.06112080
112  55.76446032  038.06129892  55.76445950  038.06137278
111  55.76440915  038.06149790
113  55.76453365  038.06152088
110 1 0.00 0.0000 New Taxiway 17
111  55.76119713  038.05777162
111  55.76118440  038.05778176
111  55.76117136  038.05777086
111  55.76056787  038.05857920
111  55.76061241  038.05869669
111  55.76063109  038.05867881
111  55.76089838  038.05927133
111  55.76108470  038.05900576
111  55.76112074  038.05907937
111  55.76131324  038.05882721
111  55.76127413  038.05874815
113  55.76149459  038.05846375
110 1 0.00 0.0000 BUILDING
111  55.76194346  038.05705088
111  55.76168177  038.05739724
111  55.76172981  038.05752318
111  55.76171087  038.05754444
111  55.76169068  038.05756977
111  55.76172156  038.05764787
111  55.76174412  038.05762465
111  55.76176051  038.05760267
111  55.76181063  038.05772958
113  55.76208822  038.05737909
110 2 0.00 0.0000 New Taxiway 100
111  55.76106015  038.06111505
111  55.76106489  038.06121618
111  55.76099310  038.06174792
112  55.76096587  038.06182927  55.76096097  038.06186067
112  55.76098735  038.06191771  55.76100502  038.06192643
112  55.76103456  038.06186045  55.76104339  038.06183254
111  55.76103305  038.06176740
111  55.76109699  038.06127028
111  55.76111644  038.06127373
111  55.76119516  038.06136160
111  55.76128041  038.06145677
111  55.76133993  038.06150555
112  55.76138759  038.06149951  55.76142869  038.06148827
111  55.76138759  038.06149951
112  55.76138759  038.06149951  55.76141697  038.06149148
111  55.76165836  038.06140027
111  55.76168295  038.06117404
112  55.76182977  038.06116938  55.76192778  038.06118929
111  55.76182977  038.06116938
112  55.76182977  038.06116938  55.76192778  038.06118929
111  55.76370567  038.06148175
111  55.76464586  038.06163677
112  55.76467495  038.06158744  55.76467387  038.06154138
111  55.76465659  038.06154138
112  55.76453365  038.06152088  55.76448496  038.06151161
111  55.76453365  038.06152088
111  55.76440915  038.06149790
112  55.76440915  038.06149790  55.76435525  038.06148554
111  55.76409133  038.06143226
111  55.76395886  038.06140513
112  55.76395886  038.06140513  55.76393079  038.06140321
111  55.76309734  038.06127074
111  55.76297334  038.06124297
112  55.76297334  038.06124297  55.76296391  038.06124089
112  55.76295456  038.06123891  55.76295206  038.06123841
111  55.76295456  038.06123891
112  55.76295456  038.06123891  55.76294162  038.06123635
111  55.76251483  038.06117505
112  55.76250621  038.06105246  55.76252633  038.06097328
111  55.76250621  038.06105246
112  55.76250621  038.06105246  55.76252633  038.06097328
111  55.76254141  038.06089122
111  55.76257088  038.06074341
112  55.76265135  038.06059017  55.76267434  038.06050588
112  55.76263473  038.06035588  55.76260312  038.06032778
112  55.76253611  038.06049523  55.76251742  038.06057952
111  55.76253611  038.06049523
112  55.76253611  038.06049523  55.76251910  038.06063495
112  55.76252873  038.06073094  55.76251847  038.06080869
111  55.76252873  038.06073094
112  55.76252873  038.06073094  55.76251355  038.06082917
111  55.76250511  038.06086656
111  55.76246980  038.06100580
112  55.76237400  038.06113419  55.76232084  038.06113163
111  55.76237400  038.06113419
112  55.76237400  038.06113419  55.76232551  038.06113186
111  55.76171343  038.06106436
111  55.76167131  038.06106012
111  55.76151892  038.06098897
111  55.76139088  038.06100864
112  55.76136559  038.06086536  55.76140037  038.06078951
111  55.76131881  038.06058377
111  55.76197781  038.05961341
111  55.76189193  038.05933409
111  55.76215924  038.05892688
111  55.76189448  038.05830249
111  55.76172297  038.05785424
111  55.76179044  038.05775130
111  55.76174412  038.05762465
111  55.76172156  038.05764787
111  55.76169068  038.05756977
111  55.76171087  038.05754444
111  55.76165149  038.05740091
111  55.76154104  038.05741146
111  55.76150066  038.05747057
111  55.76153629  038.05756766
111  55.76127739  038.05792016
111  55.76121293  038.05775629
111  55.76119713  038.05777162
111  55.76149459  038.05846375
111  55.76151183  038.05843565
111  55.76143280  038.05824666
111  55.76158943  038.05800659
111  55.76166128  038.05800914
111  55.76176618  038.05831562
111  55.76140262  038.05883919
111  55.76091209  038.05951520
111  55.76076508  038.05921855
111  55.76080066  038.05914107
111  55.76088401  038.05930197
111  55.76089838  038.05927133
111  55.76063109  038.05867881
111  55.76061241  038.05869669
111  55.76056787  038.05857920
111  55.76053913  038.05863539
111  55.76060954  038.05880651
111  55.76049170  038.05895719
111  55.76075755  038.05963143
111  55.76074893  038.05969528
111  55.76071732  038.05978467
111  55.76029926  038.06034778
112  55.76020836  038.06027926  55.76017273  038.06019906
111  55.76007178  038.05992678
111  55.75992333  038.06012308
111  55.76010622  038.06058953
111  55.75996282  038.06077266
112  55.75985831  038.06074367  55.75982021  038.06069712
111  55.75985831  038.06074367
111  55.75980082  038.06079322
111  55.75975222  038.06092484
112  55.75967585  038.06093717  55.75961336  038.06091661
111  55.75925001  038.06078088
112  55.75916670  038.06064515  55.75913198  038.06057112
111  55.75889143  038.05999366
112  55.75890882  038.05979280  55.75897489  038.05971863
111  55.75906531  038.05961357
112  55.75907401  038.05954558  55.75909313  038.05952704
111  55.75911921  038.05948687
111  55.75894360  038.05900790
111  55.75846369  038.05792945
111  55.75838413  038.05787384
111  55.75788423  038.05875400
111  55.75855539  038.06037860
111  55.75860399  038.06034158
111  55.75865722  038.06039505
111  55.75868730  038.06046908
111  55.75885513  038.06024439
112  55.75893090  038.06027922  55.75896225  038.06035119
111  55.75915298  038.06077606
112  55.75924704  038.06087589  55.75931105  038.06089678
111  55.75969382  038.06102913
112  55.75981270  038.06104538  55.75984667  038.06102448
111  55.75986495  038.06103145
111  55.75995901  038.06107324
112  55.76011708  038.06114057  55.76016673  038.06115450
111  55.76029998  038.06118469
111  55.76048940  038.06122416
111  55.76064617  038.06126363
112  55.76074022  038.06125202  55.76078464  038.06122648
111  55.76086302  038.06115218
114  55.76096492  038.06112897  55.76099889  038.06112200
112  55.76085744  038.05994732  55.76090542  038.06008339
112  55.76097177  038.06027751  55.76107691  038.06057322
111  55.76097177  038.06027751
112  55.76097177  038.06027751  55.76100443  038.06041538
111  55.76099933  038.06065123
111  55.76089317  038.06077822
111  55.76089419  038.06092154
111  55.76079415  038.06105216
111  55.76081763  038.06112292
112  55.76080947  038.06113743  55.76079314  038.06116101
111  55.76067473  038.06119004
112  55.76023172  038.06108845  55.76020007  038.06108300
111  55.76001021  038.06101044
112  55.75996632  038.06097597  55.75993059  038.06094694
111  55.75996938  038.06089614
113  55.76074414  038.05988202
110 1 0.00 0.0000 BUILDING
111  55.76130152  038.07151235
111  55.76133344  038.07168166
111  55.76164931  038.07154845
113  55.76161897  038.07136925
110 2 0.00 0.0000 New Taxiway 93
111  55.76027386  038.06824126
111  55.76024181  038.06824126
111  55.76006415  038.06824452
111  55.76006415  038.06856514
111  55.76024456  038.06856189
111  55.76025326  038.06932357
111  55.76007789  038.06933334
111  55.76008018  038.06965315
111  55.76026379  038.06964908
111  55.76069432  038.07066628
111  55.76120946  038.07190482
111  55.76168995  038.07172081
111  55.76151825  038.07066729
111  55.76115302  038.07083072
111  55.76132222  038.07170595
111  55.76119924  038.07177467
111  55.76103374  038.07140109
111  55.76073655  038.07066151
111  55.76069633  038.07055547
111  55.76078616  038.07044348
111  55.76068359  038.07021353
111  55.76059912  038.07032552
113  55.76029678  038.06958921
111  55.76161897  038.07136925
111  55.76164931  038.07154845
111  55.76133344  038.07168166
113  55.76130152  038.07151235
110 3 0.00 0.0000 New Taxiway 92
112  55.76103239  038.06214942  55.76101727  038.06226455
112  55.76093945  038.06264025  55.76092218  038.06273428
111  55.76076988  038.06310797
111  55.76066217  038.06404768
112  55.76056848  038.06470103  55.76054617  038.06484534
111  55.76054260  038.06497538
111  55.76053368  038.06534487
112  55.76053011  038.06607117  55.76052387  038.06626622
111  55.76050067  038.06641211
112  55.76035880  038.06707339  55.76034809  038.06713365
112  55.76027706  038.06764989  55.76026100  038.06780054
111  55.76024181  038.06824126
111  55.76027386  038.06824126
112  55.76028919  038.06785569  55.76030356  038.06768388
111  55.76036757  038.06716613
112  55.76054001  038.06634888  55.76056875  038.06621886
111  55.76057528  038.06591935
112  55.76057136  038.06503941  55.76057267  038.06492564
111  55.76059226  038.06473294
111  55.76069808  038.06404802
112  55.76092475  038.06318958  55.76095087  038.06308974
111  55.76092475  038.06318958
112  55.76092475  038.06318958  55.76093355  038.06315594
112  55.76097716  038.06302694  55.76101143  038.06295617
111  55.76097716  038.06302694
112  55.76097716  038.06302694  55.76104461  038.06288767
112  55.76115286  038.06229476  55.76121271  038.06197845
111  55.76115286  038.06229476
112  55.76115286  038.06229476  55.76117296  038.06218852
112  55.76136264  038.06166769  55.76146821  038.06159784
111  55.76136264  038.06166769
112  55.76136264  038.06166769  55.76147627  038.06169337
112  55.76162612  038.06156069  55.76167902  038.06142408
111  55.76162612  038.06156069
112  55.76164312  038.06191245  55.76169202  038.06193331
111  55.76164312  038.06191245
112  55.76164312  038.06191245  55.76182306  038.06206193
111  55.76197935  038.06174458
111  55.76309678  038.06189234
111  55.76314483  038.06179346
112  55.76349289  038.06207445  55.76369127  038.06208490
111  55.76349289  038.06207445
112  55.76349289  038.06207445  55.76360604  038.06202483
112  55.76371977  038.06169936  55.76372911  038.06148651
111  55.76371977  038.06169936
112  55.76371977  038.06169936  55.76372949  038.06157416
111  55.76370567  038.06148175
112  55.76182977  038.06116938  55.76173176  038.06114947
111  55.76168295  038.06117404
111  55.76165836  038.06140027
112  55.76138759  038.06149951  55.76135821  038.06150755
111  55.76138759  038.06149951
112  55.76138759  038.06149951  55.76134649  038.06151075
111  55.76133993  038.06150555
111  55.76128041  038.06145677
113  55.76119516  038.06136160
130 Airport Boundary 20
111  55.76197981  038.05688739
111  55.76164476  038.05732394
111  55.76152782  038.05732692
111  55.76131462  038.05687226
111  55.76009513  038.05868336
111  55.75902060  038.05702381
111  55.75858994  038.05752393
111  55.75811238  038.05635698
111  55.75730222  038.05769823
111  55.75889695  038.06135815
111  55.75770730  038.06179765
111  55.75504231  038.06191898
111  55.75446668  038.06293429
111  55.75515744  038.06458608
111  55.75552080  038.06423343
111  55.75666075  038.06635680
111  55.75745735  038.06793102
111  55.75841875  038.06874864
111  55.75873359  038.06953198
111  55.75900601  038.07022572
111  55.76013150  038.07078518
111  55.76060906  038.07071698
111  55.76108237  038.07214921
111  55.76177739  038.07187640
111  55.76150876  038.06992887
111  55.76209293  038.06974700
111  55.76316319  038.06854210
111  55.76297131  038.06765542
111  55.76477923  038.06620796
111  55.76543162  038.06538186
111  55.76588360  038.06340378
111  55.76562268  038.06208328
111  55.76467325  038.06012140
113  55.76365684  038.05875487
120 Linear Feature 15
111  55.76101820  038.06103366 20
115  55.76093280  038.06106233
120 Linear Feature 15
111  55.76100915  038.06097210 20
115  55.76092375  038.06100428
120 Linear Feature 14
111  55.76099891  038.06090425 20
111  55.76091351  038.06093923 20
111  55.76092375  038.06100428 20
111  55.76093280  038.06106233 20
111  55.76094264  038.06112458 20
111  55.76102843  038.06109311 20
111  55.76101820  038.06103366 20
113  55.76100915  038.06097210 20
120 Linear Feature 13
111  55.76241900  038.06121132 1
112  55.76248540  038.06104404  55.76250886  038.06093251 1
115  55.76259188  038.06054499
120 Linear Feature 6
111  55.76298384  038.06131100 1
112  55.76304355  038.06110111  55.76304450  038.06096992 1
115  55.76304831  038.06074902
120 Linear Feature 5
111  55.76397122  038.06147287 1
112  55.76403336  038.06133330  55.76403843  038.06118459 1
111  55.76404033  038.06102575 1
115  55.76403906  038.06090408
120 Linear Feature 4
111  55.76310952  038.06052935 22
111  55.76299985  038.06052935 22
111  55.76299985  038.06074677 22
113  55.76310952  038.06074827 22
120 Linear Feature 4
111  55.76409636  038.06068491 22
111  55.76398669  038.06068491 22
111  55.76398669  038.06090233 22
113  55.76409636  038.06090383 22
120 Linear Feature 4
111  55.76454740  038.06075216 22
111  55.76443773  038.06075216 22
111  55.76443773  038.06096958 22
113  55.76454740  038.06097108 22
120 Linear Feature 3
111  55.76132509  038.06127139 1
111  55.76154012  038.06115508 1
112  55.76170140  038.06110791  55.76179021  038.06111698 1
111  55.76180552  038.06112242 1
111  55.76241900  038.06121132 1
111  55.76298384  038.06131100 1
111  55.76299471  038.06131292 1
111  55.76397122  038.06147287 1
111  55.76399024  038.06147599 1
111  55.76443986  038.06154869 1
112  55.76448710  038.06138525  55.76448879  038.06123530 1
115  55.76449132  038.06097440
120 Linear Feature 2
111  55.76123655  038.06140591 1
112  55.76132200  038.06127243  55.76138824  038.06125036
111  55.76132200  038.06127243
112  55.76132200  038.06127243  55.76119102  038.06134528 1
111  55.76117451  038.06115791 1
111  55.76118690  038.06065245 1
115  55.76092288  038.05978147
120 Linear Feature 101
111  55.76144392  038.06102676 2
111  55.76136442  038.06106280 2
111  55.76132792  038.06119688 2
111  55.76134820  038.06133239 2
111  55.76142039  038.06141024 2
111  55.76151124  038.06135978 2
111  55.76154450  038.06122715 2
113  55.76151854  038.06108875 2
120 Linear Feature 99
111  55.76076438  038.07041149 20
115  55.76069248  038.07051170
120 Linear Feature 99
111  55.76072861  038.07033601 20
115  55.76065671  038.07043622
120 Linear Feature 99
111  55.76069493  038.07025732 20
115  55.76062304  038.07035753
120 Linear Feature 98
111  55.76068375  038.07022287 22
111  55.76078181  038.07044049 22
111  55.76069760  038.07054880 22
113  55.76060231  038.07032626 22
120 Linear Feature 97
111  55.76025052  038.06933481 22
111  55.76025418  038.06964134 22
111  55.76008659  038.06964350 22
113  55.76008415  038.06934131 22
120 Linear Feature 96
111  55.76007180  038.06825507 22
111  55.76007180  038.06855293 22
111  55.76023574  038.06855401 22
113  55.76023452  038.06825073 22
14  55.76082027  038.06035734  82.02 0 New Tower Viewpoint 1
1300  55.76449132  038.06097440  90.87 gate turboprops GA 01
1301 A general_aviation 
1300  55.76403906  038.06090408  90.87 gate turboprops GA 02
1301 A general_aviation 
1300  55.76304831  038.06074902  90.87 gate turboprops GA 03
1301 A general_aviation 
1300  55.76322733  038.05942799  90.87 hangar turboprops Hangar 1
1301 A none 
1300  55.76308409  038.05942461  90.87 hangar turboprops Hangar 2
1301 A none 
1300  55.76294528  038.05942011  90.87 hangar turboprops Hangar 3
1301 A none 
1300  55.76127739  038.05843133 262.17 hangar turboprops Hangar 4
1301 A none 
1300  55.76111895  038.05866526 262.17 hangar turboprops Hangar 5
1301 A none 
1300  55.76097160  038.05885916 262.17 hangar turboprops Hangar 6
1301 A none 
1300  55.76117707  038.05809010  82.52 hangar turboprops Hangar 7
1301 A none 
1300  55.76102906  038.05828240  82.52 hangar turboprops Hangar 8
1301 A none 
1300  55.76086982  038.05851462  82.52 hangar turboprops Hangar 9
1301 A none 
18  55.76082051  038.06035702 1 New Airport Beacon 5
54 12910 ATC Pokrovskaya
99
