A
1000 Generated by Infinite Flight Airport Editing (World Parser)/AB

1       63 0 1 PASN ST PAUL ISLAND
100   45.72   1   0 0.25 0 3 0 18   57.17608300 -170.21769400    0.00    0.00 2 10 0 0 36   57.15855600 -170.22319400    0.00    0.00 3 10 0 0
21   57.17424546 -170.21756598  1 189.66   3.00 18  VASI
21   57.16119275 -170.22307163  1   9.65   3.00 36  VASI
10   57.15968320 -170.22445680 xxx  99.65   500 0.0 0.0    70 161161  1 0 0 0.25 0
10   57.15963750 -170.21902470 xxx  99.65   450 0.0 0.0   250 161161  1 0 0 0.25 0
10   57.15871050 -170.21884160 xxx  99.65   500 0.0 0.0   400 161161  1 0 0 0.25 0
10   57.15927890 -170.22004700 xxx  99.65  1040 0.0 0.0   100 161161  1 0 0 0.25 0
10   57.15961840 -170.22210690 xxx 120.00   300 0.0 0.0   100 161161  1 0 0 0.25 0
10   57.15945820 -170.22050480 xxx  70.00   200 0.0 0.0   100 161161  1 0 0 0.25 0
10   57.15936660 -170.22219850 xxx  85.00   300 0.0 0.0   100 161161  1 0 0 0.25 0
18   57.16708011 -170.21782625 1 BCN
19   57.17638508 -170.21644422 1 WS
19   57.15825387 -170.22444312 1 WS
50 13575 ASOS
51 12230 CTAF


130 Airport Boundary
111  057.15855789 -170.22319031
111  057.15968323 -170.22445679
111  057.17608261 -170.21769714
113  057.15871048 -170.21884155
99
