A
1000 Generated by Infinite Flight Airport Editing (World Parser)

1      144 0 0 EDWV Verden Scharnhorst
100   29.87   3   0 0.00 0 0 1 13   52.96814150  009.28235905    0.00    0.00 0  0 0 0 31   52.96519170  009.28819595    0.00    0.00 0  0 0 0
110   2 0.00   0.00 Taxiway
111  52.96743096  009.28533605 
111  52.96731424  009.28529923 
111  52.96716453  009.28503686 
111  52.96659898  009.28615538 
111  52.96682908  009.28648679 
111  52.96687066  009.28640394 
111  52.96669601  009.28619220 
111  52.96669323  009.28612316 
111  52.96674036  009.28604031 
111  52.96683462  009.28617840 
111  52.96687898  009.28610475 
111  52.96676809  009.28599428 
111  52.96677363  009.28593904 
111  52.96699265  009.28550176 
111  52.96703978  009.28549716 
111  52.96729483  009.28586539 
111  52.96730315  009.28603570 
111  52.96746394  009.28577794 
111  52.96733641  009.28577334 
111  52.96708413  009.28544192 
111  52.96708413  009.28536367 
111  52.96715899  009.28520717 
111  52.96719503  009.28520257 
113  52.96734473  009.28551097 
110   3 0.00   0.00 Grass Apron
111  52.96682908  009.28648679 
111  52.96659898  009.28615538 
111  52.96558492  009.28815881 
111  52.96540747  009.28811745 
111  52.96529528  009.28833786 
111  52.96542579  009.28847716 
111  52.96532545  009.28869414 
113  52.96554900  009.28903491 
130 Airport Boundary
111  52.96842196  009.28265171 
111  52.96888117  009.28165609 
111  52.96907566  009.28069635 
111  52.96885956  009.28038241 
111  52.96632580  009.28233777 
111  52.96680662  009.28401507 
111  52.96479149  009.28788094 
111  52.96570451  009.28936988 
111  52.96768722  009.28544123 
111  52.96754676  009.28504657 
113  52.96860024  009.28295667 
14   52.96717957  009.28587151    9 0 Tower Viewpoint
15   52.96717268  009.28562857 219.09 Apron
19   52.96699030  009.28593455 0 WS
20   52.96655738  009.28507501 128.48  0 2 {@Y}_1/2_{@@}_1/2_
20   52.96679733  009.28544478 309.73  0 2 {@Y}_1/2_{@@}_1/2_

99
