A
1000 Generated by Infinite Flight Airport Editing (World Parser)/AB

1       25 0 1 LTAK ISKENDERUN
100   29.87   1   0 0.25 0 0 0 07   36.57150000  036.14798600    0.00   32.00 2  0 0 0 25   36.57544400  036.16001400    0.00   76.20 2  0 0 0
110   1 0.30  67.79 Default taxiway for RWY 07
111  36.57137765  036.14804821   3 
111  36.57075342  036.14836563   3 
111  36.57469802  036.16039304   3 
111  36.57532225  036.16007561 
112  36.57522063  036.15976573  36.57526936  036.15992172   3 
111  36.57512004  036.15999765   3 
112  36.57492095  036.16009889  36.57477164  036.16017482   3 
111  36.57472083  036.16001989   3 
111  36.57287556  036.15439352   3 
111  36.57337536  036.15413937 
111  36.57332455  036.15398444   3 
111  36.57282475  036.15423859   3 
112  36.57097948  036.14861223  36.57092866  036.14845730   3 
111  36.57107797  036.14838137   3 
112  36.57127706  036.14828014  36.57142638  036.14820421   3 
113  36.57147928  036.14835808 
120 Default hold RWY 07 (near)
111  36.57112671  036.14817581   4 
115  36.57117752  036.14833075 
120 Default hold RWY 07 (centre)
111  36.57307361  036.15411205   4 
115  36.57312442  036.15426698 
120 Default hold RWY 07 (far)
111  36.57502050  036.16004827   4 
115  36.57507131  036.16020321 
19   36.57177166  036.14748632 1 WS
19   36.57517229  036.16051366 1 WS
55 11800 INCIRLIK APP
55 12650 INCIRLIK APP


130 Airport Boundary
111  036.57075500  036.14836502
111  036.57112503  036.14817429
111  036.57149887  036.14798737
111  036.57544327  036.16001511
113  036.57469940  036.16039276
99
