A
1000 Generated by Infinite Flight Airport Editing (World Parser)/AB

1       30 0 0 YCII COLLINS ISLAND
100   29.87   4   0 0.25 0 0 0 8   -22.23961166  150.29741297    0.00    0.00 0  0 0 0 26  -22.23890071  150.30655988    0.00    0.00 0  0 0 0
110   4 0.25  85.20 New Taxiway 109
111 -22.23886840  150.30613369 
112 -22.23855211  150.30570656 -22.23837138  150.30548690 
112 -22.23815676  150.30585301 -22.23798732  150.30588962 
112 -22.23785177  150.30612148 -22.23769363  150.30618250 
112 -22.23799862  150.30564555 -22.23804380  150.30552351 
112 -22.23823583  150.30494995 -22.23825842  150.30475469 
111 -22.23849563  150.30396147 
112 -22.23859730  150.30354655 -22.23860859  150.30346113 
113 -22.23915079  150.30209434 
14  -22.23851823  150.30416893    6 0 New Tower Viewpoint 89
15  -22.23863118  150.30470588 260.80 New Ramp Start 88
19  -22.23884581  150.30331468 0 New Windsock 90


130 Airport Boundary
111 -022.23961067  150.29740906
111 -022.23785210  150.30612183
113 -022.23890114  150.30656433
99
