A
1000 Generated by Infinite Flight Airport Editing (World Parser)/AB

1      128 0 1 SA34 TRELEW AEROCLUB
100   30.48   1   0 0.25 0 0 0 08  -43.23612800 -065.33637500    0.00    0.00 2  0 0 0 26  -43.23516100 -065.31181100    0.00    0.00 2  0 0 0
100   39.93   4   0 0.25 0 0 0 13  -43.22675300 -065.33550800    0.00    0.00 1  0 0 0 31  -43.23711900 -065.31929700    0.00    0.00 1  0 0 0
100   35.05   4   0 0.25 0 0 0 04  -43.23755000 -065.33188300    0.00    0.00 1  0 0 0 22  -43.22700300 -065.31807500    0.00    0.00 1  0 0 0
100   23.77   4   0 0.25 0 0 0 01  -43.23768900 -065.32998600    0.00    0.00 1  0 0 0 19  -43.22556400 -065.32688600    0.00    0.00 1  0 0 0
110   1 0.30  86.92 Default taxiway for RWY 08
111 -43.23626270 -065.33636504   3 
111 -43.23694970 -065.33631422   3 
111 -43.23598533 -065.31174983   3 
111 -43.23529833 -065.31180065 
112 -43.23531309 -065.31217661 -43.23530796 -065.31198846   3 
111 -43.23547230 -065.31197630   3 
112 -43.23569142 -065.31196010 -43.23585576 -065.31194794   3 
111 -43.23586314 -065.31213592   3 
111 -43.23632687 -065.32394817   3 
111 -43.23577682 -065.32398886 
111 -43.23578420 -065.32417684   3 
111 -43.23633425 -065.32413615   3 
112 -43.23679799 -065.33594839 -43.23680537 -065.33613637   3 
111 -43.23664103 -065.33614853   3 
112 -43.23642191 -065.33616473 -43.23625757 -065.33617689   3 
113 -43.23624794 -065.33598908 
120 Default hold RWY 08 (near)
111 -43.23653885 -065.33634461   4 
115 -43.23653147 -065.33615663 
120 Default hold RWY 08 (centre)
111 -43.23606035 -065.32415641   4 
115 -43.23605297 -065.32396843 
120 Default hold RWY 08 (far)
111 -43.23558186 -065.31196820   4 
115 -43.23557448 -065.31178022 
19  -43.23784055 -065.33047286 1 WS
19  -43.23745257 -065.33265046 1 WS
19  -43.23573191 -065.33678135 1 WS
19  -43.22611191 -065.33539186 1 WS
19  -43.23776011 -065.31941299 1 WS
19  -43.22710034 -065.31730766 1 WS
19  -43.23555700 -065.31140450 1 WS
19  -43.22541243 -065.32639924 1 WS


130 Airport Boundary
111 -043.23768997 -065.32998657
111 -043.23754883 -065.33188629
111 -043.23694992 -065.33631134
111 -043.23626328 -065.33636475
111 -043.23612976 -065.33637238
111 -043.22675323 -065.33551025
111 -043.22556305 -065.32688904
111 -043.22700119 -065.31807709
111 -043.23516083 -065.31181335
111 -043.23529816 -065.31179810
111 -043.23598480 -065.31175232
113 -043.23711777 -065.31929779
99
