I
1050 Generated by WorldEditor 2.2.0r2

1    787 1 0 LFCK Castres-Mazamet
1302 flatten 1
100 30.00 1 0 0.00 0 1 0 14  43.56264904  002.28210705  155    0 3 0 0 1 32  43.54983361  002.29628045    0    0 2 0 0 0
110 1 0.00 0.0000 New Taxiway 9
111  43.55995508  002.28531225
111  43.56029798  002.28587430
111  43.56062561  002.28643880
111  43.56070175  002.28635016
111  43.56061770  002.28620878
111  43.56055903  002.28627188
111  43.56031466  002.28585587
113  43.55997924  002.28528486
110 1 0.00 0.0000 New Taxiway 7
111  43.55364831  002.28950307
111  43.55350256  002.28924747
111  43.55322560  002.28955819
111  43.55337030  002.28980565
111  43.55346796  002.28969900
113  43.55347515  002.28969322
110 1 0.00 0.0000 New Taxiway 6
111  43.55477123  002.28825865
111  43.55478006  002.28825012
111  43.55456264  002.28787045
111  43.55427965  002.28817879
111  43.55443667  002.28845260
111  43.55432624  002.28857641
111  43.55439182  002.28867502
113  43.55461020  002.28844450
110 2 0.00 0.0000 New Taxiway 5
111  43.55513109  002.29018668 102
112  43.55494041  002.29024025  43.55483376  002.29022620 102
111  43.55478597  002.29013311 102
111  43.55460505  002.28983283 102
112  43.55456591  002.28968746  43.55455742  002.28959652 102
112  43.55458908  002.28947243  43.55460806  002.28941249
111  43.55465000  002.28936289
111  43.55492921  002.28904523
111  43.55511495  002.28884764
111  43.55508439  002.28878977
111  43.55501489  002.28867568
111  43.55496733  002.28859336
111  43.55490168  002.28848192
111  43.55480894  002.28832319
111  43.55477123  002.28825865
111  43.55461020  002.28844450
111  43.55439182  002.28867502
111  43.55387119  002.28926084
111  43.55385801  002.28927655
111  43.55364831  002.28950307
111  43.55347515  002.28969322
111  43.55346796  002.28969900
111  43.55337030  002.28980565
111  43.55340805  002.28986931
111  43.55371242  002.29038849
112  43.55378710  002.29030621  43.55383163  002.29025720
111  43.55378710  002.29030621
112  43.55378710  002.29030621  43.55390261  002.29017908
112  43.55414860  002.28991312  43.55418233  002.28988018
111  43.55414860  002.28991312
112  43.55414860  002.28991312  43.55419533  002.28986749
111  43.55424327  002.28985194 102
112  43.55439246  002.28985856  43.55445788  002.28989229 102
111  43.55449911  002.28994702 102
111  43.55467406  002.29025208 102
112  43.55471660  002.29049763  43.55470462  002.29064809 102
113  43.55462373  002.29074317
110 1 0.00 0.0000 New Taxiway 4
111  43.54982400  002.29626074
111  43.54971097  002.29638335
112  43.54900851  002.29554245  43.54856110  002.29516746
111  43.54814489  002.29510985
111  43.54813971  002.29514056
112  43.54899939  002.29558481  43.54945023  002.29594025
111  43.54968685  002.29640189
111  43.54940420  002.29672758
111  43.54942146  002.29676044
111  43.54971066  002.29643760
112  43.55013588  002.29750980  43.55030763  002.29819355
111  43.55027053  002.29880232
111  43.55030094  002.29879985
112  43.55016450  002.29749993  43.54998130  002.29679297
111  43.54973512  002.29641383
113  43.54984611  002.29629526
110 2 0.00 0.0000 New Taxiway 3
111  43.55664595  002.28898186
112  43.55682195  002.28892947  43.55691859  002.28895090
111  43.55697121  002.28902114
111  43.55717138  002.28935331
111  43.55848838  002.29161371
111  43.55889739  002.29116772
112  43.55898127  002.29122229  43.55901923  002.29125086
111  43.55903879  002.29127107
111  43.55905710  002.29123940
111  43.55893774  002.29112134
111  43.55803581  002.28957527
111  43.55782670  002.28980429
112  43.55770508  002.28983901  43.55763674  002.28982758
111  43.55758944  002.28977948
111  43.55727536  002.28923934
111  43.55710711  002.28895063
112  43.55704528  002.28871550  43.55704183  002.28855001
113  43.55711215  002.28846449
110 2 0.00 0.0000 New Taxiway 2
111  43.55023506  002.29560196 3 102
112  43.55004133  002.29570461  43.54995937  002.29571889 3 102
111  43.54987257  002.29574594 3 102
112  43.54976123  002.29582448  43.54972828  002.29587242 3 102
112  43.54972588  002.29602729  43.54973547  002.29608433 3 102
113  43.54976223  002.29612552
110 2 0.00 0.0000 New Taxiway 1
111  43.56255575  002.28197287 3 102
112  43.56247187  002.28188536  43.56240995  002.28185366 3 102
111  43.56236402  002.28188811 3 102
112  43.56229412  002.28195908  43.56226566  002.28200594 3 102
111  43.56225517  002.28206175 3 102
111  43.56222821  002.28216373 3 102
112  43.56217878  002.28232083  43.56215781  002.28237871 3 102
113  43.56210139  002.28247517
130 Airport Boundary 8
111  43.56542422  002.28122248
111  43.56541527  002.28114841
111  43.56210591  002.28033416
111  43.55590960  002.28717808
111  43.55509808  002.28787837
111  43.55484534  002.28816562
111  43.55460274  002.28774497
111  43.55301834  002.28941569
111  43.55331676  002.28987188
111  43.55298614  002.29034880
111  43.55274784  002.29068946
111  43.55189982  002.29140037
111  43.55136954  002.29143295
111  43.54823833  002.29483369
111  43.54738508  002.29478762
111  43.54693619  002.29920467
111  43.54743588  002.30026161
111  43.54772184  002.30046421
111  43.54805810  002.30127210
111  43.54876914  002.30089178
111  43.55061489  002.29876757
111  43.55055924  002.29785648
111  43.55687132  002.29086823
111  43.55787606  002.29260442
111  43.55915914  002.29115845
113  43.56020384  002.28990296
120 Linear Feature 57
111  43.55371592  002.29026156 20
111  43.55373261  002.29029133 20
115  43.55374937  002.29032233
120 Linear Feature 57
111  43.55364043  002.29012862 20
111  43.55365712  002.29015839 20
115  43.55367388  002.29018940
120 Linear Feature 57
111  43.55356565  002.28999866 20
111  43.55358234  002.29002843 20
115  43.55359911  002.29005944
120 Linear Feature 57
111  43.55349088  002.28986771 20
111  43.55350757  002.28989748 20
115  43.55352433  002.28992848
120 Linear Feature 56
111  43.55369100  002.29033678 20
115  43.55373261  002.29029133
120 Linear Feature 56
111  43.55361551  002.29020384 20
115  43.55365712  002.29015839
120 Linear Feature 56
111  43.55354073  002.29007388 20
115  43.55358234  002.29002843
120 Linear Feature 56
111  43.55346596  002.28994293 20
115  43.55350757  002.28989748
120 Linear Feature 55
111  43.55378710  002.29030621 22
115  43.55348548  002.28978479
120 Linear Feature 54
111  43.55396069  002.28959524 20
115  43.55379748  002.28977877
120 Linear Feature 53
111  43.55384338  002.28939199 20
111  43.55396069  002.28959524 20
111  43.55397723  002.28962203 20
111  43.55381473  002.28980953 20
111  43.55379748  002.28977877 20
115  43.55367824  002.28957501
120 Linear Feature 50
111  43.55346796  002.28969900 1
115  43.55349777  002.28975176
120 Linear Feature 50
111  43.55347515  002.28969322 1
115  43.55350496  002.28974597
120 Linear Feature 50
111  43.55385801  002.28927655 20
115  43.55389281  002.28933619
120 Linear Feature 50
111  43.55387119  002.28926084 20
115  43.55390479  002.28932103
120 Linear Feature 51
111  43.55421582  002.28898574 20
111  43.55433019  002.28917763 20
111  43.55435073  002.28921799 20
111  43.55430484  002.28946567 20
111  43.55428542  002.28948750 20
111  43.55409346  002.28950040 20
115  43.55395802  002.28926599
120 Linear Feature 52
111  43.55445951  002.28872289 22
111  43.55456291  002.28891198 22
111  43.55453955  002.28912775 22
111  43.55452217  002.28914760 22
115  43.55433019  002.28917763
120 Linear Feature 49
111  43.55480894  002.28832319 20
111  43.55471757  002.28842367 20
111  43.55448314  002.28869739 20
111  43.55445951  002.28872289 20
111  43.55421582  002.28898574 20
111  43.55420846  002.28899368 20
111  43.55396535  002.28925721 20
111  43.55395802  002.28926599 20
111  43.55390479  002.28932103 20
111  43.55389281  002.28933619 20
111  43.55384338  002.28939199 20
111  43.55367824  002.28957501 20
111  43.55358237  002.28967903 20
111  43.55348548  002.28978479 20
115  43.55340805  002.28986931
120 Linear Feature 48
111  43.55492921  002.28904523 22
111  43.55470649  002.28866036 22
115  43.55471757  002.28842367
120 Linear Feature 47
111  43.55458908  002.28947243 55
115  43.55448125  002.28937277
120 Linear Feature 47
111  43.55420170  002.28968303 55
115  43.55424327  002.28985194
120 Linear Feature 47
111  43.55460505  002.28983283 54
115  43.55449911  002.28994702
120 Linear Feature 43
111  43.55381161  002.28969977 51
115  43.55384106  002.28975213
120 Linear Feature 43
111  43.55387152  002.28972457 51
115  43.55390098  002.28977693
120 Linear Feature 43
111  43.55381560  002.28945313 51
115  43.55384506  002.28950549
120 Linear Feature 42
111  43.55408128  002.28970348 51
112  43.55404377  002.28967892  43.55402080  002.28967479 51
111  43.55399883  002.28969063 51
111  43.55390924  002.28978815 51
111  43.55380261  002.28990421 51
112  43.55378314  002.28997379  43.55378264  002.29001444 51
115  43.55378869  002.29003987
120 Linear Feature 45
111  43.55376125  002.28965281 51
111  43.55376755  002.28966278 51
115  43.55377338  002.28967290
120 Linear Feature 44
111  43.55385916  002.28954124 51
111  43.55386589  002.28955315 51
115  43.55387206  002.28956420
120 Linear Feature 41
111  43.55417305  002.28980790 51
112  43.55413520  002.28979276  43.55412072  002.28977623 51
111  43.55411219  002.28975705 51
111  43.55408128  002.28970348 51
111  43.55398853  002.28954475 51
112  43.55393892  002.28950903  43.55390846  002.28950696 51
111  43.55388499  002.28953185 51
111  43.55386589  002.28955315 51
111  43.55376755  002.28966278 51
111  43.55370525  002.28973225 51
112  43.55368584  002.28981161  43.55368534  002.28985364 51
115  43.55370601  002.28989404
120 Linear Feature 40
111  43.55421460  002.28912079 51
115  43.55423575  002.28915907
120 Linear Feature 39
111  43.55414150  002.28944148 51
115  43.55416823  002.28948800
120 Linear Feature 38
111  43.55410264  002.28938215 51
111  43.55410918  002.28939156 51
115  43.55411490  002.28940041
120 Linear Feature 37
111  43.55410103  002.28940051 51
111  43.55409222  002.28940087 51
113  43.55409994  002.28941187 51
120 Linear Feature 36
111  43.55427894  002.28919296 51
111  43.55427755  002.28920320 51
111  43.55428489  002.28920312 51
115  43.55427894  002.28919296
120 Linear Feature 35
111  43.55426469  002.28920348 51
111  43.55426996  002.28921174 51
115  43.55427452  002.28921926
120 Linear Feature 34
111  43.55431132  002.28916730 51
111  43.55427755  002.28920320 51
111  43.55426996  002.28921174 51
111  43.55410918  002.28939156 51
111  43.55410103  002.28940051 51
115  43.55407066  002.28943740
120 Linear Feature 33
111  43.55427831  002.28974818 51
112  43.55423305  002.28970772  43.55421008  002.28968017 51
111  43.55419191  002.28965054 51
111  43.55407066  002.28943740 51
115  43.55396535  002.28925721
120 Linear Feature 46
111  43.55371849  002.28991500 51
115  43.55361644  002.29002060
120 Linear Feature 32
111  43.55456963  002.28992345 51
112  43.55446194  002.28980096  43.55440082  002.28975929 51
112  43.55427831  002.28974818  43.55422726  002.28975513 51
111  43.55417305  002.28980790 51
111  43.55390876  002.29009543 51
112  43.55384010  002.29010287  43.55381074  002.29009047 51
111  43.55378869  002.29003987 51
111  43.55371849  002.28991500 51
111  43.55370601  002.28989404 51
115  43.55358237  002.28967903
120 Linear Feature 30
111  43.55435780  002.28912723 51
115  43.55438326  002.28917752
120 Linear Feature 29
111  43.55451761  002.28884082 51
111  43.55451432  002.28886106 51
111  43.55452888  002.28885837 51
115  43.55451761  002.28884082
120 Linear Feature 31
111  43.55432096  002.28905833 51
111  43.55432774  002.28906980 51
115  43.55433344  002.28907938
120 Linear Feature 28
111  43.55428300  002.28911986 51
111  43.55432774  002.28906980 51
111  43.55451432  002.28886106 51
115  43.55455210  002.28881879
120 Linear Feature 26
111  43.55461107  002.28844464 58
115  43.55458255  002.28887240
120 Linear Feature 25
111  43.55479585  002.28875792 51
111  43.55480805  002.28877615 51
115  43.55481670  002.28879211
120 Linear Feature 25
111  43.55476278  002.28871923 51
115  43.55478363  002.28875342
120 Linear Feature 25
111  43.55489795  002.28861208 51
115  43.55491879  002.28864627
120 Linear Feature 24
111  43.55502890  002.28884749 51
111  43.55500732  002.28881031 51
111  43.55500366  002.28881524 51
111  43.55500286  002.28880250 51
111  43.55501141  002.28880466 51
115  43.55500732  002.28881031
120 Linear Feature 23
111  43.55496112  002.28873161 51
111  43.55498450  002.28876879 51
111  43.55498740  002.28876514 51
111  43.55498740  002.28877547 51
111  43.55498119  002.28877250 51
115  43.55498450  002.28876879
120 Linear Feature 23
111  43.55485988  002.28853943 51
111  43.55488319  002.28857639 51
111  43.55488609  002.28857273 51
111  43.55488609  002.28858307 51
111  43.55487988  002.28858009 51
115  43.55488319  002.28857639
120 Linear Feature 22
112  43.55481006  002.28853240  43.55484252  002.28850427 51
114  43.55484252  002.28860302  43.55480757  002.28863460 51
120 Linear Feature 21
111  43.55466721  002.28897040 51
112  43.55470010  002.28890504  43.55471688  002.28888107 51
111  43.55480805  002.28877615 51
111  43.55491879  002.28864627 51
115  43.55496733  002.28859336
120 Linear Feature 20
111  43.55466649  002.28901816 51
112  43.55466721  002.28897040  43.55467030  002.28895074 51
111  43.55467739  002.28891170 51
111  43.55472053  002.28868352 51
111  43.55482632  002.28856579 51
111  43.55485655  002.28853215 51
115  43.55490168  002.28848192
120 Linear Feature 19
111  43.55467607  002.28908017 51
112  43.55470588  002.28901436  43.55472627  002.28898737
111  43.55470588  002.28901436
112  43.55470588  002.28901436  43.55472190  002.28899315 51
112  43.55493321  002.28876205  43.55499607  002.28869343
111  43.55493321  002.28876205
112  43.55493321  002.28876205  43.55495035  002.28874335 51
111  43.55496112  002.28873161 51
115  43.55501369  002.28867237
120 Linear Feature 18
111  43.55465601  002.28922073 51
112  43.55470296  002.28918232  43.55472992  002.28917322 51
111  43.55475748  002.28914925 51
111  43.55501797  002.28885964 51
111  43.55502890  002.28884749 51
115  43.55508439  002.28878977
120 Linear Feature 17
111  43.55474729  002.29022357 51
112  43.55481304  002.29056548  43.55480369  002.29077084 51
111  43.55470992  002.29086720 51
115  43.55428253  002.29133864
120 Linear Feature 27
111  43.55450032  002.28958432 51
112  43.55449009  002.28949328  43.55447871  002.28946600 51
111  43.55445474  002.28942052 51
111  43.55431132  002.28916730 51
111  43.55428036  002.28911632 51
115  43.55420846  002.28899368
120 Linear Feature 16
111  43.55564291  002.28983481 51
111  43.55522242  002.29029550 51
112  43.55498765  002.29039128  43.55483856  002.29037242 51
111  43.55474729  002.29022357 51
111  43.55456963  002.28992345 51
112  43.55450592  002.28973234  43.55448495  002.28961825
111  43.55450592  002.28973234
112  43.55450592  002.28973234  43.55449735  002.28968568 51
112  43.55450032  002.28958432  43.55450423  002.28953458
111  43.55450032  002.28958432
112  43.55450032  002.28958432  43.55450597  002.28951245 51
112  43.55453915  002.28940116  43.55455657  002.28935780
111  43.55453915  002.28940116
112  43.55453915  002.28940116  43.55456862  002.28932780 51
111  43.55461158  002.28927378 51
112  43.55465601  002.28922073  43.55466121  002.28920781 51
111  43.55467008  002.28914135 51
112  43.55467607  002.28908017  43.55467607  002.28905051 51
111  43.55466649  002.28901816 51
111  43.55458255  002.28887240 51
111  43.55455210  002.28881879 51
115  43.55448314  002.28869739
120 Linear Feature 15
111  43.55056885  002.29544935 1 101
111  43.55034539  002.29570053 1 101
112  43.55026429  002.29575053  43.55021942  002.29576005 1 101
111  43.54989847  002.29583147 1 101
112  43.54980529  002.29590290  43.54976819  002.29596956 1 101
111  43.54980615  002.29604456 1 101
112  43.54989674  002.29617431  43.54995886  002.29624931 1 101
111  43.55000977  002.29621121 1 101
112  43.55008928  002.29610549  43.55014033  002.29601621 1 101
115  43.55025048  002.29581600
120 Linear Feature 14
111  43.55717138  002.28935331 4
115  43.55727536  002.28923934
120 Linear Feature 13
111  43.55699480  002.28890965 1
112  43.55681289  002.28873823  43.55670145  002.28871144 1
111  43.55657635  002.28882851 1
115  43.55615143  002.28930175
120 Linear Feature 12
111  43.55746759  002.28784409 1
111  43.55701163  002.28834842 1
112  43.55690672  002.28861375  43.55690051  002.28874662 1
111  43.55699480  002.28890965 1
115  43.55766570  002.29006466
120 Linear Feature 11
111  43.56031466  002.28585587 20
115  43.56029798  002.28587430
120 Linear Feature 10
111  43.56189056  002.28292768 1 101
112  43.56213646  002.28265681  43.56217816  002.28261117 1 101
111  43.56218607  002.28256453 1 101
111  43.56232842  002.28206049 1 101
112  43.56240823  002.28196722  43.56245640  002.28196623 1 101
111  43.56248085  002.28200691 1 101
112  43.56255275  002.28214880  43.56258726  002.28224901 1 101
111  43.56256425  002.28233533 1 101
115  43.56222201  002.28257644
21  43.56004513  002.28567528 2 141.2900 3.50 New Light Fixture 2
21  43.55215722  002.29301247 2 321.2900 3.70 New Light Fixture 1
14  43.55406001  002.28899258  82.02 0 New Tower Viewpoint 4
1300  43.55833474  002.29098663 139.98 tie_down jets|turboprops|props Apron West 03
1301 C none 
1300  43.55810545  002.29060269 139.98 tie_down jets|turboprops|props Apron West 02
1301 C none 
1300  43.55787101  002.29020098 139.98 tie_down jets|turboprops|props Apron West 01
1301 C none 
1300  43.55454686  002.28843630  51.02 hangar jets|turboprops|props North Hangar 02
1301 A none 
1300  43.55465951  002.28829201  50.80 hangar jets|turboprops|props North Hangar 01
1301 B none 
1300  43.55342516  002.28966157  51.37 hangar jets|turboprops|props Aeroclub Hangar 02
1301 A none 
1300  43.55354454  002.28952146  50.72 hangar jets|turboprops|props Aeroclub Hangar 01
1301 A none 
1300  43.55373261  002.29029133 -38.76 tie_down jets|turboprops|props GA Apron 04
1301 A none 
1300  43.55365712  002.29015839 -38.76 tie_down jets|turboprops|props GA Apron 03
1301 A none 
1300  43.55358234  002.29002843 -38.76 tie_down jets|turboprops|props GA Apron 02
1301 A none 
1300  43.55350757  002.28989748 -38.76 tie_down jets|turboprops|props GA Apron 01
1301 A none 
1300  43.55390924  002.28978815 -38.81 gate jets|turboprops Terminal Gate P6
1301 A airline 
1300  43.55386589  002.28955315 -38.81 gate jets|turboprops Terminal Gate P5
1301 B airline 
1300  43.55376755  002.28966278 140.73 gate jets|turboprops Terminal Gate P4
1301 B airline 
1300  43.55426996  002.28921174 321.15 gate jets|turboprops Terminal Gate P3
1301 B airline 
1300  43.55410918  002.28939156 140.73 gate jets|turboprops Terminal Gate P2
1301 B airline 
1300  43.55432774  002.28906980 142.38 gate jets|turboprops Terminal Gate P1
1301 B airline 
1300  43.55482632  002.28856579 -38.89 tie_down helos Terminal Apron A5
1301 A none 
1300  43.55485655  002.28853215 -38.89 tie_down jets|turboprops|props Terminal Apron A4
1301 A none 
1300  43.55480805  002.28877615 139.61 tie_down jets|turboprops|props Terminal Apron A3
1301 A none 
1300  43.55493321  002.28876205 -38.89 tie_down jets|turboprops|props Terminal Apron A2
1301 A none 
1300  43.55501797  002.28885964 -38.89 tie_down jets|turboprops|props Terminal Apron A1
1301 A none 
18  43.55406001  002.28899258 1 New Airport Beacon 5
50 11850 Castres Information
55 12385 Toulouse Approach
99
