I
1050 Generated by WorldEditor 1.7.21r1

1   8306 1 0 SECU Cuenca Mariscal Lamar Intl
100 35.97 1 0 0.00 0 3 1 05 -02.89471076 -078.99115561    0   43 3 0 0 2 23 -02.88418028 -078.97766491    0    0 3 0 0 2
110 2 0.00 0.0000 New Taxiway 35
111 -02.89251234 -078.99034155
111 -02.89263794 -078.99051384
111 -02.89298355 -078.99024330
113 -02.89284856 -078.99007353
110 2 0.00 0.0000 New Taxiway 34
111 -02.89176387 -078.98870936
111 -02.89138058 -078.98899535
111 -02.89149048 -078.98914469
113 -02.89187797 -078.98885287
110 2 0.00 0.0000 New Taxiway 33
111 -02.89154606 -078.98862852
111 -02.89152950 -078.98860679
111 -02.89142258 -078.98869133
111 -02.89151053 -078.98880486
111 -02.89161762 -078.98871943
113 -02.89158994 -078.98868529
110 1 0.00 51.9900 New Taxiway 4
111 -02.89016195 -078.98755314 20
111 -02.89020522 -078.98755590
111 -02.89025007 -078.98752338
111 -02.89031801 -078.98761105
111 -02.89034438 -078.98759023
111 -02.89038712 -078.98755792
111 -02.88987689 -078.98690333
111 -02.88974110 -078.98700446
113 -02.88979261 -078.98707161 20
110 2 0.00 51.9900 New Taxiway 3
111 -02.89112092 -078.98822715
111 -02.89121738 -078.98811547
111 -02.89098525 -078.98778414
111 -02.89101258 -078.98776450
111 -02.89098446 -078.98772913
111 -02.89100770 -078.98771129
111 -02.89114081 -078.98760908 53 102
111 -02.89095387 -078.98736938 53 102
112 -02.89096597 -078.98732428 -02.89099141 -078.98730391
111 -02.89096597 -078.98732428 53 102
111 -02.89100364 -078.98729553 53 102
111 -02.89124913 -078.98710817 53 102
112 -02.89129216 -078.98709488 -02.89132002 -078.98709549
111 -02.89129216 -078.98709488
111 -02.89114779 -078.98691073
112 -02.89114779 -078.98691073 -02.89114577 -078.98693398 53 102
111 -02.89113094 -078.98694393 53 102
111 -02.89087912 -078.98713783 53 102
111 -02.89084867 -078.98716126
112 -02.89084867 -078.98716126 -02.89081524 -078.98718237 53 102
111 -02.89079040 -078.98715978 53 102
111 -02.89042796 -078.98669504 53 102
112 -02.89044786 -078.98664304 -02.89048275 -078.98661539
111 -02.89044786 -078.98664304 53 102
111 -02.89047678 -078.98662090 53 102
111 -02.89072399 -078.98643160 53 102
112 -02.89076361 -078.98642067 -02.89078759 -078.98642404
111 -02.89076361 -078.98642067
111 -02.89061695 -078.98623359
112 -02.89061695 -078.98623359 -02.89061695 -078.98625297 53 102
111 -02.89060489 -078.98626160 53 102
111 -02.89035395 -078.98646339 53 102
111 -02.89032567 -078.98648613
112 -02.89032567 -078.98648613 -02.89028714 -078.98651233 53 102
111 -02.89026369 -078.98648442 53 102
111 -02.88977586 -078.98585891
111 -02.88956509 -078.98558865
111 -02.88962475 -078.98554464 53 102
112 -02.88940931 -078.98550388 -02.88935087 -078.98544624
111 -02.88940931 -078.98550388 53 102
111 -02.88920345 -078.98522704
111 -02.88911573 -078.98529416
111 -02.88882480 -078.98551675
111 -02.88880730 -078.98553015
111 -02.88879067 -078.98554287
111 -02.88878059 -078.98555059
111 -02.88938003 -078.98633636
112 -02.88938003 -078.98633636 -02.88939893 -078.98636183
111 -02.88939762 -078.98640175 20
111 -02.88938649 -078.98652770
111 -02.88938506 -078.98654386
111 -02.88974110 -078.98700446
111 -02.88987689 -078.98690333
111 -02.89038712 -078.98755792
111 -02.89034438 -078.98759023
111 -02.89031801 -078.98761105 20
111 -02.89025007 -078.98752338
111 -02.89020522 -078.98755590
111 -02.89043695 -078.98787567
111 -02.89050888 -078.98782638
111 -02.89062404 -078.98799520
111 -02.89055148 -078.98804113
111 -02.89063817 -078.98817283
111 -02.89069225 -078.98817895
113 -02.89084140 -078.98797808
110 2 0.00 51.9900 New Taxiway 2
111 -02.88401855 -078.97778573 53 102
112 -02.88393835 -078.97798320 -02.88392997 -078.97810372
111 -02.88393835 -078.97798320 53 102
112 -02.88415538 -078.97827169 -02.88437309 -078.97830837
111 -02.88415538 -078.97827169 53 102
113 -02.88440195 -078.97830575
110 1 0.00 51.9900 New Taxiway 1
111 -02.88440195 -078.97830575
111 -02.88980367 -078.98519617
112 -02.88980367 -078.98519617 -02.88985190 -078.98538179 53 102
111 -02.88978034 -078.98542141 53 102
111 -02.88962475 -078.98554464
111 -02.88956509 -078.98558865
111 -02.88977586 -078.98585891 53 102
111 -02.88978599 -078.98575104 53 102
112 -02.88981969 -078.98568689 -02.88985386 -078.98565777
111 -02.88981969 -078.98568689 53 102
111 -02.88989334 -078.98562511 53 102
112 -02.89012372 -078.98560443 -02.89025786 -078.98565876
111 -02.89012372 -078.98560443
111 -02.89061695 -078.98623359
111 -02.89076361 -078.98642067
111 -02.89114779 -078.98691073
111 -02.89129216 -078.98709488
111 -02.89415801 -078.99075055
112 -02.89415801 -078.99075055 -02.89415650 -078.99103427
112 -02.89373411 -078.99091430 -02.89362258 -078.99079507
111 -02.89373411 -078.99091430 53 102
111 -02.89368503 -078.99085174 53 102
111 -02.89114081 -078.98760908
111 -02.89100770 -078.98771129
111 -02.89098446 -078.98772913
111 -02.89101258 -078.98776450
111 -02.89164035 -078.98855403
111 -02.89154606 -078.98862852
111 -02.89158994 -078.98868529
111 -02.89168469 -078.98860979
111 -02.89176387 -078.98870936
111 -02.89187797 -078.98885287
111 -02.89284856 -078.99007353
111 -02.89298355 -078.99024330
111 -02.89356749 -078.99097770
112 -02.89356749 -078.99097770 -02.89400763 -078.99151229 53 102
111 -02.89457579 -078.99124103
111 -02.89485747 -078.99104319
111 -02.88431716 -078.97751199
111 -02.88399864 -078.97775873
113 -02.88401855 -078.97778573
130 Airport Boundary
111 -02.89464009 -078.99225598
111 -02.89506763 -078.99196307
111 -02.89518915 -078.99108887
111 -02.89482011 -078.99056165
111 -02.89488312 -078.99014707
111 -02.89451408 -078.99019664
111 -02.88429238 -078.97710486
111 -02.88406735 -078.97711613
111 -02.88365106 -078.97755173
111 -02.88381983 -078.97830651
111 -02.88373486 -078.97932637
111 -02.88406339 -078.97934890
111 -02.88477726 -078.98030969
111 -02.88478851 -078.98048618
111 -02.88930412 -078.98639739
111 -02.88886388 -078.98683894
111 -02.89024391 -078.98881326
111 -02.89079813 -078.98840906
111 -02.89341137 -078.99174634
113 -02.89423495 -078.99171930
120 Runway Hold 04
111 -02.88962475 -078.98554464 54
115 -02.88978599 -078.98575104
120 Runway Hold 03
111 -02.89035395 -078.98646339 54
115 -02.89047678 -078.98662090
120 Runway Hold 02
111 -02.89087912 -078.98713783 54
115 -02.89100364 -078.98729553
120 Runway Hold 01
111 -02.89368503 -078.99085174 54
115 -02.89355207 -078.99095803
120 Linear Feature 32
111 -02.88943028 -078.98652533 20
115 -02.88948932 -078.98631101
120 Linear Feature 31
111 -02.88964956 -078.98681820 20
111 -02.88973182 -078.98660386 20
111 -02.88969780 -078.98656282 20
115 -02.88947908 -078.98660176
120 Linear Feature 30
111 -02.88987439 -078.98710363 20
111 -02.88995298 -078.98687797 20
111 -02.88991844 -078.98683710 20
115 -02.88969857 -078.98688041
120 Linear Feature 8
111 -02.89100770 -078.98771129 20
115 -02.88911573 -078.98529416
120 Linear Feature 29
111 -02.88991925 -078.98618128 51
115 -02.88951676 -078.98649825
120 Linear Feature 28
111 -02.89014601 -078.98647105 51
115 -02.88973859 -078.98679321
120 Linear Feature 27
111 -02.89036719 -078.98675368 51
115 -02.88996092 -078.98707302
120 Linear Feature 26
111 -02.89009964 -078.98738960 20
111 -02.89015639 -078.98716819 20
111 -02.89012732 -078.98712744 20
115 -02.88990803 -078.98714634
120 Linear Feature 25
111 -02.89039453 -078.98770964 20
115 -02.89053057 -078.98770290
120 Linear Feature 24
111 -02.89013441 -078.98743374 20
111 -02.89031776 -078.98741068 20
111 -02.89038266 -078.98749662 20
115 -02.89034749 -078.98764903
120 Linear Feature 23
111 -02.88880730 -078.98553015 22
111 -02.88939370 -078.98629164
112 -02.88939370 -078.98629164 -02.88941532 -078.98632206 22
111 -02.88941591 -078.98637402 22
111 -02.88941031 -078.98650263
112 -02.88941031 -078.98650263 -02.88941241 -078.98653885 22
111 -02.88942969 -078.98656086 22
111 -02.88975679 -078.98697877 22
111 -02.88981227 -078.98705979 22
111 -02.89012179 -078.98745750 22
111 -02.89024014 -078.98754386 22
115 -02.89042475 -078.98778462
120 Linear Feature 22
111 -02.89020522 -078.98755590 20
111 -02.89022383 -078.98755786 20
115 -02.89040560 -078.98780066
120 Linear Feature 21
111 -02.89031801 -078.98761105 20
111 -02.89034749 -078.98764903 20
111 -02.89039453 -078.98770964 20
115 -02.89044379 -078.98777312
120 Linear Feature 20
112 -02.88939762 -078.98640175 -02.88940077 -078.98634595 20
111 -02.88937618 -078.98631020 20
115 -02.88879067 -078.98554287
120 Linear Feature 19
111 -02.88979261 -078.98707161 20
111 -02.88974594 -078.98699514 20
115 -02.88938649 -078.98652770
120 Linear Feature 18
111 -02.89025007 -078.98752338 20
111 -02.89014275 -078.98744434 20
111 -02.89013441 -078.98743374 20
111 -02.89009964 -078.98738960 20
111 -02.88990803 -078.98714634 20
111 -02.88987439 -078.98710363 20
111 -02.88969857 -078.98688041 20
111 -02.88964956 -078.98681820 20
111 -02.88947908 -078.98660176 20
111 -02.88944560 -078.98655925
112 -02.88944560 -078.98655925 -02.88943775 -078.98654885 20
112 -02.88943028 -078.98652533 -02.88942750 -078.98651399
111 -02.88943028 -078.98652533
112 -02.88943028 -078.98652533 -02.88942533 -078.98650514 20
111 -02.88942641 -078.98648763 20
111 -02.88943397 -078.98637294
112 -02.88943397 -078.98637294 -02.88943747 -078.98630871 20
111 -02.88941301 -078.98627814 20
115 -02.88882480 -078.98551675
120 Linear Feature 17
111 -02.89055635 -078.98699541 52
115 -02.89018667 -078.98728455
120 Linear Feature 16
111 -02.89058938 -078.98703761 51
115 -02.89018495 -078.98735994
120 Linear Feature 15
111 -02.89082021 -078.98733259 51
115 -02.89040811 -078.98764845
120 Linear Feature 14
111 -02.89119363 -078.98701846 51
112 -02.89150869 -078.98706205 -02.89165627 -078.98720877
111 -02.89150869 -078.98706205 51
115 -02.89184851 -078.98749888
120 Linear Feature 13
111 -02.89087668 -078.98740474 51
116 -02.89091652 -078.98723678 -02.89100025 -078.98716971
120 Linear Feature 12
111 -02.89065898 -078.98635216 51
112 -02.89098270 -078.98638667 -02.89112212 -078.98652626
111 -02.89098270 -078.98638667 51
111 -02.89121522 -078.98669032
112 -02.89121522 -078.98669032 -02.89134082 -078.98688210 51
111 -02.89119363 -078.98701846 51
111 -02.89091652 -078.98723678
112 -02.89091652 -078.98723678 -02.89082755 -078.98729442 51
115 -02.89074255 -078.98723335
120 Linear Feature 11
111 -02.89035435 -078.98673728 51
116 -02.89038275 -078.98656673 -02.89045863 -078.98648464
120 Linear Feature 10
111 -02.88991234 -078.98545542 51
112 -02.89031531 -078.98553464 -02.89051376 -078.98574088
111 -02.89031531 -078.98553464 51
111 -02.89068598 -078.98600653
112 -02.89068598 -078.98600653 -02.89081367 -078.98619517 51
111 -02.89065898 -078.98635216 51
111 -02.89038275 -078.98656673
112 -02.89038275 -078.98656673 -02.89029407 -078.98662204 51
115 -02.89020580 -078.98654745
120 Linear Feature 9
111 -02.88962564 -078.98464894 51
111 -02.88993022 -078.98503984
112 -02.88993022 -078.98503984 -02.89007780 -078.98525677 51
111 -02.88991234 -078.98545542 51
111 -02.88963734 -078.98567825
112 -02.88963734 -078.98567825 -02.88957265 -078.98574229 51
111 -02.88964488 -078.98583067 51
111 -02.88991925 -078.98618128 51
111 -02.89014601 -078.98647105 51
111 -02.89020580 -078.98654745 51
111 -02.89035435 -078.98673728 51
111 -02.89036719 -078.98675368 51
111 -02.89055635 -078.98699541 51
111 -02.89058938 -078.98703761 51
111 -02.89074255 -078.98723335 51
111 -02.89082021 -078.98733259 51
111 -02.89087668 -078.98740474 51
111 -02.89363055 -078.99092383
112 -02.89363055 -078.99092383 -02.89397118 -078.99130866 51
115 -02.89439237 -078.99101347
120 Linear Feature 7
111 -02.89100770 -078.98771129 53 102
111 -02.89165591 -078.98853843 53
111 -02.89169872 -078.98859307 53 102
111 -02.89177959 -078.98869626 53
111 -02.89189506 -078.98884361 53 102
111 -02.89284848 -078.99006021 53
111 -02.89299538 -078.99024766 53 102
111 -02.89355207 -078.99095803 53 102
115 -02.89356749 -078.99097770
120 Linear Feature 6
112 -02.89417178 -078.99072932 -02.89419690 -078.99099593 53 102
116 -02.89373411 -078.99091430 -02.89357335 -078.99075584
120 Linear Feature 5
111 -02.88440195 -078.97830575 53 102
115 -02.88448121 -078.97831606
21 -02.89274383 -078.98927449 2 52.2743 3.00 05  PAPI-4L
21 -02.88518836 -078.97960789 3 233.4953 3.00 23  PAPI-4L
14 -02.89021244 -078.98759989 100.00 0 Tower Viewpoint
1300 -02.88916888 -078.98551052 -128.12 tie_down jets|turboprops|props Tie-Down 02
1301 A general_aviation 
1300 -02.88902193 -078.98563376 -128.12 tie_down jets|turboprops|props Tie-Down 01
1301 A general_aviation 
1300 -02.89154707 -078.98868102 142.40 hangar turboprops|props Hangar 03
1301 A none 
1300 -02.89157760 -078.98895787 142.40 hangar turboprops|props Hangar 02
1301 A none 
1300 -02.89269146 -078.99033244 142.40 hangar turboprops|props Hangar 01
1301 A none 
1300 -02.88951676 -078.98649825 -38.19 gate jets|turboprops Gate 05
1301 C airline 
1300 -02.88973859 -078.98679321 -38.07 gate jets|turboprops Gate 04
1301 C airline 
1300 -02.88996092 -078.98707302 -38.12 gate jets|turboprops Gate 03
1301 C airline 
1300 -02.89018667 -078.98728455 -37.91 gate jets|turboprops Gate 02A
1301 B airline 
1300 -02.89018495 -078.98735994 -38.43 gate jets|turboprops Gate 02
1301 C airline 
1300 -02.89040811 -078.98764845 -37.43 gate jets|turboprops Gate 01
1301 C airline 
18 -02.89021252 -078.98760009 1 BCN
54 11840 Cuenca Tower
55 12230 Cuenca Approach
99
