I
1050 Generated by WorldEditor 2.1.0r1

1    220 1 0 USRK Kogalym
1302 city Kogalym
1302 country Russia
1302 datum_lat 62.1905556
1302 datum_lon 74.5336111
1302 iata_code KGP
1302 icao_code USRK
1302 region_code US
1302 state Khanty–Mansi Autonomous Okrug – Yugra
100 42.00 2 0 0.00 0 3 0 17  62.20163610  074.53788330    0    0 3 1 0 0 35  62.17948330  074.52956110    0    0 3 1 0 0
110 1 0.00 189.9400 New Taxiway 4
111  62.17944913  074.52997793
111  62.17953501  074.52892791
111  62.17951320  074.52892790
111  62.17950460  074.52902151
111  62.17946943  074.52906688
111  62.17873198  074.52889804
111  62.17865479  074.52885032
111  62.17860813  074.52954563
112  62.17865970  074.52969467  62.17870738  074.52972479
111  62.17865970  074.52969467
111  62.17925211  074.52995803
112  62.17925211  074.52995803  62.17931528  074.53003781
111  62.17941090  074.52999709
113  62.17943647  074.53000338
110 1 0.00 189.9400 New Taxiway 3
111  62.20159910  074.53829712
111  62.20168001  074.53837033
111  62.20247115  074.53864342
111  62.20254021  074.53782356
111  62.20185951  074.53753950
111  62.20173525  074.53744780
111  62.20172756  074.53735494
111  62.20170315  074.53733370
112  62.20170315  074.53733370  62.20170616  074.53684933 102
111  62.20146426  074.53672239 102
111  62.20127146  074.53665319
112  62.20127146  074.53665319  62.20121771  074.53664317 102
111  62.20116501  074.53668647 102
111  62.20090734  074.53702419
112  62.20090734  074.53702419  62.20084343  074.53709800 102
111  62.20079697  074.53710288 102
111  62.20075703  074.53709961 102
111  62.20071489  074.53710874
111  62.20076685  074.53712826
111  62.20076798  074.53711446
111  62.20087802  074.53715580
111  62.20088455  074.53707589
111  62.20091847  074.53708863
111  62.20092159  074.53705045
111  62.20094911  074.53706079
111  62.20095522  074.53698596
111  62.20100124  074.53700325
111  62.20100683  074.53693482
111  62.20105631  074.53695341
111  62.20106336  074.53686706
111  62.20107347  074.53687085
111  62.20107855  074.53680872
111  62.20112312  074.53682546
111  62.20112736  074.53677086
111  62.20117761  074.53678997
111  62.20118304  074.53672433
111  62.20123813  074.53674528
111  62.20124165  074.53670277
111  62.20129333  074.53672243
111  62.20129647  074.53668440
111  62.20145913  074.53674627
111  62.20145644  074.53677881
111  62.20150891  074.53679877
111  62.20150553  074.53683965
111  62.20155557  074.53685869
111  62.20154962  074.53693068
111  62.20160502  074.53695175
111  62.20159804  074.53703613
111  62.20164765  074.53705500
111  62.20163540  074.53720306
113  62.20168642  074.53722302
110 2 0.00 189.9400 New Taxiway 2
111  62.20159910  074.53829712
111  62.20168642  074.53722302
111  62.20163540  074.53720306
111  62.20164765  074.53705500
111  62.20159804  074.53703613
111  62.20160502  074.53695175
111  62.20154962  074.53693068
111  62.20155557  074.53685869
111  62.20150553  074.53683965
111  62.20150891  074.53679877
111  62.20145644  074.53677881
111  62.20145913  074.53674627
111  62.20129647  074.53668440
111  62.20129333  074.53672243
111  62.20124165  074.53670277
111  62.20123813  074.53674528
111  62.20118304  074.53672433
111  62.20117761  074.53678997
111  62.20112736  074.53677086
111  62.20112312  074.53682546
111  62.20107855  074.53680872
111  62.20107347  074.53687085
111  62.20106336  074.53686706
111  62.20105631  074.53695341
111  62.20100683  074.53693482
111  62.20100124  074.53700325
111  62.20095522  074.53698596
111  62.20094911  074.53706079
111  62.20092159  074.53705045
111  62.20091847  074.53708863
111  62.20088455  074.53707589
111  62.20087802  074.53715580
111  62.20076798  074.53711446
111  62.20076685  074.53712826
111  62.20071489  074.53710874
111  62.20008051  074.53686960
111  62.19992345  074.53681039
111  62.20008130  074.53488388
111  62.20013937  074.53417505
111  62.20056271  074.53433587
111  62.20081893  074.53443320
111  62.20086615  074.53387297
111  62.20062945  074.53378165
111  62.20059104  074.53376684
111  62.20063120  074.53329041
111  62.20064151  074.53316814
111  62.20072537  074.53217322
111  62.20030992  074.53201415
111  62.20031517  074.53195106
111  62.20031879  074.53190768
111  62.20029912  074.53189933
111  62.20046125  074.52987412
111  62.20041986  074.52985601
111  62.20040742  074.53000970
111  62.20026167  074.52994755
111  62.20025549  074.53000545
111  62.20018043  074.52998050
111  62.20017046  074.53010485
111  62.20019980  074.53011521
111  62.20018124  074.53036843
111  62.20034114  074.53042127
111  62.20035464  074.53049226
111  62.20036037  074.53049876
111  62.20035642  074.53054411
111  62.20020145  074.53048880
111  62.20012422  074.53143646
111  62.20027701  074.53150365
111  62.20026835  074.53163025
111  62.20024939  074.53168448
111  62.20024006  074.53180609
111  62.20020052  074.53181116
111  62.20019286  074.53188603
111  62.20019832  074.53190815
111  62.20022765  074.53192084
111  62.20022115  074.53197865
111  62.19980190  074.53181965
111  62.19972290  074.53281588
111  62.19969104  074.53280382
111  62.19853311  074.53236811
111  62.19861578  074.53134580
111  62.19826524  074.53121034
111  62.19833852  074.53027610
111  62.19830757  074.53026334
111  62.19826483  074.53077607
111  62.19825226  074.53077435
111  62.19824387  074.53087335
111  62.19808365  074.53081349
111  62.19808561  074.53078766
111  62.19802741  074.53076253
111  62.19803274  074.53070197
111  62.19761051  074.53056485
111  62.19761539  074.53051143
111  62.19765366  074.53052702
111  62.19765749  074.53047831
111  62.19720217  074.53030918
111  62.19719449  074.53041556
111  62.19700050  074.53034208
111  62.19703611  074.52992043
111  62.19672148  074.52980803
111  62.19668647  074.53020758
111  62.19602135  074.52994728
111  62.19601326  074.53003856
111  62.19569522  074.52991679
111  62.19569997  074.52984346
111  62.19413482  074.52928784
111  62.19412967  074.52933413
111  62.19394697  074.52926213
111  62.19404458  074.52822394
111  62.19395514  074.52818797
111  62.19391831  074.52860648
111  62.19385375  074.52857565
111  62.19385704  074.52853095
111  62.19383103  074.52852112
111  62.19384295  074.52834891
111  62.19373632  074.52830511
111  62.19372166  074.52851768
111  62.19368028  074.52850512
111  62.19366627  074.52858703
111  62.19350487  074.52855607
111  62.19350279  074.52853218
111  62.19336942  074.52848744
111  62.19335392  074.52838273
111  62.19325394  074.52834926
111  62.19321718  074.52854292
111  62.19299313  074.52846279
111  62.19296574  074.52882471
111  62.19268033  074.52872698
111  62.19265029  074.52915704
111  62.19247600  074.52909747
111  62.19247651  074.52904799
111  62.19243331  074.52903194
111  62.19242315  074.52895154
111  62.19228705  074.52891612
111  62.19224083  074.52946582
111  62.19231407  074.52988290
111  62.19237445  074.52991663
111  62.19235835  074.53007322
111  62.19263578  074.53018937
111  62.19260817  074.53054322
111  62.19256057  074.53052277
111  62.19252088  074.53071241
111  62.19250823  074.53088010
111  62.19254413  074.53096035
111  62.19247828  074.53131765
111  62.19248004  074.53153357
111  62.19258767  074.53158747
111  62.19239897  074.53386983
111  62.19236131  074.53385620
111  62.19235463  074.53393768
111  62.19232390  074.53392611
111  62.19232191  074.53395049
111  62.18045062  074.52949602
111  62.18041616  074.52948308
111  62.18041770  074.52946432
111  62.18031114  074.52942429
111  62.18031450  074.52938327
111  62.18026336  074.52936406
111  62.18026863  074.52929971
111  62.18021167  074.52927831
111  62.18021858  074.52919382
111  62.18016741  074.52917459
111  62.18017670  074.52906102
111  62.18012587  074.52904192
111  62.18013498  074.52893054
111  62.18008129  074.52891037
111  62.18008806  074.52882772
111  62.18003185  074.52880661
111  62.18003807  074.52873061
111  62.17998771  074.52871169
111  62.17999046  074.52867810
111  62.17983389  074.52861928
111  62.17983116  074.52865268
111  62.17977850  074.52863290
111  62.17977514  074.52867389
111  62.17972333  074.52865443
111  62.17971725  074.52872882
111  62.17964646  074.52870262
112  62.17964646  074.52870262  62.17955352  074.52879185 102
111  62.17953816  074.52888948 102
111  62.17953501  074.52892791
113  62.17944913  074.52997793
111  62.19798120  074.53608173
111  62.19798418  074.53605805
111  62.19787827  074.53601372
111  62.19788478  074.53594107
111  62.19782967  074.53591629
111  62.19783956  074.53580435
111  62.19776841  074.53577547
111  62.19777760  074.53566434
111  62.19772524  074.53564531
111  62.19773454  074.53553884
111  62.19769253  074.53552202
111  62.19770449  074.53539339
111  62.19767205  074.53538033
111  62.19768160  074.53527318
111  62.19766263  074.53526483
111  62.19767361  074.53514582
111  62.19765146  074.53513584
111  62.19766126  074.53501833
111  62.19764908  074.53501259
111  62.19772994  074.53404075
111  62.19780718  074.53311234
111  62.19787742  074.53226807
111  62.19795743  074.53130629
111  62.19797979  074.53131391
111  62.19797655  074.53135650
111  62.19797011  074.53135425
111  62.19790092  074.53224787
111  62.19797361  074.53227755
111  62.19968255  074.53291228
111  62.19971284  074.53292330
111  62.19962572  074.53396470
111  62.20003641  074.53412689
111  62.19997704  074.53484030
111  62.19981639  074.53677076
111  62.19962092  074.53669738
113  62.19802771  074.53609919
111  62.19805567  074.53112901
111  62.19805967  074.53106052
111  62.19809472  074.53107283
111  62.19809892  074.53100945
111  62.19807410  074.53099872
111  62.19808199  074.53089488
111  62.19823091  074.53094521
111  62.19823430  074.53096242
111  62.19825031  074.53096863
111  62.19824417  074.53104913
111  62.19822412  074.53104273
111  62.19821643  074.53115361
111  62.19818065  074.53114219
113  62.19817860  074.53117174
111  62.19707691  074.53573921
111  62.19698040  074.53570325
111  62.19694662  074.53569066
111  62.19506728  074.53499042
111  62.19500181  074.53496603
111  62.19500330  074.53494499
111  62.19489466  074.53490514
111  62.19490044  074.53483267
111  62.19484549  074.53481251
111  62.19485453  074.53469931
111  62.19478261  074.53467293
111  62.19479152  074.53456135
111  62.19473869  074.53454197
111  62.19474767  074.53442944
111  62.19471200  074.53441636
111  62.19472111  074.53430226
111  62.19468795  074.53429009
111  62.19469761  074.53416911
111  62.19467793  074.53416189
111  62.19468734  074.53404396
111  62.19466874  074.53403714
111  62.19467717  074.53393150
111  62.19465966  074.53392508
111  62.19473918  074.53292883
111  62.19475751  074.53269919
111  62.19477608  074.53270600
111  62.19478536  074.53258980
111  62.19480584  074.53259731
111  62.19481538  074.53247776
111  62.19484826  074.53248982
111  62.19485686  074.53238214
111  62.19489090  074.53239463
111  62.19490024  074.53227769
111  62.19495546  074.53229795
111  62.19496429  074.53218728
111  62.19503336  074.53221261
111  62.19503966  074.53213364
111  62.19514753  074.53217320
111  62.19515199  074.53213923
111  62.19725389  074.53290260
111  62.19725168  074.53293758
111  62.19735730  074.53297479
111  62.19735142  074.53304774
111  62.19742547  074.53307515
111  62.19741559  074.53319785
111  62.19748576  074.53322383
111  62.19747653  074.53333848
111  62.19750976  074.53335078
111  62.19750091  074.53346067
111  62.19753480  074.53347322
111  62.19752530  074.53359118
111  62.19754184  074.53359730
111  62.19753299  074.53370713
111  62.19755850  074.53371658
111  62.19753825  074.53396810
111  62.19746101  074.53492721
111  62.19744884  074.53507836
111  62.19740799  074.53506325
111  62.19739918  074.53517273
111  62.19737886  074.53516521
111  62.19736964  074.53527976
111  62.19733587  074.53526726
111  62.19732690  074.53537871
111  62.19729089  074.53536538
111  62.19728157  074.53548119
111  62.19723723  074.53546477
111  62.19722817  074.53557728
111  62.19716701  074.53555464
111  62.19715776  074.53566944
113  62.19708377  074.53564205
111  62.19247009  074.53392724
111  62.19244698  074.53391713
111  62.19275673  074.53021279
111  62.19280354  074.53023077
111  62.19281883  074.53004794
111  62.19279671  074.53002211
111  62.19278768  074.52984271
111  62.19280387  074.52964909
111  62.19305943  074.52975733
111  62.19307235  074.52963269
111  62.19316433  074.52966803
111  62.19314359  074.52991139
111  62.19383172  074.53017068
111  62.19392604  074.53028443
111  62.19408993  074.53033931
111  62.19410401  074.53017486
111  62.19414771  074.53018987
111  62.19415281  074.53013460
111  62.19428472  074.53018096
111  62.19423304  074.53087327
111  62.19456999  074.53099474
111  62.19456136  074.53110856
111  62.19455370  074.53120959
111  62.19459566  074.53122283
111  62.19463808  074.53123621
111  62.19467846  074.53124895
111  62.19462294  074.53194730
111  62.19455035  074.53285995
111  62.19447084  074.53385944
111  62.19445646  074.53385416
111  62.19444716  074.53397071
111  62.19442830  074.53396379
111  62.19441922  074.53407754
111  62.19439825  074.53406985
111  62.19438886  074.53418762
111  62.19435441  074.53417499
111  62.19434562  074.53428520
111  62.19430930  074.53427188
111  62.19429982  074.53439065
111  62.19424655  074.53437112
111  62.19423806  074.53447753
111  62.19416733  074.53445160
111  62.19415794  074.53456924
111  62.19410463  074.53454969
111  62.19409876  074.53462328
111  62.19396358  074.53457210
113  62.19250340  074.53401921
110 1 0.00 189.9400 New Taxiway 5
111  62.18008129  074.52891037
111  62.18013498  074.52893054
111  62.18012587  074.52904192
111  62.18017670  074.52906102
111  62.18016741  074.52917459
111  62.18021858  074.52919382
111  62.18021167  074.52927831
111  62.18026863  074.52929971
111  62.18026336  074.52936406
111  62.18031450  074.52938327
111  62.18031114  074.52942429
111  62.18041770  074.52946432
111  62.18041616  074.52948308
111  62.18045062  074.52949602
112  62.18045062  074.52949602  62.18043668  074.52948706 102
112  62.18041044  074.52943463  62.18038883  074.52941894
111  62.18041044  074.52943463 102
111  62.18036099  074.52941447
112  62.18036099  074.52941447  62.18034305  074.52940488 102
111  62.18032144  074.52936613 102
111  62.18009442  074.52879003
112  62.18009442  074.52879003  62.18004381  074.52867440 102
111  62.17998195  074.52863536 102
111  62.17983827  074.52858513
112  62.17983827  074.52858513  62.17978611  074.52857616 102
111  62.17973524  074.52861775 102
111  62.17964646  074.52870262
111  62.17971725  074.52872882
111  62.17972333  074.52865443
111  62.17977514  074.52867389
111  62.17977850  074.52863290
111  62.17983116  074.52865268
111  62.17983389  074.52861928
111  62.17999046  074.52867810
111  62.17998771  074.52871169
111  62.18003807  074.52873061
111  62.18003185  074.52880661
113  62.18008806  074.52882772
110 1 0.00 0.0000 New Taxiway 13
111  62.19981639  074.53677076
111  62.19997704  074.53484030
111  62.20003641  074.53412689
111  62.19962572  074.53396470
111  62.19971284  074.53292330
111  62.19968255  074.53291228
111  62.19958748  074.53403058
111  62.19980585  074.53412145
112  62.19980585  074.53412145  62.19996407  074.53422858
111  62.19995973  074.53460902
111  62.19981738  074.53632887
112  62.19981738  074.53632887  62.19977616  074.53668775
113  62.19962092  074.53669738
110 1 0.00 0.0000 New Taxiway 12
111  62.19992345  074.53681039
111  62.20008051  074.53686960
112  62.20008051  074.53686960  62.19997308  074.53672765
111  62.19998287  074.53645607
111  62.20013508  074.53458459
112  62.20013508  074.53458459  62.20016630  074.53433284
111  62.20029999  074.53431528
111  62.20055596  074.53440413
111  62.20056271  074.53433587
111  62.20013937  074.53417505
113  62.20008130  074.53488388
110 1 0.00 0.0000 New Taxiway 11
111  62.19569997  074.52984346
111  62.19569522  074.52991679
111  62.19601326  074.53003856
111  62.19602135  074.52994728
111  62.19589004  074.52990486
111  62.19592281  074.52943875
111  62.19582118  074.52940592
113  62.19578842  074.52987203
110 1 0.00 0.0000 New Taxiway 18
111  62.19447084  074.53385944
111  62.19455035  074.53285995
111  62.19462294  074.53194730
111  62.19467846  074.53124895
111  62.19463808  074.53123621
111  62.19442963  074.53376165
112  62.19442963  074.53376165  62.19433220  074.53438823
111  62.19400530  074.53448576
111  62.19396358  074.53457210
111  62.19409876  074.53462328
111  62.19410463  074.53454969
111  62.19415794  074.53456924
111  62.19416733  074.53445160
111  62.19423806  074.53447753
111  62.19424655  074.53437112
111  62.19429982  074.53439065
111  62.19430930  074.53427188
111  62.19434562  074.53428520
111  62.19435441  074.53417499
111  62.19438886  074.53418762
111  62.19439825  074.53406985
111  62.19441922  074.53407754
111  62.19442830  074.53396379
111  62.19444716  074.53397071
113  62.19445646  074.53385416
110 1 0.00 0.0000 New Taxiway 17
111  62.19694662  074.53569066
111  62.19698040  074.53570325
111  62.19707691  074.53573921
111  62.19708377  074.53564205
111  62.19715776  074.53566944
111  62.19716701  074.53555464
111  62.19722817  074.53557728
111  62.19723723  074.53546477
111  62.19728157  074.53548119
111  62.19729089  074.53536538
111  62.19732690  074.53537871
111  62.19733587  074.53526726
111  62.19736964  074.53527976
111  62.19737886  074.53516521
111  62.19739918  074.53517273
111  62.19740799  074.53506325
111  62.19744884  074.53507836
111  62.19746101  074.53492721
111  62.19753825  074.53396810
111  62.19755850  074.53371658
111  62.19753299  074.53370713
111  62.19754184  074.53359730
111  62.19752530  074.53359118
111  62.19753480  074.53347322
111  62.19750084  074.53346065
111  62.19750969  074.53335076
111  62.19747653  074.53333848
111  62.19748576  074.53322383
111  62.19741559  074.53319785
111  62.19742547  074.53307515
111  62.19735142  074.53304774
111  62.19735730  074.53297479
111  62.19725168  074.53293758
111  62.19725389  074.53290260
111  62.19515199  074.53213923
111  62.19514753  074.53217320
111  62.19503966  074.53213364
111  62.19503336  074.53221261
111  62.19496429  074.53218728
111  62.19495546  074.53229795
111  62.19490024  074.53227769
111  62.19489090  074.53239463
111  62.19485686  074.53238214
111  62.19484826  074.53248982
111  62.19481538  074.53247776
111  62.19480584  074.53259731
111  62.19478536  074.53258980
111  62.19477608  074.53270600
111  62.19475751  074.53269919
111  62.19473918  074.53292883
111  62.19465966  074.53392508
111  62.19467717  074.53393150
111  62.19466874  074.53403714
111  62.19468734  074.53404396
111  62.19467793  074.53416189
111  62.19469761  074.53416911
111  62.19468795  074.53429009
111  62.19472111  074.53430226
111  62.19471200  074.53441636
111  62.19474767  074.53442944
111  62.19473869  074.53454197
111  62.19479152  074.53456135
111  62.19478261  074.53467293
111  62.19485453  074.53469931
111  62.19484549  074.53481251
111  62.19490044  074.53483267
111  62.19489466  074.53490514
111  62.19500330  074.53494499
111  62.19500181  074.53496603
111  62.19506728  074.53499042
112  62.19506728  074.53499042  62.19469775  074.53463562
111  62.19471127  074.53389076
111  62.19479927  074.53280019
112  62.19479927  074.53280019  62.19487109  074.53230926
111  62.19513424  074.53231905
111  62.19726496  074.53309264
112  62.19726496  074.53309264  62.19750334  074.53326002
111  62.19747711  074.53371526
111  62.19738145  074.53475185
112  62.19738145  074.53475185  62.19729610  074.53535440
111  62.19700913  074.53559035
113  62.19699232  074.53564609
110 1 0.00 0.0000 New Taxiway 16
111  62.19764908  074.53501259
111  62.19766126  074.53501833
111  62.19765146  074.53513584
111  62.19767361  074.53514582
111  62.19766263  074.53526483
111  62.19768160  074.53527318
111  62.19767205  074.53538033
111  62.19770449  074.53539339
111  62.19769253  074.53552202
111  62.19773454  074.53553884
111  62.19772524  074.53564531
111  62.19777760  074.53566434
111  62.19776841  074.53577547
111  62.19783956  074.53580435
111  62.19782967  074.53591629
111  62.19788478  074.53594107
111  62.19787827  074.53601372
111  62.19798418  074.53605805
111  62.19798120  074.53608173
111  62.19802771  074.53609919
111  62.19798770  074.53603614
111  62.19796967  074.53591703
112  62.19796967  074.53591703  62.19774587  074.53552463
111  62.19775079  074.53494484
111  62.19797361  074.53227755
111  62.19790092  074.53224787
111  62.19797011  074.53135425
111  62.19797655  074.53135650
111  62.19797979  074.53131391
111  62.19795743  074.53130629
111  62.19787742  074.53226807
111  62.19780718  074.53311234
113  62.19772994  074.53404075
110 1 0.00 0.0000 New Taxiway 15
111  62.20019286  074.53188603
111  62.19978221  074.53172485
111  62.19969104  074.53280382
111  62.19972290  074.53281588
111  62.19980190  074.53181965
111  62.20022115  074.53197865
111  62.20022765  074.53192084
113  62.20019832  074.53190815
110 1 0.00 0.0000 New Taxiway 14
111  62.20059104  074.53376684
111  62.20062945  074.53378165
111  62.20076645  074.53213385
111  62.20031517  074.53195106
111  62.20030992  074.53201415
111  62.20072537  074.53217322
111  62.20064151  074.53316814
113  62.20063120  074.53329041
130 Boundary
111  62.17084589  074.52797036
111  62.17147192  074.52841169
111  62.17133651  074.53072313
111  62.17608090  074.53073074
111  62.17799624  074.53299662
111  62.18332476  074.53502430
111  62.18344859  074.53493296
111  62.18362071  074.53314517
111  62.18977129  074.53549613
111  62.18961928  074.53826923
111  62.19085611  074.53876804
111  62.19112527  074.53592189
111  62.19705910  074.53848568
111  62.19701730  074.54010841
111  62.20043019  074.54138731
111  62.20038253  074.54217873
111  62.20102493  074.54230526
111  62.20108528  074.54167471
111  62.20471921  074.54138425
111  62.20762627  074.54347176
111  62.20842514  074.54300564
111  62.20853582  074.54178111
111  62.20936305  074.54197109
111  62.20948531  074.54185261
111  62.20968178  074.54060576
111  62.20952735  074.53970430
111  62.20886417  074.53938690
111  62.20877358  074.53889074
111  62.20891115  074.53691003
111  62.20888732  074.53677288
111  62.20878862  074.53660671
111  62.20632192  074.53688392
111  62.20515833  074.53677503
111  62.20259325  074.53456912
111  62.20295528  074.53006662
111  62.20028309  074.52907360
111  62.20029075  074.52899097
111  62.19992372  074.52885297
111  62.19991717  074.52896108
111  62.19833119  074.52836126
111  62.19827255  074.52841525
111  62.19817579  074.52986379
111  62.19724767  074.52957676
111  62.19721667  074.52996004
111  62.19648573  074.52970817
111  62.19645774  074.53007371
111  62.19602165  074.52989855
111  62.19607834  074.52918077
111  62.19502351  074.52882995
111  62.19513927  074.52734967
111  62.19440541  074.52706704
111  62.19450010  074.52587677
111  62.19519344  074.52614480
111  62.19543832  074.52245479
111  62.19354423  074.52173466
111  62.19324395  074.52536018
111  62.19298103  074.52528019
111  62.19255296  074.52642893
111  62.19175620  074.52741999
111  62.19097849  074.52698725
111  62.19073306  074.52872735
111  62.19054615  074.53189806
111  62.18019284  074.52793596
111  62.17990238  074.52756799
111  62.17996714  074.52616980
111  62.17989250  074.52581057
111  62.17963328  074.52569966
111  62.17940119  074.52568209
111  62.17599995  074.52597214
111  62.17330065  074.52377421
111  62.17310208  074.52412806
111  62.17285445  074.52565544
111  62.17158932  074.52515868
113  62.17103408  074.52509075
120 Linear Feature 62
112  62.19471520  074.53257231  62.19473503  074.53265167 1
112  62.19466537  074.53274444  62.19462340  074.53274158 1
114  62.19462075  074.53256588  62.19464289  074.53248938 1
120 Linear Feature 62
112  62.19770724  074.53366201  62.19772708  074.53374138 1
112  62.19765742  074.53383415  62.19761544  074.53383129 1
114  62.19761280  074.53365557  62.19763494  074.53357906 1
120 Linear Feature 62
112  62.19473680  074.53254719  62.19476541  074.53266168 20
112  62.19466492  074.53279552  62.19460436  074.53279139 20
114  62.19460054  074.53253790  62.19463249  074.53242753 20
120 Linear Feature 62
112  62.19772885  074.53363688  62.19775746  074.53375139 20
112  62.19765697  074.53388524  62.19759640  074.53388111 20
114  62.19759259  074.53362759  62.19762453  074.53351721 20
120 Linear Feature 61
111  62.19476846  074.53247172 20
111  62.19476321  074.53253487
111  62.19475577  074.53262453 20
111  62.19475000  074.53269399
111  62.19474312  074.53277692 20
111  62.19473758  074.53284359 20
111  62.19470416  074.53283084
111  62.19466535  074.53281603 20
111  62.19464045  074.53280653
111  62.19459937  074.53279086 20
111  62.19456412  074.53277741 20
111  62.19456980  074.53270903
111  62.19457644  074.53262901 20
111  62.19458220  074.53255958
111  62.19458916  074.53247579 20
111  62.19459499  074.53240554 20
111  62.19462497  074.53241698
111  62.19466757  074.53243323 20
111  62.19469534  074.53244383
113  62.19473471  074.53245885 20
120 Linear Feature 61
111  62.19776050  074.53356141 20
111  62.19775526  074.53362456
111  62.19774782  074.53371424 20
111  62.19774205  074.53378370
111  62.19773516  074.53386664 20
111  62.19772963  074.53393331 20
111  62.19769621  074.53392056
111  62.19765739  074.53390575 20
111  62.19763250  074.53389625
111  62.19759142  074.53388057 20
111  62.19755617  074.53386712 20
111  62.19756184  074.53379874
111  62.19756849  074.53371871 20
111  62.19757425  074.53364927
111  62.19758121  074.53356548 20
111  62.19758704  074.53349522 20
111  62.19761701  074.53350666
111  62.19765961  074.53352292 20
111  62.19768739  074.53353351
113  62.19772675  074.53354853 20
120 Linear Feature 21
111  62.19473918  074.53292883 4
115  62.19455035  074.53285995
120 Linear Feature 20
111  62.19772994  074.53404075 4
115  62.19753825  074.53396810
120 Linear Feature 19
111  62.20008130  074.53488388 4
115  62.19997704  074.53484030
120 Linear Feature 35
111  62.19720755  074.53202240 22
111  62.19710153  074.53198339 22
111  62.19703984  074.53177496 22
111  62.19709676  074.53110867 22
111  62.19720303  074.53095209 22
111  62.19748802  074.53105377 22
111  62.19756147  074.53129082 22
111  62.19750468  074.53195684 22
111  62.19741443  074.53209852 22
115  62.19737136  074.53208267
120 Linear Feature 32
111  62.19769308  074.53120005 20
111  62.19785458  074.53126048 20
111  62.19793659  074.53155789 20
111  62.19789884  074.53201070 20
111  62.19777544  074.53222790 20
111  62.19761163  074.53216763 20
111  62.19752880  074.53186656 20
111  62.19755062  074.53160062 20
113  62.19756502  074.53142509 20
120 Linear Feature 32
111  62.19728968  074.53104604 20
111  62.19744817  074.53110259 20
111  62.19753483  074.53140847 20
111  62.19749616  074.53186115 20
111  62.19737136  074.53208267 20
111  62.19720755  074.53202240 20
111  62.19712472  074.53172133 20
113  62.19716094  074.53127987 20
120 Linear Feature 32
111  62.19688747  074.53089326 20
111  62.19704596  074.53094981 20
111  62.19713065  074.53126063 20
111  62.19709197  074.53171330 20
111  62.19696915  074.53192988 20
111  62.19680535  074.53186961 20
111  62.19672251  074.53156855 20
113  62.19675874  074.53112709 20
120 Linear Feature 32
111  62.19648244  074.53075166 20
111  62.19664093  074.53080821 20
111  62.19672562  074.53111902 20
111  62.19668694  074.53157169 20
111  62.19656412  074.53178826 20
111  62.19640031  074.53172799 20
111  62.19631748  074.53143056 20
113  62.19635540  074.53098393 20
120 Linear Feature 32
111  62.19608056  074.53060625 20
111  62.19623905  074.53066280 20
111  62.19632229  074.53097049 20
111  62.19628482  074.53142211 20
111  62.19616224  074.53164284 20
111  62.19599844  074.53158257 20
111  62.19591560  074.53128151 20
113  62.19595183  074.53084007 20
120 Linear Feature 32
111  62.19567777  074.53045906 20
111  62.19583626  074.53051561 20
111  62.19592095  074.53082965 20
111  62.19588373  074.53127233 20
111  62.19575945  074.53149564 20
111  62.19559564  074.53143537 20
111  62.19551136  074.53113245 20
113  62.19554991  074.53068292 20
120 Linear Feature 32
111  62.19527354  074.53031275 20
111  62.19543203  074.53036930 20
111  62.19551672  074.53068333 20
111  62.19547804  074.53113275 20
111  62.19535522  074.53134931 20
111  62.19519142  074.53128904 20
111  62.19510713  074.53098613 20
113  62.19514568  074.53053660 20
120 Linear Feature 32
111  62.19489397  074.53017363 20
111  62.19501625  074.53021847 20
111  62.19511331  074.53051988 20
111  62.19507110  074.53102293 20
111  62.19492452  074.53119160 20
111  62.19482335  074.53115499 20
111  62.19470349  074.53086489 20
113  62.19474119  074.53039295 20
120 Linear Feature 31
111  62.19789468  074.53220345 22
111  62.19776569  074.53229912 22
111  62.19463156  074.53115831
112  62.19463156  074.53115831  62.19459809  074.53114037 22
111  62.19459976  074.53106056 22
111  62.19466377  074.53026616 20
111  62.19472679  074.53010504 20
111  62.19462744  074.53007006 20
115  62.19466377  074.53026616
120 Linear Feature 30
111  62.19477005  074.53012363 20
111  62.19508549  074.53023813 22
111  62.19515018  074.53026161 22
111  62.19522024  074.53028704 20
111  62.19548259  074.53038227 22
111  62.19555441  074.53040834 22
111  62.19562158  074.53043272 20
111  62.19587836  074.53052593 22
111  62.19595936  074.53055533 22
111  62.19604406  074.53058608 20
111  62.19629428  074.53067691 22
111  62.19636301  074.53070186 22
111  62.19641774  074.53072173 20
111  62.19667903  074.53081657 22
111  62.19676210  074.53084672 22
111  62.19684433  074.53087657 20
111  62.19706028  074.53089977 22
111  62.19713101  074.53090737 22
111  62.19717612  074.53091222 20
111  62.19751804  074.53104705 22
111  62.19757673  074.53107880 22
111  62.19762181  074.53110319 20
111  62.19801453  074.53131567 20
111  62.19807573  074.53149648 20
111  62.19802838  074.53205751 20
111  62.19797252  074.53214380
112  62.19797252  074.53214380  62.19796312  074.53215503 20
111  62.19795306  074.53215190 20
111  62.19791505  074.53213332 20
111  62.19777313  074.53223393 20
111  62.19756394  074.53215784 22
111  62.19748702  074.53212986 22
111  62.19742347  074.53210674 20
111  62.19715833  074.53201030 22
111  62.19708630  074.53198410 22
111  62.19702287  074.53196103 20
111  62.19675399  074.53186323 22
111  62.19668486  074.53183809 22
111  62.19663199  074.53181886 20
111  62.19634839  074.53171570 22
111  62.19628110  074.53169123 22
111  62.19622079  074.53166929 20
111  62.19592797  074.53156278 22
111  62.19587774  074.53154451 22
111  62.19582490  074.53152529 20
111  62.19554704  074.53142422 22
111  62.19547479  074.53139794 22
111  62.19540546  074.53137272 20
111  62.19514048  074.53127634 22
111  62.19507061  074.53125093 22
111  62.19500243  074.53122613 20
111  62.19465980  074.53110150
112  62.19465980  074.53110150  62.19463540  074.53108880 20
111  62.19463679  074.53104157 20
113  62.19468908  074.53037526 20
120 Linear Feature 29
111  62.19398159  074.52975973 22
111  62.19685795  074.53081083 22
111  62.19717922  074.53084506 22
111  62.19751887  074.53097721 22
111  62.19803933  074.53126586 22
111  62.19811162  074.53146733 22
115  62.19806222  074.53207046
120 Linear Feature 28
111  62.20063120  074.53329041 20
111  62.19971284  074.53292330 20
111  62.19968255  074.53291228 20
111  62.19797361  074.53227755 20
111  62.19790092  074.53224787 20
111  62.19787742  074.53226807 20
111  62.19776377  074.53236384 20
111  62.19467846  074.53124895 20
111  62.19463808  074.53123621 20
111  62.19459566  074.53122283 20
111  62.19456136  074.53110856 20
111  62.19456999  074.53099474 20
111  62.19462304  074.53030964 20
111  62.19457617  074.53005559 20
115  62.19397243  074.52982502
120 Linear Feature 27
111  62.20064151  074.53316814 20
111  62.19972290  074.53281588 20
111  62.19969104  074.53280382 20
111  62.19853311  074.53236811 20
111  62.19814370  074.53222158 20
111  62.19809683  074.53207602 20
111  62.19814827  074.53144835 20
111  62.19806069  074.53119883 20
111  62.19752399  074.53090869 20
111  62.19718224  074.53077839 20
111  62.19686739  074.53074715 20
115  62.19398584  074.52968992
120 Linear Feature 26
112  62.20059193  074.53238271  62.20061440  074.53245799 1
112  62.20054880  074.53256128  62.20050716  074.53256537 1
114  62.20049824  074.53239191  62.20051740  074.53231254 1
120 Linear Feature 26
112  62.20046939  074.53388712  62.20049186  074.53396240 1
112  62.20042626  074.53406570  62.20038462  074.53406979 1
114  62.20037570  074.53389632  62.20039486  074.53381696 1
120 Linear Feature 26
112  62.19985296  074.53364624  62.19987543  074.53372152 1
112  62.19980983  074.53382481  62.19976819  074.53382890 1
114  62.19975927  074.53365544  62.19977843  074.53357607 1
120 Linear Feature 26
112  62.19997524  074.53214563  62.19999771  074.53222090 1
112  62.19993211  074.53232420  62.19989047  074.53232829 1
114  62.19988155  074.53215483  62.19990072  074.53207546 1
120 Linear Feature 26
112  62.20062385  074.53233606  62.20066206  074.53246405 20
112  62.20055052  074.53263968  62.20047973  074.53264663 20
114  62.20046456  074.53235170  62.20049715  074.53221676 20
120 Linear Feature 26
112  62.20050404  074.53383722  62.20054384  074.53397052 20
112  62.20042767  074.53415345  62.20035393  074.53416069 20
114  62.20033813  074.53385351  62.20037208  074.53371296 20
120 Linear Feature 26
112  62.19988680  074.53359346  62.19992644  074.53372626 20
112  62.19981072  074.53390848  62.19973726  074.53391569 20
114  62.19972152  074.53360969  62.19975534  074.53346968 20
120 Linear Feature 26
112  62.20000717  074.53209898  62.20004538  074.53222696 20
112  62.19993384  074.53240259  62.19986304  074.53240954 20
114  62.19984787  074.53211462  62.19988046  074.53197968 20
120 Linear Feature 25
111  62.20069933  074.53221193 20
111  62.20069066  074.53231976
111  62.20068115  074.53243816 20
111  62.20067198  074.53255228
111  62.20066246  074.53267064 20
111  62.20065409  074.53277488 20
111  62.20060126  074.53275536
111  62.20054514  074.53273462 20
111  62.20049881  074.53271751
111  62.20044305  074.53269690 20
111  62.20039154  074.53267787 20
111  62.20039974  074.53257587
111  62.20041045  074.53244257 20
111  62.20041876  074.53233922
111  62.20042828  074.53222070 20
111  62.20043678  074.53211492 20
111  62.20048331  074.53213104
111  62.20054180  074.53215294 20
111  62.20059474  074.53217276
113  62.20064980  074.53219338 20
120 Linear Feature 25
111  62.20057679  074.53371634 20
111  62.20056812  074.53382417
111  62.20055861  074.53394257 20
111  62.20054944  074.53405669
111  62.20053992  074.53417505 20
111  62.20053155  074.53427929 20
111  62.20047872  074.53425977
111  62.20042260  074.53423904 20
111  62.20037627  074.53422192
111  62.20032051  074.53420132 20
111  62.20026900  074.53418229 20
111  62.20027720  074.53408028
111  62.20028791  074.53394699 20
111  62.20029622  074.53384364
111  62.20030574  074.53372512 20
111  62.20031424  074.53361934 20
111  62.20036077  074.53363545
111  62.20041926  074.53365735 20
111  62.20047220  074.53367718
113  62.20052726  074.53369780 20
120 Linear Feature 25
111  62.19996036  074.53347546 20
111  62.19995169  074.53358329
111  62.19994218  074.53370169 20
111  62.19993301  074.53381581
111  62.19992349  074.53393416 20
111  62.19991512  074.53403840 20
111  62.19986229  074.53401888
111  62.19980617  074.53399815 20
111  62.19975984  074.53398103
111  62.19970408  074.53396043 20
111  62.19965257  074.53394140 20
111  62.19966077  074.53383939
111  62.19967148  074.53370610 20
111  62.19967978  074.53360276
111  62.19968931  074.53348424 20
111  62.19969781  074.53337846 20
111  62.19974433  074.53339457
111  62.19980282  074.53341647 20
111  62.19985577  074.53343630
113  62.19991083  074.53345692 20
120 Linear Feature 25
111  62.20008264  074.53197485 20
111  62.20007398  074.53208268
111  62.20006446  074.53220107 20
111  62.20005529  074.53231519
111  62.20004578  074.53243355 20
111  62.20003740  074.53253779 20
111  62.19998457  074.53251827
111  62.19992845  074.53249754 20
111  62.19988213  074.53248042
111  62.19982636  074.53245982 20
111  62.19977485  074.53244079 20
111  62.19978305  074.53233878
111  62.19979376  074.53220549 20
111  62.19980207  074.53210214
111  62.19981159  074.53198363 20
111  62.19982010  074.53187785 20
111  62.19986662  074.53189396
111  62.19992511  074.53191586 20
111  62.19997805  074.53193569
113  62.20003311  074.53195630 20
120 Linear Feature 24
112  62.19798120  074.53608173  62.19778655  074.53596345 3 102
112  62.19764908  074.53501259  62.19763347  074.53455063
111  62.19764908  074.53501259 3 102
111  62.19772994  074.53404075 3 102
111  62.19780718  074.53311234 102
115  62.19787742  074.53226807
120 Linear Feature 23
111  62.19500181  074.53496603 3 102
111  62.19494585  074.53493689
112  62.19494585  074.53493689  62.19483525  074.53486870 3 102
112  62.19465966  074.53392508  62.19463581  074.53349273
111  62.19465966  074.53392508 3 102
111  62.19475751  074.53269919
112  62.19475751  074.53269919  62.19485004  074.53231642 3 102
112  62.19515199  074.53213923  62.19528789  074.53216247
111  62.19515199  074.53213923 102
111  62.19725389  074.53290260
112  62.19725389  074.53290260  62.19745080  074.53297885 3 102
112  62.19755850  074.53371658  62.19755330  074.53391185
111  62.19755850  074.53371658 3 102
111  62.19753825  074.53396810 3 102
111  62.19746101  074.53492721
112  62.19746101  074.53492721  62.19735258  074.53559113 3 102
111  62.19704846  074.53570960 3 102
115  62.19698040  074.53570325
120 Linear Feature 22
111  62.19467846  074.53124895 102
111  62.19462294  074.53194730 3 102
111  62.19455035  074.53285995 3 102
111  62.19447084  074.53385944
112  62.19447084  074.53385944  62.19437196  074.53437639 3 102
111  62.19406275  074.53462566 3 102
115  62.19399461  074.53460313
120 Linear Feature 57
111  62.19531632  074.53076871 1
112  62.19517925  074.53046780  62.19503106  074.53047813
111  62.19517925  074.53046780 1
111  62.19502082  074.53050913
112  62.19502082  074.53050913  62.19492444  074.53055562 1
115  62.19490550  074.53071781
120 Linear Feature 56
111  62.19571748  074.53093221 1
112  62.19559991  074.53057477  62.19546588  074.53049083
111  62.19559991  074.53057477 1
111  62.19549399  074.53053387
112  62.19549399  074.53053387  62.19534490  074.53049190 1
115  62.19531632  074.53076871
120 Linear Feature 55
111  62.19652807  074.53121132 1
112  62.19642580  074.53087437  62.19631336  074.53078504
111  62.19642580  074.53087437 1
111  62.19628750  074.53081854
112  62.19628750  074.53081854  62.19616240  074.53078088 1
115  62.19612369  074.53106737
120 Linear Feature 54
111  62.19693748  074.53129015 1
112  62.19683782  074.53107008  62.19674746  074.53104855
111  62.19683782  074.53107008 1
111  62.19661493  074.53105286
112  62.19661493  074.53105286  62.19654917  074.53106577 1
115  62.19652807  074.53121132
120 Linear Feature 53
111  62.19733624  074.53146845 1
112  62.19723071  074.53111617  62.19710772  074.53104299
111  62.19723071  074.53111617 1
111  62.19710019  074.53106667
112  62.19710019  074.53106667  62.19697971  074.53103223 1
115  62.19693748  074.53129015
120 Linear Feature 52
111  62.19773646  074.53166230 1
112  62.19766409  074.53135098  62.19758156  074.53125412
111  62.19766409  074.53135098 1
111  62.19753397  074.53122958
112  62.19753397  074.53122958  62.19738096  074.53115080 1
115  62.19733624  074.53146845
120 Linear Feature 51
112  62.19751590  074.53546068  62.19749404  074.53596950 1
112  62.19788379  074.53645504  62.19805763  074.53652646
111  62.19788379  074.53645504 1
115  62.19839002  074.53664567
120 Linear Feature 50
111  62.19768853  074.53224997 1
115  62.19766331  074.53356954
120 Linear Feature 49
112  62.19777664  074.53230634  62.19772875  074.53283177 1
111  62.19750652  074.53277852 1
115  62.19737095  074.53272952
120 Linear Feature 48
112  62.19671611  074.53199932  62.19670707  074.53242873 1
115  62.19689456  074.53255733
120 Linear Feature 47
111  62.19705232  074.53142139 1
112  62.19671611  074.53199932  62.19666490  074.53265279
111  62.19671611  074.53199932
112  62.19671611  074.53199932  62.19666309  074.53240851 1
115  62.19646001  074.53240026
120 Linear Feature 46
112  62.19728493  074.53209756  62.19726890  074.53237619 1
111  62.19736273  074.53259475 1
115  62.19750718  074.53287969
120 Linear Feature 45
112  62.19688374  074.53194903  62.19686868  074.53247336 1
115  62.19709758  074.53263071
120 Linear Feature 44
112  62.19647966  074.53180489  62.19645758  074.53235914 1
115  62.19671060  074.53249083
120 Linear Feature 43
112  62.19607743  074.53165834  62.19605866  074.53219729 1
115  62.19628504  074.53233701
120 Linear Feature 42
112  62.19567181  074.53151562  62.19565434  074.53204380 1
115  62.19588242  074.53219148
120 Linear Feature 39
111  62.19709329  074.53139561 1
115  62.19709685  074.53135044
120 Linear Feature 39
111  62.19778653  074.53127082 1
115  62.19780758  074.53127869
120 Linear Feature 39
111  62.19738293  074.53111843 1
115  62.19740398  074.53112630
120 Linear Feature 39
111  62.19698174  074.53096991 1
115  62.19700279  074.53097778
120 Linear Feature 39
111  62.19657766  074.53082578 1
115  62.19659871  074.53083365
120 Linear Feature 39
111  62.19617231  074.53067783 1
115  62.19619339  074.53068539
120 Linear Feature 39
111  62.19576669  074.53053512 1
115  62.19578777  074.53054268
120 Linear Feature 39
111  62.19536570  074.53038667 1
115  62.19538675  074.53039456
120 Linear Feature 41
111  62.19751541  074.53154896 1
115  62.19751897  074.53150379
120 Linear Feature 41
111  62.19771279  074.53217502 1
115  62.19773385  074.53218289
120 Linear Feature 41
111  62.19730919  074.53202261 1
115  62.19733025  074.53203048
120 Linear Feature 41
111  62.19690800  074.53187408 1
115  62.19692906  074.53188195
120 Linear Feature 41
111  62.19650392  074.53172994 1
115  62.19652498  074.53173781
120 Linear Feature 41
111  62.19610145  074.53158304 1
115  62.19612253  074.53159060
120 Linear Feature 41
111  62.19569583  074.53144032 1
115  62.19571690  074.53144788
120 Linear Feature 41
111  62.19529179  074.53129073 1
115  62.19531284  074.53129862
120 Linear Feature 41
111  62.19750589  074.53166972 1
115  62.19750945  074.53162454
120 Linear Feature 41
111  62.19765652  074.53215398 1
115  62.19767757  074.53216185
120 Linear Feature 41
111  62.19725292  074.53200157 1
115  62.19727397  074.53200944
120 Linear Feature 41
111  62.19685173  074.53185304 1
115  62.19687278  074.53186091
120 Linear Feature 41
111  62.19644765  074.53170891 1
115  62.19646870  074.53171678
120 Linear Feature 41
111  62.19604511  074.53156282 1
115  62.19606619  074.53157039
120 Linear Feature 41
111  62.19563949  074.53142010 1
115  62.19566056  074.53142766
120 Linear Feature 41
112  62.19526752  074.53136566  62.19525065  074.53190417 1
115  62.19548327  074.53204721
120 Linear Feature 41
111  62.19775175  074.53169737 1
115  62.19777280  074.53170526
120 Linear Feature 41
111  62.19735263  074.53149010 1
115  62.19737369  074.53149799
120 Linear Feature 41
111  62.19695112  074.53134470 1
115  62.19697217  074.53135259
120 Linear Feature 41
111  62.19654287  074.53125245 1
115  62.19656392  074.53126034
120 Linear Feature 41
111  62.19613851  074.53110963 1
115  62.19615956  074.53111752
120 Linear Feature 41
111  62.19573307  074.53096456 1
115  62.19575412  074.53097245
120 Linear Feature 41
111  62.19533032  074.53081939 1
115  62.19535138  074.53082728
120 Linear Feature 41
111  62.19769548  074.53167628 1
115  62.19771653  074.53168417
120 Linear Feature 41
111  62.19729636  074.53146902 1
115  62.19731742  074.53147691
120 Linear Feature 41
111  62.19689485  074.53132361 1
115  62.19691590  074.53133150
120 Linear Feature 41
111  62.19648660  074.53123136 1
115  62.19650765  074.53123925
120 Linear Feature 41
111  62.19608224  074.53108855 1
115  62.19610329  074.53109644
120 Linear Feature 41
111  62.19567680  074.53094348 1
115  62.19569786  074.53095136
120 Linear Feature 41
111  62.19527406  074.53079830 1
115  62.19529511  074.53080619
120 Linear Feature 41
111  62.19523552  074.53126965 1
115  62.19525657  074.53127753
120 Linear Feature 41
111  62.19708377  074.53151637 1
115  62.19708733  074.53147119
120 Linear Feature 41
111  62.19773026  074.53124978 1
115  62.19775131  074.53125765
120 Linear Feature 41
111  62.19732666  074.53109739 1
115  62.19734771  074.53110526
120 Linear Feature 41
111  62.19692547  074.53094887 1
115  62.19694652  074.53095674
120 Linear Feature 41
111  62.19652139  074.53080474 1
115  62.19654244  074.53081261
120 Linear Feature 41
111  62.19611597  074.53065762 1
115  62.19613705  074.53066518
120 Linear Feature 41
111  62.19571035  074.53051491 1
115  62.19573143  074.53052247
120 Linear Feature 41
111  62.19530943  074.53036559 1
115  62.19533048  074.53037347
120 Linear Feature 40
111  62.19709031  074.53143340 1
111  62.19719226  074.53147044
111  62.19741113  074.53154995 1
111  62.19746343  074.53156895 1
111  62.19751243  074.53158675
111  62.19755062  074.53160062
112  62.19755062  074.53160062  62.19781375  074.53175715 1
111  62.19777664  074.53230634 1
111  62.19766001  074.53372231 1
111  62.19751590  074.53546068
112  62.19751590  074.53546068  62.19747322  074.53590924 1
112  62.19699873  074.53612189  62.19678568  074.53604564
111  62.19699873  074.53612189 1
115  62.19644479  074.53591306
120 Linear Feature 40
111  62.19776892  074.53126424 1
111  62.19775787  074.53139975 1
111  62.19775111  074.53148262
111  62.19773646  074.53166230 1
111  62.19769518  074.53216844
111  62.19768853  074.53224997
112  62.19768853  074.53224997  62.19761625  074.53279240 1
115  62.19737095  074.53272952
120 Linear Feature 40
111  62.19736532  074.53111184 1
111  62.19735452  074.53124432 1
111  62.19734751  074.53133022
111  62.19733624  074.53146845 1
111  62.19729158  074.53201603
111  62.19728493  074.53209756
112  62.19728493  074.53209756  62.19721120  074.53263533 1
115  62.19695920  074.53258069
120 Linear Feature 40
111  62.19696413  074.53096332 1
111  62.19695349  074.53109385 1
111  62.19694632  074.53118170
111  62.19693748  074.53129015 1
111  62.19689039  074.53186750
111  62.19688374  074.53194903
112  62.19688374  074.53194903  62.19681567  074.53247723 1
115  62.19656175  074.53243703
120 Linear Feature 40
111  62.19656005  074.53081920 1
111  62.19654964  074.53094689 1
111  62.19654224  074.53103757
111  62.19652807  074.53121132 1
111  62.19648631  074.53172336
111  62.19647966  074.53180489
112  62.19647966  074.53180489  62.19640236  074.53232792 1
115  62.19616079  074.53229210
120 Linear Feature 40
111  62.19615468  074.53067151 1
111  62.19614422  074.53080515 1
111  62.19613757  074.53089013
111  62.19612369  074.53106737 1
111  62.19608382  074.53157671
111  62.19607743  074.53165834
112  62.19607743  074.53165834  62.19600183  074.53218373 1
115  62.19575828  074.53214662
120 Linear Feature 40
111  62.19574906  074.53052880 1
111  62.19573863  074.53066202 1
111  62.19573194  074.53074742
111  62.19571748  074.53093221 1
111  62.19567820  074.53143399
111  62.19567181  074.53151562
112  62.19567181  074.53151562  62.19560313  074.53205671 1
115  62.19534429  074.53199698
120 Linear Feature 40
111  62.19534809  074.53038007 1
111  62.19533709  074.53051464 1
111  62.19533024  074.53059842
111  62.19531632  074.53076871 1
111  62.19527418  074.53128413
111  62.19526752  074.53136566
112  62.19526752  074.53136566  62.19521981  074.53180111 1
116  62.19484496  074.53210771  62.19469966  074.53235101
120 Linear Feature 39
112  62.19486459  074.53121813  62.19484502  074.53156034 1
112  62.19509477  074.53190594  62.19521425  074.53195652
111  62.19509477  074.53190594 1
115  62.19515887  074.53192995
120 Linear Feature 39
111  62.19496278  074.53023916 1
115  62.19498383  074.53024704
120 Linear Feature 39
111  62.19488887  074.53114320 1
115  62.19490992  074.53115109
120 Linear Feature 39
111  62.19483260  074.53112212 1
115  62.19485365  074.53113001
120 Linear Feature 39
111  62.19490651  074.53021807 1
115  62.19492756  074.53022596
120 Linear Feature 38
111  62.19494517  074.53023256 1
111  62.19493415  074.53036733 1
111  62.19492732  074.53045091
111  62.19490550  074.53071781 1
111  62.19487126  074.53113660
111  62.19486459  074.53121813 1
111  62.19479190  074.53210725
112  62.19479190  074.53210725  62.19478174  074.53221104 1
115  62.19475891  074.53226593
120 Linear Feature 37
112  62.19453364  074.53429463  62.19447364  074.53512524 1
111  62.19482507  074.53531220 1
115  62.19542144  074.53553381
120 Linear Feature 36
111  62.19361753  074.53486513 1
111  62.19402908  074.53501830
112  62.19402908  074.53501830  62.19424559  074.53508301 1
112  62.19453364  074.53429463  62.19459401  074.53375016
111  62.19453364  074.53429463 1
111  62.19466209  074.53268421
112  62.19466209  074.53268421  62.19467573  074.53251884 1
112  62.19475891  074.53226593  62.19480668  074.53215296
111  62.19475891  074.53226593
112  62.19475891  074.53226593  62.19478453  074.53220536 1
112  62.19484496  074.53210771  62.19487623  074.53206289
111  62.19484496  074.53210771
112  62.19484496  074.53210771  62.19494390  074.53196587 1
112  62.19515887  074.53192995  62.19525387  074.53195582
111  62.19515887  074.53192995 1
111  62.19534429  074.53199698 1
111  62.19548327  074.53204721 1
111  62.19575828  074.53214662 1
111  62.19588242  074.53219148 1
111  62.19616079  074.53229210 1
111  62.19628504  074.53233701 1
111  62.19646001  074.53240026 1
111  62.19656175  074.53243703 1
111  62.19671060  074.53249083 1
111  62.19689456  074.53255733 1
111  62.19695920  074.53258069 1
111  62.19709758  074.53263071 1
111  62.19737095  074.53272952
112  62.19737095  074.53272952  62.19742589  074.53276862 1
112  62.19750718  074.53287969  62.19754366  074.53293903
111  62.19750718  074.53287969
112  62.19750718  074.53287969  62.19763512  074.53308779 1
112  62.19766331  074.53356954  62.19766595  074.53374981
111  62.19766331  074.53356954
112  62.19766331  074.53356954  62.19766466  074.53366180 1
115  62.19766001  074.53372231
120 Linear Feature 58
111  62.19631483  074.53142949 20
111  62.19628820  074.53141963 20
111  62.19630658  074.53119179 20
113  62.19633406  074.53120209 20
120 Linear Feature 58
111  62.19591305  074.53128179 20
111  62.19588642  074.53127193 20
111  62.19592340  074.53083112 20
113  62.19594968  074.53083883 20
120 Linear Feature 60
111  62.19515144  074.53036802 20
111  62.19514170  074.53036437 20
115  62.19513195  074.53036071
120 Linear Feature 60
111  62.19555597  074.53051241 20
111  62.19554622  074.53050875 20
115  62.19553647  074.53050510
120 Linear Feature 60
111  62.19596090  074.53065906 20
111  62.19595115  074.53065541 20
115  62.19594140  074.53065175
120 Linear Feature 60
111  62.19636467  074.53080352 20
111  62.19635492  074.53079987 20
115  62.19634517  074.53079622
120 Linear Feature 60
111  62.19676391  074.53094730 20
111  62.19675416  074.53094365 20
115  62.19674442  074.53094000
120 Linear Feature 60
111  62.19713909  074.53100593 20
111  62.19712920  074.53100515 20
115  62.19711931  074.53100437
120 Linear Feature 60
111  62.19757872  074.53117777 20
111  62.19756897  074.53117412 20
115  62.19755923  074.53117046
120 Linear Feature 60
111  62.19750464  074.53203570 20
111  62.19749489  074.53203204 20
115  62.19748515  074.53202839
120 Linear Feature 60
111  62.19710444  074.53188556 20
111  62.19709470  074.53188191 20
115  62.19708495  074.53187826
120 Linear Feature 60
111  62.19670318  074.53173762 20
111  62.19669344  074.53173396 20
115  62.19668369  074.53173031
120 Linear Feature 60
111  62.19629909  074.53159342 20
111  62.19628934  074.53158977 20
115  62.19627959  074.53158612
120 Linear Feature 60
111  62.19549174  074.53131351 20
111  62.19548199  074.53130985 20
115  62.19547225  074.53130620
120 Linear Feature 60
111  62.19589511  074.53145416 20
111  62.19588536  074.53145051 20
115  62.19587561  074.53144685
120 Linear Feature 60
111  62.19508813  074.53115869 20
111  62.19507838  074.53115504 20
115  62.19506864  074.53115139
120 Linear Feature 59
111  62.19515018  074.53026161 22
115  62.19514170  074.53036437
120 Linear Feature 59
111  62.19555441  074.53040834 22
115  62.19554622  074.53050875
120 Linear Feature 59
111  62.19595936  074.53055533 22
115  62.19595115  074.53065541
120 Linear Feature 59
111  62.19636301  074.53070186 22
115  62.19635492  074.53079987
120 Linear Feature 59
111  62.19676210  074.53084672 22
115  62.19675416  074.53094365
120 Linear Feature 59
111  62.19713101  074.53090737 22
115  62.19712920  074.53100515
120 Linear Feature 59
111  62.19757673  074.53107880 22
115  62.19756897  074.53117412
120 Linear Feature 59
111  62.19749489  074.53203204 22
115  62.19748702  074.53212986
120 Linear Feature 59
111  62.19709470  074.53188191 22
115  62.19708630  074.53198410
120 Linear Feature 59
111  62.19669344  074.53173396 22
115  62.19668486  074.53183809
120 Linear Feature 59
111  62.19628934  074.53158977 22
115  62.19628110  074.53169123
120 Linear Feature 59
111  62.19548199  074.53130985 22
115  62.19547479  074.53139794
120 Linear Feature 59
111  62.19588536  074.53145051 22
115  62.19587774  074.53154451
120 Linear Feature 59
111  62.19507838  074.53115504 22
115  62.19507061  074.53125093
21  62.19839555  074.53763265 2 189.9400 3.00 PAPI-L-17
21  62.18265907  074.52978156 2 9.9400 3.00 PAPI-L-35
14  62.19657914  074.52996079 115.00 0 Tower
1300  62.19775787  074.53139975 280.00 gate jets|turboprops Stand 5
1301 C airline 
1300  62.19735452  074.53124432 280.00 gate jets|turboprops Stand 6
1301 C airline 
1300  62.19695349  074.53109385 280.00 gate jets|turboprops Stand 7
1301 C airline 
1300  62.19654964  074.53094689 280.00 gate jets|turboprops Stand 8
1301 C airline 
1300  62.19614422  074.53080515 280.00 gate jets|turboprops Stand 9
1301 C airline 
1300  62.19573863  074.53066202 280.00 gate jets|turboprops Stand 10
1301 C airline 
1300  62.19533709  074.53051464 280.00 gate jets|turboprops Stand 11
1301 C airline 
1300  62.19493415  074.53036733 280.00 gate jets|turboprops Stand 12
1301 C airline 
1300  62.19746343  074.53156895   9.80 gate jets|turboprops Stand 13
1301 C airline 
18  62.19657914  074.52996079 1 Beacon
54 11940 Kogalym Vyshka
50 12340 ATIS
53 12180 Kogalym Zemlya
99
