A
1000 Generated by Infinite Flight Airport Editing (World Parser)/AB

1      665 0 1 28TA DUVAL CO RANCH COMPANY
100   10.36   1   0 0.25 0 0 0 14   27.84444400 -098.72722200    0.00    0.00 2  0 0 0 32   27.82277800 -098.70666700    0.00    0.00 2  0 0 0
21   27.84320512 -098.72572505  1 140.00   3.00 14  VASI
110   1 0.30 140.00 Default taxiway for RWY 14
111  27.84441547 -098.72726045   3 
111  27.84426416 -098.72746439   3 
111  27.82259968 -098.70690524   3 
111  27.82275099 -098.70670134 
112  27.82282244 -098.70676913  27.82278527 -098.70673718   3 
111  27.82274930 -098.70678565   3 
112  27.82270134 -098.70685027  27.82266537 -098.70689874   3 
111  27.82270110 -098.70693264   3 
111  27.83344403 -098.71712747   3 
111  27.83356537 -098.71696395 
111  27.83360109 -098.71699785   3 
111  27.83347975 -098.71716137   3 
112  27.84422269 -098.72735619  27.84425841 -098.72739009   3 
111  27.84429438 -098.72734161   3 
112  27.84434234 -098.72727698  27.84437831 -098.72722850   3 
113  27.84434403 -098.72719265 
120 Default hold RWY 14 (near)
111  27.84435408 -098.72734320   4 
115  27.84431836 -098.72730930 
120 Default hold RWY 14 (centre)
111  27.83353970 -098.71708058   4 
115  27.83350398 -098.71704668 
120 Default hold RWY 14 (far)
111  27.82272532 -098.70681796   4 
115  27.82268960 -098.70678407 
19   27.84460536 -098.72716860 1 WS
19   27.82261665 -098.70672042 1 WS
51 12280 UNICOM


130 Airport Boundary
111  027.82259941 -098.70690155
111  027.84426498 -098.72746277
111  027.84444427 -098.72721863
113  027.82277870 -098.70666504
99
