A
1000 Generated by Infinite Flight Airport Editing (World Parser)/AB

1      820 0 1 C12  Val-Air
100   24.38   1   0 0.25 0 0 0 09   41.74602546 -092.41430772    0.00    0.00 2  0 0 0 27   41.74563786 -092.40439506    0.00    0.00 2  0 0 0
110   1 0.30  93.00 Default taxiway for RWY 09
111  41.74591814 -092.41431525   3 
111  41.74536804 -092.41435385   3 
111  41.74498087 -092.40444113   3 
111  41.74553097 -092.40440253 
112  41.74554244 -092.40469624  41.74553445 -092.40454955   3 
111  41.74540297 -092.40455877   3 
112  41.74522766 -092.40457107  41.74509617 -092.40458030   3 
111  41.74510191 -092.40472715   3 
111  41.74528116 -092.40931637   3 
111  41.74572169 -092.40928546 
111  41.74572742 -092.40943232   3 
111  41.74528689 -092.40946323   3 
112  41.74546614 -092.41405245  41.74547187 -092.41419930   3 
111  41.74560336 -092.41419007   3 
112  41.74577867 -092.41417777  41.74591015 -092.41416855   3 
113  41.74590667 -092.41402154 
120 Default hold RWY 09 (near)
111  41.74569675 -092.41433078   4 
115  41.74569101 -092.41418392 
120 Default hold RWY 09 (centre)
111  41.74550603 -092.40944785   4 
115  41.74550030 -092.40930099 
120 Default hold RWY 09 (far)
111  41.74531531 -092.40456492   4 
115  41.74530958 -092.40441806 
19   41.74636564 -092.41457837 1 WS
19   41.74529765 -092.40412446 1 WS


130 Airport Boundary
111  041.74497986 -092.40444183
111  041.74536896 -092.41435242
111  041.74591827 -092.41431427
111  041.74602509 -092.41430664
113  041.74563599 -092.40439606
99
