I
1050 Generated by WorldEditor 2.2.0r2

1     62 1 0 CYYJ Victoria Intl
100 60.96 1 0 0.25 0 2 1 09  48.65185824 -123.43960923    0    0 3 11 0 1 27  48.64656661 -123.41186491    0   16 3 5 0 0
100 60.96 1 0 0.25 0 2 1 02  48.64240028 -123.43541711  428    0 1 0 0 0 20  48.65230120 -123.42096976  268    0 1 0 0 0
100 60.96 1 0 0.25 0 2 1 13  48.65319055 -123.43390818  130    0 1 0 0 1 31  48.64109229 -123.42425125    0    0 2 0 0 0
110 2 0.00 0.0000 New Taxiway 3
111  48.64183961 -123.43242801
111  48.64101640 -123.43263774
111  48.64096404 -123.43210910
111  48.64090022 -123.43151688
111  48.64088022 -123.43134519
111  48.64087350 -123.43129516
111  48.64085856 -123.43114131
111  48.64085361 -123.43109803
111  48.64082219 -123.43080210
111  48.64081385 -123.43073224
111  48.64149207 -123.43055436
111  48.64148087 -123.43045978
111  48.64146843 -123.43035483
111  48.64144821 -123.43018416
111  48.64133554 -123.43021522
111  48.64131304 -123.43022142
111  48.64108546 -123.43028415
111  48.64107126 -123.43016059
111  48.64089025 -123.43020953
111  48.64090428 -123.43032401
111  48.64085716 -123.43033490
111  48.64084466 -123.43020866
111  48.64068178 -123.43025191
111  48.64064868 -123.42991959
111  48.64068969 -123.42990965
111  48.64079973 -123.42988236
111  48.64075679 -123.42950498
111  48.64074693 -123.42941267
111  48.64072774 -123.42923861
111  48.64069206 -123.42893672
111  48.64086407 -123.42889015
111  48.64087307 -123.42896498
111  48.64128968 -123.42887585
111  48.64136869 -123.42873453
111  48.64165169 -123.43137385
111  48.64178386 -123.43134993
111  48.64192687 -123.43265155
111  48.64191786 -123.43265351
113  48.64186852 -123.43251133
110 1 0.00 0.0000 New Taxiway 9
111  48.65016461 -123.42925553 102
111  48.65019535 -123.42929995 102
111  48.65036032 -123.42953834 102
111  48.65103423 -123.43007519 102
111  48.65276220 -123.43145170 102
111  48.65290388 -123.43159245 102
111  48.65301235 -123.43175665 102
111  48.65312082 -123.43166282
111  48.65317617 -123.43149528
111  48.65376561 -123.42980369
112  48.65407462 -123.42803910  48.65411152 -123.42692854
111  48.65407462 -123.42803910
112  48.65407462 -123.42803910  48.65409855 -123.42716147
112  48.65383731 -123.42613096  48.65370011 -123.42562281
111  48.65383731 -123.42613096
112  48.65383731 -123.42613096  48.65359456 -123.42539121
111  48.65345259 -123.42517064
111  48.65223091 -123.42325302
111  48.65223824 -123.42245037
111  48.65224419 -123.42179799
111  48.65216345 -123.42176137
111  48.64958758 -123.42552366
111  48.64954232 -123.42587184
111  48.65019535 -123.42929995
111  48.65016461 -123.42925553
111  48.64946785 -123.42564752
111  48.65233788 -123.42146547
111  48.65232661 -123.42244892
111  48.65231725 -123.42306090
112  48.65231725 -123.42306090  48.65231909 -123.42322007
111  48.65242350 -123.42337924
111  48.65357331 -123.42518674
112  48.65389923 -123.42610751  48.65409615 -123.42674139
111  48.65389923 -123.42610751
112  48.65389923 -123.42610751  48.65393116 -123.42620321
111  48.65397143 -123.42637080
111  48.65400436 -123.42652088
111  48.65404786 -123.42671915
112  48.65408942 -123.42672386  48.65412768 -123.42671390
111  48.65408942 -123.42672386
111  48.65421213 -123.42669288
111  48.65420064 -123.42660881
111  48.65428756 -123.42658092
111  48.65468570 -123.42645806
111  48.65467685 -123.42640688
111  48.65491366 -123.42632572
111  48.65489188 -123.42618624
111  48.65430729 -123.42638854
111  48.65430063 -123.42633800
111  48.65403876 -123.42642370
112  48.65403876 -123.42642370  48.65401765 -123.42643417
111  48.65400436 -123.42652088
111  48.65397143 -123.42637080
112  48.65403029 -123.42636657  48.65406109 -123.42635924
111  48.65403029 -123.42636657
111  48.65431018 -123.42626956
111  48.65429055 -123.42612376
111  48.65439743 -123.42608824
111  48.65440768 -123.42614974
111  48.65486243 -123.42600076
111  48.65484281 -123.42586432
111  48.65484118 -123.42585234
111  48.65488617 -123.42583484
111  48.65500410 -123.42664666
111  48.65491154 -123.42668664
111  48.65488936 -123.42654832
111  48.65438528 -123.42673270
111  48.65440356 -123.42683274
111  48.65424098 -123.42688960
111  48.65413947 -123.42678621
111  48.65408968 -123.42680136
112  48.65408968 -123.42680136  48.65406397 -123.42681222
111  48.65407113 -123.42684270
112  48.65407113 -123.42684270  48.65411690 -123.42711589
112  48.65414205 -123.42769120  48.65415236 -123.42797655
111  48.65414205 -123.42769120
112  48.65417046 -123.42771184  48.65420490 -123.42770793
111  48.65417046 -123.42771184
111  48.65435038 -123.42770712
111  48.65435042 -123.42765209
111  48.65507481 -123.42764595
111  48.65508161 -123.42764479
111  48.65508259 -123.42771089
111  48.65508377 -123.42805012
111  48.65499297 -123.42805203
111  48.65499319 -123.42785413
112  48.65492613 -123.42777184  48.65489427 -123.42777184
111  48.65492613 -123.42777184
111  48.65418461 -123.42778442
112  48.65418461 -123.42778442  48.65415275 -123.42778442
111  48.65414673 -123.42780386
111  48.65414754 -123.42783449
111  48.65414791 -123.42794697
111  48.65413489 -123.42825881
112  48.65413489 -123.42825881  48.65413369 -123.42827511
111  48.65415416 -123.42828002
111  48.65425095 -123.42828546
111  48.65425158 -123.42794654
111  48.65414791 -123.42794697
111  48.65414754 -123.42783449
112  48.65419289 -123.42787258  48.65423525 -123.42787571
111  48.65419289 -123.42787258
111  48.65487618 -123.42788065
111  48.65493338 -123.42801600
111  48.65479197 -123.42801435
111  48.65479219 -123.42795680
111  48.65475650 -123.42795750
111  48.65475564 -123.42801393
111  48.65470029 -123.42801329
111  48.65470046 -123.42795966
111  48.65463709 -123.42796035
111  48.65463698 -123.42801253
111  48.65427778 -123.42800839
111  48.65428113 -123.42824426
111  48.65483400 -123.42824679
111  48.65483747 -123.42858721
111  48.65473365 -123.42856895
111  48.65473461 -123.42839905
111  48.65414638 -123.42837639
112  48.65412273 -123.42840003  48.65411974 -123.42843170
111  48.65412273 -123.42840003
111  48.65407984 -123.42881199
112  48.65412676 -123.42892916  48.65417739 -123.42894949
111  48.65412676 -123.42892916
111  48.65443902 -123.42902736
111  48.65444586 -123.42896655
111  48.65454140 -123.42899547
111  48.65453633 -123.42902489
111  48.65452681 -123.42908553
111  48.65469400 -123.42913972
111  48.65466041 -123.42938663
111  48.65446220 -123.42910790
111  48.65411584 -123.42899216
112  48.65404320 -123.42902115  48.65403546 -123.42907055
111  48.65404320 -123.42902115
112  48.65404320 -123.42902115  48.65396294 -123.42943457
111  48.65377996 -123.42997168
112  48.65379453 -123.43001305  48.65381691 -123.43003249
111  48.65379453 -123.43001305
111  48.65503736 -123.43101656
111  48.65498814 -123.43115796
111  48.65391324 -123.43030171
111  48.65394123 -123.43022591
111  48.65377384 -123.43009049
112  48.65377384 -123.43009049  48.65374356 -123.43007006
111  48.65373611 -123.43009428
111  48.65363813 -123.43037539
112  48.65363813 -123.43037539  48.65362759 -123.43041077
111  48.65364511 -123.43042366
111  48.65382387 -123.43055323
111  48.65384459 -123.43049745
111  48.65491909 -123.43135299
111  48.65487281 -123.43148345
111  48.65362318 -123.43050281
112  48.65362318 -123.43050281  48.65360211 -123.43048736
111  48.65359593 -123.43050674
111  48.65319388 -123.43166621
112  48.65319388 -123.43166621  48.65308229 -123.43191669 102
112  48.65311997 -123.43244375  48.65314056 -123.43262829
111  48.65311997 -123.43244375 102
111  48.65313853 -123.43257432 102
111  48.65332891 -123.43354944
111  48.65056293 -123.43135154
111  48.65035110 -123.43023429
111  48.65036676 -123.43020063
111  48.65055920 -123.43121458
111  48.65066926 -123.43141034
111  48.65286188 -123.43315580
112  48.65286188 -123.43315580  48.65291440 -123.43314016 102
111  48.65297693 -123.43299318 102
112  48.65297472 -123.43279212  48.65293181 -123.43263492
111  48.65297472 -123.43279212 102
111  48.65291824 -123.43251807 102
111  48.65281221 -123.43200354 102
112  48.65263823 -123.43171648  48.65254231 -123.43162991
111  48.65263823 -123.43171648 102
111  48.65093942 -123.43033986 102
111  48.65056103 -123.43003324 102
111  48.65045773 -123.43004776 102
111  48.65036676 -123.43020063 102
113  48.65035110 -123.43023429
110 2 0.00 0.0000 New Taxiway 18
111  48.65517930 -123.42804833
111  48.65508377 -123.42805012
111  48.65508259 -123.42771089
113  48.65517812 -123.42771089
110 2 0.00 0.0000 New Taxiway 18
111  48.64290165 -123.41863632
111  48.64285516 -123.41865672
111  48.64279833 -123.41835531
111  48.64276689 -123.41836521
111  48.64271275 -123.41808350
111  48.64289802 -123.41799404
111  48.64313532 -123.41921204
113  48.64302273 -123.41926262
110 2 0.00 0.0000 New Taxiway 6
111  48.65464344 -123.42908802
111  48.65456756 -123.42906377
111  48.65457135 -123.42903672
111  48.65453633 -123.42902489
111  48.65454140 -123.42899547
111  48.65444586 -123.42896655
111  48.65420512 -123.42889366
111  48.65422550 -123.42873632
111  48.65464330 -123.42886841
111  48.65463382 -123.42894231
113  48.65466415 -123.42895164
110 1 0.00 0.0000 New Taxiway 3
111  48.64652995 -123.41314662 102
111  48.64615435 -123.41268261 102
111  48.64603940 -123.41207963 102
113  48.64630470 -123.41195975
110 1 0.00 0.0000 West Apron
111  48.65159910 -123.43977699 102
112  48.65142625 -123.43948421  48.65135193 -123.43941671
111  48.65142625 -123.43948421 102
111  48.65123797 -123.43932525
111  48.65075378 -123.43914504
111  48.65070542 -123.43916065
111  48.65076274 -123.43949690
111  48.65070024 -123.43952269
111  48.65098283 -123.44100944
111  48.65122147 -123.44196049
111  48.65144433 -123.44274781
111  48.65139072 -123.44276305
111  48.65116487 -123.44200207
111  48.65093582 -123.44104393
111  48.65066335 -123.43964819
111  48.65058874 -123.43963793
111  48.65041824 -123.43878878
112  48.65032818 -123.43866427  48.65026616 -123.43866382
111  48.65032818 -123.43866427
111  48.64947714 -123.43865101
111  48.64947203 -123.43904898
111  48.64905972 -123.43896989
111  48.64793988 -123.43832323
111  48.64793581 -123.43767522
111  48.64947323 -123.43765741
111  48.64947641 -123.43850423
111  48.65027276 -123.43850579
112  48.65027276 -123.43850579  48.65034237 -123.43850189
111  48.65033799 -123.43837471 102
111  48.64989191 -123.43601763
111  48.64975576 -123.43529132 102
111  48.64937952 -123.43332975 102
112  48.64906324 -123.43285751  48.64881400 -123.43272214
111  48.64906324 -123.43285751
112  48.64897284 -123.43288969  48.64892438 -123.43295815
111  48.64897284 -123.43288969
111  48.64885319 -123.43310056
112  48.64885319 -123.43310056  48.64881927 -123.43319103
111  48.64881955 -123.43334449
111  48.64887575 -123.43387539
111  48.64905234 -123.43406529
111  48.64905621 -123.43469320
111  48.64816891 -123.43468131
111  48.64817258 -123.43446437
111  48.64811305 -123.43440199
111  48.64802360 -123.43437976
111  48.64790482 -123.43438126
111  48.64791648 -123.43331685
111  48.64799475 -123.43322853
111  48.64802977 -123.43330539
111  48.64809627 -123.43324407
111  48.64793867 -123.43304301
111  48.64790251 -123.43297348
111  48.64770070 -123.43277110
111  48.64760511 -123.43270488
111  48.64764603 -123.43263892
111  48.64782907 -123.43265852
111  48.64806783 -123.43285747
111  48.64819298 -123.43250078
111  48.64796487 -123.43231318
111  48.64799808 -123.43222157
111  48.64835349 -123.43252670
112  48.64845926 -123.43239624  48.64848511 -123.43234245 102
111  48.64842241 -123.43230480 102
111  48.64795163 -123.43195593
111  48.64785910 -123.43221944
111  48.64796487 -123.43231318
111  48.64819298 -123.43250078
111  48.64806783 -123.43285747
111  48.64782907 -123.43265852
111  48.64764603 -123.43263892
111  48.64760511 -123.43270488
111  48.64756401 -123.43276558
111  48.64756124 -123.43291105
111  48.64768445 -123.43291472
111  48.64768122 -123.43301421
111  48.64755582 -123.43301050
111  48.64755548 -123.43310513
111  48.64750791 -123.43310388
111  48.64750936 -123.43263278
111  48.64748236 -123.43259240
111  48.64742051 -123.43259559
111  48.64701780 -123.43316385
111  48.64695309 -123.43306397
111  48.64703019 -123.43294100
111  48.64693577 -123.43279084
111  48.64690196 -123.43283448
111  48.64673138 -123.43258562
111  48.64669002 -123.43265049
111  48.64651713 -123.43237999
111  48.64647395 -123.43231834
112  48.64647395 -123.43231834  48.64640035 -123.43231619
111  48.64632614 -123.43241448
111  48.64606064 -123.43280848
111  48.64614296 -123.43293089
111  48.64638165 -123.43331002
111  48.64641940 -123.43336999
111  48.64635134 -123.43348018
111  48.64608552 -123.43385593
111  48.64605633 -123.43390003
111  48.64596328 -123.43376256
111  48.64576901 -123.43346068
111  48.64526999 -123.43418276
111  48.64534130 -123.43429562
111  48.64546358 -123.43448917
111  48.64542864 -123.43454724
111  48.64551120 -123.43468039
111  48.64542943 -123.43480045
111  48.64532948 -123.43464487
111  48.64516894 -123.43487963
111  48.64514677 -123.43491533
111  48.64509054 -123.43482608
111  48.64493232 -123.43505765
111  48.64487606 -123.43514806
111  48.64486946 -123.43561451
111  48.64479097 -123.43575162
111  48.64444942 -123.43574014
112  48.64438246 -123.43584489  48.64438246 -123.43593670
111  48.64438246 -123.43584489
111  48.64438258 -123.43610599
111  48.64408337 -123.43610352
111  48.64400300 -123.43610286
111  48.64408337 -123.43610352
111  48.64408253 -123.43597702
111  48.64395262 -123.43597725
111  48.64395145 -123.43601263
111  48.64392522 -123.43601448
111  48.64392440 -123.43606714
112  48.64385221 -123.43619019  48.64381129 -123.43619206
111  48.64385221 -123.43619019
111  48.64359190 -123.43618785
112  48.64347603 -123.43603486  48.64346619 -123.43590659
111  48.64347603 -123.43603486
111  48.64346356 -123.43582015
112  48.64342309 -123.43573286  48.64338713 -123.43572911
111  48.64342309 -123.43573286
111  48.64333418 -123.43572694
111  48.64256940 -123.43570503
111  48.64692662 -123.42936019
111  48.65010937 -123.43189671
111  48.65160030 -123.43970992
111  48.65211726 -123.43948581
111  48.65121772 -123.43477654
111  48.65123175 -123.43475199
111  48.65218063 -123.43972794
113  48.65163639 -123.43996928
111  48.65048218 -123.43398635 102
112  48.65035109 -123.43375782  48.65027196 -123.43368595
111  48.65035109 -123.43375782 102
111  48.64979257 -123.43330170 102
111  48.64972014 -123.43337047 102
111  48.64961877 -123.43349966 102
111  48.65051928 -123.43814540
111  48.65086615 -123.43851363
111  48.65129918 -123.43885834
113  48.65140240 -123.43876439
111  48.65010068 -123.43202287
111  48.65001242 -123.43185175
111  48.64939601 -123.43136228
111  48.64925164 -123.43152465 102
111  48.64935451 -123.43205384 102
111  48.64945035 -123.43255990
112  48.64945035 -123.43255990  48.64949505 -123.43273539 102
111  48.64960232 -123.43279820 102
111  48.64977240 -123.43292539 102
111  48.65014673 -123.43322409 102
113  48.65030806 -123.43304255
111  48.64783468 -123.43013177 102
111  48.64760173 -123.43082733 102
111  48.64753466 -123.43103071
112  48.64753466 -123.43103071  48.64750508 -123.43111735 102
111  48.64754637 -123.43116148 102
111  48.64844062 -123.43186815
111  48.64872306 -123.43172276
111  48.64892435 -123.43110645
113  48.64890745 -123.43101807
111  48.64705618 -123.42950069
111  48.64680165 -123.42957808
111  48.64636346 -123.43021721 102
111  48.64672774 -123.43049231 102
111  48.64706658 -123.43075656 102
111  48.64731626 -123.43037931 102
111  48.64745215 -123.43017243 102
113  48.64740859 -123.42978329
111  48.64299436 -123.43512929 102
111  48.64309735 -123.43539817 102
111  48.64333891 -123.43541257 102
111  48.64374424 -123.43540887 102
111  48.64398754 -123.43527484 102
111  48.64471298 -123.43420880 102
111  48.64666519 -123.43134000 102
111  48.64690739 -123.43098409 102
111  48.64662937 -123.43077020
112  48.64662937 -123.43077020  48.64658193 -123.43073764 102
111  48.64644978 -123.43068426
112  48.64644978 -123.43068426  48.64629069 -123.43063187 102
111  48.64609918 -123.43060083
113  48.64536665 -123.43166230 102
111  48.64388548 -123.43596013
111  48.64388548 -123.43583895
112  48.64381384 -123.43573689  48.64374441 -123.43573126
111  48.64381384 -123.43573689
111  48.64356729 -123.43573689
112  48.64356729 -123.43573689  48.64352643 -123.43574737
111  48.64351386 -123.43586112
111  48.64351699 -123.43596044
112  48.64351699 -123.43596044  48.64352195 -123.43610492
111  48.64359657 -123.43611201
111  48.64380752 -123.43611565
114  48.64380752 -123.43611565  48.64386455 -123.43611378
111  48.64873578 -123.43300052
111  48.64885302 -123.43279806
112  48.64883567 -123.43263838  48.64878236 -123.43259925
111  48.64883567 -123.43263838
112  48.64872869 -123.43260988  48.64865761 -123.43262700
111  48.64864897 -123.43265507
111  48.64855590 -123.43281954
112  48.64857487 -123.43297030  48.64861041 -123.43301186
111  48.64857487 -123.43297030
111  48.64866126 -123.43305003
114  48.64866126 -123.43305003  48.64869357 -123.43307693
112  48.64845574 -123.43274203  48.64850259 -123.43274692
111  48.64856447 -123.43261265
112  48.64854115 -123.43247593  48.64851692 -123.43242702
111  48.64849479 -123.43246317
113  48.64839364 -123.43264816
111  48.64876365 -123.43373766
111  48.64865307 -123.43361666
111  48.64869520 -123.43352952
111  48.64855251 -123.43336601
111  48.64856452 -123.43334551
111  48.64825178 -123.43297343
111  48.64809929 -123.43327756
111  48.64832445 -123.43367456
111  48.64834282 -123.43364222
111  48.64837487 -123.43368233
111  48.64838925 -123.43365107
111  48.64848940 -123.43377390
111  48.64844742 -123.43385734
113  48.64860703 -123.43404385
111  48.64803158 -123.43417021
111  48.64828640 -123.43369091
111  48.64823816 -123.43361450
111  48.64807997 -123.43381148
111  48.64803958 -123.43375714
112  48.64803958 -123.43375714  48.64804743 -123.43392695
111  48.64800381 -123.43415005
114  48.64801027 -123.43421859  48.64802668 -123.43422390
110 1 0.00 0.0000 North-West Apron
111  48.65306715 -123.43426923 102
112  48.65299770 -123.43439953  48.65295290 -123.43441342
111  48.65299770 -123.43439953 102
111  48.65241679 -123.43467969 102
111  48.65186302 -123.43494363 102
111  48.65180369 -123.43489516 102
111  48.65139465 -123.43458309
112  48.65139465 -123.43458309  48.65135627 -123.43455524 102
111  48.65123175 -123.43475199 102
111  48.65121772 -123.43477654
113  48.65074707 -123.43240650
111  48.65099912 -123.43264772
111  48.65085782 -123.43285604
111  48.65104659 -123.43383163 102
112  48.65128073 -123.43414171  48.65144742 -123.43428962
111  48.65128073 -123.43414171 102
112  48.65192169 -123.43455931  48.65206095 -123.43456768 102
111  48.65235349 -123.43439456 102
113  48.65259045 -123.43391297
110 1 0.00 0.0000 Middle Apron
111  48.64903911 -123.42627860
111  48.64991288 -123.43083102
113  48.64733527 -123.42876744
111  48.64902627 -123.42634542
111  48.64842911 -123.42720837 102
111  48.64857934 -123.42802062 102
111  48.64875666 -123.42897805 102
111  48.64894175 -123.43001962
113  48.64987280 -123.43076272
111  48.64825877 -123.42746177
111  48.64752324 -123.42854918
111  48.64755941 -123.42890934
111  48.64871641 -123.42985119 102
111  48.64857105 -123.42906245 102
113  48.64838737 -123.42810488 102
110 2 0.00 0.0000 New Taxiway 2
111  48.64976916 -123.41976988
111  48.64967405 -123.41961564
111  48.65091387 -123.41766448
113  48.65101577 -123.41779816
110 1 0.00 0.0000 North-East Apron
111  48.64832672 -123.41964659 102
111  48.64903475 -123.41987629 102
111  48.64922338 -123.41992569
111  48.64955724 -123.41918238
111  48.65050351 -123.41766612
111  48.65084150 -123.41705772
111  48.65095390 -123.41716188
111  48.65107142 -123.41735558
111  48.65106785 -123.41749220
111  48.65115878 -123.41767450
111  48.65130820 -123.41772733
111  48.65134765 -123.41778958
111  48.65134785 -123.41783588
111  48.65138677 -123.41787886
111  48.65150668 -123.41789146
111  48.65150692 -123.41798965
111  48.65145675 -123.41799199
111  48.65141066 -123.41807660
111  48.65140628 -123.41812801
111  48.65017116 -123.42008093
112  48.65017116 -123.42008093  48.65013661 -123.42013203
111  48.65014105 -123.42018823 102
111  48.65140701 -123.42056544 102
111  48.65205220 -123.42075768
113  48.64930568 -123.42477889
111  48.65010850 -123.41999158
111  48.65007007 -123.41992328
111  48.65055883 -123.41915929
111  48.65059732 -123.41921260
111  48.65064931 -123.41912802
111  48.65056689 -123.41901414
111  48.65052386 -123.41908122
111  48.65046734 -123.41899923
111  48.65045061 -123.41902308
111  48.64994036 -123.41979324
111  48.64986036 -123.41991401
112  48.64986036 -123.41991401  48.64979948 -123.42001174
111  48.64981992 -123.42010475 102
113  48.65002454 -123.42016018
111  48.65115647 -123.41806671
111  48.65110344 -123.41799211
111  48.65105527 -123.41806966
111  48.65110887 -123.41815079
111  48.65105577 -123.41822992
111  48.65100548 -123.41814926
111  48.65096142 -123.41822076
111  48.65101220 -123.41830227
111  48.65097164 -123.41836668
111  48.65091860 -123.41828430
111  48.65087423 -123.41835630
111  48.65092645 -123.41843793
111  48.65088001 -123.41850937
111  48.65083000 -123.41842724
111  48.65078182 -123.41850292
111  48.65083302 -123.41858862
111  48.65078697 -123.41865823
111  48.65073503 -123.41857454
111  48.65069448 -123.41864031
111  48.65074729 -123.41872401
111  48.65069876 -123.41880151
111  48.65064767 -123.41871450
111  48.65060629 -123.41878010
111  48.65065937 -123.41886547
111  48.65061110 -123.41894195
111  48.65055540 -123.41886050
111  48.65051168 -123.41892752
111  48.65056689 -123.41901414
111  48.65061110 -123.41894195
111  48.65069159 -123.41906493
111  48.65074392 -123.41898413
111  48.65065937 -123.41886547
111  48.65069876 -123.41880151
111  48.65078140 -123.41892631
111  48.65082991 -123.41885179
111  48.65074729 -123.41872401
111  48.65078697 -123.41865823
111  48.65087077 -123.41879020
111  48.65091673 -123.41871648
111  48.65083302 -123.41858862
111  48.65088001 -123.41850937
111  48.65096557 -123.41864247
111  48.65100956 -123.41857655
111  48.65092645 -123.41843793
111  48.65097164 -123.41836668
111  48.65105781 -123.41850190
111  48.65109944 -123.41843618
111  48.65101220 -123.41830227
111  48.65105577 -123.41822992
111  48.65114349 -123.41836689
111  48.65119711 -123.41828167
113  48.65110887 -123.41815079
111  48.64964709 -123.42004022
112  48.64971364 -123.41998627  48.64972441 -123.41992436
111  48.64965664 -123.41985044
112  48.64951487 -123.41986076  48.64948275 -123.41990830
113  48.64950359 -123.42000419 102
111  48.64886898 -123.42013265 102
111  48.64849773 -123.42047235
111  48.64924715 -123.42437087
111  48.64949191 -123.42445828
111  48.65171216 -123.42120773 102
112  48.65166469 -123.42095146  48.65160713 -123.42087104
111  48.65166469 -123.42095146 102
111  48.65136480 -123.42086362 102
113  48.64899481 -123.42016951 102
111  48.65101577 -123.41779816
111  48.65091387 -123.41766448
111  48.64967405 -123.41961564
113  48.64976916 -123.41976988
110 2 0.00 0.0000 New Taxiway 8
111  48.64180092 -123.41840843
111  48.64206712 -123.41830317
111  48.64212715 -123.41864025
111  48.64208651 -123.41865761
111  48.64214991 -123.41899687
111  48.64203904 -123.41903649
111  48.64195213 -123.41906754
111  48.64192295 -123.41891444
111  48.64195331 -123.41890118
111  48.64191916 -123.41872446
113  48.64186794 -123.41874526
110 2 0.00 0.0000 New Taxiway 7
111  48.64206297 -123.41825132
111  48.64179171 -123.41836232
111  48.64170319 -123.41787047
111  48.64180115 -123.41783099
113  48.64197445 -123.41776139
110 2 0.00 0.0000 New Taxiway 6
111  48.64199604 -123.41771830
111  48.64179315 -123.41780285
111  48.64172434 -123.41742163
111  48.64170331 -123.41730077
113  48.64189740 -123.41721688
110 2 0.00 0.0000 New Taxiway 5
111  48.64138453 -123.41757119
111  48.64134160 -123.41759007
111  48.64086984 -123.41779167
111  48.64084437 -123.41764901
113  48.64135905 -123.41742678
110 2 0.00 0.0000 New Taxiway 4
111  48.64138304 -123.41781132
111  48.64141522 -123.41797137
111  48.64135917 -123.41799580
111  48.64138890 -123.41816244
111  48.64128961 -123.41820499
111  48.64126078 -123.41804239
111  48.64094185 -123.41816940
113  48.64091415 -123.41800002
110 2 0.00 0.0000 New Taxiway 3
111  48.64164153 -123.41980399
111  48.64150982 -123.41986913
111  48.64121573 -123.41831575
111  48.64132728 -123.41826736
111  48.64134076 -123.41833784
111  48.64158636 -123.41961929
113  48.64160360 -123.41961426
110 2 0.00 0.0000 New Taxiway 13
111  48.64263735 -123.41946519
111  48.64248563 -123.41953061
111  48.64226623 -123.41840317
113  48.64242119 -123.41833328
110 1 0.00 0.0000 GA Apron
111  48.64132484 -123.42396809 102
112  48.64172060 -123.42399944  48.64189248 -123.42396546
111  48.64172060 -123.42399944 102
111  48.64241818 -123.42386017 102
111  48.64272161 -123.42377725 102
112  48.64278438 -123.42357853  48.64274934 -123.42338845
111  48.64278438 -123.42357853
111  48.64249519 -123.42203558
112  48.64249519 -123.42203558  48.64242786 -123.42174009
112  48.64211555 -123.42095358  48.64203055 -123.42062166
111  48.64211555 -123.42095358
111  48.64192199 -123.42008322
112  48.64192199 -123.42008322  48.64190049 -123.41999902
112  48.64185029 -123.41988035  48.64183385 -123.41981529
111  48.64182263 -123.41973148
112  48.64173435 -123.41972705  48.64168383 -123.41974520
111  48.64164153 -123.41980399
111  48.64160360 -123.41961426
111  48.64158636 -123.41961929
111  48.64134076 -123.41833784
111  48.64154097 -123.41824788
111  48.64144622 -123.41775565
112  48.64144622 -123.41775565  48.64137772 -123.41778175
111  48.64138304 -123.41781132
111  48.64091415 -123.41800002
111  48.64086984 -123.41779167
111  48.64134160 -123.41759007
112  48.64142921 -123.41765417  48.64150916 -123.41762069
111  48.64142921 -123.41765417
112  48.64146421 -123.41753873  48.64144686 -123.41742791
111  48.64146421 -123.41753873
111  48.64144077 -123.41741846
111  48.64149026 -123.41739688
111  48.64151174 -123.41751152
111  48.64172434 -123.41742163
111  48.64179315 -123.41780285
111  48.64180115 -123.41783099
111  48.64170319 -123.41787047
111  48.64179171 -123.41836232
111  48.64180092 -123.41840843
111  48.64186794 -123.41874526
111  48.64190114 -123.41892518
111  48.64192232 -123.41891444
111  48.64195149 -123.41906754
111  48.64203841 -123.41903649
111  48.64208376 -123.41930462
111  48.64190235 -123.41938660
111  48.64188415 -123.41945064
111  48.64196067 -123.41987870
112  48.64196067 -123.41987870  48.64197024 -123.41992485
111  48.64200663 -123.41992061
111  48.64211607 -123.41987983
111  48.64202332 -123.41936606
111  48.64207073 -123.41934532
111  48.64215815 -123.41982152
111  48.64235368 -123.41973798
112  48.64235368 -123.41973798  48.64240278 -123.41971092
111  48.64239077 -123.41965344
111  48.64215677 -123.41844645
111  48.64226623 -123.41840317
111  48.64248563 -123.41953061
111  48.64244346 -123.41954954
111  48.64247257 -123.41970370
112  48.64247257 -123.41970370  48.64248001 -123.41973667
111  48.64250570 -123.41972207
111  48.64266370 -123.41965172
112  48.64266370 -123.41965172  48.64268106 -123.41963859
111  48.64268450 -123.41956489
111  48.64266132 -123.41945562
111  48.64263735 -123.41946519
111  48.64242119 -123.41833328
111  48.64251898 -123.41829053
111  48.64274181 -123.41943498
111  48.64271782 -123.41944605
111  48.64274945 -123.41960277
111  48.64282185 -123.41956814
111  48.64282929 -123.41950747
111  48.64256524 -123.41815014
111  48.64271240 -123.41808350
111  48.64276689 -123.41836521
111  48.64279833 -123.41835531
111  48.64285516 -123.41865672
111  48.64290165 -123.41863632
111  48.64302273 -123.41926262
111  48.64286965 -123.41932696
111  48.64291204 -123.41954698
111  48.64317307 -123.41944023
111  48.64318872 -123.41953375
111  48.64231238 -123.41992602
111  48.64234448 -123.42008852
111  48.64207914 -123.42012316
112  48.64204567 -123.42022615  48.64206298 -123.42032533
111  48.64204567 -123.42022615
111  48.64219643 -123.42090338
112  48.64219643 -123.42090338  48.64223806 -123.42109231
111  48.64230472 -123.42121981
111  48.64235022 -123.42119064
111  48.64217196 -123.42025105
111  48.64207914 -123.42012316
111  48.64234448 -123.42008852
111  48.64249326 -123.42080678
111  48.64238338 -123.42085568
111  48.64244573 -123.42117200
111  48.64261913 -123.42109560
111  48.64255939 -123.42078023
111  48.64263906 -123.42074824
111  48.64267601 -123.42073451
111  48.64271039 -123.42091383
112  48.64286780 -123.42106583  48.64296465 -123.42102098
111  48.64286780 -123.42106583
111  48.64295948 -123.42101967
111  48.64293948 -123.42092802
111  48.64348156 -123.42068770
111  48.64351954 -123.42087711
111  48.64278662 -123.42121001
111  48.64290163 -123.42176854
111  48.64298467 -123.42223436
111  48.64341845 -123.42203938
111  48.64379447 -123.42185465
111  48.64385302 -123.42216770
111  48.64441993 -123.42191972
111  48.64438411 -123.42174224
111  48.64430236 -123.42177991
111  48.64425221 -123.42152881
111  48.64433722 -123.42148991
111  48.64417905 -123.42067891
111  48.64444400 -123.42055974
111  48.64464529 -123.42161617
111  48.64468482 -123.42181749
111  48.64504887 -123.42166641
111  48.64504147 -123.42161904
111  48.64510181 -123.42158993
111  48.64514749 -123.42185027
111  48.64541308 -123.42174721
111  48.64543899 -123.42173650
111  48.64542321 -123.42165374
111  48.64540598 -123.42155865
111  48.64548875 -123.42152433
111  48.64547829 -123.42146331
111  48.64549930 -123.42145471
111  48.64546607 -123.42128155
111  48.64559164 -123.42122878
111  48.64562481 -123.42141139 20
111  48.64599841 -123.42125067
111  48.64596704 -123.42109066
111  48.64590123 -123.42111916
111  48.64589747 -123.42109755
111  48.64579903 -123.42054440
111  48.64572006 -123.42012132
111  48.64596124 -123.42002178
111  48.64617833 -123.42115292
111  48.64621713 -123.42116921
111  48.64630795 -123.42098020
111  48.64629256 -123.42089759
111  48.64620207 -123.42093471
111  48.64619011 -123.42086756
111  48.64627881 -123.42083175
111  48.64626242 -123.42073713
111  48.64617484 -123.42077762
111  48.64616238 -123.42071092
111  48.64625087 -123.42067398
111  48.64623094 -123.42056895
111  48.64614206 -123.42060894
111  48.64613085 -123.42054512
111  48.64621683 -123.42050376
111  48.64620086 -123.42041778
111  48.64611020 -123.42045889
111  48.64610025 -123.42039704
111  48.64619033 -123.42035488
111  48.64617142 -123.42025519
111  48.64607879 -123.42029581
111  48.64606761 -123.42023320
111  48.64616038 -123.42019126
111  48.64614180 -123.42009773
111  48.64604858 -123.42014162
111  48.64603556 -123.42007725
111  48.64612848 -123.42003131
111  48.64610482 -123.41990419
111  48.64614910 -123.41988582
111  48.64617446 -123.42001179
111  48.64624575 -123.41997799
111  48.64625755 -123.42004131
111  48.64618559 -123.42007616
111  48.64620488 -123.42017632
111  48.64627758 -123.42014381
111  48.64628986 -123.42020100
111  48.64621611 -123.42023463
111  48.64623464 -123.42033138
111  48.64630835 -123.42029683
111  48.64631969 -123.42035852
111  48.64624613 -123.42039072
111  48.64626518 -123.42048753
111  48.64633750 -123.42045370
111  48.64635056 -123.42051693
111  48.64627754 -123.42055198
111  48.64629610 -123.42065120
111  48.64636976 -123.42061650
111  48.64638321 -123.42067873
111  48.64630856 -123.42071315
111  48.64636061 -123.42098501
111  48.64640705 -123.42098154
111  48.64648731 -123.42122995 102
111  48.64688912 -123.42128930 102
111  48.64703800 -123.42103072 102
111  48.64668389 -123.41921027 3 102
111  48.64654062 -123.41908090 3
111  48.64636520 -123.41916132 3
111  48.64632783 -123.41926130 3
111  48.64639456 -123.41960734 3
111  48.64642256 -123.41973699 3
111  48.64636003 -123.41976470
111  48.64584825 -123.41999232
111  48.64576565 -123.41956288
111  48.64569290 -123.41920171
111  48.64584422 -123.41913415
111  48.64576877 -123.41875494
111  48.64564622 -123.41881513
111  48.64557779 -123.41846505
111  48.64559216 -123.41845752
111  48.64550604 -123.41800868
111  48.64558036 -123.41797314
111  48.64557060 -123.41791944
111  48.64513481 -123.41811758
111  48.64505449 -123.41770637
111  48.64523906 -123.41763051
111  48.64517977 -123.41732669
111  48.64533026 -123.41725459
111  48.64539762 -123.41760062
111  48.64602948 -123.41732240
111  48.64608460 -123.41758136
111  48.64618419 -123.41754544
112  48.64626405 -123.41743533  48.64628911 -123.41734746
111  48.64626405 -123.41743533
111  48.64630332 -123.41745200
112  48.64630332 -123.41745200  48.64627002 -123.41756214
111  48.64631440 -123.41757896
111  48.64637022 -123.41760579
112  48.64637022 -123.41760579  48.64642103 -123.41761720
111  48.64646088 -123.41759854
111  48.64641490 -123.41773584
112  48.64611101 -123.41767190  48.64595604 -123.41773470
111  48.64611101 -123.41767190
111  48.64602865 -123.41770814
111  48.64615010 -123.41833039 3
111  48.64620866 -123.41837501 3
111  48.64638223 -123.41829905 3 102
111  48.64646799 -123.41806554 102
111  48.64641490 -123.41773584 3 102
111  48.64646088 -123.41759854 3 102
111  48.64651186 -123.41744632 102
111  48.64669819 -123.41696729 102
111  48.64688666 -123.41688842
111  48.64717620 -123.41651908 3
111  48.64722000 -123.41674888
111  48.64887443 -123.42540872
113  48.64683798 -123.42837626
111  48.64719798 -123.42076322
111  48.64738550 -123.42061770
111  48.64781299 -123.41992630
111  48.64742860 -123.41793173 3 102
111  48.64707323 -123.41745847 3 102
111  48.64685535 -123.41753844 3 102
111  48.64681949 -123.41764487 3 102
113  48.64667578 -123.41805882 102
111  48.64793326 -123.42052868
111  48.64777634 -123.42046626 102
111  48.64748958 -123.42106575 102
111  48.64742037 -123.42120856 3 102
111  48.64734209 -123.42159787 3
111  48.64737235 -123.42175461 102
111  48.64807805 -123.42538776 102
111  48.64817240 -123.42589667 102
111  48.64843180 -123.42599669
111  48.64874834 -123.42553660
113  48.64880412 -123.42514897
111  48.64722001 -123.42201638
111  48.64715303 -123.42195356
111  48.64668710 -123.42231048
112  48.64668710 -123.42231048  48.64654639 -123.42242331 102
112  48.64635308 -123.42259527  48.64627465 -123.42263532
111  48.64635308 -123.42259527 102
111  48.64304982 -123.42404127 102
111  48.64256291 -123.42414200
111  48.64200396 -123.42448463
111  48.64667609 -123.42821140
111  48.64696091 -123.42815014
111  48.64798049 -123.42663534
111  48.64803792 -123.42627287 102
113  48.64787270 -123.42546668 102
110 2 0.00 0.0000 New Taxiway 12
111  48.64263941 -123.42074824
111  48.64255974 -123.42078023
111  48.64249361 -123.42080678
111  48.64234483 -123.42008852
113  48.64249212 -123.42002773
110 2 0.00 0.0000 New Taxiway 20
111  48.65055883 -123.41915929
111  48.65007007 -123.41992328
111  48.65003728 -123.41987470
111  48.65001897 -123.41990241
111  48.64994036 -123.41979324
113  48.65045061 -123.41902308
110 2 0.00 0.0000 New Taxiway 18
111  48.65491154 -123.42668664
111  48.65441020 -123.42686908
111  48.65440356 -123.42683274
111  48.65438528 -123.42673270
113  48.65488936 -123.42654832
110 2 0.00 0.0000 New Taxiway 17
111  48.65491366 -123.42632572
111  48.65467685 -123.42640688
111  48.65468570 -123.42645806
111  48.65428756 -123.42658092
111  48.65426152 -123.42640434
111  48.65430729 -123.42638854
113  48.65489188 -123.42618624
110 2 0.00 0.0000 New Taxiway 16
111  48.65486243 -123.42600076
111  48.65440768 -123.42614974
111  48.65439743 -123.42608824
111  48.65438551 -123.42601665
113  48.65484281 -123.42586432
110 2 0.00 0.0000 New Taxiway 15
111  48.65507481 -123.42764595
111  48.65435042 -123.42765209
111  48.65434890 -123.42739847
113  48.65507496 -123.42740127
110 2 0.00 0.0000 New Taxiway 14
111  48.65493963 -123.42858670
111  48.65483747 -123.42858721
111  48.65483400 -123.42824679
111  48.65428113 -123.42824426
111  48.65427778 -123.42800839
111  48.65463698 -123.42801253
111  48.65470029 -123.42801329
111  48.65475564 -123.42801393
111  48.65479197 -123.42801435
113  48.65493338 -123.42801600
110 2 0.00 0.0000 New Taxiway 13
111  48.65492781 -123.42946683
111  48.65466041 -123.42938663
111  48.65469400 -123.42913972
113  48.65496140 -123.42921889
110 2 0.00 0.0000 New Taxiway 12
111  48.65491909 -123.43135299
111  48.65384459 -123.43049745
111  48.65391324 -123.43030171
113  48.65498814 -123.43115796
110 2 0.00 0.0000 New Taxiway 20
111  48.64202928 -123.43045064
111  48.64186085 -123.43049162
111  48.64182490 -123.43015501
113  48.64199334 -123.43011403
110 2 0.00 0.0000 New Taxiway 19
111  48.64205489 -123.43120436
111  48.64188386 -123.43124773
111  48.64184656 -123.43090645
113  48.64201759 -123.43086308
110 2 0.00 0.0000 New Taxiway 2
111  48.64336595 -123.43114231
111  48.64309267 -123.43120621
111  48.64292379 -123.42950244
113  48.64319349 -123.42944577
110 2 0.00 0.0000 New Taxiway 5
111  48.64989191 -123.43601763 102
112  48.64978636 -123.43596493  48.64972200 -123.43597775
111  48.64978636 -123.43596493
111  48.64942798 -123.43611916
111  48.64942973 -123.43643559
111  48.64911703 -123.43643026
111  48.64910649 -123.43737955
111  48.64861810 -123.43737689
111  48.64861634 -123.43718544
111  48.64843364 -123.43717745
111  48.64843043 -123.43661675
111  48.64836397 -123.43660693
111  48.64835760 -123.43628351
111  48.64844269 -123.43628431
111  48.64844828 -123.43534360
111  48.64835338 -123.43534360
111  48.64835334 -123.43537267
111  48.64828247 -123.43536742
111  48.64828111 -123.43533119
111  48.64705640 -123.43531490
111  48.64705919 -123.43484443
111  48.64723559 -123.43484580
111  48.64723479 -123.43477632
111  48.64735673 -123.43477401
111  48.64735777 -123.43484988
111  48.64932328 -123.43486094
111  48.64943021 -123.43541413
111  48.64942615 -123.43554112
111  48.64968829 -123.43543079
112  48.64968829 -123.43543079  48.64974668 -123.43540115 102
113  48.64975576 -123.43529132
110 1 0.00 0.0000 Main Apron
111  48.64221801 -123.43512271 102
112  48.64216931 -123.43502243  48.64216043 -123.43498941
111  48.64216931 -123.43502243
112  48.64216931 -123.43502243  48.64216583 -123.43500950 102
111  48.64207967 -123.43417377 102
111  48.64191786 -123.43265351 102
111  48.64186852 -123.43251133
111  48.64126057 -123.43267124
111  48.64127906 -123.43287138
111  48.64115956 -123.43290045
111  48.64114137 -123.43270841
111  48.64106287 -123.43272858
112  48.64106287 -123.43272858  48.64106287 -123.43276264
112  48.64102749 -123.43291270  48.64100999 -123.43295148
111  48.64100869 -123.43298113
111  48.64097141 -123.43298709
112  48.64099205 -123.43289749  48.64100955 -123.43285398
111  48.64102566 -123.43272601
111  48.64101640 -123.43263774
111  48.64096404 -123.43210910
111  48.64047521 -123.43223548
111  48.64042800 -123.43182034
111  48.64048132 -123.43180707
111  48.64047417 -123.43173646
111  48.64042301 -123.43175008
111  48.64041657 -123.43168131
111  48.64057361 -123.43164120
111  48.64057711 -123.43167682
111  48.64079980 -123.43161944
111  48.64084526 -123.43204129
111  48.64089171 -123.43202892
111  48.64088682 -123.43198861
111  48.64086847 -123.43199404
111  48.64082185 -123.43155916
111  48.64085073 -123.43155237
111  48.64084682 -123.43150955
111  48.64081758 -123.43151514
111  48.64073894 -123.43075012
111  48.64081385 -123.43073224
111  48.64149207 -123.43055436
111  48.64144821 -123.43018416
111  48.64108546 -123.43028415
111  48.64107126 -123.43016059
111  48.64089025 -123.43020953
111  48.64090428 -123.43032401
111  48.64085716 -123.43033490
111  48.64084466 -123.43020866
111  48.64068178 -123.43025191
111  48.64064868 -123.42991959
111  48.64068969 -123.42990965
111  48.64066788 -123.42972202
111  48.64077426 -123.42969556
111  48.64076979 -123.42965520
111  48.64068802 -123.42967562
111  48.64067183 -123.42952789
111  48.64066174 -123.42943273
111  48.64064376 -123.42927284
111  48.64061910 -123.42927886
111  48.64061856 -123.42926668
111  48.64060546 -123.42911857
111  48.64058676 -123.42895234
111  48.64063185 -123.42894115
111  48.64062685 -123.42889345
111  48.64051131 -123.42891987
111  48.64048886 -123.42868208
111  48.64046931 -123.42846763
111  48.64059678 -123.42843636
111  48.64057639 -123.42825906
111  48.64048041 -123.42828028
111  48.64045841 -123.42806530
111  48.64036705 -123.42808728
111  48.64028738 -123.42740528
111  48.64032096 -123.42739349
111  48.64031335 -123.42729309
111  48.64036100 -123.42728237
111  48.64045773 -123.42726681
111  48.64044606 -123.42713241
111  48.64052425 -123.42710951
111  48.64055801 -123.42740407
111  48.64057805 -123.42757901
111  48.64066979 -123.42834653 20
111  48.64072437 -123.42808206 20
112  48.64073141 -123.42799465  48.64073189 -123.42794583 20
111  48.64073092 -123.42787237 20
111  48.64070685 -123.42766031
111  48.64079418 -123.42763151 20
111  48.64080458 -123.42790251
112  48.64080458 -123.42790251  48.64080126 -123.42800566 20
111  48.64079365 -123.42802625 20
111  48.64073329 -123.42833457
111  48.64129270 -123.42819331
111  48.64141829 -123.42792580 102
111  48.64129497 -123.42676532 20
112  48.64120919 -123.42670360  48.64114715 -123.42671395
111  48.64120919 -123.42670360 20
111  48.64105626 -123.42673129 20
111  48.64074946 -123.42678686 20
112  48.64070809 -123.42689614  48.64072413 -123.42700829
111  48.64070809 -123.42689614 20
111  48.64074044 -123.42718128 20
111  48.64079418 -123.42763151
111  48.64070685 -123.42766031 20
111  48.64065237 -123.42719920 20
111  48.64062295 -123.42691509
112  48.64062295 -123.42691509  48.64061103 -123.42681865 20
111  48.64053153 -123.42686760
112  48.64053153 -123.42686760  48.64049921 -123.42687655 20
111  48.64050605 -123.42694414 20
111  48.64052425 -123.42710951
111  48.64044606 -123.42713241
111  48.64044223 -123.42710282
111  48.64034406 -123.42712551
111  48.64036100 -123.42728237
111  48.64031335 -123.42729309
111  48.64026831 -123.42730468
111  48.64014021 -123.42625369
112  48.64044125 -123.42670997  48.64050686 -123.42670997
111  48.64044125 -123.42670997 20
111  48.64104689 -123.42659840 20
111  48.64119952 -123.42657029
112  48.64119952 -123.42657029  48.64126461 -123.42655533 20
111  48.64126549 -123.42647084 102
111  48.64118018 -123.42568894 102
111  48.64108238 -123.42469842
113  48.64642814 -123.42896723
111  48.64620463 -123.42881812
111  48.64155870 -123.42509161 102
111  48.64134266 -123.42528485 102
111  48.64137739 -123.42563805 102
111  48.64146546 -123.42641669 102
112  48.64166702 -123.42768903  48.64169611 -123.42785412
111  48.64166702 -123.42768903
112  48.64166702 -123.42768903  48.64180021 -123.42792193 102
111  48.64215218 -123.42849154 102
111  48.64241867 -123.42886352
112  48.64241867 -123.42886352  48.64247495 -123.42897054 102
111  48.64251610 -123.42922688 102
111  48.64255288 -123.42954715 102
111  48.64282303 -123.42947855 102
111  48.64333401 -123.42935668 102
111  48.64353119 -123.43116329 102
111  48.64301163 -123.43128576 102
111  48.64265748 -123.43136562 102
111  48.64246943 -123.43189426 102
111  48.64223490 -123.43259675 102
111  48.64221352 -123.43271892 102
111  48.64221110 -123.43297649 102
111  48.64224674 -123.43375176 102
111  48.64228648 -123.43412347 102
111  48.64230663 -123.43417620 102
111  48.64260878 -123.43451319 102
111  48.64496648 -123.43103407
113  48.64623715 -123.42919710
110 2 0.00 0.0000 New Taxiway 1
111  48.64194739 -123.42971191
111  48.64177890 -123.42975366
111  48.64174177 -123.42941596
113  48.64191026 -123.42937421
110 2 0.00 0.0000 New Taxiway 7
111  48.64298467 -123.42223436
111  48.64290163 -123.42176854
111  48.64310349 -123.42167971
111  48.64302189 -123.42123988
111  48.64324723 -123.42115105
113  48.64341845 -123.42203938
110 2 0.00 0.0000 New Taxiway 6
111  48.64530178 -123.41976523
111  48.64522378 -123.41936343
111  48.64541075 -123.41927476
111  48.64539981 -123.41922608
111  48.64531883 -123.41925978
111  48.64528420 -123.41907514
111  48.64536050 -123.41903730
111  48.64534643 -123.41896557
111  48.64518642 -123.41903099
111  48.64503565 -123.41820276
111  48.64550604 -123.41800868
111  48.64559216 -123.41845752
111  48.64557779 -123.41846505
111  48.64564622 -123.41881513
111  48.64576877 -123.41875494
111  48.64584422 -123.41913415
111  48.64569290 -123.41920171
113  48.64576565 -123.41956288
110 2 0.00 0.0000 New Taxiway 5
111  48.64435796 -123.43653924
111  48.64402696 -123.43654050
111  48.64402741 -123.43613533
111  48.64400413 -123.43613624
111  48.64400300 -123.43610286
111  48.64438258 -123.43610599
111  48.64438208 -123.43614251
113  48.64435796 -123.43614274
110 2 0.00 0.0000 New Taxiway 4
111  48.64546358 -123.43448917
111  48.64534130 -123.43429562
111  48.64526999 -123.43418276
111  48.64576901 -123.43346068
113  48.64596328 -123.43376256
110 2 0.00 0.0000 New Taxiway 3
111  48.64614296 -123.43293089
111  48.64651713 -123.43237999
111  48.64669002 -123.43265049
111  48.64676108 -123.43276333
113  48.64638165 -123.43331002
110 2 0.00 0.0000 New Taxiway 2
111  48.64836509 -123.43603633
111  48.64705375 -123.43603373
111  48.64705640 -123.43531490
111  48.64828111 -123.43533119
111  48.64828247 -123.43536742
111  48.64828228 -123.43548320
113  48.64836212 -123.43548817
130 Airport Boundary 1
111  48.65232496 -123.44417237
111  48.65196883 -123.44409574
111  48.65188303 -123.44382144
111  48.65160925 -123.44401964
111  48.65163330 -123.44409230
111  48.65110801 -123.44446259
111  48.65075763 -123.44435937
111  48.65062142 -123.44426466
111  48.64968868 -123.44245818
111  48.64791894 -123.43938784
111  48.64789462 -123.43764641
111  48.64682355 -123.43764123
111  48.64635367 -123.43719856
111  48.64639352 -123.43432330
111  48.64606251 -123.43431855
111  48.64533478 -123.43541260
111  48.64533544 -123.43603269
111  48.64542202 -123.43602925
111  48.64541541 -123.43709770
111  48.64228525 -123.43704216
111  48.64115704 -123.43556548
111  48.64132463 -123.43306733
111  48.64119814 -123.43295835
111  48.64065191 -123.43307214
111  48.64057294 -123.43229912
111  48.64045770 -123.43233409
111  48.64005672 -123.42857513
111  48.64030418 -123.42851503
111  48.64026483 -123.42809797
111  48.64034151 -123.42807955
111  48.64012632 -123.42626271
111  48.63972763 -123.42635312
111  48.63975446 -123.42660960
111  48.63957204 -123.42665417
111  48.63885835 -123.42399016
111  48.63971216 -123.42152606
111  48.63970298 -123.41990043
111  48.64028560 -123.41990186
111  48.64028335 -123.42034688
111  48.64072575 -123.42035088
111  48.64123394 -123.41967911
111  48.64077073 -123.41739655
111  48.64188469 -123.41696340
111  48.64211583 -123.41827494
111  48.64299631 -123.41788155
111  48.64358377 -123.42084644
111  48.64533694 -123.42006809
111  48.64498320 -123.41818719
111  48.64511315 -123.41812486
111  48.64502561 -123.41768816
111  48.64521740 -123.41760502
111  48.64510218 -123.41700674
111  48.64581002 -123.41699827
111  48.64593155 -123.41660052
111  48.64588703 -123.41615871
111  48.64461318 -123.41613500
111  48.64460382 -123.41256573
111  48.64468357 -123.41226463
111  48.64468233 -123.40683176
111  48.64555637 -123.40591635
111  48.64653836 -123.40635499
111  48.64702578 -123.40728000
111  48.64728300 -123.40886235
111  48.64821893 -123.40978442
111  48.64862863 -123.40963553
111  48.64875518 -123.40981741
111  48.64876791 -123.41280466
111  48.64891108 -123.41281824
111  48.64904978 -123.41288967
111  48.64933282 -123.41333842
111  48.64949612 -123.41375721
111  48.64983221 -123.41579799
111  48.65022654 -123.41679848
111  48.65022880 -123.41704818
111  48.65084484 -123.41704507
111  48.65096393 -123.41714670
111  48.65108479 -123.41734293
111  48.65204358 -123.41733608
111  48.65205124 -123.41794632
111  48.65324880 -123.41798456
111  48.65325539 -123.41732428
111  48.65468225 -123.41733740
111  48.65468062 -123.41705842
111  48.65474160 -123.41706376
111  48.65486722 -123.41719186
111  48.65492591 -123.41733985
111  48.65508078 -123.41827002
111  48.65243591 -123.42220645
111  48.65242334 -123.42308181
111  48.65246754 -123.42322203
111  48.65332059 -123.42455999
111  48.65376967 -123.42537121
111  48.65403628 -123.42612734
111  48.65488416 -123.42581663
111  48.65522143 -123.42580294
111  48.65523227 -123.43740706
111  48.65452376 -123.43742385
113  48.65452318 -123.44329344
120 Linear Feature 20
111  48.64687960 -123.43160723 51
115  48.64689997 -123.43182526
120 Linear Feature 20
111  48.64682178 -123.43169165 51
115  48.64684042 -123.43190996
120 Linear Feature 11
111  48.64398707 -123.43572025 1
115  48.64470920 -123.43466331
120 Linear Feature 10
111  48.64401551 -123.43574383 1
115  48.64471777 -123.43471589
120 Linear Feature 9
111  48.64529814 -123.43386365 51
111  48.64540796 -123.43378483
112  48.64540796 -123.43378483  48.64545093 -123.43375738 51
115  48.64547277 -123.43364945
120 Linear Feature 6
111  48.64471298 -123.43420880 55
115  48.64485196 -123.43442941
120 Linear Feature 5
111  48.64517949 -123.43416384 20
111  48.64491225 -123.43454073 20
115  48.64493057 -123.43457456
120 Linear Feature 19
111  48.64565042 -123.43342031 53
115  48.64606064 -123.43281500
120 Linear Feature 8
111  48.64534130 -123.43429562 20
111  48.64530002 -123.43435213 20
111  48.64517949 -123.43416384 20
111  48.64513949 -123.43410055 20
111  48.64529814 -123.43386365 20
111  48.64570340 -123.43328150 20
115  48.64608552 -123.43385593
120 Linear Feature 7
111  48.65197480 -123.43108271 20
115  48.65206881 -123.43093008
120 Linear Feature 6
111  48.65200849 -123.43110911 20
115  48.65203895 -123.43090797
120 Linear Feature 5
111  48.65195250 -123.43098537 20
115  48.65209010 -123.43103068
120 Linear Feature 4
111  48.65205842 -123.43105546 20
115  48.65195286 -123.43091633
120 Linear Feature 3
111  48.65212172 -123.43095939 20
115  48.65192242 -123.43105230
120 Linear Feature 2
111  48.65199297 -123.43085863 20
115  48.65205441 -123.43115516
120 Linear Feature 1
111  48.64636066 -123.41977122 20
111  48.64633413 -123.41964133 20
115  48.64639490 -123.41961386
120 Linear Feature 51
111  48.64860746 -123.42407049 54
115  48.64912614 -123.42384896
120 Linear Feature 50
111  48.64974028 -123.42695519 54
115  48.64920072 -123.42718472
120 Linear Feature 49
111  48.64646820 -123.43001098 54
115  48.64610585 -123.42943564
120 Linear Feature 48
111  48.64589463 -123.42854541 54
115  48.64614928 -123.42781837
120 Linear Feature 47
111  48.64736979 -123.42754876 54
115  48.64773939 -123.42814327
120 Linear Feature 46
111  48.64857105 -123.42906956 54
115  48.64875666 -123.42898517
120 Linear Feature 45
111  48.64857934 -123.42802714 54
115  48.64838737 -123.42811140
120 Linear Feature 44
111  48.64822319 -123.42947235 54
115  48.64797278 -123.43019824
120 Linear Feature 43
111  48.64967723 -123.42971665 54
115  48.65026361 -123.42946261
120 Linear Feature 42
111  48.64942098 -123.43135414 54
115  48.64921266 -123.43026485
120 Linear Feature 40
111  48.64899481 -123.42017663 54
115  48.64903475 -123.41988341
120 Linear Feature 40
111  48.65136480 -123.42087074 54
115  48.65140701 -123.42057256
120 Linear Feature 39
111  48.65232661 -123.42245544 54
115  48.65223824 -123.42245689
120 Linear Feature 38
111  48.65103423 -123.43008171 54
115  48.65093942 -123.43034638
120 Linear Feature 37
111  48.65291824 -123.43252459 54
115  48.65311997 -123.43245027
120 Linear Feature 36
111  48.65241679 -123.43468681 54
115  48.65235349 -123.43440168
120 Linear Feature 34
111  48.65192169 -123.43456643 54
115  48.65180369 -123.43490228
120 Linear Feature 33
111  48.65073307 -123.43905551 54
111  48.65071038 -123.43886884 54
115  48.65080488 -123.43859774
120 Linear Feature 32
111  48.64972014 -123.43337759 54
111  48.64968353 -123.43321427 54
115  48.64977240 -123.43293251
120 Linear Feature 31
111  48.64935451 -123.43206096 54
111  48.64914379 -123.43215289 54
115  48.64895684 -123.43195359
120 Linear Feature 29
111  48.64760173 -123.43082733 54
115  48.64731626 -123.43037931
120 Linear Feature 28
111  48.64672774 -123.43049943 54
115  48.64662937 -123.43077731
120 Linear Feature 27
111  48.64333891 -123.43541257 54
115  48.64333418 -123.43573056
120 Linear Feature 26
111  48.64207967 -123.43417377 54
115  48.64228648 -123.43412347
120 Linear Feature 2
111  48.64126549 -123.42647084 52
115  48.64146546 -123.42641669
120 Linear Feature 25
111  48.64137739 -123.42563805 54
115  48.64118018 -123.42568894
120 Linear Feature 23
111  48.64241818 -123.42386017 54
115  48.64244154 -123.42416726
120 Linear Feature 22
111  48.64787333 -123.42547185 54
115  48.64807868 -123.42539294
120 Linear Feature 21
111  48.64749021 -123.42107093 54
115  48.64732937 -123.42088694
120 Linear Feature 20
111  48.64681949 -123.41764487 54
115  48.64669819 -123.41696729
120 Linear Feature 19
111  48.64060546 -123.42911857 20
111  48.64065978 -123.42910308 20
111  48.64062880 -123.42881971 20
111  48.64061037 -123.42865105 20
115  48.64048886 -123.42868208
120 Linear Feature 18
111  48.64066174 -123.42943273 20
111  48.64074693 -123.42941267 20
111  48.64072774 -123.42923861 20
115  48.64061856 -123.42926668
120 Linear Feature 17
111  48.64068969 -123.42990965 20
111  48.64079973 -123.42988236 20
111  48.64075679 -123.42950498 20
115  48.64067183 -123.42952789
120 Linear Feature 16
111  48.64087350 -123.43129516 20
111  48.64085856 -123.43114131 20
113  48.64082333 -123.43122782 20
120 Linear Feature 14
111  48.64115593 -123.43071884 20
111  48.64139015 -123.43066433 20
111  48.64139213 -123.43069551 20
111  48.64115797 -123.43075229 20
111  48.64125196 -123.43084699 20
111  48.64161490 -123.43141892 20
111  48.64159954 -123.43146240 20
111  48.64158275 -123.43144471 20
111  48.64158928 -123.43142328 20
111  48.64123908 -123.43086873 20
111  48.64112984 -123.43076281 20
111  48.64111829 -123.43076516 20
111  48.64110740 -123.43088946 20
111  48.64108350 -123.43088544 20
111  48.64109205 -123.43077245 20
111  48.64084555 -123.43083856 20
111  48.64091494 -123.43149155 20
111  48.64099714 -123.43154149 20
111  48.64125000 -123.43147316 20
111  48.64125181 -123.43149970 20
111  48.64103409 -123.43156545 20
111  48.64118594 -123.43164535 20
111  48.64118913 -123.43168011 20
111  48.64116649 -123.43168522 20
111  48.64116310 -123.43165924 20
111  48.64090022 -123.43151688 20
111  48.64088022 -123.43134519 20
111  48.64081193 -123.43126374 20
111  48.64080619 -123.43120018 20
111  48.64085361 -123.43109803 20
111  48.64082219 -123.43080210 20
111  48.64111745 -123.43071825 20
111  48.64113417 -123.43068976 20
111  48.64115580 -123.43068460 20
115  48.64115593 -123.43071884
120 Linear Feature 13
111  48.64146843 -123.43035483 20
111  48.64177131 -123.42987687 20
111  48.64184507 -123.42970440 20
111  48.64186519 -123.42971983 20
111  48.64179184 -123.42989607 20
111  48.64158492 -123.43021695 20
111  48.64160898 -123.43028166 20
111  48.64159443 -123.43029753 20
111  48.64152100 -123.43030911 20
111  48.64148832 -123.43036105 20
111  48.64149559 -123.43039652 20
111  48.64182675 -123.43058629 20
111  48.64193910 -123.43038475 20
111  48.64195557 -123.43040448 20
111  48.64183135 -123.43063057 20
111  48.64151691 -123.43045084 20
111  48.64175065 -123.43070151 20
111  48.64180964 -123.43101510 20
111  48.64190134 -123.43108918 20
111  48.64188721 -123.43112078 20
111  48.64179099 -123.43104364 20
111  48.64172925 -123.43072430 20
111  48.64160746 -123.43059399 20
111  48.64156100 -123.43064891 20
111  48.64154750 -123.43062076 20
111  48.64158924 -123.43057250 20
115  48.64147994 -123.43045984
120 Linear Feature 12
111  48.64133554 -123.43021522 20
111  48.64133324 -123.43016023 20
111  48.64135160 -123.43014006 20
111  48.64134078 -123.43011511 20
111  48.64130982 -123.43014525 20
115  48.64131304 -123.43022142
120 Linear Feature 8
111  48.64612869 -123.42133778 20
115  48.64542321 -123.42165374
120 Linear Feature 7
111  48.64455158 -123.42263290 20
115  48.64442264 -123.42192455
120 Linear Feature 5
111  48.64550358 -123.42221634 20
111  48.64548038 -123.42209661 20
111  48.64546438 -123.42201400 20
111  48.64544835 -123.42193124 20
111  48.64542590 -123.42181533 20
115  48.64541308 -123.42174721
120 Linear Feature 4
111  48.64599841 -123.42125067 20
111  48.64610199 -123.42120742 20
111  48.64612869 -123.42133778 20
111  48.64615977 -123.42149375 20
111  48.64618267 -123.42160866 20
111  48.64621521 -123.42177194 20
111  48.64623758 -123.42188601 20
111  48.64550358 -123.42221634 20
111  48.64455158 -123.42263290 20
111  48.64290934 -123.42333967 20
115  48.64277980 -123.42266306
120 Linear Feature 3
111  48.64286012 -123.42364900 51
111  48.64256603 -123.42210859
112  48.64256603 -123.42210859  48.64249063 -123.42169598 51
112  48.64215514 -123.42091058  48.64211157 -123.42063687
111  48.64215514 -123.42091058 51
111  48.64196371 -123.42004809
112  48.64196371 -123.42004809  48.64194394 -123.41996832 51
112  48.64188252 -123.41986543  48.64186012 -123.41978567
111  48.64188252 -123.41986543 51
115  48.64150590 -123.41790000
120 Linear Feature 1
111  48.64278438 -123.42357853 55
112  48.64296307 -123.42355196  48.64303131 -123.42353121
111  48.64296307 -123.42355196 55
111  48.64619023 -123.42215702
112  48.64619023 -123.42215702  48.64635101 -123.42210855 55
111  48.64651649 -123.42185431
112  48.64651649 -123.42185431  48.64666721 -123.42167713 55
115  48.64688912 -123.42128930
120 Linear Feature 47
111  48.64883616 -123.42994638 51
112  48.64876375 -123.43017472  48.64869743 -123.43025876 51
111  48.64859215 -123.43020711 51
115  48.64805992 -123.42976702
120 Linear Feature 42
111  48.64104019 -123.43089964 52
112  48.64096932 -123.43101149  48.64093245 -123.43112628 52
112  48.64102012 -123.43128735  48.64107069 -123.43131764 52
112  48.64116815 -123.43127780  48.64119473 -123.43126104 52
112  48.64124954 -123.43120282  48.64128114 -123.43119804 52
115  48.64134178 -123.43123034
120 Linear Feature 41
111  48.64108446 -123.43177535 52
112  48.64104438 -123.43159327  48.64104612 -123.43146678 52
112  48.64119652 -123.43144048  48.64128031 -123.43145391 52
112  48.64130119 -123.43158492  48.64132255 -123.43164391 52
115  48.64142306 -123.43169198
120 Linear Feature 39
111  48.64971921 -123.43570918 51
116  48.64999035 -123.43596218  48.65003075 -123.43626266
120 Linear Feature 38
111  48.65083502 -123.43897607 3
111  48.65073307 -123.43905551 3
111  48.65068759 -123.43908927 3
115  48.65070542 -123.43916776
120 Linear Feature 36
111  48.64630229 -123.42134637 2
115  48.64543899 -123.42173650
120 Linear Feature 35
111  48.64635835 -123.42161301 2
115  48.64546438 -123.42201400
120 Linear Feature 33
111  48.64756863 -123.43021067 51
112  48.64768000 -123.42981539  48.64768561 -123.42959467 51
111  48.64758415 -123.42947497 51
115  48.64711384 -123.42908234
120 Linear Feature 32
111  48.64718422 -123.43216059 51
112  48.64722499 -123.43260214  48.64716253 -123.43267159 51
115  48.64706621 -123.43252813
120 Linear Feature 1
111  48.64807598 -123.43531468 51
111  48.64807627 -123.43517531
112  48.64807627 -123.43517531  48.64807504 -123.43512030 51
115  48.64812929 -123.43510320
120 Linear Feature 1
111  48.64775536 -123.43530662 51
111  48.64775221 -123.43517245
112  48.64775221 -123.43517245  48.64775098 -123.43511744 51
115  48.64780655 -123.43510096
120 Linear Feature 1
111  48.64743607 -123.43530034 51
111  48.64743464 -123.43517138
112  48.64743464 -123.43517138  48.64743341 -123.43511637 51
115  48.64748901 -123.43509876
120 Linear Feature 5
112  48.64854072 -123.43510774  48.64858828 -123.43510774 51
111  48.64858766 -123.43519045 51
111  48.64858699 -123.43552346
112  48.64858699 -123.43552346  48.64865406 -123.43591661 52
115  48.64893673 -123.43588040
120 Linear Feature 3
111  48.64888939 -123.43528820 1
111  48.64911864 -123.43529005 1
111  48.64911884 -123.43493702 1
113  48.64889060 -123.43493750 1
120 Linear Feature 15
112  48.64986295 -123.43528150  48.64990514 -123.43565071 51
111  48.64971921 -123.43570918 51
111  48.64941859 -123.43583104 51
111  48.64893673 -123.43588040 51
112  48.64867451 -123.43550796  48.64866435 -123.43520930
111  48.64867451 -123.43550796 51
111  48.64867593 -123.43525430 51
112  48.64854072 -123.43510774  48.64839062 -123.43512058
111  48.64854072 -123.43510774 51
111  48.64812929 -123.43510320 51
111  48.64780655 -123.43510096 51
111  48.64748901 -123.43509876 51
111  48.64723953 -123.43509674
112  48.64723953 -123.43509674  48.64718703 -123.43509931 51
111  48.64717820 -123.43517520 51
115  48.64717733 -123.43529012
120 Linear Feature 14
111  48.65300769 -123.43244486 51
112  48.65302958 -123.43208450  48.65306448 -123.43189494
111  48.65302958 -123.43208450
112  48.65302958 -123.43208450  48.65303529 -123.43205350 51
112  48.65310136 -123.43182341  48.65313756 -123.43171109
111  48.65310136 -123.43182341 51
111  48.65379153 -123.42981623 51
112  48.65406047 -123.42870435  48.65415518 -123.42804809
111  48.65406047 -123.42870435
112  48.65406047 -123.42870435  48.65411326 -123.42833851 51
112  48.65410571 -123.42747051  48.65408228 -123.42704686
111  48.65410571 -123.42747051
112  48.65410571 -123.42747051  48.65407661 -123.42694429 51
112  48.65386348 -123.42610526  48.65374898 -123.42572618
111  48.65386348 -123.42610526
112  48.65386348 -123.42610526  48.65370753 -123.42558701 51
112  48.65346463 -123.42509166  48.65337663 -123.42489897
111  48.65346463 -123.42509166 51
111  48.65232572 -123.42331574
112  48.65232572 -123.42331574  48.65226759 -123.42320661 51
111  48.65227426 -123.42310020 51
111  48.65229014 -123.42176473 51
112  48.65212062 -123.42147456  48.65200316 -123.42141102 51
111  48.65189145 -123.42156691 51
115  48.65146596 -123.42216584
120 Linear Feature 13
111  48.65271407 -123.43160692 51
112  48.65290950 -123.43195779  48.65295546 -123.43215452
111  48.65290950 -123.43195779 51
111  48.65300769 -123.43244486 51
111  48.65309565 -123.43288157
112  48.65309565 -123.43288157  48.65312456 -123.43299586 51
112  48.65294898 -123.43344388  48.65277744 -123.43357535 51
111  48.65267361 -123.43346514 51
115  48.65230575 -123.43317165
120 Linear Feature 12
111  48.65042356 -123.42976756 51
111  48.65271407 -123.43160692 51
112  48.65297915 -123.43185971  48.65303603 -123.43192048 51
115  48.65310136 -123.43182341
120 Linear Feature 40
111  48.64727972 -123.41704067 51
112  48.64744630 -123.41707078  48.64754725 -123.41712808 51
111  48.64758607 -123.41729720 51
115  48.64771585 -123.41798438
120 Linear Feature 8
111  48.64840932 -123.41995842 51
112  48.64805209 -123.41958438  48.64796114 -123.41906666
111  48.64805209 -123.41958438 51
115  48.64792943 -123.41892053
120 Linear Feature 11
111  48.64836845 -123.42121674 51
111  48.64823081 -123.42049553
112  48.64823081 -123.42049553  48.64819931 -123.42032183 51
112  48.64840932 -123.41995842  48.64863527 -123.41981194
111  48.64840932 -123.41995842 51
112  48.64862113 -123.41990728  48.64869796 -123.41992144
111  48.64862113 -123.41990728 51
111  48.65170595 -123.42081689 51
112  48.65191454 -123.42112006  48.65195579 -123.42134374 51
111  48.65186645 -123.42151558 51
115  48.65142185 -123.42212878
120 Linear Feature 10
111  48.64373647 -123.42327210 51
112  48.64380819 -123.42342781  48.64387070 -123.42350484 51
115  48.64396156 -123.42348731
120 Linear Feature 9
111  48.64363465 -123.42363342 51
112  48.64372637 -123.42348526  48.64376158 -123.42339528 51
111  48.64373647 -123.42327210 51
111  48.64366361 -123.42287345 51
112  48.64380329 -123.42255234  48.64396473 -123.42248974 51
111  48.64402013 -123.42276597 51
115  48.64405099 -123.42279163
120 Linear Feature 8
111  48.64308290 -123.42354647 51
112  48.64316369 -123.42369288  48.64322511 -123.42375952 51
115  48.64332354 -123.42375232
120 Linear Feature 7
111  48.64293172 -123.42390089 51
112  48.64304967 -123.42378074  48.64310071 -123.42368779 51
111  48.64308290 -123.42354647 51
111  48.64306522 -123.42344983 51
112  48.64308583 -123.42330758  48.64310901 -123.42323041 51
111  48.64326740 -123.42282275 51
112  48.64336103 -123.42288875  48.64342652 -123.42295017 51
111  48.64341606 -123.42311132
112  48.64341606 -123.42311132  48.64351729 -123.42314850 52
115  48.64352817 -123.42328204
120 Linear Feature 6
111  48.64643411 -123.41870150 51
112  48.64660774 -123.41872805  48.64667574 -123.41877154 51
115  48.64673385 -123.41892283
120 Linear Feature 5
111  48.64661291 -123.41828566 51
112  48.64655946 -123.41856217  48.64649242 -123.41866943 51
111  48.64643411 -123.41870150 51
115  48.64636566 -123.41872932
120 Linear Feature 4
111  48.64699948 -123.42166070 51
112  48.64713472 -123.42161647  48.64721195 -123.42164007 51
115  48.64728695 -123.42182546
120 Linear Feature 3
111  48.64202752 -123.42408546 51
112  48.64182310 -123.42423623  48.64175306 -123.42434821
111  48.64182310 -123.42423623
112  48.64182310 -123.42423623  48.64177391 -123.42432962 51
112  48.64176568 -123.42459816  48.64178189 -123.42470471
111  48.64176568 -123.42459816
112  48.64176568 -123.42459816  48.64178763 -123.42476737 51
111  48.64188798 -123.42485243 51
115  48.64238281 -123.42524947
120 Linear Feature 2
111  48.64135680 -123.42468805 51
112  48.64157932 -123.42466759  48.64166619 -123.42472700
111  48.64157932 -123.42466759 51
115  48.64208292 -123.42506934
120 Linear Feature 24
111  48.64076959 -123.42788886 20
111  48.64076029 -123.42770485 20
112  48.64074751 -123.42768425  48.64073747 -123.42768791 20
113  48.64073860 -123.42770875 20
120 Linear Feature 1
111  48.64122396 -123.42664117 1
115  48.64042844 -123.42678980
120 Linear Feature 45
111  48.64139367 -123.42995906 52
112  48.64148200 -123.43015706  48.64156425 -123.43014941 52
112  48.64160795 -123.42993332  48.64159982 -123.42980145 52
112  48.64153349 -123.42974590  48.64150084 -123.42973155 52
112  48.64142414 -123.42959750  48.64140390 -123.42950399 52
115  48.64145086 -123.42935515
120 Linear Feature 43
111  48.64152246 -123.43066179 52
112  48.64140971 -123.43069209  48.64136289 -123.43072712 52
112  48.64136306 -123.43095405  48.64138309 -123.43104233 52
112  48.64151187 -123.43110189  48.64159014 -123.43110273 52
115  48.64161871 -123.43122718
120 Linear Feature 29
111  48.64210924 -123.43191955 51
111  48.64181726 -123.43167076 51
112  48.64161871 -123.43122718  48.64155573 -123.43089016
111  48.64161871 -123.43122718 51
111  48.64152246 -123.43066179 51
115  48.64151400 -123.43061209
120 Linear Feature 28
111  48.64208725 -123.43197734 51
111  48.64178598 -123.43171720 51
111  48.64134178 -123.43123034 51
111  48.64105355 -123.43091430 51
115  48.64104019 -123.43089964
120 Linear Feature 27
111  48.64206994 -123.43203202 51
111  48.64171370 -123.43173859 51
112  48.64153675 -123.43166399  48.64147122 -123.43167736
111  48.64153675 -123.43166399 51
111  48.64142306 -123.43169198 51
111  48.64108446 -123.43177535 51
115  48.64104235 -123.43178572
120 Linear Feature 26
111  48.64198609 -123.43225646 51
112  48.64185597 -123.43222626  48.64177263 -123.43224280
111  48.64185597 -123.43222626 51
112  48.64113496 -123.43240251  48.64105162 -123.43241905
111  48.64113496 -123.43240251 51
115  48.64109194 -123.43241224
120 Linear Feature 25
111  48.64168470 -123.42846948 51
111  48.64146318 -123.42888707
112  48.64146318 -123.42888707  48.64141922 -123.42895523 51
111  48.64129612 -123.42898163 51
111  48.64079290 -123.42910114 51
115  48.64078001 -123.42910420
120 Linear Feature 24
111  48.64174980 -123.42855691 51
111  48.64093911 -123.42995618 51
115  48.64092395 -123.42998238
120 Linear Feature 19
111  48.64945624 -123.43284600 51
112  48.64938708 -123.43275091  48.64936721 -123.43270669 51
115  48.64935350 -123.43263208
120 Linear Feature 18
111  48.64917053 -123.43263314 51
112  48.64930753 -123.43280462  48.64939194 -123.43291423 51
115  48.64946878 -123.43323553
120 Linear Feature 17
111  48.65133740 -123.43435752 51
111  48.65103311 -123.43411187 51
112  48.65070527 -123.43347603  48.65060303 -123.43301931
111  48.65070527 -123.43347603 51
115  48.65056124 -123.43272310
120 Linear Feature 16
111  48.65110678 -123.43558077 51
111  48.65096506 -123.43482629 51
112  48.65105661 -123.43440861  48.65118916 -123.43426574 51
111  48.65133740 -123.43435752 51
111  48.65181231 -123.43473861
112  48.65181231 -123.43473861  48.65189729 -123.43479440 51
111  48.65204460 -123.43471640 51
111  48.65236627 -123.43455432 51
112  48.65274333 -123.43415652  48.65285632 -123.43384096
111  48.65274333 -123.43415652
112  48.65274333 -123.43415652  48.65279657 -123.43400784 51
112  48.65277655 -123.43374176  48.65275401 -123.43363279
111  48.65277655 -123.43374176
112  48.65277655 -123.43374176  48.65274881 -123.43358438 51
111  48.65269569 -123.43353918 51
115  48.65235488 -123.43327072
120 Linear Feature 15
111  48.64887955 -123.43239071 51
112  48.64910959 -123.43231551  48.64922835 -123.43217940 51
115  48.64921679 -123.43193708
120 Linear Feature 14
111  48.65019415 -123.43344658 51
112  48.65047460 -123.43341624  48.65060820 -123.43328341 51
111  48.65058444 -123.43300957 51
115  48.65042639 -123.43218686
120 Linear Feature 13
111  48.64556760 -123.43082308 51
111  48.64584215 -123.43041808 51
112  48.64606236 -123.43026937  48.64621614 -123.43024752 51
111  48.64636866 -123.43038302 51
111  48.64733154 -123.43114822 51
111  48.64887955 -123.43239071 51
111  48.64917053 -123.43263314 51
111  48.64945624 -123.43284600 51
111  48.65019415 -123.43344658 51
111  48.65044724 -123.43364627 51
112  48.65083917 -123.43434636  48.65093822 -123.43483570
111  48.65083917 -123.43434636 51
115  48.65099037 -123.43514410
120 Linear Feature 12
111  48.64674248 -123.43136323 51
112  48.64703558 -123.43110918  48.64715357 -123.43107251 51
115  48.64733154 -123.43114822
120 Linear Feature 3
111  48.64478868 -123.43500466 1
111  48.64486417 -123.43489625
112  48.64486417 -123.43489625  48.64493922 -123.43478375 1
115  48.64487682 -123.43465477
120 Linear Feature 4
111  48.64392522 -123.43601448 20
111  48.64392657 -123.43593170 20
111  48.64396822 -123.43592945 20
111  48.64470350 -123.43486033 20
115  48.64472017 -123.43488858
120 Linear Feature 1
111  48.64487606 -123.43514806 20
111  48.64478868 -123.43500466 20
111  48.64472017 -123.43488858 20
111  48.64487682 -123.43465477 20
111  48.64493057 -123.43457456 20
115  48.64509054 -123.43482608
120 Linear Feature 11
111  48.64323599 -123.43422233 51
111  48.64282137 -123.43482995 51
112  48.64283229 -123.43528505  48.64289665 -123.43551361 51
111  48.64308143 -123.43553875 51
111  48.64369849 -123.43556142 51
112  48.64408372 -123.43526115  48.64428907 -123.43493199
111  48.64408372 -123.43526115 51
115  48.64674248 -123.43136323
120 Linear Feature 37
111  48.65141586 -123.44277264 22
111  48.65120106 -123.44199792 22
111  48.65095790 -123.44103040 22
115  48.65052872 -123.43879177
120 Linear Feature 10
111  48.65152760 -123.43796967 51
111  48.65168171 -123.43875486 51
112  48.65156441 -123.43917238  48.65142667 -123.43929798 51
111  48.65128913 -123.43918631 51
111  48.65055319 -123.43856442 51
112  48.65043778 -123.43832161  48.65039253 -123.43811895
111  48.65043778 -123.43832161 51
112  48.64999035 -123.43596218  48.64973586 -123.43462375
111  48.64999035 -123.43596218
112  48.64999035 -123.43596218  48.64996896 -123.43584967 51
111  48.64986295 -123.43528150 51
111  48.64946878 -123.43323553
112  48.64946878 -123.43323553  48.64942153 -123.43298543 51
111  48.64935350 -123.43263208 51
111  48.64921679 -123.43193708 51
111  48.64912503 -123.43143346 51
111  48.64902610 -123.43092736 51
112  48.64869529 -123.43035380  48.64844736 -123.43016003
111  48.64869529 -123.43035380 51
111  48.64807091 -123.42984435
112  48.64807091 -123.42984435  48.64793000 -123.42974328 51
111  48.64780486 -123.42988507 51
111  48.64756863 -123.43021067 51
115  48.64717388 -123.43081667
120 Linear Feature 9
111  48.65000225 -123.43138811 51
111  48.64951245 -123.43099965 51
112  48.64925009 -123.43103822  48.64912505 -123.43116534 51
115  48.64912503 -123.43143346
120 Linear Feature 8
111  48.64886182 -123.42600398 51
111  48.64850206 -123.42652613 51
112  48.64833963 -123.42733672  48.64842434 -123.42772962
111  48.64833963 -123.42733672 51
111  48.64883616 -123.42994638 51
112  48.64915974 -123.43064830  48.64939339 -123.43081876
111  48.64915974 -123.43064830 51
115  48.64981882 -123.43118571
120 Linear Feature 7
111  48.64811989 -123.42618147 1
112  48.64831641 -123.42647618  48.64846364 -123.42651347 1
111  48.64855317 -123.42638969 1
115  48.64872623 -123.42612872
120 Linear Feature 6
111  48.64729313 -123.42120133 51
112  48.64724945 -123.42161296  48.64729251 -123.42183103
111  48.64724945 -123.42161296 51
111  48.64728695 -123.42182546
112  48.64728695 -123.42182546  48.64745521 -123.42271171 51
111  48.64811989 -123.42618147 51
112  48.64811594 -123.42679877  48.64806051 -123.42709968 51
111  48.64788559 -123.42736981 51
115  48.64776142 -123.42753762
120 Linear Feature 5
111  48.64714709 -123.42109142 51
112  48.64721360 -123.42125398  48.64725303 -123.42128701 51
115  48.64729313 -123.42120133
120 Linear Feature 4
111  48.64729996 -123.41578223 51
111  48.64744176 -123.41654919 51
112  48.64742507 -123.41685152  48.64737459 -123.41699796 51
111  48.64727972 -123.41704067 51
111  48.64683257 -123.41724006
112  48.64683257 -123.41724006  48.64672795 -123.41730201 51
112  48.64657956 -123.41809639  48.64663074 -123.41836080
111  48.64657956 -123.41809639 51
111  48.64661291 -123.41828750 51
111  48.64673385 -123.41892283
112  48.64673385 -123.41892283  48.64690444 -123.41981332 51
111  48.64714709 -123.42109142 51
112  48.64714706 -123.42135438  48.64712704 -123.42144399 51
115  48.64708232 -123.42154428
120 Linear Feature 2
111  48.64773596 -123.42034671 1
112  48.64797773 -123.42021131  48.64812429 -123.42023387 1
111  48.64818347 -123.42044001 1
115  48.64833956 -123.42126597
120 Linear Feature 12
112  48.64249324 -123.43009914  48.64246722 -123.42991259 51
115  48.64259726 -123.42986486
120 Linear Feature 11
111  48.64272269 -123.43102488 51
116  48.64257483 -123.43088083  48.64255568 -123.43073070
120 Linear Feature 9
111  48.64282303 -123.42947855 52
115  48.64301163 -123.43128576
120 Linear Feature 1
111  48.64320999 -123.43419151 51
111  48.64287274 -123.43468116 51
112  48.64275064 -123.43481919  48.64266984 -123.43487058
111  48.64275064 -123.43481919
112  48.64275064 -123.43481919  48.64267096 -123.43485147 51
112  48.64243240 -123.43475263  48.64234999 -123.43469350
111  48.64243240 -123.43475263
112  48.64243240 -123.43475263  48.64222059 -123.43453704 51 101
111  48.64221900 -123.43440201 51 101
111  48.64206086 -123.43297624
112  48.64206086 -123.43297624  48.64202052 -123.43268220 51 101
111  48.64213325 -123.43244458 51 101
111  48.64252500 -123.43138461 51 101
112  48.64258714 -123.43113910  48.64259412 -123.43102586 51 101
111  48.64257483 -123.43088083 51 101
111  48.64249324 -123.43009914 51 101
111  48.64245194 -123.42972410 51 101
111  48.64239746 -123.42918051
112  48.64239746 -123.42918051  48.64238196 -123.42898382 51 101
111  48.64225871 -123.42885047 51 101
111  48.64163711 -123.42799229 51 101
112  48.64148569 -123.42758855  48.64146157 -123.42734235
111  48.64148569 -123.42758855 51 101
111  48.64123246 -123.42517818
112  48.64123246 -123.42517818  48.64118695 -123.42481248 51 101
111  48.64135680 -123.42468805 51
112  48.64166618 -123.42431770  48.64180837 -123.42413556 51
111  48.64202752 -123.42408546 51
112  48.64293172 -123.42390089  48.64318951 -123.42383944
111  48.64293172 -123.42390089
112  48.64293172 -123.42390089  48.64297914 -123.42388958 51
112  48.64304988 -123.42387565  48.64306190 -123.42387185
111  48.64304988 -123.42387565 51
112  48.64332354 -123.42375232  48.64344065 -123.42370094
111  48.64332354 -123.42375232 51
111  48.64363465 -123.42363342 51
111  48.64396156 -123.42348731 51
111  48.64627901 -123.42247972 51
112  48.64664387 -123.42214812  48.64681016 -123.42189144
111  48.64664387 -123.42214812 51
111  48.64699948 -123.42166070 51
111  48.64708232 -123.42154428 51
111  48.64729313 -123.42120133 51
111  48.64773596 -123.42034671 51
112  48.64793011 -123.41984216  48.64799991 -123.41953765 51
111  48.64794595 -123.41918378 51
115  48.64778870 -123.41836666
120 Linear Feature 16
111  48.64688730 -123.41689360 3 102
115  48.64721694 -123.41675506
120 Linear Feature 10
111  48.64256291 -123.42414200 3 102
111  48.64244154 -123.42416726 3 102
111  48.64201848 -123.42425538 3 102
115  48.64200396 -123.42448463
120 Linear Feature 9
111  48.64722001 -123.42201638 3 102
111  48.64720419 -123.42194381 3 102
111  48.64695770 -123.42188909 3 102
115  48.64668710 -123.42231048
120 Linear Feature 8
111  48.65051928 -123.43815252 3 102
111  48.65055164 -123.43838381 3 102
111  48.65080488 -123.43859774 3 102
111  48.65124400 -123.43897661 3 102
115  48.65141852 -123.43877797
120 Linear Feature 7
111  48.65142625 -123.43949133 3 102
111  48.65083502 -123.43897607 3 102
111  48.65071038 -123.43886884 3
115  48.65040069 -123.43861478
120 Linear Feature 6
111  48.64844182 -123.43187776 3 102
111  48.64884671 -123.43202771 3 102
112  48.64895684 -123.43195359  48.64899618 -123.43187969
111  48.64895684 -123.43195359
112  48.64895684 -123.43195359  48.64897369 -123.43192194 3 102
112  48.64898461 -123.43178825  48.64897973 -123.43172597
111  48.64898461 -123.43178825 3 102
111  48.64894916 -123.43111095 3 102
115  48.64890745 -123.43102459
120 Linear Feature 5
111  48.64141829 -123.42792580 3
111  48.64147904 -123.42849214 3
111  48.64136869 -123.42873453 3
111  48.64128968 -123.42887585 3
115  48.64087307 -123.42896498
120 Linear Feature 15
111  48.64233303 -123.43057136 51
111  48.64203384 -123.43064191 51
112  48.64196504 -123.43073544  48.64193547 -123.43080834 51
112  48.64197151 -123.43096437  48.64199326 -123.43103643
111  48.64197151 -123.43096437 51
115  48.64193822 -123.43116870
120 Linear Feature 15
111  48.64226514 -123.42986472 51
111  48.64191665 -123.42994505 51
112  48.64180041 -123.43020695  48.64183771 -123.43041168 51
111  48.64198168 -123.43036555 51
115  48.64200522 -123.43039532
120 Linear Feature 14
111  48.64198668 -123.42888618 51
111  48.64175298 -123.42926862 51
112  48.64173685 -123.42954002  48.64178778 -123.42965164 51
111  48.64188329 -123.42962506 51
115  48.64191666 -123.42967024
120 Linear Feature 10
112  48.64245194 -123.42972410  48.64246965 -123.42987129 51
111  48.64259726 -123.42986486 51
111  48.64294729 -123.42978596
112  48.64294729 -123.42978596  48.64307026 -123.42974321 51
111  48.64308695 -123.42992180 51
111  48.64316148 -123.43069427 51
112  48.64306882 -123.43094016  48.64294318 -123.43097068
111  48.64306882 -123.43094016 51
111  48.64272269 -123.43102488
112  48.64272269 -123.43102488  48.64260495 -123.43105662 51
115  48.64258714 -123.43113910
120 Linear Feature 8
111  48.64719798 -123.42076322 3 102
111  48.64724566 -123.42104660 3 102
111  48.64732937 -123.42088694 3 102
111  48.64780763 -123.41996839 3
115  48.64782897 -123.41992994
120 Linear Feature 4
111  48.64183179 -123.42865325 51
111  48.64145086 -123.42935515
112  48.64145086 -123.42935515  48.64137294 -123.42946755 51
111  48.64138192 -123.42958361 51
115  48.64139367 -123.42995906
120 Linear Feature 3
111  48.64191786 -123.43265351 52
115  48.64223490 -123.43259675
120 Linear Feature 6
111  48.64135608 -123.42929072 22
115  48.64066765 -123.42948587
120 Linear Feature 5
111  48.64177247 -123.43210199 22
111  48.64213858 -123.43111307 22
112  48.64215288 -123.43099848  48.64214434 -123.43093386
111  48.64215288 -123.43099848 22
111  48.64198903 -123.42940134 22
112  48.64195871 -123.42930431  48.64193340 -123.42927271
111  48.64195871 -123.42930431 22
111  48.64187636 -123.42919351 22
112  48.64180252 -123.42917736  48.64175414 -123.42918567
111  48.64180252 -123.42917736 22
111  48.64135608 -123.42929072 22
111  48.64131586 -123.42885668 22
112  48.64125283 -123.42874966  48.64120057 -123.42873570
111  48.64125283 -123.42874966 22
111  48.64098113 -123.42869124 22
111  48.64082860 -123.42872009 20
111  48.64074610 -123.42873961 20
112  48.64069375 -123.42868033  48.64068934 -123.42861993
111  48.64069375 -123.42868033 20
115  48.64069080 -123.42859491
120 Linear Feature 2
111  48.64082860 -123.42872009 20
112  48.64069080 -123.42859491  48.64066950 -123.42847711
111  48.64069080 -123.42859491 20
111  48.64068856 -123.42856840 20
111  48.64066979 -123.42834653
111  48.64073329 -123.42833457 20
111  48.64072002 -123.42848273
112  48.64072002 -123.42848273  48.64073240 -123.42869560 20
111  48.64084412 -123.42865983 20
111  48.64097972 -123.42863681 20
111  48.64125083 -123.42869971
112  48.64125083 -123.42869971  48.64132804 -123.42872540 20
111  48.64135005 -123.42885572 20
111  48.64138368 -123.42923067 20
111  48.64180681 -123.42912978
112  48.64180681 -123.42912978  48.64186585 -123.42911303 20
111  48.64189114 -123.42914773 20
111  48.64199384 -123.42928679 20
112  48.64202033 -123.42935972  48.64202707 -123.42940055
111  48.64202033 -123.42935972 20
111  48.64218896 -123.43099049
112  48.64218896 -123.43099049  48.64219536 -123.43107667 20
111  48.64215836 -123.43116569 20
111  48.64180305 -123.43211836
111  48.64174070 -123.43208076 20
111  48.64210786 -123.43108736 20
112  48.64212055 -123.43100036  48.64211509 -123.43095746
111  48.64212055 -123.43100036 20
111  48.64195448 -123.42939982
112  48.64195448 -123.42939982  48.64194727 -123.42934528 20
111  48.64191605 -123.42931004 20
111  48.64186049 -123.42924252 20
112  48.64181187 -123.42922868  48.64178286 -123.42923824
111  48.64181187 -123.42922868 20
111  48.64135200 -123.42933870 20
111  48.64075679 -123.42950498
111  48.64074693 -123.42941267 20
111  48.64131869 -123.42924860 20
111  48.64128787 -123.42889566 20
112  48.64123936 -123.42879821  48.64119897 -123.42878717
111  48.64123936 -123.42879821 20
111  48.64097782 -123.42873760 20
115  48.64062880 -123.42881971
120 Linear Feature 15
111  48.64168470 -123.42846948 51
111  48.64173101 -123.42844965 51
113  48.64169483 -123.42840110 51
120 Linear Feature 15
111  48.64174980 -123.42855691 51
111  48.64179609 -123.42853637 51
113  48.64175991 -123.42848783 51
120 Linear Feature 17
111  48.64198609 -123.43225646 51
111  48.64201658 -123.43225669 51
113  48.64199683 -123.43229913 51
120 Linear Feature 17
111  48.64206994 -123.43203202 51
111  48.64209937 -123.43203139 51
113  48.64208115 -123.43207671 51
120 Linear Feature 17
111  48.64208725 -123.43197734 51
111  48.64212004 -123.43197411 51
113  48.64210198 -123.43202417 51
120 Linear Feature 17
111  48.64210924 -123.43191955 51
111  48.64214452 -123.43191596 51
113  48.64212477 -123.43196256 51
120 Linear Feature 16
111  48.64233303 -123.43057136 51
111  48.64237573 -123.43059991 51
113  48.64236776 -123.43052071 51
120 Linear Feature 16
111  48.64226514 -123.42986472 51
111  48.64230746 -123.42989480 51
113  48.64229950 -123.42981560 51
120 Linear Feature 15
111  48.64183179 -123.42865325 51
111  48.64187477 -123.42863498 51
113  48.64183820 -123.42858643 51
120 Linear Feature 15
111  48.64198668 -123.42888618 51
111  48.64202921 -123.42887312 51
113  48.64199625 -123.42881903 51
120 Linear Feature 12
111  48.64504887 -123.42166641 59
111  48.64499365 -123.42178843 59
115  48.64476013 -123.42188268
120 Linear Feature 14
111  48.64520130 -123.42193559 1
111  48.64518546 -123.42184776 1
111  48.64515406 -123.42186067 1
115  48.64516977 -123.42194925
120 Linear Feature 11
111  48.64523776 -123.42191978 1
111  48.64520130 -123.42193559 1
111  48.64516977 -123.42194925 1
111  48.64473816 -123.42213636 1
115  48.64473816 -123.42213636
120 Linear Feature 10
111  48.64548038 -123.42209661 1
115  48.64621521 -123.42177194
120 Linear Feature 10
111  48.64544835 -123.42193124 1
115  48.64618267 -123.42160866
120 Linear Feature 10
111  48.64542590 -123.42181533 1
115  48.64615977 -123.42149375
120 Linear Feature 23
111  48.64069691 -123.42719687 20
115  48.64066163 -123.42685563
120 Linear Feature 8
111  48.64065237 -123.42720559 21
111  48.64069691 -123.42719687 21
115  48.64074044 -123.42718767
120 Linear Feature 10
111  48.64678077 -123.43175152 51
111  48.64684042 -123.43190996
112  48.64684042 -123.43190996  48.64685420 -123.43194906 51
111  48.64688520 -123.43197121 51
115  48.64713833 -123.43217450
120 Linear Feature 9
111  48.64701093 -123.43141552 51
111  48.64687960 -123.43160723 51
111  48.64682178 -123.43169165 51
111  48.64678077 -123.43175152 51
115  48.64643487 -123.43225649
120 Linear Feature 8
111  48.64666519 -123.43134000 55
115  48.64681056 -123.43156476
120 Linear Feature 7
111  48.64073141 -123.42800139 21
115  48.64079365 -123.42803298
120 Linear Feature 22
111  48.64068856 -123.42856840 20
111  48.64061233 -123.42858612 20
111  48.64046613 -123.42712777 20
115  48.64052425 -123.42711590
120 Linear Feature 25
111  48.64105626 -123.42673768 6
115  48.64104689 -123.42660479
120 Linear Feature 9
111  48.64277980 -123.42266246 59
111  48.64442876 -123.42195491 59
115  48.64455699 -123.42193825
21  48.64944039 -123.43000456 2 152.5500 3.00 New Light Fixture 1
21  48.64698160 -123.41668087 2 283.3500 3.00 New Light Fixture 4
21  48.64347663 -123.42703831 2 331.0000 3.00 New Light Fixture 3
21  48.65160826 -123.43538050 2 105.0100 3.00 New Light Fixture 2
14  48.64526525 -123.42126453  82.02 0 New Tower Viewpoint 8
1300  48.65060174 -123.41885796 136.88 tie_down props GA Apron 13
1301 A general_aviation 
1300  48.65069515 -123.41871657 136.88 tie_down props GA Apron 12
1301 A general_aviation 
1300  48.65078346 -123.41857261 136.88 tie_down props GA Apron 11
1301 A general_aviation 
1300  48.65087008 -123.41842094 136.88 tie_down props GA Apron 10
1301 A general_aviation 
1300  48.65096009 -123.41828726 136.88 tie_down props GA Apron 09
1301 A general_aviation 
1300  48.64976274 -123.41916644 315.00 tie_down props GA Apron 08
1301 A general_aviation 
1300  48.64984936 -123.41902762 315.00 tie_down props GA Apron 07
1301 A general_aviation 
1300  48.64994447 -123.41888366 315.00 tie_down props GA Apron 06
1301 A general_aviation 
1300  48.65003448 -123.41873970 315.00 tie_down props GA Apron 05
1301 A general_aviation 
1300  48.65029943 -123.41830526 315.00 tie_down props GA Apron 04
1301 A general_aviation 
1300  48.65049202 -123.41803423 315.00 tie_down props GA Apron 03
1301 A general_aviation 
1300  48.65059945 -123.41787185 315.00 tie_down props GA Apron 02
1301 A general_aviation 
1300  48.65074529 -123.41761155 315.00 tie_down props GA Apron 01
1301 A general_aviation 
1300  48.64502017 -123.43460541  90.00 tie_down props Pacific Sky Aviation Apron 03
1301 A general_aviation 
1300  48.64512440 -123.43431640 190.00 tie_down props Pacific Sky Aviation Apron 02
1301 A general_aviation 
1300  48.64521360 -123.43449234 190.00 tie_down props Pacific Sky Aviation Apron 01
1301 A general_aviation 
1300  48.64547277 -123.43364945  67.23 tie_down turboprops|props FedEx Apron 01
1301 A cargo 
1300  48.64772640 -123.43231511 123.00 tie_down props|fighters 433 Squadron Apron 03
1301 A military 
1300  48.64755472 -123.43221126 123.00 tie_down props|fighters 433 Squadron Apron 02
1301 A military 
1300  48.64738191 -123.43213399 123.00 tie_down props|fighters 433 Squadron Apron 01
1301 A military 
1300  48.64630274 -123.41967117 108.00 tie_down props Shell FBO Apron 05
1301 A general_aviation 
1300  48.64603055 -123.41927688 108.00 tie_down props Shell FBO Apron 04
1301 A general_aviation 
1300  48.64570772 -123.41821595 288.00 tie_down props Shell FBO Apron 03
1301 A general_aviation 
1300  48.64586646 -123.41813757 288.00 tie_down props Shell FBO Apron 02
1301 A general_aviation 
1300  48.64600606 -123.41806771 288.00 tie_down props Shell FBO Apron 01
1301 A general_aviation 
1300  48.64553781 -123.42215799 288.00 tie_down props VCF 12
1301 A general_aviation 
1300  48.64564901 -123.42210543 288.00 tie_down props VFC 13
1301 A general_aviation 
1300  48.64597336 -123.42137658 285.91 tie_down props VFC 26
1301 A general_aviation 
1300  48.64586674 -123.42142349 285.91 tie_down props VFC 25
1301 A general_aviation 
1300  48.64575887 -123.42147041 285.91 tie_down props VFC 24
1301 A general_aviation 
1300  48.64554810 -123.42156048 285.91 tie_down props VFC 22
1301 A general_aviation 
1300  48.64565225 -123.42151544 285.91 tie_down props VFC 23
1301 A general_aviation 
1300  48.64559343 -123.42184210 285.91 tie_down props VFC 20
1301 A general_aviation 
1300  48.64549700 -123.42188380 285.91 tie_down props VFC 19
1301 A general_aviation 
1300  48.64618515 -123.42187198 285.91 tie_down props VFC 18
1301 A general_aviation 
1300  48.64607654 -123.42191927 285.91 tie_down props VFC 17
1301 A general_aviation 
1300  48.64597090 -123.42196656 285.91 tie_down props VFC 16
1301 A general_aviation 
1300  48.64585932 -123.42201384 285.91 tie_down props VFC 15
1301 A general_aviation 
1300  48.64575518 -123.42205663 285.91 tie_down props VFC 14
1301 A general_aviation 
1300  48.64079290 -123.42910114 -171.06 gate jets|turboprops Gate 10
1301 C airline 
1300  48.64093911 -123.42995618 -131.57 gate jets|turboprops Gate 09
1301 C airline 
1300  48.64139367 -123.42995906 -78.54 gate jets|turboprops Gate 08
1301 B airline 
1300  48.64188329 -123.42962506 -41.78 gate jets|turboprops Gate 07
1301 B airline 
1300  48.64198168 -123.43036555 319.92 gate jets|turboprops Gate 06
1301 B airline 
1300  48.64193822 -123.43116870 -103.73 gate jets|turboprops Gate 05
1301 B airline 
1300  48.64152246 -123.43066179 104.93 gate jets|turboprops Gate 04
1301 B airline 
1300  48.64105355 -123.43091430 144.07 gate jets|turboprops Gate 03
1301 B airline 
1300  48.64108446 -123.43177535 189.00 gate jets|turboprops Gate 02
1301 C airline 
1300  48.64113496 -123.43240251 187.31 gate jets|turboprops Gate 01
1301 D airline 
1300  48.64608962 -123.42008820  14.42 tie_down props VFC 06
1301 A general_aviation 
1300  48.64611713 -123.42024566  14.42 tie_down props VFC 05
1301 A general_aviation 
1300  48.64614583 -123.42040765  14.42 tie_down props VFC 04
1301 A general_aviation 
1300  48.64617170 -123.42055852  14.42 tie_down props VFC 03
1301 A general_aviation 
1300  48.64620146 -123.42072965  14.42 tie_down props VFC 02
1301 A general_aviation 
1300  48.64621478 -123.42003345 196.00 tie_down props VFC 07
1301 A general_aviation 
1300  48.64624467 -123.42019543 196.00 tie_down props VFC 08
1301 A general_aviation 
1300  48.64627457 -123.42035018 196.00 tie_down props VFC 09
1301 A general_aviation 
1300  48.64630446 -123.42050764 196.00 tie_down props VFC 10
1301 A general_aviation 
1300  48.64633615 -123.42067053 196.00 tie_down props VFC 11
1301 A general_aviation 
1300  48.64622973 -123.42088953  14.42 tie_down props VFC 01
1301 A general_aviation 
1300  48.64149074 -123.41851880  16.31 tie_down props GA East 02
1301 A general_aviation 
1300  48.64160321 -123.41910781  16.31 tie_down props GA East 01
1301 A general_aviation 
1300  48.64461541 -123.42228029 195.82 gate jets|turboprops Cargo
1301 B cargo 
1300  48.64293326 -123.42308369 195.82 gate jets|turboprops Purolator Cargo 03
1301 B cargo 
1300  48.64326740 -123.42282275  60.70 gate jets|turboprops Purolator Cargo 02
1301 B cargo 
1300  48.64404621 -123.42249566 195.82 gate jets Purolator Cargo 01
1301 C cargo 
18  48.64526525 -123.42126453 1 New Airport Beacon 9
19  48.64393413 -123.43486504 0 New Windsock 3
19  48.64201760 -123.42643312 0 New Windsock 2
19  48.64611366 -123.41421370 0 New Windsock 1
19  48.65198115 -123.43579962 0 New Windsock 3
50 11880 ATIS
51 11970 CTAF
52 12640 Clearance Delivery
53 12190 Victoria Ground
54 11970 Victoria Tower
56 13385 Victoria Departure
55 12295 Victoria Approach
99
