A
1000 Generated by Infinite Flight Airport Editing (World Parser)

1     4333 0 0 U27  Tremonton Municipal
100   22.86   1   0 0.00 0 2 0 17   41.72181825 -112.18254424    0.00    0.00 2  0 0 0 35   41.71272050 -112.18458627    0.00    0.00 2  0 0 0
110   1 0.00   0.00 New Taxiway 81
112  41.71874426 -112.18309133  41.71884585 -112.18306040  53 
111  41.71882738 -112.18288718  53 
111  41.71878120 -112.18230564  53 
111  41.71861034 -112.18223759  53 
111  41.71860572 -112.18190352  53 
111  41.71888280 -112.18193445  53 
111  41.71890589 -112.18211386  53 
111  41.71885047 -112.18215717  53 
111  41.71885509 -112.18224996  53 
112  41.71891974 -112.18291192  41.71893359 -112.18301709  53 
113  41.71899363 -112.18304184 
110   1 0.00   0.00 New Taxiway 80
112  41.71513769 -112.18443378  41.71514230 -112.18466267  53 
111  41.71517001 -112.18475546  53 
111  41.71625522 -112.18468741  53 
111  41.71628292 -112.18505858  53 
111  41.71605665 -112.18506477  53 
111  41.71603817 -112.18549161  53 
111  41.71452812 -112.18542975  53 
111  41.71451889 -112.18513281  53 
112  41.71491141 -112.18513281  41.71504071 -112.18514519  53 
111  41.71506842 -112.18487300  53 
112  41.71503609 -112.18440285  41.71502224 -112.18431624  53 
111  41.71490679 -112.18423582 
113  41.71526699 -112.18414922  53 
130 Airport Boundary 82
111  41.71641932 -112.18473870 
111  41.71629955 -112.18579760 
111  41.71426335 -112.18584573 
111  41.71138872 -112.18571738 
111  41.71141267 -112.18385629 
111  41.71847947 -112.18225175 
111  41.71851541 -112.18181853 
111  41.71889869 -112.18183457 
111  41.71898253 -112.18209129 
111  41.72201287 -112.18146554 
111  41.72219254 -112.18164203 
113  41.72213265 -112.18324654 
18   41.71890068 -112.18364572 1 BCN
19   41.72162929 -112.18288556 1 WS
19   41.71294778 -112.18483579 1 WS

99
