A
1000 Generated by Infinite Flight Airport Editing (World Parser)/AB

1      191 1 1 KEGI DUKE FLD
100   45.72   1   0 0.25 0 3 0 18   30.66134400 -086.52267500    0.00  168.25 3  1 0 0 36   30.63935800 -086.52309700    0.00  169.16 2  0 0 0
100   18.29   1   0 0.25 0 0 0 18C  30.64940000 -086.51968300    0.00    0.00 2  0 0 0 36C  30.63978300 -086.51986700    0.00    0.00 2  0 0 0
21   30.65786579 -086.52227241  2 180.95   3.00 18  PAPI-4L
21   30.64116427 -086.52353163  2   0.95   3.00 36  PAPI-4L
110   1 0.30 180.95 Default taxiway for RWY 18
111  30.66134736 -086.52291151   3 102 
111  30.66136438 -086.52410976   3 102 
111  30.63937838 -086.52453153   3 102 
111  30.63936136 -086.52333356 
112  30.63977275 -086.52332566  30.63956710 -086.52333222   3 102 
111  30.63957117 -086.52361911   3 102 
112  30.63957661 -086.52400162  30.63958068 -086.52428851   3 102 
111  30.63978637 -086.52428456   3 102 
111  30.65026513 -086.52408351   3 102 
111  30.65025151 -086.52312450 
111  30.65045721 -086.52312055   3 102 
111  30.65047083 -086.52407957   3 102 
112  30.66094959 -086.52387853  30.66115528 -086.52387458   3 102 
111  30.66115121 -086.52358763   3 102 
112  30.66114577 -086.52320503  30.66114170 -086.52291808   3 102 
113  30.66093597 -086.52291941 
110   1 0.30 180.94 Default taxiway for RWY 18C
111  30.64940132 -086.51977602   3 
111  30.64940813 -086.52025683   3 
111  30.63979113 -086.52044080   3 
111  30.63978432 -086.51996003 
112  30.63994888 -086.51995688  30.63986663 -086.51996107   3 
111  30.63986826 -086.52007582   3 
112  30.63987043 -086.52022883  30.63987205 -086.52034359   3 
111  30.63995433 -086.52034202   3 
111  30.64455713 -086.52025397   3 
111  30.64455168 -086.51986882 
111  30.64463396 -086.51986724   3 
111  30.64463941 -086.52025239   3 
112  30.64924221 -086.52016434  30.64932449 -086.52016276   3 
111  30.64932287 -086.52004800   3 
112  30.64932070 -086.51989498  30.64931907 -086.51978021   3 
113  30.64923676 -086.51977917 
120 Default hold RWY 18 (near)
111  30.66135419 -086.52339238   4 
115  30.66114849 -086.52339633 
120 Default hold RWY 18C (near)
111  30.64940406 -086.51996992   4 
115  30.64932178 -086.51997149 
120 Default hold RWY 18 (centre)
111  30.65046404 -086.52360137   4 
115  30.65025834 -086.52360532 
120 Default hold RWY 18C (centre)
111  30.64463670 -086.52006112   4 
115  30.64455442 -086.52006270 
120 Default hold RWY 18 (far)
111  30.63957389 -086.52381037   4 
115  30.63936819 -086.52381432 
120 Default hold RWY 18C (far)
111  30.63986934 -086.52015233   4 
115  30.63978706 -086.52015391 
19   30.66174520 -086.52194972 1 WS
19   30.64956050 -086.51939293 1 WS
19   30.63895680 -086.52382210 1 WS
19   30.63962250 -086.52015704 1 WS
54 13320 TWR
55 13300 APP
55 13210 APP
55 12510 APP
56 12090 DEP


130 Airport Boundary
111  030.63935852 -086.52309418
111  030.63936043 -086.52333069
111  030.63937759 -086.52452850
111  030.66136360 -086.52410889
111  030.66134453 -086.52267456
111  030.64940071 -086.51968384
113  030.63978386 -086.51986694
99
