A
1000 Generated by Infinite Flight Airport Editing (World Parser)/AB

1       83 1 1 LGBL NEA ANCHIALOS
100   45.11   1   0 0.25 0 1 0 08   39.21764400  022.77866900    0.00  310.90 2 10 0 0 26   39.22132800  022.81026400    0.00  292.61 2  3 0 0
21   39.21830867  022.78088910  2  81.43   3.00 08  PAPI-4L
21   39.22066393  022.80804349  2 261.45   3.00 26  PAPI-4L
10   39.22055440  022.80188750 xxx 170.00   700 0.0 0.0    98 161161  1 0 0 0.25 0
10   39.22069930  022.77736090 xxx  13.00   460 0.0 0.0   100 161161  1 0 0 0.25 0
10   39.21633150  022.78538320 xxx 210.00   300 0.0 0.0   100 161161  1 0 0 0.25 0
10   39.21548840  022.77939990 xxx 130.00   300 0.0 0.0   100 161161  1 0 0 0.25 0
10   39.22171020  022.77854920 xxx  60.00   700 0.0 0.0   100 161161  1 0 0 0.25 0
10   39.22184370  022.78267480 xxx 120.00   500 0.0 0.0   100 161161  1 0 0 0.25 0
10   39.21701810  022.77873230 xxx 170.00  1000 0.0 0.0   100 161161  1 0 0 0.25 0
10   39.21936040  022.77779200 xxx 150.00   700 0.0 0.0   100 161161  1 0 0 0.25 0
10   39.22216420  022.78075030 xxx  90.00   700 0.0 0.0   100 161161  1 0 0 0.25 0
10   39.22242360  022.80085370 xxx 140.00   700 0.0 0.0   100 161161  1 0 0 0.25 0
10   39.22196960  022.79760360 xxx 200.00   700 0.0 0.0   100 161161  1 0 0 0.25 0
10   39.22163390  022.80972290 xxx 170.00   730 0.0 0.0   100 161161  1 0 0 0.25 0
10   39.21792600  022.78532790 xxx 170.00  1000 0.0 0.0    98 161161  1 0 0 0.25 0
10   39.22343060  022.79894070 xxx  80.00   700 0.0 0.0   400 161161  1 0 0 0.25 0
10   39.21489720  022.78264240 xxx  80.00   800 0.0 0.0   500 161161  1 0 0 0.25 0
10   39.21565630  022.78247070 xxx  80.00  1600 0.0 0.0   100 161161  1 0 0 0.25 0
10   39.21843720  022.79443360 xxx  80.00  9028 0.0 0.0    98 161161  1 0 0 0.25 0
10   39.22058870  022.79393390 xxx  80.00  9028 0.0 0.0    98 161161  1 0 0 0.25 0
10   39.22050090  022.78416440 xxx 150.00   900 0.0 0.0   100 161161  1 0 0 0.25 0
14   39.22254940  022.79176520  100 0 ATC Tower
15   39.21492390  022.78273770  80.00 Ramp
18   39.22089309  022.79419202 4 BCN
19   39.21818565  022.77803375 1 WS
19   39.22078617  022.81089905 1 WS
54 12210 ALMIROS TWR
55 12035 ALMIROS APP
55 12210 ALMIROS APP


130 Airport Boundary
111  039.21489716  022.78264236
111  039.21548843  022.77939987
111  039.21701813  022.77873230
111  039.21936035  022.77779198
111  039.22069931  022.77736092
111  039.22171021  022.77854919
111  039.22216415  022.78075027
111  039.22343063  022.79894066
111  039.22163391  022.80972290
113  039.22132874  022.81026459
99
