A
1000 Generated by Infinite Flight Airport Editing (World Parser)/AB

1      860 0 1 EPCH RUDNIKI
100   60.05   2   0 0.25 0 0 0 08   50.88357200  019.18924700    0.00    0.00 2  0 0 0 26   50.88579400  019.21732200    0.00    0.00 2  0 0 0
110   2 0.30  82.84 Default taxiway for RWY 08
111  50.88330616  019.18929994  53 
111  50.88196354  019.18956733  53 
111  50.88418891  019.21764100  53 
111  50.88553153  019.21737361 
112  50.88546416  019.21652379  50.88549560  019.21694914  53 
111  50.88517391  019.21701321  53 
112  50.88474499  019.21709863  50.88442330  019.21716270  53 
111  50.88438962  019.21673779  53 
111  50.88336114  019.20376324  53 
111  50.88443568  019.20354923 
111  50.88440200  019.20312431  53 
111  50.88332746  019.20333832  53 
112  50.88229898  019.19036376  50.88226530  019.18993885  53 
111  50.88258699  019.18987478  53 
112  50.88301591  019.18978936  50.88333760  019.18972530  53 
113  50.88337352  019.19014976 
120 Default hold RWY 08 (near)
111  50.88276777  019.18940716  54 
115  50.88280145  019.18983207 
120 Default hold RWY 08 (centre)
111  50.88386361  019.20323154  54 
115  50.88389729  019.20365646 
120 Default hold RWY 08 (far)
111  50.88495945  019.21705592  54 
115  50.88499314  019.21748083 
19   50.88430751  019.18823729 1 WS
19   50.88505825  019.21833132 1 WS
54 12280 AERO


130 Airport Boundary
111  050.88196182  019.18956757
111  050.88357162  019.18924713
111  050.88579559  019.21732140
111  050.88499451  019.21748161
113  050.88418961  019.21764183
99
