I
1050 Generated by WorldEditor 2.1.0r1

1     38 0 0 WADS Sumbawa Besar
100 29.87 1 0 0.00 1 1 0 14 -08.48255177  117.40690641    0    0 3 0 0 0 32 -08.49404492  117.41649369    0    0 3 0 0 0
110 2 0.00 0.0000 New Taxiway 35
111 -08.49232349  117.41528382
111 -08.49236282  117.41526651
111 -08.49328395  117.41603499
111 -08.49353308  117.41639815
111 -08.49388250  117.41669313
111 -08.49395944  117.41659879
111 -08.49397148  117.41658355
111 -08.49412258  117.41639842
111 -08.49414219  117.41637462
111 -08.49417837  117.41640318
111 -08.49390095  117.41674040
111 -08.49350367  117.41641091
111 -08.49324781  117.41602770
111 -08.49236519  117.41528733
113 -08.49231355  117.41529627
110 2 0.00 0.0000 New Taxiway 34
111 -08.49230569  117.41519018
111 -08.49229243  117.41520789
112 -08.49229243  117.41520789 -08.49229784  117.41524359
111 -08.49228516  117.41527337
111 -08.49227543  117.41521173
111 -08.49169308  117.41472946
111 -08.49141264  117.41448751
113 -08.49142445  117.41447258
110 2 0.00 0.0000 New Taxiway 33
111 -08.49115940  117.41423174
111 -08.49114324  117.41424808
112 -08.49116585  117.41430079 -08.49117264  117.41433384
111 -08.49116585  117.41430079
111 -08.48984857  117.41318854
112 -08.48984857  117.41318854 -08.48986032  117.41319166
111 -08.48988578  117.41320097
113 -08.48990163  117.41318166
110 2 0.00 0.0000 New Taxiway 32
111 -08.48246165  117.40699653
111 -08.48958082  117.41291284
111 -08.48956554  117.41293214
112 -08.48957729  117.41313859 -08.48953773  117.41324782
111 -08.48957729  117.41313859
111 -08.48931578  117.41345681
111 -08.48922952  117.41355476
111 -08.48901868  117.41379108
111 -08.48871627  117.41414616
111 -08.48868248  117.41418571
111 -08.48866589  117.41417040
111 -08.48894757  117.41382922
111 -08.48927448  117.41346267
111 -08.48955236  117.41311982
112 -08.48955236  117.41311982 -08.48958581  117.41302830
111 -08.48953563  117.41293279
111 -08.48287956  117.40738853
111 -08.48244371  117.40701789
113 -08.48245663  117.40700292
110 2 0.00 0.0000 New Taxiway 31
111 -08.48263742  117.40681598
111 -08.48247180  117.40701577
111 -08.48246564  117.40701079
111 -08.48245663  117.40700292
111 -08.48246165  117.40699653
111 -08.48263695  117.40677398
111 -08.48404551  117.40794804
113 -08.48402816  117.40796848
110 2 0.00 0.0000 New Taxiway 30
111 -08.48467558  117.40848253
111 -08.48804671  117.41127647
111 -08.49018442  117.41305626
111 -08.49045966  117.41324835
111 -08.49074776  117.41352529
111 -08.49218658  117.41472320
111 -08.49414219  117.41637462
111 -08.49412258  117.41639842
113 -08.48470035  117.40852257
110 1 0.00 0.0000 New Taxiway 29
111 -08.49237608  117.41524897
111 -08.49236282  117.41526651
112 -08.49236282  117.41526651 -08.49233663  117.41527140 20
111 -08.49232303  117.41528404 20
111 -08.49231355  117.41529627 20
111 -08.49135186  117.41653621
112 -08.49135186  117.41653621 -08.49134097  117.41655483 20
111 -08.49134778  117.41656715 20
111 -08.49150795  117.41669196 20
111 -08.49139879  117.41683842 20
111 -08.49098666  117.41651249 20
111 -08.49109887  117.41639697
112 -08.49109887  117.41639697 -08.49109990  117.41638108 20
111 -08.49108561  117.41635777 20
111 -08.49031031  117.41562345
111 -08.49033658  117.41559218 20
111 -08.49128250  117.41650527
112 -08.49128250  117.41650527 -08.49130880  117.41650734 20
111 -08.49133962  117.41647329 20
111 -08.49228529  117.41527269 20
112 -08.49229243  117.41520789 -08.49228702  117.41517220
111 -08.49229243  117.41520789
113 -08.49230569  117.41519018
110 1 0.00 0.0000 New Taxiway 25
111 -08.49139361  117.41443245
111 -08.49137944  117.41444677
112 -08.49137944  117.41444677 -08.49129939  117.41441526 3
111 -08.49124767  117.41447686 3
111 -08.49089163  117.41493162 3
111 -08.49068944  117.41518120 3
111 -08.49039961  117.41551717
111 -08.49033658  117.41559218
111 -08.49031031  117.41562345
111 -08.48967277  117.41500854
112 -08.48967277  117.41500854 -08.48963299  117.41498997
111 -08.48959198  117.41502339
111 -08.48903849  117.41455820
111 -08.48898335  117.41462073
111 -08.48860106  117.41428099
111 -08.48868248  117.41418571
111 -08.48871627  117.41414616 3
111 -08.48901868  117.41379108 3
111 -08.48922952  117.41355476 3
111 -08.48931578  117.41345681 3
111 -08.48957729  117.41313859
112 -08.48957729  117.41313859 -08.48961684  117.41302936 3
111 -08.48956554  117.41293214
111 -08.48958082  117.41291284
111 -08.48990163  117.41318166
111 -08.48988578  117.41320097
112 -08.48988578  117.41320097 -08.48987272  117.41319574 3
112 -08.48984857  117.41318854 -08.48983682  117.41318543
111 -08.48984857  117.41318854
112 -08.48984857  117.41318854 -08.48973284  117.41315789 3
111 -08.48968012  117.41322176 3
111 -08.48953522  117.41340517 3
111 -08.48940542  117.41355298
112 -08.48940542  117.41355298 -08.48937466  117.41359842 3
112 -08.48936768  117.41367479 -08.48936966  117.41370988
111 -08.48936768  117.41367479
112 -08.48936768  117.41367479 -08.48937185  117.41374865 3
111 -08.48942451  117.41379508 3
111 -08.48984383  117.41412057 3
111 -08.49067756  117.41481249
112 -08.49067756  117.41481249 -08.49070321  117.41482623 3
112 -08.49075750  117.41482109 -08.49078379  117.41481541
111 -08.49075750  117.41482109
112 -08.49075750  117.41482109 -08.49081405  117.41480888 3
111 -08.49086266  117.41476793 3
111 -08.49116086  117.41438027
112 -08.49116086  117.41438027 -08.49117085  117.41434928 3
112 -08.49116585  117.41430079 -08.49116145  117.41427936
111 -08.49116585  117.41430079
112 -08.49116585  117.41430079 -08.49115907  117.41426774 3
111 -08.49114324  117.41424808
113 -08.49115940  117.41423174
110 1 0.00 0.0000 New Taxiway 8
111 -08.48400921  117.40799311
111 -08.48403121  117.40796488 20
111 -08.48404551  117.40794804 20
111 -08.48411152  117.40787030 20
111 -08.48450203  117.40820200 20
111 -08.48467558  117.40848253 20
111 -08.48470035  117.40852257
113 -08.48468102  117.40854855
110 1 0.00 0.0000 New Taxiway 7
111 -08.49397148  117.41658355
111 -08.49395944  117.41659879 20
111 -08.49388250  117.41669313 20
111 -08.49353308  117.41639815 20
111 -08.49328395  117.41603499
113 -08.49329575  117.41601852
130 Airport Boundary 36
111 -08.49527613  117.41780693
111 -08.49476730  117.41778919
111 -08.49238110  117.41578457
111 -08.49131521  117.41704410
111 -08.48998175  117.41600188
111 -08.48895533  117.41547855
111 -08.48819210  117.41419685
111 -08.48887637  117.41290627
111 -08.48215934  117.40722426
111 -08.48260712  117.40622949
113 -08.49592741  117.41722683
120 Linear Feature 28
111 -08.49089163  117.41493162 4
115 -08.49075750  117.41482109
120 Linear Feature 27
111 -08.48936768  117.41367479 4
115 -08.48922952  117.41355476
120 Linear Feature 26
111 -08.49039961  117.41551717 3
115 -08.48871627  117.41414616
120 Linear Feature 24
112 -08.49007018  117.41506899 -08.49001407  117.41510595 1
115 -08.48996501  117.41507837
120 Linear Feature 23
111 -08.49032620  117.41473736 1
112 -08.49024788  117.41477182 -08.49021529  117.41481623 1
115 -08.49026004  117.41485984
120 Linear Feature 22
111 -08.49035851  117.41476457 1
112 -08.49034956  117.41485281 -08.49030875  117.41490008 1
111 -08.49026004  117.41485984 1
111 -08.49020299  117.41492268 1
111 -08.49007018  117.41506899
112 -08.49007018  117.41506899 -08.49004230  117.41512495 1
115 -08.49008206  117.41517345
120 Linear Feature 21
112 -08.48978680  117.41483477 -08.48972729  117.41487488 1
115 -08.48967484  117.41484023
120 Linear Feature 20
111 -08.49004450  117.41450403 1
112 -08.48996362  117.41452533 -08.48992304  117.41457093 1
115 -08.48997410  117.41462033
120 Linear Feature 19
111 -08.49007895  117.41453256 1
112 -08.49007215  117.41461684 -08.49003538  117.41466205 1
111 -08.48997410  117.41462033 1
111 -08.48992694  117.41467432 1
111 -08.48978680  117.41483477
112 -08.48978680  117.41483477 -08.48976215  117.41489150 1
115 -08.48979182  117.41493769
120 Linear Feature 18
112 -08.48950426  117.41460090 -08.48944510  117.41464216 1
115 -08.48939967  117.41461410
120 Linear Feature 17
111 -08.48975423  117.41426485 1
112 -08.48967707  117.41429012 -08.48964106  117.41432892 1
115 -08.48968534  117.41438119
120 Linear Feature 16
111 -08.48979521  117.41429842 1
112 -08.48977487  117.41438036 -08.48973988  117.41441580 1
111 -08.48968534  117.41438119 1
111 -08.48964114  117.41443482 1
111 -08.48950426  117.41460090
112 -08.48950426  117.41460090 -08.48947621  117.41465591 1
115 -08.48951262  117.41470468
120 Linear Feature 15
112 -08.48922905  117.41437752 -08.48917804  117.41442307 1
115 -08.48912073  117.41439485
120 Linear Feature 14
111 -08.48947991  117.41404558 1
112 -08.48939920  117.41407468 -08.48936690  117.41411852 1
115 -08.48941115  117.41415971
120 Linear Feature 13
111 -08.48951291  117.41407196 1
112 -08.48950181  117.41415370 -08.48946695  117.41419582 1
111 -08.48941115  117.41415971 1
111 -08.48936568  117.41421409 1
111 -08.48922905  117.41437752
112 -08.48922905  117.41437752 -08.48919335  117.41442651 1
115 -08.48923604  117.41448618
120 Linear Feature 12
111 -08.49077343  117.41497778 1
111 -08.49062023  117.41516194 1
111 -08.49044163  117.41536118
112 -08.49044163  117.41536118 -08.49036427  117.41539041 1
111 -08.49030349  117.41535331 1
111 -08.49008206  117.41517345 1
111 -08.48996501  117.41507837 1
111 -08.48979182  117.41493769 1
111 -08.48967484  117.41484023 1
111 -08.48951262  117.41470468 1
111 -08.48939967  117.41461410 1
111 -08.48923604  117.41448618 1
111 -08.48912073  117.41439485 1
111 -08.48890739  117.41421930
112 -08.48890739  117.41421930 -08.48882918  117.41412991 1
111 -08.48888444  117.41404739 1
111 -08.48904134  117.41385602 1
115 -08.48920095  117.41368046
120 Linear Feature 11
112 -08.49128608  117.41432371 -08.49136967  117.41428145 1
111 -08.49143189  117.41432063 1
115 -08.49186766  117.41468139
120 Linear Feature 9
111 -08.48926964  117.41251975 1
111 -08.48971544  117.41289520
112 -08.48971544  117.41289520 -08.48976237  117.41296430 1
111 -08.48972870  117.41303754 1
111 -08.48958793  117.41323454 1
111 -08.48940226  117.41345527 1
111 -08.48920095  117.41368046
112 -08.48920095  117.41368046 -08.48915505  117.41376900 1
111 -08.48922088  117.41383853 1
111 -08.48947991  117.41404558 1
111 -08.48951291  117.41407196 1
111 -08.48975423  117.41426485 1
111 -08.48979521  117.41429842 1
111 -08.48988989  117.41437598 1
111 -08.49004450  117.41450403 1
111 -08.49007895  117.41453256 1
111 -08.49032620  117.41473736 1
111 -08.49035851  117.41476457 1
111 -08.49062085  117.41498141
112 -08.49062085  117.41498141 -08.49069226  117.41502868 1
111 -08.49077343  117.41497778 1
111 -08.49101439  117.41467566 1
111 -08.49128608  117.41432371
112 -08.49128608  117.41432371 -08.49130945  117.41423128 1
111 -08.49126568  117.41418137 1
115 -08.49084232  117.41383172
120 Linear Feature 10
112 -08.48972870  117.41303754 -08.48979603  117.41299215 1
111 -08.48986216  117.41302216 1
115 -08.49025390  117.41333262
21 -08.48396882  117.40850258 2 140.4800 3.00 PAPI 14
21 -08.49283012  117.41496570 2 320.4800 3.00 PAPI 32
14 -08.48834191  117.41426092  82.02 0 Tower Viewpoint
1300 -08.48936568  117.41421409  50.12 gate jets|turboprops|props Gate 1
1301 B airline 
1300 -08.48964114  117.41443482  50.32 gate jets|turboprops|props Gate 2
1301 B airline 
1300 -08.48992694  117.41467432  48.57 gate jets|turboprops|props Gate 3
1301 B airline 
1300 -08.49020299  117.41492268  47.66 gate jets|turboprops|props Gate 4
1301 B airline 
18 -08.48834191  117.41426092 1 Airport Beacon
99
