I
1050 Generated by WorldEditor 2.1.0r1

1   2041 1 0 LTCV Sirnak
100 45.00 2 0 0.00 0 3 1 11  37.37054369  042.04292567    0   54 3 1 0 1 29  37.35885932  042.07349986    0   58 3 1 0 1
110 1 0.00 0.0000 New Taxiway 6
111  37.36462670  042.05736403
111  37.36468783  042.05748627
111  37.36477961  042.05724690
111  37.36466185  042.05729099
111  37.36246509  042.05597654
111  37.36230106  042.05587781
111  37.36185091  042.05560962
111  37.36182082  042.05567678
111  37.36227840  042.05595253
113  37.36244242  042.05604893
110 2 0.00 0.0000 New Taxiway 5
111  37.35931751  042.06110168
111  37.36071691  042.06194690
112  37.36071691  042.06194690  37.36086166  042.06204040
111  37.36081305  042.06220690
111  37.35615815  042.07436889
112  37.35593189  042.07450271  37.35579013  042.07447934
111  37.35593189  042.07450271
111  37.35563851  042.07446531
112  37.35563851  042.07446531  37.35539165  042.07446856
111  37.35534706  042.07475554
111  37.35530246  042.07503865
111  37.35471987  042.07808870
112  37.35471987  042.07808870  37.35473278  042.07844127
111  37.35489519  042.07848004
111  37.35584357  042.07871970
112  37.35584357  042.07871970  37.35588171  042.07873268
111  37.35593369  042.07875952
111  37.35796874  042.07997728
112  37.35796874  042.07997728  37.35822465  042.08005689
111  37.35832147  042.07981332
111  37.35926059  042.07735659
112  37.35926059  042.07735659  37.35928297  042.07731384
111  37.35933300  042.07725938
111  37.35982288  042.07680734
112  37.35982288  042.07680734  37.35990172  042.07672685
111  37.35995859  042.07658945
111  37.36103817  042.07374003
111  37.36178042  042.07180965
112  37.36178042  042.07180965  37.36181274  042.07172753
111  37.36181799  042.07153352
111  37.36179010  042.07093129
112  37.36179010  042.07093129  37.36178538  042.07078350
111  37.36182981  042.07065623
111  37.36268443  042.06840150
111  37.36602453  042.05967775
111  37.36638536  042.05874271
111  37.36728554  042.05636619
111  37.37018273  042.04883052
112  37.37018273  042.04883052  37.37023386  042.04873049
111  37.37029513  042.04868973
111  37.37172435  042.04798555
112  37.37172435  042.04798555  37.37181996  042.04792028
111  37.37186609  042.04782388
111  37.37525473  042.03894171
112  37.37509480  042.03843256  37.37486234  042.03825524
111  37.37509480  042.03843256
111  37.37112607  042.03604973
112  37.37071361  042.03624455  37.37055232  042.03656657
111  37.37071361  042.03624455
111  37.36706295  042.04579674
111  37.36583955  042.04903561
111  37.36365100  042.04702186
111  37.36336808  042.04683352
111  37.36333834  042.04690452
111  37.36360945  042.04709074
111  37.36581152  042.04911877
111  37.36529038  042.05048492
111  37.36472468  042.05196767
111  37.36372209  042.05136327
112  37.36357950  042.05080889  37.36367885  042.05047115
111  37.36357950  042.05080889
111  37.36411830  042.04940997
111  37.36281059  042.04862828
111  37.36204104  042.05060372
111  37.36111885  042.05001352
111  37.36089774  042.05061944
111  37.36083827  042.05058040
111  37.36077088  042.05074365
111  37.36120364  042.05101005
111  37.36122326  042.05095857
111  37.36177578  042.05130537
111  37.36146799  042.05208309
111  37.36280136  042.05286240
111  37.36313983  042.05195488
112  37.36313983  042.05195488  37.36331369  042.05166179
111  37.36356793  042.05176272
111  37.36457610  042.05236997
111  37.36338414  042.05545151
111  37.36272451  042.05501756
111  37.36219072  042.05468176
111  37.36077072  042.05383657
111  37.36074111  042.05390659
111  37.36220766  042.05478851
111  37.36269391  042.05509566
111  37.36335687  042.05552892
111  37.36333697  042.05557790
112  37.36312350  042.05562299  37.36295908  042.05555394
111  37.36312350  042.05562299
111  37.36158647  042.05470044
111  37.36155849  042.05477365
111  37.36311625  042.05571243
112  37.36311625  042.05571243  37.36331457  042.05577650
111  37.36340382  042.05559128
111  37.36463765  042.05240108
111  37.36593857  042.05318643
112  37.36593857  042.05318643  37.36621000  042.05338157
111  37.36611919  042.05375300
111  37.36477961  042.05724690
111  37.36468783  042.05748627
111  37.36399323  042.05929793
112  37.36399323  042.05929793  37.36385737  042.05960117
111  37.36359030  042.05955317
111  37.36231420  042.05879018
112  37.36231420  042.05879018  37.36202758  042.05856422
111  37.36214187  042.05819666
111  37.36273214  042.05668110
111  37.36230563  042.05642968
111  37.36231403  042.05633455
111  37.36244242  042.05604893
111  37.36227840  042.05595253
111  37.36215662  042.05623728
111  37.36208683  042.05629777
111  37.36162573  042.05601951
111  37.36142838  042.05657259
111  37.36136944  042.05660111
111  37.36124241  042.05695111
111  37.36118073  042.05691322
111  37.36108932  042.05715082
111  37.36110190  042.05715800
111  37.36094566  042.05757205
111  37.36093566  042.05756624
111  37.36089214  042.05768505
111  37.36090333  042.05769295
111  37.36087671  042.05776186
111  37.36086517  042.05775491
111  37.36068170  042.05825705
111  37.36072943  042.05828746
111  37.36022387  042.05962096
112  37.36022387  042.05962096  37.36032742  042.05963741
111  37.36039624  042.05947584
111  37.36142616  042.06008994
111  37.36167442  042.05942632
112  37.36167442  042.05942632  37.36184378  042.05902123
111  37.36216852  042.05918684
111  37.36342542  042.05994609
112  37.36342542  042.05994609  37.36363201  042.06014513
111  37.36354243  042.06049087
111  37.35916765  042.07192117
112  37.35916765  042.07192117  37.35906243  042.07216823
112  37.35870113  042.07235542  37.35852590  042.07242297
111  37.35870113  042.07235542
111  37.35852985  042.07242457
111  37.35823147  042.07319557
111  37.35859578  042.07341382
111  37.35839156  042.07394790
111  37.35887558  042.07425135
111  37.35907784  042.07371206
111  37.35937406  042.07387305
112  37.35937406  042.07387305  37.35931738  042.07416747
111  37.35923473  042.07448095
112  37.35883636  042.07575094  37.35868088  042.07612131
111  37.35883636  042.07575094
112  37.35883636  042.07575094  37.35874859  042.07594312
111  37.35869517  042.07599194
111  37.35844643  042.07620598
111  37.35815444  042.07650104
111  37.35787932  042.07676919
112  37.35780049  042.07688237  37.35777568  042.07694481
111  37.35780049  042.07688237
111  37.35723635  042.07829762
111  37.35686380  042.07922258
111  37.35597631  042.07869165
112  37.35583369  042.07863755  37.35575090  042.07861388
111  37.35583369  042.07863755
111  37.35490757  042.07840113
112  37.35481190  042.07808231  37.35482579  042.07783757
111  37.35481190  042.07808231
111  37.35545248  042.07475614
112  37.35563134  042.07454800  37.35575541  042.07455775
111  37.35563134  042.07454800
111  37.35593821  042.07459373
112  37.35593821  042.07459373  37.35604285  042.07459373
112  37.35614470  042.07450444  37.35618937  042.07445646
111  37.35614470  042.07450444
111  37.35623018  042.07437347
111  37.36086634  042.06224170
112  37.36072390  042.06186243  37.36052515  042.06173726
111  37.36072390  042.06186243
113  37.35934526  042.06103303
111  37.35786898  042.07691055
112  37.35790968  042.07684882  37.35793414  042.07682052
111  37.35790968  042.07684882
111  37.35806251  042.07670576
111  37.35843529  042.07633193
111  37.35875346  042.07604300
112  37.35895336  042.07565157  37.35907136  042.07535534
111  37.35895336  042.07565157
112  37.35895336  042.07565157  37.35904133  042.07543728
111  37.35930267  042.07450060
111  37.35944225  042.07388385
111  37.35947452  042.07385455
111  37.35973884  042.07314994
111  37.35964347  042.07282048
112  37.35964347  042.07282048  37.35960854  042.07264320
112  37.35964504  042.07224406  37.35970362  042.07201386
111  37.35964504  042.07224406
111  37.37094633  042.04267055
112  37.37094633  042.04267055  37.37099749  042.04269766
112  37.37142903  042.04245146  37.37151252  042.04223195
111  37.37142903  042.04245146
111  37.37181224  042.04098578
112  37.37181224  042.04098578  37.37187067  042.04061105
112  37.37181080  042.04037702  37.37185983  042.04007932
111  37.37181080  042.04037702
111  37.37232183  042.03901936
111  37.37297189  042.03725124
111  37.37504790  042.03848588
112  37.37518122  042.03893902  37.37509439  042.03924457
111  37.37518122  042.03893902
111  37.37237783  042.04629036
111  37.37171884  042.04590219
111  37.37168668  042.04597889
111  37.37234537  042.04637587
111  37.37180346  042.04780662
112  37.37169658  042.04790746  37.37162518  042.04794531
111  37.37169658  042.04790746
111  37.37027013  042.04861205
112  37.37013882  042.04877159  37.37007080  042.04888175
111  37.37013882  042.04877159
111  37.37000482  042.04909336
111  37.36940802  042.05066261
111  37.36896839  042.05178389
111  37.36648039  042.05829640
111  37.36524160  042.06152919
111  37.36499496  042.06136334
111  37.36480798  042.06121828
111  37.36479719  042.06123987
111  37.36522373  042.06156770
111  37.36175620  042.07066598
112  37.36172705  042.07090113  37.36172391  042.07104895
111  37.36172705  042.07090113
111  37.36175544  042.07157672
112  37.36171302  042.07180136  37.36167065  042.07189986
111  37.36171302  042.07180136
111  37.36097924  042.07370597
111  37.35989529  042.07656400
112  37.35979837  042.07672978  37.35973595  042.07681526
111  37.35979837  042.07672978
111  37.35935460  042.07713720
112  37.35919149  042.07735536  37.35913385  042.07746780
111  37.35919149  042.07735536
111  37.35826433  042.07977564
112  37.35795958  042.07988452  37.35773671  042.07978423
111  37.35795958  042.07988452
111  37.35692345  042.07925925
111  37.35725204  042.07845055
113  37.35767183  042.07738644
111  37.37291109  042.03721729
111  37.37228607  042.03890873
111  37.37173353  042.04037546
112  37.37173353  042.04037546  37.37169604  042.04059827
112  37.37174597  042.04095412  37.37170073  042.04122246
111  37.37174597  042.04095412
111  37.37137210  042.04239228
112  37.37137210  042.04239228  37.37131736  042.04257714
112  37.37097651  042.04259016  37.37093127  042.04257999
111  37.37097651  042.04259016
111  37.37102291  042.04247588
111  37.37052971  042.04218983
111  37.37032324  042.04271671
111  37.36996665  042.04250693
111  37.36966966  042.04327356
111  37.36977510  042.04363985
112  37.36978196  042.04414573  37.36973671  042.04445886
111  37.36978196  042.04414573
111  37.36655758  042.05261338
112  37.36612342  042.05280498  37.36582058  042.05272068
111  37.36612342  042.05280498
111  37.36478184  042.05200400
111  37.36533590  042.05057196
111  37.36731088  042.04532843
111  37.36927693  042.04021163
111  37.37072325  042.03641375
111  37.37076637  042.03628863
112  37.37076637  042.03628863  37.37091460  042.03601156
113  37.37111651  042.03613415
110 2 0.00 0.0000 New Taxiway 33
111  37.36246509  042.05597654
111  37.36251275  042.05586281
111  37.36249370  042.05585120
111  37.36251245  042.05580268
111  37.36248997  042.05578779
111  37.36262068  042.05544734
111  37.36209743  042.05513173
111  37.36194055  042.05556814
111  37.36208267  042.05565360
111  37.36207145  042.05568463
111  37.36212055  042.05571525
111  37.36211021  042.05574007
111  37.36230872  042.05585837
113  37.36230106  042.05587781
130 Airport Boundary 1
111  37.37026674  042.04889514
111  37.37194367  042.04806599
111  37.37559491  042.03850265
111  37.37081926  042.03566205
111  37.36581526  042.04881152
111  37.36376656  042.04683554
111  37.36045103  042.04446815
111  37.35887821  042.04363269
111  37.35867266  042.04366663
111  37.35851297  042.04392208
111  37.35743332  042.05576681
111  37.35750214  042.05584117
111  37.35816005  042.05613688
111  37.35937262  042.05685033
111  37.35915860  042.05746193
111  37.35812131  042.05685270
111  37.35747787  042.05695047
111  37.35735271  042.05709851
111  37.35707554  042.05966803
111  37.35709708  042.05978505
111  37.35722172  042.05989252
111  37.35926092  042.06120214
111  37.36073671  042.06208369
111  37.35606851  042.07428494
111  37.35593485  042.07437184
111  37.35557908  042.07431936
111  37.35531777  042.07440625
111  37.35456886  042.07854481
111  37.35584483  042.07886216
111  37.35639165  042.07918847
111  37.35486300  042.08316874
111  37.35548520  042.08312302
111  37.35687858  042.07947983
111  37.35826375  042.08030258
111  37.35938319  042.07738857
111  37.36000006  042.07682264
111  37.36194814  042.07171716
113  37.36190923  042.07079457
120 Runway Hold Apron A
111  37.36315884  042.05939486 54
115  37.36307125  042.05962712
120 Linear Feature 18
112  37.35956479  042.07227858  37.35951668  042.07252889 3 102
111  37.35956427  042.07277499 3 102
111  37.35966897  042.07314826 3 102
111  37.35941468  042.07381499 3 102
115  37.35904628  042.07359375
120 Linear Feature 17
112  37.35923278  042.07194025  37.35911480  042.07222867 3 102
111  37.35886566  042.07236480 3 102
111  37.35857665  042.07249410 3 102
111  37.35832132  042.07315658 3 102
115  37.35868311  042.07337529
120 Linear Feature 15
111  37.36091105  042.05892498 20
111  37.36105214  042.05901171 20
111  37.36113848  042.05932148 20
111  37.36075117  042.05947443 20
111  37.36067572  042.05917852 20
111  37.36073496  042.05900314 20
111  37.36069757  042.05885893 20
113  37.36087517  042.05879244 20
120 Linear Feature 15
111  37.36115746  042.05826022 20
111  37.36129855  042.05834695 20
111  37.36138489  042.05865672 20
111  37.36099758  042.05880967 20
111  37.36092213  042.05851376 20
111  37.36098138  042.05833838 20
111  37.36094398  042.05819417 20
113  37.36112158  042.05812768 20
120 Linear Feature 15
111  37.36176622  042.05678939 20
111  37.36190731  042.05687612 20
111  37.36199365  042.05718589 20
111  37.36160634  042.05733885 20
111  37.36153089  042.05704293 20
111  37.36159014  042.05686755 20
111  37.36155274  042.05672334 20
113  37.36173034  042.05665685 20
120 Linear Feature 15
111  37.36141279  042.05758657 20
111  37.36155389  042.05767330 20
111  37.36164023  042.05798306 20
111  37.36125292  042.05813602 20
111  37.36117746  042.05784010 20
111  37.36123671  042.05766473 20
111  37.36119932  042.05752051 20
113  37.36137692  042.05745402 20
120 Linear Feature 14
111  37.36155976  042.05886489 51
112  37.36143316  042.05887864  37.36135500  042.05884053
111  37.36143316  042.05887864 51
111  37.36120379  042.05873904 51
112  37.36118181  042.05870246  37.36117418  042.05868100
111  37.36118181  042.05870246 51
111  37.36107525  042.05829361
112  37.36107525  042.05829361  37.36121481  042.05810431 51
111  37.36134611  042.05834141
112  37.36134611  042.05834141  37.36142955  042.05849318 51
111  37.36156224  042.05857836 51
115  37.36187332  042.05877386
120 Linear Feature 13
112  37.36378027  042.05991135  37.36393909  042.06005197 51
111  37.36390697  042.06027128 51
115  37.36369889  042.06081603
120 Linear Feature 12
111  37.36429875  042.05924272 51
111  37.36409066  042.05978748 51
112  37.36378027  042.05991135  37.36360625  042.05983993
111  37.36378027  042.05991135 51
111  37.36187332  042.05877386 51
112  37.36155976  042.05886489  37.36141645  042.05904519
111  37.36155976  042.05886489 51
111  37.36147508  042.05909662 51
111  37.36134536  042.05945159 51
112  37.36118858  042.05955612  37.36108711  042.05956380
111  37.36118858  042.05955612 51
111  37.36096748  042.05941956 51
112  37.36092827  042.05935310  37.36091399  042.05931422
111  37.36092827  042.05935310 51
111  37.36082064  042.05897819
112  37.36082064  042.05897819  37.36091211  042.05882052 51
112  37.36106694  042.05894429  37.36113022  042.05901712
111  37.36106694  042.05894429
112  37.36106694  042.05894429  37.36114548  042.05908262 51
111  37.36130099  042.05912858
112  37.36130099  042.05912858  37.36140182  042.05915252 51
115  37.36147508  042.05909662
120 Linear Feature 11
111  37.36040635  042.05938972 22
115  37.36129284  042.05706819
120 Linear Feature 10
111  37.36136340  042.05673855 20
111  37.36031343  042.05948417 20
116  37.36028228  042.05952966  37.36026657  042.05953757
120 Linear Feature 9
111  37.36404639  042.05935076 3 102
112  37.36351969  042.05961068  37.36313723  042.05951350
111  37.36351969  042.05961068 3 102
111  37.36315884  042.05939486 3 102
111  37.36226643  042.05886112 3 102
111  37.36213243  042.05868784 3 102
112  37.36209087  042.05814171  37.36219887  042.05782836
111  37.36209087  042.05814171 3 102
111  37.36264345  042.05671674 3 102
111  37.36169698  042.05615480 20
111  37.36045238  042.05942006 3 102
111  37.36139526  042.05998027 3 102
111  37.36163487  042.05932824
112  37.36163487  042.05932824  37.36175036  042.05913166 3 102
112  37.36199631  042.05907239  37.36211088  042.05906555
111  37.36199631  042.05907239 3 102
111  37.36218567  042.05909339 3 102
111  37.36307125  042.05962712 3 102
111  37.36345515  042.05985849
112  37.36345515  042.05985849  37.36365394  042.06009025 3 102
116  37.36359246  042.06055159  37.36353865  042.06072776
120 Linear Feature 21
111  37.36182454  042.05819042 51
111  37.36196679  042.05781778 51
112  37.36195553  042.05768695  37.36193668  042.05762665
111  37.36195553  042.05768695 51
111  37.36166967  042.05683034
112  37.36166967  042.05683034  37.36175666  042.05668853 51
111  37.36186897  042.05673629 51
111  37.36221420  042.05695313
112  37.36221420  042.05695313  37.36225128  042.05699515 51
111  37.36224824  042.05705729 51
115  37.36196679  042.05781778
120 Linear Feature 19
111  37.36187332  042.05877386 51
112  37.36172388  042.05844231  37.36172721  042.05826530
111  37.36172388  042.05844231
112  37.36172388  042.05844231  37.36175306  042.05833795 51
111  37.36172061  042.05826547 51
111  37.36147144  042.05810833 51
112  37.36143639  042.05804777  37.36142472  042.05800882
111  37.36143639  042.05804777 51
111  37.36132676  042.05762323
112  37.36132676  042.05762323  37.36138519  042.05731552 51
111  37.36157768  042.05763222 51
111  37.36179015  042.05804394
112  37.36179015  042.05804394  37.36181568  042.05811119 51
111  37.36182454  042.05819042 51
115  37.36172388  042.05844231
120 Linear Feature 26
111  37.36985961  042.04467820 1
111  37.37002161  042.04424872 1
111  37.36984745  042.04329564 1
111  37.36995955  042.04300221
112  37.36995955  042.04300221  37.37029801  042.04279291 1
112  37.37047653  042.04338235  37.37038445  042.04365681
111  37.37047653  042.04338235
112  37.37047653  042.04338235  37.37038961  042.04358568 1
115  37.37028075  042.04364808
120 Linear Feature 24
111  37.37032688  042.04281650 3 102
111  37.36999623  042.04261666 3 102
111  37.36974327  042.04327994 3 102
111  37.36985198  042.04367268
112  37.36985198  042.04367268  37.36989517  042.04390001 3 102
111  37.36985395  042.04411903 3 102
115  37.36980578  042.04426736
120 Linear Feature 23
112  37.35913782  042.07279293  37.35912871  042.07287372 1
111  37.35914480  042.07305062
112  37.35914480  042.07305062  37.35894988  042.07354234 1
112  37.35855798  042.07282495  37.35862932  042.07239665
111  37.35855798  042.07282495
112  37.35855798  042.07282495  37.35859144  042.07265292 1
111  37.35866044  042.07258938
112  37.35866044  042.07258938  37.35886791  042.07245753 1
112  37.35932980  042.07222791  37.35938963  042.07212979
111  37.35932980  042.07222791 1
115  37.35950982  042.07176351
120 Linear Feature 22
111  37.35953169  042.07177832 1
111  37.35935270  042.07224440
112  37.35935270  042.07224440  37.35928005  042.07254920 1
112  37.35955029  042.07315266  37.35959682  042.07353803
111  37.35955029  042.07315266
112  37.35955029  042.07315266  37.35953866  042.07338388 1
111  37.35941019  042.07351217
112  37.35941019  042.07351217  37.35917916  042.07370286 1
112  37.35893808  042.07299622  37.35907677  042.07267085
111  37.35893808  042.07299622
112  37.35893808  042.07299622  37.35906977  042.07287262 1
115  37.35912405  042.07278498
120 Linear Feature 31
111  37.36328548  042.05135364 1
112  37.36319695  042.05104412  37.36321665  042.05088006
111  37.36319695  042.05104412 1
112  37.36327519  042.05067454  37.36327525  042.05051060
111  37.36327519  042.05067454 1
115  37.36295464  042.04950563
120 Linear Feature 30
111  37.36328548  042.05135364 1
111  37.36293882  042.05113218 1
112  37.36277924  042.05094221  37.36271462  042.05081584
111  37.36277924  042.05094221 1
115  37.36260024  042.05029797
120 Linear Feature 32
112  37.36634538  042.05318668  37.36654248  042.05338519 51
111  37.36646125  042.05358348 51
115  37.36638567  042.05378079
120 Linear Feature 29
111  37.36207213  042.05171249 1
111  37.36224706  042.05229305
112  37.36224706  042.05229305  37.36249427  042.05269656 1
111  37.36274545  042.05230280 51
111  37.36299708  042.05162765 51
111  37.36305369  042.05147575
112  37.36305369  042.05147575  37.36314444  042.05131128 51
111  37.36328548  042.05135364 51
111  37.36634538  042.05318668 51
112  37.36666242  042.05305514  37.36678268  042.05283663
111  37.36666242  042.05305514 51
115  37.36673801  042.05285783
120 Linear Feature 28
111  37.36299708  042.05162765 51
111  37.36284982  042.05171952 1
112  37.36252294  042.05164028  37.36244040  042.05141107
111  37.36252294  042.05164028 1
115  37.36234007  042.05103567
21  37.36982488  042.04613800 2 115.6800 3.00 11 PAPI-4L
21  37.35959897  042.07026934 2 295.6800 3.00 29 PAPI-4L
14  37.35976600  042.05996501  82.02 0 Control Tower
1300  37.36166967  042.05683034 -112.66 tie_down jets|turboprops|props Stand 4
1301 C airline 
1300  37.36132676  042.05762323 252.50 tie_down jets|turboprops|props Stand 3
1301 C airline 
1300  37.36107525  042.05829361 252.50 tie_down jets|turboprops|props Stand 2
1301 C airline 
1300  37.36082064  042.05897819 250.50 tie_down jets|turboprops|props Stand 1
1301 C airline 
1300  37.36207213  042.05171249 -110.75 tie_down jets|turboprops|props|fighters Military Ramp 1
1301 D military 
1300  37.36234007  042.05103567 -111.13 tie_down jets|turboprops|props|fighters Military Ramp 2
1301 D military 
1300  37.36260024  042.05029797 -109.45 tie_down jets|turboprops|props|fighters Military Ramp 3
1301 D military 
1300  37.36295464  042.04950563 -109.05 tie_down jets|turboprops|props|fighters Military Ramp 4
1301 D military 
54 11955 Sirnak Tower
53 12160 Sirnak Ground 
55 11920 Sirnak Approach
99
