A
1000 Generated by Infinite Flight Airport Editing (World Parser)/AB

1     2450 0 0 YUDA Undara
100   74.98   3   0 0.25 0 0 0 11  -18.18758320  144.60272144    0.00    0.00 0  0 0 0 29  -18.19422469  144.61931138    0.00    0.00 0  0 0 0
110   3 1.00   0.00 New Taxiway 3
111 -18.19055625  144.60931183 
111 -18.19113160  144.60937558 
112 -18.19136376  144.60927996 -18.19148489  144.60927996 
112 -18.19161611  144.60952432 -18.19161611  144.60965182 
112 -18.19157573  144.60995994 -18.19157573  144.61001306 
112 -18.19150508  144.61016180 -18.19155555  144.61018305 
112 -18.19164639  144.61015118 -18.19167667  144.61014056 
112 -18.19254475  144.60975807 -18.19258512  144.60973682 
111 -18.19279709  144.60960932 
111 -18.19284756  144.60974744 
112 -18.19267597  144.60977932 -18.19264569  144.60980057 
112 -18.19212080  144.61002368 -18.19197949  144.61009806 
112 -18.19151517  144.61031055 -18.19147479  144.61033180 
112 -18.19128301  144.61052304 -18.19125273  144.61058679 
111 -18.19108113  144.61103303 
113 -18.19021306  144.60936495 
111 -18.19065719  144.60983244 
112 -18.19111141  144.60976869 -18.19120226  144.60972619 
112 -18.19130320  144.60955620 -18.19131329  144.60950307 
112 -18.19123254  144.60940745 -18.19122245  144.60940745 
112 -18.19100038  144.60941808 -18.19096001  144.60940745 
113 -18.19053606  144.60941808 
111 -18.19086916  144.61034242 
112 -18.19100038  144.61026805 -18.19102057  144.61023618 
112 -18.19127292  144.61001306 -18.19130320  144.60997056 
112 -18.19112151  144.60987494 -18.19108113  144.60988556 
113 -18.19075813  144.61001306 
14  -18.19144451  144.60974744    6 0 New Tower Viewpoint 5
15  -18.19127292  144.61031055 354.81 New Ramp Start 4
19  -18.19144451  144.60991744 0 New Windsock 6
51 12670 CTAF


130 Airport Boundary
111 -018.19422531  144.61930847
111 -018.19284821  144.60974121
111 -018.19279671  144.60960388
111 -018.18758392  144.60272217
113 -018.19021225  144.60935974
99
