A
1000 Generated by Infinite Flight Airport Editing (World Parser)/AB

1     1179 0 1 3A2  NEW TAZEWELL MUNICIPAL
100   22.86   1   0 0.25 0 2 0 07   36.40819400 -083.56014200    0.00    0.00 2  0 0 1 25   36.41180300 -083.55097200    0.00    0.00 2  0 0 1
21   36.40925502 -083.55829728  2  63.94   3.00 07  PAPI-4L
21   36.41074211 -083.55281694  2 243.94   3.00 25  PAPI-4L
110   1 0.30  63.94 Default taxiway for RWY 07
111  36.40810362 -083.56008707   3 102 
111  36.40763959 -083.55980508   3 102 
111  36.41124894 -083.55063549   3 102 
111  36.41171297 -083.55091750 
112  36.41162258 -083.55114712  36.41166576 -083.55103108   3 102 
111  36.41155488 -083.55096370   3 102 
112  36.41140703 -083.55087385  36.41129615 -083.55080646   3 102 
111  36.41125095 -083.55092127   3 102 
111  36.40955926 -083.55521904   3 102 
111  36.40993089 -083.55544488 
111  36.40988570 -083.55555969   3 102 
111  36.40951407 -083.55533385   3 102 
112  36.40782238 -083.55963160  36.40777718 -083.55974642   3 102 
111  36.40788806 -083.55981381   3 102 
112  36.40803591 -083.55990365  36.40814679 -083.55997104   3 102 
113  36.40819401 -083.55985744 
120 Default hold RWY 07 (near)
111  36.40791679 -083.55997354   4 
115  36.40796198 -083.55985873 
120 Default hold RWY 07 (centre)
111  36.40969887 -083.55544616   4 
115  36.40974406 -083.55533135 
120 Default hold RWY 07 (far)
111  36.41148095 -083.55091877   4 
115  36.41152614 -083.55080396 
18   36.41064368 -083.55595101 1 BCN
19   36.40837958 -083.56053934 1 WS
19   36.41161738 -083.55057466 1 WS
51 12290 CTAF


130 Airport Boundary
111  036.40763855 -083.55980682
111  036.40810394 -083.56008911
111  036.40819550 -083.56014252
111  036.41180420 -083.55097198
113  036.41124725 -083.55063629
99
