A
1000 Generated by Infinite Flight Airport Editing (World Parser)/AB

1     5059 1 1 OIFM ESFAHAN SHAHID BEHESHTI INTL
100   45.11   1   0 0.25 0 3 0 08L  32.74874400  051.83783300    0.00  362.10 2  7 0 0 26R  32.75702500  051.88371700    0.00  360.88 3  1 0 0
100   45.11   1   0 0.25 0 3 0 08R  32.74468900  051.83885600    0.00  360.88 2  7 0 0 26L  32.75296900  051.88473600    0.00  359.97 2  1 0 0
21   32.74951404  051.83982514  2  77.88   3.00 08L PAPI-4L
21   32.74545901  051.84084806  2  77.88   3.00 08R PAPI-4L
21   32.75219971  051.88274335  2 257.90   3.00 26L PAPI-4L
21   32.75594039  051.87997538  2 257.90   3.00 26R PAPI-4L
10   32.75980760  051.88246920 xxx 130.00   411 0.0 0.0   160 161161  1 0 0 0.25 0
10   32.74944690  051.87010570 xxx 167.88  1360 0.0 0.0   150 161161  1 0 0 0.25 0
10   32.76091770  051.88618470 xxx  50.00   100 0.0 0.0   100 101101  1 0 0 0.25 0
10   32.74818420  051.85110090 xxx   6.00   100 0.0 0.0   120 161161  1 0 0 0.25 0
10   32.75140000  051.86953740 xxx 140.00   160 0.0 0.0   130 161161  1 0 0 0.25 0
10   32.76033020  051.88665770 xxx  70.00   260 0.0 0.0   100 161161  1 0 0 0.25 0
10   32.76015470  051.88643260 xxx  60.00   382 0.0 0.0   100 161161  1 0 0 0.25 0
10   32.76073840  051.88665390 xxx  88.00   260 0.0 0.0   260 161161  1 0 0 0.25 0
10   32.74753190  051.85121150 xxx 167.88   430 0.0 0.0   120 161161  1 0 0 0.25 0
10   32.74756620  051.83839040 xxx  34.00   280 0.0 0.0   280 161161  1 0 0 0.25 0
10   32.75590520  051.88523860 xxx  33.00   280 0.0 0.0   280 161161  1 0 0 0.25 0
10   32.74625400  051.83874510 xxx 123.00   280 0.0 0.0   280 161161  1 0 0 0.25 0
10   32.76065440  051.88646700 xxx  24.00   460 0.0 0.0   190 101101  1 0 0 0.25 0
10   32.75947950  051.88314820 xxx  77.00   700 0.0 0.0   100 161161  1 0 0 0.25 0
10   32.75761800  051.87981410 xxx 167.88   900 0.0 0.0   100 161161  1 0 0 0.25 0
10   32.75363540  051.88429640 xxx  40.00   900 0.0 0.0   100 161161  1 0 0 0.25 0
10   32.74944690  051.87322620 xxx 167.88  1100 0.0 0.0   150 161161  1 0 0 0.25 0
10   32.74826050  051.86736300 xxx 167.88  1100 0.0 0.0   150 161161  1 0 0 0.25 0
10   32.74787520  051.84001540 xxx  30.00  1180 0.0 0.0   100 161161  1 0 0 0.25 0
10   32.74983600  051.85218050 xxx  30.00  1350 0.0 0.0   120 161161  1 0 0 0.25 0
10   32.74637220  051.84057620 xxx 120.00  1400 0.0 0.0   100 161161  1 0 0 0.25 0
10   32.75455860  051.88558580 xxx  33.00   280 0.0 0.0   280 161161  1 0 0 0.25 0
10   32.76073460  051.88415910 xxx  77.00  1500 0.0 0.0   100 161161  1 0 0 0.25 0
10   32.75958630  051.88077160 xxx  76.00  1000 0.0 0.0   500 101101  1 0 0 0.25 0
10   32.75888820  051.88517000 xxx  30.00  1600 0.0 0.0   100 161161  1 0 0 0.25 0
10   32.75262070  051.86717990 xxx 120.00  1590 0.0 0.0   120 161161  1 0 0 0.25 0
10   32.74691010  051.83893200 xxx 168.00  1500 0.0 0.0   220 161161  1 0 0 0.25 0
10   32.74721530  051.87073140 xxx  77.88  2000 0.0 0.0   400 101101  1 0 0 0.25 0
10   32.75637820  051.88477710 xxx 167.88  2450 0.0 0.0   200 161161  1 0 0 0.25 0
14   32.74602130  051.87280270 0030 0 Tower
15   32.74739070  051.87218860   0.00 Ramp
18   32.75022181  051.86143604 4 BCN
19   32.74519910  051.83823205 1 WS
19   32.74925410  051.83720901 1 WS
19   32.75245867  051.88535974 1 WS
19   32.75651468  051.88434077 1 WS
50 12825 ATIS
53 12190 GND
54 11830 TWR
55 12460 APP
55 12205 APP
55 12265 APP


130 Airport Boundary
111  032.74468994  051.83885574
111  032.74874496  051.83783340
111  032.76073456  051.88415909
111  032.76091766  051.88618469
111  032.76073837  051.88665390
111  032.76033020  051.88665771
111  032.75455856  051.88558578
111  032.75296783  051.88473511
113  032.74721527  051.87073135
99
