I
1050 Generated by WorldEditor

1     35 1 0 FMNN Nosy-Be Fascene
100 45.11 1 0 0.25 0 3 0 05 -13.31951393  048.30767520  703    0 2 0 0 0 23 -13.30481992  048.32172106    0    0 2 0 0 0
110 2 0.00 0.0000 New Taxiway 24
111 -13.31802698  048.31151648
111 -13.31792001  048.31162137
111 -13.31781875  048.31150893
111 -13.31786356  048.31147173
113 -13.31792650  048.31141359
110 2 0.00 0.0000 New Taxiway 23
111 -13.31908699  048.31035172
111 -13.31922998  048.31049342
111 -13.31873227  048.31098749
111 -13.31866661  048.31092654
111 -13.31860307  048.31098966
113 -13.31851441  048.31089638
110 1 0.00 0.0000 New Taxiway 22
111 -13.31832899  048.30852518
112 -13.31832899  048.30852518 -13.31877721  048.30789076
112 -13.31883347  048.30744490 -13.31921122  048.30705092
111 -13.31883347  048.30744490
112 -13.31883347  048.30744490 -13.31910127  048.30721894
111 -13.31943514  048.30740659
112 -13.31943514  048.30740659 -13.31946927  048.30741305
111 -13.31949622  048.30740197
111 -13.31981044  048.30708600
111 -13.32008465  048.30738622
111 -13.31936709  048.30809202
113 -13.31909803  048.30779679
110 1 0.00 0.0000 New Taxiway 1
111 -13.31721802  048.31014916
112 -13.31735043  048.31048143 -13.31753798  048.31062757
111 -13.31735043  048.31048143
112 -13.31735043  048.31048143 -13.31754622  048.31058733
111 -13.31791983  048.31039461
111 -13.31810381  048.31021649
112 -13.31809200  048.30970417 -13.31794892  048.30947838
111 -13.31809200  048.30970417
112 -13.31809200  048.30970417 -13.31793530  048.30956415
111 -13.31773033  048.30965863
111 -13.31848696  048.30894032
112 -13.31844181  048.30934439 -13.31849530  048.30955559
111 -13.31844181  048.30934439
112 -13.31844181  048.30934439 -13.31850657  048.30955269
112 -13.31870507  048.30964214 -13.31873604  048.30968264
111 -13.31870507  048.30964214
111 -13.31909303  048.31005946
111 -13.31922088  048.31022332
111 -13.31908699  048.31035172
111 -13.31851441  048.31089638
111 -13.31821605  048.31118701
111 -13.31810792  048.31104027
112 -13.31781747  048.31098818 -13.31781006  048.31099578
112 -13.31788610  048.31117587 -13.31791783  048.31121500
111 -13.31799430  048.31130857
111 -13.31792650  048.31141359
111 -13.31786356  048.31147173
111 -13.31777597  048.31130650
112 -13.31779957  048.31113584 -13.31780274  048.31107932
111 -13.31776023  048.31098225
111 -13.31667516  048.31095549
112 -13.31667516  048.31095549 -13.31644017  048.31097820
113 -13.31623381  048.31109149
110 1 0.00 0.0000 New Taxiway 1
111 -13.30597273  048.32090257
112 -13.30597273  048.32090257 -13.30546115  048.32151876
112 -13.30536914  048.32200829 -13.30504145  048.32233655
111 -13.30536914  048.32200829
112 -13.30536914  048.32200829 -13.30508679  048.32219254
113 -13.30490231  048.32191085
130 Airport Boundary 27
111 -13.31827681  048.30731362
111 -13.31980764  048.30649075
111 -13.32049063  048.30747093
111 -13.31907755  048.30911666
111 -13.31970166  048.31043567
111 -13.31797064  048.31212980
111 -13.31705214  048.31139164
111 -13.30481428  048.32268311
113 -13.30391933  048.32172718
120 Linear Feature 6
111 -13.30587941  048.32100771 3
111 -13.30565359  048.32123318 3
112 -13.30550822  048.32151124 -13.30547953  048.32164800
111 -13.30550822  048.32151124 3
111 -13.30543594  048.32176944 3
112 -13.30509633  048.32200287 -13.30479917  048.32203352
111 -13.30509633  048.32200287 3
115 -13.30497816  048.32188380
120 Linear Feature 5
111 -13.31970902  048.30775489 3
111 -13.31943831  048.30745940 3
112 -13.31891135  048.30748525 -13.31869914  048.30768795
111 -13.31891135  048.30748525
112 -13.31891135  048.30748525 -13.31868412  048.30763974 3
111 -13.31867704  048.30789434 3
111 -13.31865431  048.30805056 3
112 -13.31853599  048.30829134 -13.31842941  048.30840086
111 -13.31853599  048.30829134 3
115 -13.31839180  048.30845321
120 Linear Feature 4
112 -13.31638971  048.31095351 -13.31657126  048.31085182 3
111 -13.31673537  048.31085341 3
111 -13.31782795  048.31087968 3
112 -13.31818693  048.31109547 -13.31832063  048.31127086
111 -13.31818693  048.31109547 3
115 -13.31831873  048.31097951
120 Linear Feature 3
111 -13.31778063  048.30962548 3
112 -13.31818367  048.30967528 -13.31835745  048.30979508
111 -13.31818367  048.30967528
112 -13.31818367  048.30967528 -13.31833102  048.30985320 3
111 -13.31824929  048.31009937 3
111 -13.31774195  048.31059687 3
112 -13.31726814  048.31059884 -13.31701408  048.31043621
111 -13.31726814  048.31059884
112 -13.31726814  048.31059884 -13.31709599  048.31045190 3
115 -13.31709460  048.31027928
120 Linear Feature 2
111 -13.31843118  048.30900539 3
112 -13.31837997  048.30947018 -13.31852438  048.30977049
111 -13.31837997  048.30947018
112 -13.31837997  048.30947018 -13.31848051  048.30972726 3
111 -13.31870507  048.30964214 3
111 -13.31909303  048.31005946 3
111 -13.31886650  048.31047773 3
115 -13.31855184  048.31074524
120 Linear Feature 30
111 -13.31849481  048.30865923 51
111 -13.31860783  048.30854310
112 -13.31860783  048.30854310 -13.31870733  048.30843706 51
111 -13.31876753  048.30828188 51
115 -13.31909587  048.30734182
120 Linear Feature 29
111 -13.30592651  048.32068671 51
111 -13.30563864  048.32095576
112 -13.30563864  048.32095576 -13.30546454  048.32115703 51
111 -13.30539765  048.32140583 51
115 -13.30527050  048.32193355
120 Linear Feature 28
111 -13.31763511  048.31066292 4
115 -13.31762874  048.31088040
120 Linear Feature 21
111 -13.31717795  048.31075923 51
111 -13.31649268  048.31073253
112 -13.31649268  048.31073253 -13.31628466  048.31076482 51
111 -13.31615996  048.31089570 51
115 -13.31561803  048.31143088
120 Linear Feature 8
111 -13.31856439  048.30972044 4
115 -13.31829286  048.31000543
120 Linear Feature 7
111 -13.31860332  048.30992324 51
111 -13.31859797  048.31002898 51
115 -13.31859197  048.31014734
120 Linear Feature 6
111 -13.31879747  048.30989587 51
115 -13.31881478  048.31016560
120 Linear Feature 16
111 -13.31882300  048.31022867 2
115 -13.31887768  048.31029682
120 Linear Feature 15
111 -13.31872411  048.30991664 2
115 -13.31864733  048.30991784
120 Linear Feature 14
111 -13.31863869  048.30974978 2
115 -13.31857470  048.30977847
120 Linear Feature 13
111 -13.31794948  048.31067215 51
115 -13.31794229  048.31075422
120 Linear Feature 20
111 -13.31860999  048.31023330 2
115 -13.31853679  048.31023185
120 Linear Feature 19
111 -13.31814467  048.31088904 2
115 -13.31813436  048.31096138
120 Linear Feature 18
111 -13.31837948  048.31067753 2
115 -13.31827691  048.31077849
120 Linear Feature 17
111 -13.31816885  048.31084160 2
115 -13.31815435  048.31076773
120 Linear Feature 12
111 -13.31818547  048.31070424 51
111 -13.31794229  048.31075422 51
111 -13.31780540  048.31078235 51
111 -13.31816885  048.31084160 51
115 -13.31821363  048.31084890
120 Linear Feature 11
111 -13.31848640  048.31019066 51
115 -13.31847774  048.31050782
120 Linear Feature 9
111 -13.31781287  048.31070421 2
111 -13.31815347  048.31052823 2
111 -13.31866789  048.31021974 2
111 -13.31874082  048.31017841
112 -13.31874082  048.31017841 -13.31875490  048.31003375 2
115 -13.31854869  048.30988588
120 Linear Feature 5
111 -13.31710601  048.31000044 51
111 -13.31694590  048.31015097 51
112 -13.31693998  048.31052798 -13.31702188  048.31069762 51
111 -13.31717795  048.31075923 51
111 -13.31755136  048.31078062
112 -13.31755136  048.31078062 -13.31766832  048.31077539 51
112 -13.31781280  048.31070265 -13.31786888  048.31066865
111 -13.31781280  048.31070265
112 -13.31781280  048.31070265 -13.31785918  048.31067453 51
111 -13.31788343  048.31064966 51
111 -13.31812278  048.31044295
112 -13.31812278  048.31044295 -13.31823903  048.31036660 51
115 -13.31830048  048.31049169
120 Linear Feature 4
112 -13.31831905  048.30964413 -13.31854822  048.30991941 51
111 -13.31832049  048.31016412 51
111 -13.31822254  048.31029443 51
112 -13.31819811  048.31036019 -13.31819679  048.31038786
111 -13.31819811  048.31036019
112 -13.31819811  048.31036019 -13.31821190  048.31047896 51
111 -13.31830048  048.31049169 51
115 -13.31848349  048.31068546
120 Linear Feature 3
111 -13.31722068  048.30988873 51
111 -13.31765501  048.30946514
112 -13.31765501  048.30946514 -13.31791261  048.30930168 51
115 -13.31815092  048.30946949
120 Linear Feature 10
112 -13.31866789  048.31021974 -13.31872711  048.31012627 2
115 -13.31857557  048.30996396
120 Linear Feature 2
111 -13.31861523  048.30855791 51
111 -13.31819560  048.30896208
112 -13.31819560  048.30896208 -13.31795867  048.30922709 51
111 -13.31815092  048.30946949 51
111 -13.31831905  048.30964413
112 -13.31831905  048.30964413 -13.31837097  048.30968266 51
112 -13.31845375  048.30972454 -13.31849317  048.30975121 51
111 -13.31852941  048.30982991 51
111 -13.31854869  048.30988588 51
111 -13.31857557  048.30996396 51
111 -13.31859797  048.31002898 51
115 -13.31861643  048.31008240
21 -13.31732287  048.30922834 2 42.8300 3.00 New Light Fixture 8
21 -13.30718963  048.32010951 2 222.9000 3.00 New Light Fixture 7
14 -13.31920912  048.31034741  82.02 0 New Tower Viewpoint 6
1300 -13.31774195  048.31059687  18.25 tie_down props GATE 04
1301 A general_aviation 
1300 -13.31813436  048.31096138  81.77 tie_down props GATE 03A
1301 A general_aviation 
1300 -13.31859197  048.31014734  86.99 tie_down props GATE 01
1301 C general_aviation 
1300 -13.31887768  048.31029682 128.46 gate turboprops GATE 01A
1301 B airline 
1300 -13.31872411  048.30991664 -178.87 gate turboprops GATE 01B
1301 B airline 
1300 -13.31794229  048.31075422  11.33 gate turboprops GATE 03A
1301 C airline 
1300 -13.31848349  048.31068546 134.30 gate jets GATE 02
1301 D airline 
18 -13.31920912  048.31034741 1 New Airport Beacon 9
19 -13.31786233  048.31000325 1 WS
54 11930 Nosy-Be Tower
99
