A
1050 Generated by WorldEditor 1.6.0r1

1    148 0 0 LIMG Albenga Airport
100 45.00 1 0 0.00 1 1 1 09  44.05090873  008.11851303   85    0 1 0 0 0 27  44.05025529  008.13634959    0  128 1 0 0 0
102 H14  44.04845515  008.13303383  61.74 18.28 18.84 2 0 0 0.00 1
110 2 0.00 0.0000 New Taxiway 65
111  44.04841428  008.13284906
111  44.04833617  008.13293918
112  44.04832741  008.13309623  44.04834694  008.13315222
112  44.04845762  008.13321645  44.04852390  008.13321728
112  44.04858486  008.13305918  44.04859315  008.13297766
114  44.04850615  008.13285991  44.04845111  008.13283274
110 2 0.00 0.0000 New Taxiway 61
111  44.04797345  008.13253087
111  44.04800576  008.13198995
111  44.04724576  008.13189819
111  44.04720173  008.13259578
111  44.04726699  008.13260030
111  44.04726920  008.13257009
111  44.04763923  008.13260583
111  44.04763982  008.13263712
111  44.04796218  008.13266247
113  44.04797259  008.13254093
110 2 0.00 0.0000 New Taxiway 59
111  44.04512816  008.12543643
111  44.04499849  008.12537189
111  44.04491161  008.12566285
111  44.04487159  008.12580426
111  44.04500565  008.12587344
113  44.04501450  008.12584002
110 2 0.00 0.0000 New Taxiway 58
111  44.04481936  008.12501406
111  44.04476915  008.12519949
111  44.04479816  008.12521476
111  44.04494348  008.12529422
113  44.04499526  008.12510252
110 2 0.00 0.0000 New Taxiway 58
111  44.04494382  008.12440141
111  44.04483419  008.12480187
111  44.04517230  008.12498419
113  44.04528582  008.12458450
110 2 0.00 0.0000 New Taxiway 57
111  44.04579118  008.12252420
111  44.04574106  008.12243364
111  44.04557248  008.12212976
111  44.04545487  008.12226208
111  44.04548964  008.12231899
111  44.04543237  008.12238729
113  44.04561467  008.12271320
110 2 0.00 0.0000 New Taxiway 56
111  44.04535215  008.12351178
111  44.04527346  008.12381262
111  44.04545877  008.12390311
111  44.04551949  008.12366196
113  44.04553510  008.12359906
110 2 0.00 0.0000 New Taxiway 27
111  44.04573317  008.12491000
111  44.04543540  008.12599459
111  44.04542056  008.12604864
111  44.04532008  008.12644033
111  44.04534333  008.12649253
111  44.04547461  008.12658532
111  44.04558719  008.12659498
111  44.04558895  008.12654556
111  44.04572497  008.12655445
111  44.04572658  008.12652641
111  44.04586527  008.12653377
111  44.04586315  008.12656912
111  44.04600245  008.12657972
111  44.04599991  008.12663981
111  44.04599256  008.12664084
111  44.04599036  008.12675028
111  44.04605285  008.12674823
111  44.04605579  008.12653139
111  44.04601829  008.12649252
111  44.04601579  008.12647838
111  44.04600513  008.12641827
111  44.04596105  008.12611215
113  44.04576231  008.12504840
110 1 0.00 0.0000 New Taxiway 24
111  44.05119122  008.11852429
111  44.05022331  008.11847497
111  44.04967314  008.11845601
112  44.04935098  008.11852772  44.04920355  008.11861215
111  44.04906807  008.11873746
111  44.04626219  008.12277209
112  44.04619729  008.12278967  44.04617524  008.12278230
111  44.04614035  008.12274569
111  44.04589364  008.12227904
111  44.04574106  008.12243364
111  44.04579118  008.12252420
111  44.04561467  008.12271320
111  44.04565909  008.12280656
111  44.04565676  008.12294358
111  44.04553666  008.12334836
112  44.04542955  008.12338753  44.04537450  008.12343908
111  44.04535215  008.12351178
111  44.04553510  008.12359906
111  44.04551949  008.12366196
112  44.04571800  008.12401671  44.04574239  008.12408670
111  44.04574301  008.12419435
111  44.04568937  008.12439123
111  44.04559936  008.12444396
111  44.04531505  008.12430241
111  44.04524156  008.12434551
111  44.04498722  008.12423341
111  44.04494382  008.12440141
111  44.04528582  008.12458450
111  44.04517230  008.12498419
111  44.04483419  008.12480187
111  44.04478323  008.12499589
111  44.04481936  008.12501406
111  44.04499526  008.12510252
111  44.04494348  008.12529422
111  44.04479816  008.12521476
111  44.04475144  008.12536932
111  44.04471317  008.12534826
111  44.04462410  008.12564513
111  44.04472672  008.12569593
111  44.04476118  008.12558797
111  44.04491161  008.12566285
111  44.04499849  008.12537189
111  44.04512816  008.12543643
111  44.04501450  008.12584002
111  44.04542056  008.12604864
111  44.04543540  008.12599459
111  44.04573317  008.12491000
111  44.04576231  008.12504840
111  44.04576387  008.12480837
111  44.04616555  008.12337423
111  44.04619962  008.12326402
111  44.04626701  008.12315118
111  44.04916559  008.11896712
112  44.04966926  008.11879129  44.04998539  008.11886093
111  44.05020474  008.11910344
112  44.05047524  008.11961411  44.05058958  008.11991954
111  44.05057460  008.12023371
111  44.05016446  008.13114384
111  44.05024568  008.13114995
111  44.05023471  008.13144824
112  44.05008920  008.13157643  44.05001786  008.13157388
111  44.05008920  008.13157643
111  44.04975945  008.13156172
111  44.04809602  008.13144441
111  44.04798765  008.13139982
111  44.04797620  008.13176963
111  44.04805359  008.13174643
111  44.04825064  008.13176087
111  44.04827560  008.13182013
111  44.04825836  008.13243021
112  44.04822868  008.13251274  44.04821397  008.13252979
111  44.04816028  008.13254385
111  44.04797345  008.13253087
111  44.04797259  008.13254093
111  44.04796218  008.13266247
111  44.04796050  008.13268203
111  44.04819984  008.13270294
111  44.04833617  008.13293918
111  44.04841428  008.13284906
111  44.04835380  008.13273843
111  44.04833877  008.13264696
111  44.04837199  008.13181180
111  44.04839351  008.13177227
111  44.04975204  008.13186663
111  44.05009313  008.13188237
112  44.05020622  008.13203971  44.05024415  008.13215407
111  44.05064246  008.13119086
113  44.05071833  008.13119086
111  44.04556505  008.12482992
111  44.04552888  008.12496248
111  44.04545654  008.12498825
113  44.04552976  008.12470841
111  44.04547859  008.12470718
111  44.04540449  008.12496862
111  44.04531626  008.12492443
111  44.04538508  008.12466300
112  44.04542122  008.12465167  44.04544205  008.12466104
111  44.04542122  008.12465167
111  44.04546209  008.12467277
114  44.04546209  008.12467277  44.04548353  008.12468300
130 Airport Boundary
111  44.04558209  008.12660118
111  44.04547417  008.12659195
111  44.04532894  008.12649994
111  44.04440295  008.12589925
111  44.04421109  008.12584296
111  44.04418309  008.12568524
111  44.04420773  008.12515736
111  44.04514527  008.12189034
111  44.04556224  008.12139853
111  44.04569546  008.12138527
111  44.04609131  008.12165829
111  44.04638791  008.12136378
111  44.04693892  008.12117874
111  44.04735043  008.12083751
111  44.04754410  008.12054909
111  44.04780447  008.11998335
111  44.04844984  008.11790884
111  44.04891165  008.11746892
111  44.04901476  008.11743414
111  44.04891595  008.11795724
111  44.04926603  008.11803656
111  44.04934289  008.11756848
111  44.05021606  008.11812042
111  44.05025511  008.11783991
111  44.05026991  008.11693005
111  44.05056151  008.11707230
111  44.05060456  008.11663251
111  44.05140253  008.11667462
111  44.05159224  008.11700553
111  44.05161785  008.11774313
111  44.05223178  008.11774452
111  44.05305197  008.11880607
111  44.05338005  008.12043710
111  44.05342569  008.12287205
111  44.05231459  008.13097491
111  44.05030940  008.13909753
111  44.04948403  008.13906746
111  44.04952377  008.13869638
111  44.04885876  008.13855891
111  44.04940519  008.13594545
111  44.04937677  008.13372382
111  44.04680646  008.13341024
111  44.04451132  008.13304146
111  44.04436368  008.13269854
111  44.04430351  008.13231548
111  44.04428027  008.13150721
111  44.04794926  008.13196199
111  44.04806511  008.12885800
111  44.04764340  008.12815990
111  44.04656429  008.12807984
111  44.04644381  008.12696449
113  44.04604260  008.12693235
120 Linear Feature 67
111  44.04600153  008.12361494 1
116  44.04584088  008.12368550  44.04573656  008.12361720
120 Linear Feature 66
111  44.04546878  008.12345296 1
115  44.04544792  008.12353150
120 Linear Feature 64
111  44.04834553  008.13294085 20
111  44.04820439  008.13268636 20
115  44.04796218  008.13266247
120 Linear Feature 63
111  44.04797259  008.13254093 20
111  44.04824787  008.13256413 20
115  44.04841359  008.13286125
120 Linear Feature 62
111  44.04727617  008.13256003 1
111  44.04727913  008.13252133 1
111  44.04761944  008.13255262 1
115  44.04761760  008.13259673
120 Linear Feature 60
111  44.04568366  008.12279858 20
111  44.04581620  008.12262238 20
111  44.04593401  008.12260189 20
111  44.04604299  008.12278834 20
115  44.04611157  008.12271357
120 Linear Feature 55
111  44.04542085  008.12604869 20
112  44.04541937  008.12610701  44.04540754  008.12614749 20
111  44.04536315  008.12632520 20
112  44.04542776  008.12644871  44.04549533  008.12645008
111  44.04542776  008.12644871 20
115  44.04601579  008.12647838
120 Linear Feature 54
111  44.04543644  008.12599350 20
112  44.04546427  008.12610799  44.04544500  008.12617880 20
111  44.04540454  008.12632476 20
112  44.04543117  008.12638172  44.04546521  008.12638240
111  44.04543117  008.12638172 20
115  44.04600513  008.12641827
120 Linear Feature 53
111  44.04568937  008.12439123 20
111  44.04559936  008.12444396 20
111  44.04552976  008.12470841 20
111  44.04556505  008.12482992 20
111  44.04552888  008.12496248 20
115  44.04545654  008.12498825
120 Linear Feature 52
111  44.04511231  008.12552304 1
111  44.04525009  008.12560208 1
112  44.04511259  008.12566644  44.04507992  008.12578446 1
111  44.04517907  008.12583724 1
115  44.04504413  008.12576709
120 Linear Feature 51
111  44.04561110  008.12503822 1
111  44.04549733  008.12544486 1
112  44.04538602  008.12559260  44.04532125  008.12562935 1
111  44.04529199  008.12562184 1
111  44.04525009  008.12560208 1
112  44.04513148  008.12568211  44.04510308  008.12579179 1
111  44.04517907  008.12583724 1
111  44.04523660  008.12586589 1
112  44.04533318  008.12585008  44.04537935  008.12581945 1
111  44.04541699  008.12572559 1
115  44.04549733  008.12544486
120 Linear Feature 50
111  44.04545654  008.12498825 21
111  44.04525778  008.12569858 21
112  44.04526630  008.12579937  44.04529187  008.12583395 21
115  44.04543540  008.12599459
120 Linear Feature 49
111  44.04540449  008.12496862 21
111  44.04521577  008.12568125 21
112  44.04523992  008.12584922  44.04528821  008.12590949 21
115  44.04542056  008.12604864
120 Linear Feature 48
111  44.04557068  008.12627334 1
111  44.04556294  008.12626298 1
115  44.04555595  008.12627296
120 Linear Feature 47
111  44.04548614  008.12590738 1
111  44.04549436  008.12589726 1
115  44.04550184  008.12590897
120 Linear Feature 46
111  44.04558856  008.12626709 1
115  44.04558734  008.12632023
120 Linear Feature 45
111  44.04556294  008.12626298 1
115  44.04556144  008.12633639
120 Linear Feature 44
111  44.04549436  008.12589726 1
115  44.04549190  008.12597136
120 Linear Feature 43
111  44.04552001  008.12589932 1
115  44.04551951  008.12595627
120 Linear Feature 42
111  44.04542482  008.12560564 1
115  44.04542702  008.12552965
120 Linear Feature 41
111  44.04545293  008.12553291 1
115  44.04545244  008.12558918
120 Linear Feature 40
111  44.04570703  008.12607299 1
111  44.04571695  008.12608551 1
115  44.04570662  008.12609853
120 Linear Feature 40
111  44.04564497  008.12570532 1
111  44.04565481  008.12571913 1
115  44.04564497  008.12573258
120 Linear Feature 40
111  44.04541867  008.12553909 1
111  44.04542702  008.12552965 1
115  44.04543436  008.12553924
120 Linear Feature 40
111  44.04557428  008.12533880 1
111  44.04558551  008.12535132 1
115  44.04557428  008.12536263
120 Linear Feature 39
111  44.04565673  008.12566567 20
111  44.04565481  008.12571913 20
111  44.04564489  008.12599502 20
115  44.04549249  008.12598473
120 Linear Feature 36
111  44.04571695  008.12608551 1
111  44.04564727  008.12608030 1
112  44.04557505  008.12613595  44.04555091  008.12618367 1
111  44.04556705  008.12623965 1
115  44.04575886  008.12624664
120 Linear Feature 36
111  44.04565481  008.12571913 1
111  44.04557595  008.12571407 1
112  44.04550561  008.12577127  44.04547977  008.12582729 1
111  44.04549594  008.12587077 1
115  44.04572285  008.12588432
120 Linear Feature 36
111  44.04558551  008.12535132 1
111  44.04550942  008.12534709 1
112  44.04544419  008.12539186  44.04542006  008.12543958 1
111  44.04542260  008.12550321 1
115  44.04566314  008.12551676
120 Linear Feature 32
111  44.04542012  008.12561711 20
111  44.04557741  008.12562327 20
111  44.04558551  008.12535132 20
115  44.04558698  008.12530201
120 Linear Feature 35
111  44.04558814  008.12602996 20
111  44.04571851  008.12603615 20
111  44.04571695  008.12608551 20
115  44.04570762  008.12638113
120 Linear Feature 38
111  44.04560634  008.12566231 20
115  44.04551944  008.12566099
120 Linear Feature 31
111  44.04561843  008.12530353 20
111  44.04560634  008.12566231 20
111  44.04568676  008.12566722 20
111  44.04567632  008.12600051 20
111  44.04571983  008.12600296 20
111  44.04571851  008.12603615 20
111  44.04575598  008.12603886 20
111  44.04574392  008.12638402 20
111  44.04570762  008.12638113 20
111  44.04556455  008.12637458 20
111  44.04551896  008.12629364 20
111  44.04552548  008.12611569 20
111  44.04558814  008.12602996 20
111  44.04551855  008.12602633 20
111  44.04549249  008.12598473 20
111  44.04545275  008.12592022 20
111  44.04545910  008.12574347 20
111  44.04551944  008.12566099 20
111  44.04544640  008.12565657 20
111  44.04542012  008.12561711 20
111  44.04538227  008.12556027 20
111  44.04538954  008.12537417 20
111  44.04545412  008.12529758 20
113  44.04558698  008.12530201 20
120 Linear Feature 37
112  44.04579456  008.12576634  44.04578480  008.12588236 1
115  44.04572285  008.12588432
120 Linear Feature 37
112  44.04572799  008.12539996  44.04571020  008.12549717 1
115  44.04566314  008.12551676
120 Linear Feature 30
111  44.04564865  008.12490329 1
112  44.04565381  008.12501105  44.04566263  008.12505033
111  44.04565381  008.12501105 1
111  44.04572799  008.12539996 1
111  44.04579456  008.12576634 1
111  44.04585876  008.12611346 1
112  44.04584047  008.12620891  44.04581391  008.12625523 1
115  44.04575886  008.12624664
120 Linear Feature 29
111  44.04561110  008.12503822 1
116  44.04539665  008.12515416  44.04524673  008.12505797
120 Linear Feature 22
111  44.04799139  008.13158447 1
115  44.04845174  008.13162015
120 Linear Feature 21
111  44.04837282  008.13289140 1
111  44.04824447  008.13265720 1
112  44.04822886  008.13263460  44.04822273  008.13262948 1
111  44.04821207  008.13262749 1
115  44.04815324  008.13262035
120 Linear Feature 20
111  44.04975945  008.13156172 4
115  44.04975204  008.13186663
120 Linear Feature 19
111  44.05022331  008.11847497 4
115  44.05020474  008.11910344
120 Linear Feature 18
111  44.05085975  008.11987954 1
111  44.05087731  008.11946414 1
112  44.05069510  008.11905486  44.05052607  008.11894490 1
111  44.05010896  008.11876775 1
111  44.04977967  008.11865169 1
112  44.04906138  008.11893345  44.04879229  008.11933738
111  44.04906138  008.11893345 1
111  44.04617984  008.12310081 1
112  44.04608668  008.12330407  44.04605068  008.12342484
111  44.04608668  008.12330407 1
111  44.04600153  008.12361494 1
111  44.04564865  008.12490329 1
115  44.04561110  008.12503822
120 Linear Feature 17
111  44.05043607  008.13102490 1
111  44.05042729  008.13144029 1
116  44.05017596  008.13173640  44.04997313  008.13172402
120 Linear Feature 16
111  44.05038818  008.13249999 1
111  44.05039732  008.13203929 1
112  44.05017596  008.13173640  44.05000949  008.13172113
111  44.05017596  008.13173640 1
111  44.04845174  008.13162015 1
112  44.04832185  008.13183649  44.04831087  008.13205538
111  44.04832185  008.13183649 1
111  44.04829807  008.13247718 1
112  44.04815324  008.13262035  44.04804144  008.13260798
111  44.04815324  008.13262035 1
115  44.04792584  008.13259737
21  44.05122365  008.12252360 2 93.3900 3.00 New Light Fixture 13
21  44.04991816  008.13356947 2 272.9500 3.00 27  PAPI-4L
14  44.04584736  008.12674158  29.53 0 Tower
1300  44.04542379  008.12363134 290.95 hangar props Hangar 03
1301 A none 
1300  44.04508713  008.12552049  21.89 hangar props Hangar 01
1301 A none 
1300  44.04501279  008.12575625  20.31 hangar props Hangar 02
1301 A none 
1300  44.04542260  008.12550321 182.21 gate props GATE 21
1301 B airline 
1300  44.04549594  008.12587077 182.13 gate props GATE 22
1301 B airline 
1300  44.04556705  008.12623965 180.92 gate props GATE 23
1301 B airline 
18  44.04584736  008.12674158 1 BCN
19  44.04817464  008.12763138 0 New Windsock 23
99
