A
1000 Generated by Infinite Flight Airport Editing (World Parser)/AB

1      422 0 1 T86  ZAPATA CO
100   18.29   1   0 0.25 0 2 0 12   26.97315300 -099.25483600   34.14    0.00 2  0 0 0 30   26.96441700 -099.24298100   34.44    0.00 2  0 0 0
110   1 0.30 129.58 Default taxiway for RWY 12
111  26.97309131 -099.25489322   3 102 
111  26.97277247 -099.25518900   3 102 
111  26.96403697 -099.24333305   3 102 
111  26.96435581 -099.24303730 
112  26.96446067 -099.24317963  26.96440651 -099.24311007   3 102 
111  26.96433040 -099.24318066   3 102 
112  26.96422893 -099.24327479  26.96415282 -099.24334538   3 102 
111  26.96420525 -099.24341655   3 102 
111  26.96844192 -099.24916661   3 102 
111  26.96869734 -099.24892968 
111  26.96874977 -099.24900084   3 102 
111  26.96849435 -099.24923777   3 102 
112  26.97273102 -099.25498784  26.97278346 -099.25505901   3 102 
111  26.97285957 -099.25498841   3 102 
112  26.97296104 -099.25489427  26.97303715 -099.25482367   3 102 
113  26.97298644 -099.25475089 
120 Default hold RWY 12 (near)
111  26.97296273 -099.25501250   4 
115  26.97291030 -099.25494134 
120 Default hold RWY 12 (centre)
111  26.96862119 -099.24912011   4 
115  26.96856876 -099.24904895 
120 Default hold RWY 12 (far)
111  26.96427966 -099.24322773   4 
115  26.96422723 -099.24315657 
18   26.96922927 -099.24849631 1 BCN
19   26.97344814 -099.25480183 1 WS
19   26.96412187 -099.24301521 1 WS
51 12270 CTAF/UNICOM


130 Airport Boundary
111  026.96403694 -099.24333191
111  026.97277260 -099.25518799
111  026.97296333 -099.25501251
111  026.97315216 -099.25483704
111  026.96441650 -099.24298096
113  026.96435547 -099.24303436
99
