A
1000 Generated by Infinite Flight Airport Editing (World Parser)

1      766 0 0 KUNI Ohio University Snyder Field
100   29.87   1   0 0.00 0 2 1 07   39.20813100 -082.23787200  274.02    0.00 3  0 0 1 25   39.21565300 -082.22063600    0.00    0.00 3  0 0 1
21   39.21411062 -082.22328963  2 240.62   3.00 25  PAPI-4L
21   39.21028944 -082.23197517  3  60.62   3.00 New PAPI-4R
110   1 0.00   0.00 Apron
111  39.21113789 -082.22623472   1 
111  39.21066481 -082.22589654   1 
111  39.21159744 -082.22382057   1 
111  39.21173434 -082.22391995   1 
111  39.21186945 -082.22363968 
111  39.21199779 -082.22373354 
111  39.21202774 -082.22367833 
111  39.21224164 -082.22382188 
111  39.21215180 -082.22403721   1 
113  39.21124912 -082.22597522 
110   2 0.00   0.00 Taxiway
111  39.21540335 -082.22086657   3 102 
112  39.21539432 -082.22067347  39.21537017 -082.22059980   3 102 
111  39.21529543 -082.22055817   3 102 
111  39.21491949 -082.22035025   3 102 
112  39.21473152 -082.22031560  39.21464809 -082.22034393   3 102 
111  39.21448984 -082.22069679   3 102 
111  39.21316061 -082.22364234   3 102 
111  39.21302635 -082.22402353   3 102 
112  39.21301292 -082.22421413  39.21301951 -082.22427646   3 102 
111  39.21309348 -082.22435274   3 102 
111  39.21348699 -082.22469928   3 102 
112  39.21360369 -082.22473393  39.21364540 -082.22473110   3 102 
111  39.21375138 -082.22466462 
111  39.21350725 -082.22521592   3 102 
112  39.21350506 -082.22501149  39.21348749 -082.22494349   3 102 
111  39.21341572 -082.22488987   3 102 
111  39.21294579 -082.22454334   3 102 
112  39.21283373 -082.22452002  39.21279421 -082.22453418   3 102 
111  39.21275782 -082.22461264   3 102 
111  39.21033690 -082.23006645   3 102 
112  39.21030929 -082.23024985  39.21031587 -082.23030652   3 102 
111  39.21039475 -082.23039980   3 102 
111  39.21087693 -082.23075661   3 102 
112  39.21099243 -082.23077869  39.21102756 -082.23077019   3 102 
111  39.21110620 -082.23070692 
111  39.21087079 -082.23125468   3 102 
112  39.21088120 -082.23102162  39.21087242 -082.23097063   3 102 
111  39.21081889 -082.23091331   3 102 
111  39.21028655 -082.23050816   3 102 
112  39.21018387 -082.23049711  39.21015314 -082.23051411   3 102 
111  39.21008975 -082.23061306   3 102 
111  39.20771968 -082.23601818   3 102 
112  39.20768546 -082.23629975  39.20769424 -082.23637908   3 102 
111  39.20787369 -082.23660341   3 102 
111  39.20822151 -082.23687604   3 102 
112  39.20829937 -082.23691541  39.20833669 -082.23692108   3 102 
111  39.20842422 -082.23686108 
111  39.20824741 -082.23726520   3 102 
112  39.20822303 -082.23711330  39.20820767 -082.23708213   3 102 
111  39.20816764 -082.23703855   3 102 
111  39.20768546 -082.23668070   3 102 
112  39.20757169 -082.23665905  39.20753218 -082.23666188   3 102 
112  39.20742877 -082.23681320  39.20741121 -082.23686420   3 102 
112  39.20743581 -082.23706005  39.20745117 -082.23713088   3 102 
111  39.20755965 -082.23726774   3 102 
111  39.20800367 -082.23757379   3 102 
111  39.20807234 -082.23756798   3 102 
111  39.20813860 -082.23751531 
111  39.20801899 -082.23778654   3 102 
111  39.20738599 -082.23735978   3 102 
112  39.20722770 -082.23706165  39.20719916 -082.23692282   3 102 
111  39.20725950 -082.23671739   3 102 
111  39.21161726 -082.22678103   3 102 
112  39.21162582 -082.22664314  39.21161704 -082.22660348   3 102 
111  39.21157426 -082.22654391   3 102 
111  39.21113789 -082.22623472 
111  39.21124912 -082.22597522   3 102 
112  39.21126196 -082.22610221  39.21127293 -082.22615037   3 102 
111  39.21130474 -082.22618503   3 102 
111  39.21160848 -082.22641140   3 102 
112  39.21171544 -082.22642811  39.21175715 -082.22642244   3 102 
111  39.21179672 -082.22636723   3 102 
111  39.21262239 -082.22451205   3 102 
112  39.21263523 -082.22437954  39.21262645 -082.22433420   3 102 
111  39.21258817 -082.22428015   3 102 
111  39.21224164 -082.22402617   3 102 
111  39.21215180 -082.22403721 
111  39.21224164 -082.22382188 
111  39.21202774 -082.22367833 
111  39.21199779 -082.22373354 
111  39.21186945 -082.22363968 
111  39.21198923 -082.22335257 
111  39.21225875 -082.22352925   3 102 
112  39.21225448 -082.22367833  39.21226106 -082.22372366   3 102 
111  39.21232720 -082.22380532   3 102 
111  39.21262239 -082.22400409   3 102 
112  39.21274218 -082.22402065  39.21278609 -082.22400648   3 102 
111  39.21287052 -082.22384949   3 102 
111  39.21306732 -082.22347404   3 102 
111  39.21447909 -082.22024952   3 102 
112  39.21470583 -082.22002867  39.21481121 -082.22001167   3 102 
111  39.21496680 -082.22010044   3 102 
113  39.21553764 -082.22055660 
130 Airport Boundary 16
111  39.20844849 -082.23932867 
111  39.20585366 -082.23765442 
111  39.21009974 -082.22720308 
111  39.20807499 -082.22563030 
111  39.21013906 -082.21994802 
111  39.21247834 -082.21982118 
111  39.21481761 -082.21834988 
113  39.21690134 -082.21974508 
120 Linear Feature 19
111  39.21047177 -082.23064746   4 
115  39.21053527 -082.23050463 
120 Linear Feature 20
111  39.20783966 -082.23679761   4 
115  39.20791452 -082.23663555 
120 Linear Feature 21
111  39.20754022 -082.23746454   4 
115  39.20760783 -082.23730560 
120 Linear Feature 18
111  39.21310564 -082.22466154   4 
115  39.21320106 -082.22445043 
120 Linear Feature 17
111  39.21498604 -082.22038236   4 
115  39.21506946 -082.22018685 
120 Linear Feature 15
111  39.21357515 -082.22537783   1 
112  39.21361906 -082.22505843  39.21360509 -082.22496828   1 
115  39.21353723 -082.22485236 
120 Linear Feature 14
111  39.21264712 -082.22416463   1 
112  39.21281077 -082.22413371  39.21285268 -082.22410538   1 
115  39.21294097 -082.22398130 
120 Linear Feature 13
111  39.21273028 -082.22445898   1 
112  39.21272296 -082.22430629  39.21271098 -082.22425735   1 
115  39.21264712 -082.22416463 
120 Linear Feature 12
111  39.21296644 -082.22440031   1 
112  39.21292253 -082.22422129  39.21291655 -082.22415432   1 
115  39.21294097 -082.22398130 
120 Linear Feature 11
111  39.21296644 -082.22440031   1 
112  39.21284270 -082.22439129  39.21279880 -082.22439902   1 
115  39.21273028 -082.22445898 
120 Linear Feature 10
111  39.21120617 -082.22569464   1 
111  39.21195658 -082.22402812   1 
112  39.21210227 -082.22387872  39.21217013 -082.22386327   1 
111  39.21227990 -082.22390191   1 
111  39.21264712 -082.22416463   1 
111  39.21296644 -082.22440031   1 
111  39.21353723 -082.22485236   1 
112  39.21368691 -082.22486524  39.21376475 -082.22485236   1 
115  39.21386054 -082.22472357 
120 Linear Feature 9
111  39.21184199 -082.22646521   1 
112  39.21173705 -082.22651888  39.21170511 -082.22652661   1 
115  39.21163127 -082.22650601 
120 Linear Feature 8
111  39.21170533 -082.22675917   1 
112  39.21169513 -082.22660904  39.21168116 -082.22656525   1 
111  39.21163127 -082.22650601   1 
111  39.21118621 -082.22616085   1 
111  39.21111636 -082.22604494   1 
111  39.21112235 -082.22589040   1 
115  39.21120617 -082.22569464 
120 Linear Feature 7
111  39.21030009 -082.23041599   1 
112  39.21025020 -082.23027948  39.21024221 -082.23022797   1 
115  39.21025332 -082.23011019 
120 Linear Feature 6
111  39.21123411 -082.23070963   1 
112  39.21106248 -082.23087705  39.21098863 -082.23090281   1 
115  39.21089284 -082.23086674 
120 Linear Feature 5
111  39.21093874 -082.23137416   1 
112  39.21097865 -082.23109856  39.21096668 -082.23098780   1 
111  39.21089284 -082.23086674   1 
111  39.21030009 -082.23041599   1 
112  39.21020030 -082.23040569  39.21016837 -082.23041342   1 
115  39.21009389 -082.23047028 
120 Linear Feature 4
111  39.20854781 -082.23688093   1 
112  39.20843205 -082.23701229  39.20834823 -082.23705350   1 
111  39.20829834 -082.23702259   1 
111  39.20769960 -082.23655898   1 
112  39.20761379 -082.23637611  39.20759982 -082.23629111   1 
115  39.20762831 -082.23608459 
120 Linear Feature 3
111  39.21548825 -082.22096406   1 
112  39.21549823 -082.22075117  39.21548825 -082.22066875   1 
111  39.21542362 -082.22057874   1 
111  39.21503073 -082.22027009   1 
112  39.21476310 -082.22017455  39.21465333 -082.22018228   1 
111  39.21455811 -082.22033623   1 
111  39.21294097 -082.22398130   1 
111  39.21273028 -082.22445898   1 
111  39.21184199 -082.22646521   1 
111  39.21170533 -082.22675917   1 
111  39.21025332 -082.23011019   1 
111  39.21009389 -082.23047028   1 
111  39.20762831 -082.23608459   1 
111  39.20736638 -082.23665043   1 
111  39.20733222 -082.23680475   1 
112  39.20733791 -082.23707664  39.20735188 -082.23714103   1 
111  39.20745749 -082.23730445   1 
111  39.20797566 -082.23767187   1 
112  39.20812611 -082.23768915  39.20818598 -082.23766339   1 
115  39.20824516 -082.23757294 
15   39.21154039 -082.22444864 332.69 FBO
18   39.20913713 -082.22377387 1 BCN
19   39.21195288 -082.22523004 1 WS
20   39.21497762 -082.22040592 331.08  0 2 {@R}25
20   39.20752167 -082.23750541 324.43  0 2 {@R}7
20   39.20782595 -082.23684783 324.43  0 2 {@R}7-25
20   39.21045642 -082.23070488 324.43  0 2 {@R}7-25
20   39.21309201 -082.22469497 324.43  0 2 {@R}7-25
20   39.21252719 -082.22430976 329.67  0 2 {@Y,^l}7|25{^r}
20   39.21152840 -082.22658274 329.67  0 2 {@Y,^l}7|25{^r}
20   39.20762757 -082.23725255 150.91  0 2 {@Y,safety}
20   39.20792943 -082.23658251 150.91  0 2 {@Y,safety}
20   39.21055474 -082.23045990 150.91  0 2 {@Y,safety}
20   39.21322071 -082.22441941 142.37  0 2 {@Y,safety}
20   39.21507457 -082.22016261 140.04  0 2 {@Y,safety}
50 12832 AWOS 3
51 12307 CTAF/UNICOM
52 12095 CLNC DEL
55 12095 HUNTINGTON APP/DEP

99
