A
1050 Generated by WorldEditor 2.0.0r4

1     62 1 0 VVVH Vinh
100 45.00 1 0 0.00 0 3 0 17  18.74833088  105.66927438    0    0 3 7 0 1 35  18.72683533  105.67221535  302    0 3 0 0 1
110 2 0.00 0.0000 Apron Military
111  18.74236203  105.66775185
111  18.74244642  105.66842024
111  18.74250993  105.66841133
111  18.74252673  105.66840897
111  18.74364851  105.66825116
113  18.74356060  105.66758277
110 2 0.00 0.0000 Apron Concrete
111  18.72675759  105.66961195
111  18.72682500  105.67017568
112  18.72682500  105.67017568  18.72684411  105.67038648
112  18.72675157  105.67069334  18.72667618  105.67085163
111  18.72675157  105.67069334
112  18.72675157  105.67069334  18.72666563  105.67089639
112  18.72669705  105.67123048  18.72671730  105.67149007
111  18.72669705  105.67123048
111  18.72671714  105.67136930
111  18.72687577  105.67134281
111  18.72686874  105.67129527
111  18.72686936  105.67098310
112  18.72686936  105.67098310  18.72691698  105.67064207
111  18.72712912  105.67058327
111  18.72775740  105.67045614
111  18.72815570  105.67040194
111  18.72813307  105.67022927
111  18.72913034  105.67008385
111  18.72903356  105.66929836
111  18.72834453  105.66939362
111  18.72821198  105.66941194
111  18.72696318  105.66958459
113  18.72686437  105.66959825
110 1 0.00 0.0000 Apron Asphalt
111  18.74827808  105.66880942
111  18.74769772  105.66887090
111  18.74739134  105.66912208
111  18.74313335  105.66969423
112  18.74313335  105.66969423  18.74297256  105.66970805
112  18.74271655  105.66936690  18.74262765  105.66906243
111  18.74271655  105.66936690
111  18.74263798  105.66877120
112  18.74263798  105.66877120  18.74261999  105.66845396
111  18.74289586  105.66838825
111  18.74367290  105.66827735
111  18.74358216  105.66755663
111  18.74233626  105.66773344
111  18.74254555  105.66939797
112  18.74254555  105.66939797  18.74254336  105.66970561
112  18.74223919  105.66980940  18.74209336  105.66983704
111  18.74223919  105.66980940
111  18.73054732  105.67139478
112  18.73054732  105.67139478  18.73037750  105.67139642
112  18.73014567  105.67109218  18.73007613  105.67083451
111  18.73014567  105.67109218
111  18.72989810  105.66912968
111  18.72989318  105.66909067
111  18.72988841  105.66905281
111  18.72988395  105.66901745
111  18.72684605  105.66945185
111  18.72667529  105.66947626
111  18.72669311  105.66963861
111  18.72675576  105.67020943
112  18.72675576  105.67020943  18.72676957  105.67040953
112  18.72670054  105.67067095  18.72665260  105.67080684
111  18.72670054  105.67067095
112  18.72670054  105.67067095  18.72664846  105.67081310
112  18.72664913  105.67119153  18.72667137  105.67143204
111  18.72664913  105.67119153
111  18.72675919  105.67200821
111  18.72680999  105.67200379
111  18.72687058  105.67249762
113  18.74836583  105.66956902
111  18.72945801  105.67027098
112  18.72983155  105.67059215  18.72991967  105.67090997
111  18.72983155  105.67059215
111  18.72989966  105.67117159
112  18.72989966  105.67117159  18.72987497  105.67149967
111  18.72957389  105.67154834
111  18.72735415  105.67185933
112  18.72697893  105.67161491  18.72689851  105.67137281
111  18.72697893  105.67161491
111  18.72693336  105.67132681
111  18.72691832  105.67102867
112  18.72691832  105.67102867  18.72693921  105.67069300
111  18.72715190  105.67062586
113  18.72816251  105.67043705
130 Airport Boundary
111  18.74338212  105.66679152
111  18.74082327  105.66684742
111  18.73331712  105.66785518
111  18.72983948  105.66765154
111  18.72626378  105.66831602
111  18.72382180  105.67184975
111  18.72404437  105.67325242
111  18.72515242  105.67401571
111  18.73605330  105.67379803
111  18.74999899  105.67027836
111  18.75352397  105.66876833
113  18.75298020  105.66726594
120 Linear Feature 25
111  18.72731773  105.66998507 1
115  18.72730998  105.66991674
120 Linear Feature 25
111  18.72772804  105.66993142 1
115  18.72772029  105.66986309
120 Linear Feature 25
111  18.72813646  105.66987577 1
115  18.72812871  105.66980744
120 Linear Feature 25
111  18.72853416  105.66982160 1
115  18.72852641  105.66975327
120 Linear Feature 25
111  18.72893535  105.66976626 1
115  18.72892760  105.66969793
120 Linear Feature 25
111  18.72934101  105.66971117 1
115  18.72933316  105.66964237
120 RW Holder 1
111  18.72687577  105.67134281 4
111  18.72680296  105.67135497 4
115  18.72671714  105.67136930
120 RW Holder 2
111  18.73007881  105.67090876 4
111  18.72999485  105.67091930 4
115  18.72991322  105.67092955
120 Taxiline 61
112  18.72947622  105.66944134  18.72931393  105.66948032 1
115  18.72933316  105.66964237
120 Taxiline 60
111  18.72934573  105.66975267 1
111  18.72935126  105.66980116 1
111  18.72936251  105.66989985 1
115  18.72938596  105.67010570
120 Taxiline 59
111  18.72736785  105.67007235 1
111  18.72732824  105.67007696 1
115  18.72728502  105.67008290
120 Taxiline 58
111  18.72778128  105.67001567 1
111  18.72773839  105.67002197 1
115  18.72769588  105.67002799
120 Taxiline 57
111  18.72820018  105.66996115 1
111  18.72814704  105.66996825 1
115  18.72808459  105.66997643
120 Taxiline 56
111  18.72859938  105.66990250 1
111  18.72854432  105.66991042 1
115  18.72848740  105.66991798
120 Taxiline 55
111  18.72899545  105.66984634 1
111  18.72894524  105.66985275 1
115  18.72889707  105.66985873
120 Taxiline 54
111  18.72938290  105.66979694 1
111  18.72935126  105.66980116 1
115  18.72931869  105.66980535
120 Taxiline 53
112  18.72733942  105.67017507  18.72723999  105.67028873 1
116  18.72734216  105.67042497  18.72739169  105.67044534
120 Taxiline 52
112  18.72774964  105.67012065  18.72765021  105.67023430 1
116  18.72775562  105.67036800  18.72780514  105.67038836
120 Taxiline 51
112  18.72815800  105.67006447  18.72805858  105.67017812 1
116  18.72816599  105.67031157  18.72821551  105.67033194
120 Taxiline 50
112  18.72855567  105.67000998  18.72845624  105.67012364 1
116  18.72855674  105.67025779  18.72860626  105.67027816
120 Taxiline 49
112  18.72895691  105.66995511  18.72885748  105.67006876 1
116  18.72896118  105.67020209  18.72901070  105.67022246
120 Taxiline 48
112  18.72936251  105.66989985  18.72926308  105.67001350 1
116  18.72936782  105.67014611  18.72941735  105.67016648
120 Taxiline 47
112  18.72733942  105.67017507  18.72746670  105.67026446 1
116  18.72739793  105.67041729  18.72735535  105.67045219
120 Taxiline 46
112  18.72774964  105.67012065  18.72787692  105.67021003 1
116  18.72780189  105.67036169  18.72775932  105.67039660
120 Taxiline 45
112  18.72815800  105.67006447  18.72828528  105.67015386 1
116  18.72820970  105.67030555  18.72816713  105.67034046
120 Taxiline 44
112  18.72855567  105.67000998  18.72868294  105.67009937 1
116  18.72860594  105.67025100  18.72856336  105.67028591
120 Taxiline 43
112  18.72895691  105.66995511  18.72908418  105.67004450 1
116  18.72900626  105.67019589  18.72896368  105.67023079
120 Taxiline 42
112  18.72936251  105.66989985  18.72948978  105.66998923 1
116  18.72941167  105.67014007  18.72936910  105.67017498
120 Taxiline 41
111  18.72777302  105.67032584 1
116  18.72767304  105.67037942  18.72758755  105.67039837
120 Taxiline 40
111  18.72818166  105.67027204 1
116  18.72808089  105.67032329  18.72799540  105.67034224
120 Taxiline 39
111  18.72857911  105.67021570 1
116  18.72847829  105.67026858  18.72839280  105.67028753
120 Taxiline 38
111  18.72898025  105.67015993 1
116  18.72887989  105.67021329  18.72879440  105.67023224
120 Taxiline 37
111  18.72736297  105.67038170 1
116  18.72726293  105.67043589  18.72717744  105.67045485
120 Taxiline 36
111  18.72938596  105.67010570 1
116  18.72928604  105.67015737  18.72920055  105.67017633
120 Taxiline 35
112  18.72747886  105.67040613  18.72739053  105.67041132 1
115  18.72736297  105.67038170
120 Taxiline 34
112  18.72789452  105.67034894  18.72780620  105.67035413 1
115  18.72777302  105.67032584
120 Taxiline 33
112  18.72829784  105.67029342  18.72820952  105.67029860 1
115  18.72818166  105.67027204
120 Taxiline 32
112  18.72869660  105.67023852  18.72860828  105.67024370 1
115  18.72857911  105.67021570
120 Taxiline 31
112  18.72909729  105.67018336  18.72900897  105.67018854 1
115  18.72898025  105.67015993
120 Taxiline 30
112  18.72950216  105.67012762  18.72941384  105.67013280 1
115  18.72938596  105.67010570
120 Taxiline 29
111  18.72692130  105.67032798 1 101
116  18.72719348  105.67044546  18.72743142  105.67041950
120 Taxiline 28
111  18.74272369  105.66777190 1
112  18.74285230  105.66787129  18.74287521  105.66798145
111  18.74285230  105.66787129 1
111  18.74289497  105.66819932
112  18.74289497  105.66819932  18.74289949  105.66828996 1
115  18.74280895  105.66830449
120 Taxiline 28
111  18.74288029  105.66774901 1
112  18.74302080  105.66786501  18.74304443  105.66799350
111  18.74302080  105.66786501 1
111  18.74305803  105.66817443
112  18.74305803  105.66817443  18.74306449  105.66826540 1
115  18.74297069  105.66828103
120 Taxiline 27
111  18.74256051  105.66779575 1
112  18.74269020  105.66791079  18.74271252  105.66803872
111  18.74269020  105.66791079 1
111  18.74272538  105.66820519
112  18.74272538  105.66820519  18.74273604  105.66831190 1
115  18.74265393  105.66832698
120 Taxiline 26
111  18.74304913  105.66772433 1
112  18.74318704  105.66783523  18.74321203  105.66795928
111  18.74318704  105.66783523 1
111  18.74322559  105.66815916
112  18.74322559  105.66815916  18.74323463  105.66824090 1
115  18.74314318  105.66825600
120 Taxiline 25
111  18.74323203  105.66769759 1
112  18.74335616  105.66781013  18.74337981  105.66793666
111  18.74335616  105.66781013 1
111  18.74339027  105.66811800
112  18.74339027  105.66811800  18.74339342  105.66821623 1
115  18.74329031  105.66823466
120 Taxiline 24
111  18.74250993  105.66841133 1
111  18.74244586  105.66792983 1
112  18.74254553  105.66779794  18.74265497  105.66778006
111  18.74254553  105.66779794 1
111  18.74256051  105.66779575 1
111  18.74272369  105.66777190 1
111  18.74288029  105.66774901 1
111  18.74304913  105.66772433 1
111  18.74323203  105.66769759 1
111  18.74339708  105.66767346 1
112  18.74352192  105.66778399  18.74354205  105.66789907
111  18.74352192  105.66778399 1
111  18.74355851  105.66808024 1
112  18.74346565  105.66820922  18.74336260  105.66822673
111  18.74346565  105.66820922 1
111  18.74329031  105.66823466 1
111  18.74314318  105.66825600 1
111  18.74297069  105.66828103 1
111  18.74280895  105.66830449 1
111  18.74265393  105.66832698 1
111  18.74258605  105.66833682
112  18.74258605  105.66833682  18.74254913  105.66834612 1
115  18.74252673  105.66840897
120 Taxiline 23
111  18.72730998  105.66991674 1
116  18.72711738  105.66977270  18.72695161  105.66977346
120 Taxiline 22
112  18.72746048  105.66972443  18.72730922  105.66976038 1
115  18.72730998  105.66991674
120 Taxiline 21
111  18.72772029  105.66986309 1
116  18.72755315  105.66971139  18.72741703  105.66970886
120 Taxiline 20
112  18.72784069  105.66967094  18.72771974  105.66970755 1
115  18.72772029  105.66986309
120 Taxiline 19
112  18.72796387  105.66965361  18.72810214  105.66965602 1
115  18.72812871  105.66980744
120 Taxiline 18
112  18.72825293  105.66961288  18.72812210  105.66964996 1
115  18.72812871  105.66980744
120 Taxiline 17
112  18.72837578  105.66959545  18.72849749  105.66960448 1
115  18.72852641  105.66975327
120 Taxiline 16
111  18.72852641  105.66975327 1
116  18.72863668  105.66955870  18.72875852  105.66951791
120 Taxiline 15
111  18.72984908  105.66995050 1
111  18.72981630  105.66995507 1
115  18.72978780  105.66995899
120 Taxiline 14
111  18.72979794  105.66959108 1
111  18.72976897  105.66959519 1
115  18.72974192  105.66959907
120 Taxiline 13
111  18.72892760  105.66969793 1
116  18.72876520  105.66954060  18.72863313  105.66953677
120 Taxiline 12
111  18.72892760  105.66969793 1
116  18.72904387  105.66950135  18.72916715  105.66946359
120 Taxiline 11
112  18.72981630  105.66995507  18.72981340  105.67003092 1 101
116  18.72962279  105.67011101  18.72948813  105.67013587
120 Taxiline 10
112  18.72993303  105.67041878  18.72990793  105.67028748 1
112  18.72984573  105.67018135  18.72983221  105.67011168
111  18.72984573  105.67018135 1
111  18.72981630  105.66995507 1
111  18.72979350  105.66977625 1
111  18.72977039  105.66959496
112  18.72977039  105.66959496  18.72973619  105.66941545 1
111  18.72958421  105.66942642 1
111  18.72947622  105.66944134 1
111  18.72913582  105.66948840 1
111  18.72904387  105.66950135 1
111  18.72876520  105.66954060 1
111  18.72863668  105.66955870 1
111  18.72837578  105.66959545 1
111  18.72825293  105.66961288 1
111  18.72796387  105.66965361 1
111  18.72784069  105.66967094 1
111  18.72755315  105.66971139 1
111  18.72746048  105.66972443 1
111  18.72711738  105.66977270
112  18.72711738  105.66977270  18.72702641  105.66979511 1
112  18.72693972  105.66990891  18.72690726  105.66996826
111  18.72693972  105.66990891
112  18.72693972  105.66990891  18.72688485  105.67000925 1
111  18.72689254  105.67012392 1
111  18.72692130  105.67032798
112  18.72692130  105.67032798  18.72693726  105.67048474 1
116  18.72682344  105.67073805  18.72674712  105.67086836
120 Taxiline 9
111  18.72933316  105.66964237 1
116  18.72913582  105.66948840  18.72896461  105.66949648
120 Taxiline 8
111  18.72732265  105.67002796 1
111  18.72732824  105.67007696 1
111  18.72733108  105.67010184 1
111  18.72733942  105.67017507 1
115  18.72736297  105.67038170
120 Taxiline 7
111  18.72773248  105.66997012 1
111  18.72773839  105.67002197 1
111  18.72774964  105.67012065 1
115  18.72777302  105.67032584
120 Taxiline 6
111  18.72814068  105.66991250 1
111  18.72814704  105.66996825 1
111  18.72815800  105.67006447 1
115  18.72818166  105.67027204
120 Taxiline 5
111  18.72853936  105.66986692 1
111  18.72854432  105.66991042 1
111  18.72855567  105.67000998 1
115  18.72857911  105.67021570
120 Taxiline 4
111  18.72894051  105.66981127 1
111  18.72894524  105.66985275 1
111  18.72895691  105.66995511 1
115  18.72898025  105.67015993
120 Taxiline 3
111  18.73004897  105.67135839 51
112  18.72971642  105.67181889  18.72935721  105.67190305
111  18.72971642  105.67181889 51
115  18.72929124  105.67186749
120 Taxiline 2
111  18.73060212  105.67169410 51
111  18.73045231  105.67171126
112  18.73045231  105.67171126  18.73009465  105.67172598 51
111  18.73004897  105.67135839 51
111  18.72999485  105.67091930 1
111  18.72993303  105.67041878
112  18.72993303  105.67041878  18.72987927  105.67013743 1
111  18.72962279  105.67011101 1
111  18.72950216  105.67012762 1
111  18.72941167  105.67014007 1
111  18.72936782  105.67014611 1
111  18.72928604  105.67015737 1
111  18.72920003  105.67016847 1
111  18.72909729  105.67018336 1
111  18.72900626  105.67019589 1
111  18.72896118  105.67020209 1
111  18.72887989  105.67021329 1
111  18.72869660  105.67023852 1
111  18.72860594  105.67025100 1
111  18.72855674  105.67025779 1
111  18.72847829  105.67026858 1
111  18.72834312  105.67028719 1
111  18.72829784  105.67029342 1
111  18.72820970  105.67030555 1
111  18.72816599  105.67031157 1
111  18.72808089  105.67032329 1
111  18.72789452  105.67034894 1
111  18.72780189  105.67036169 1
111  18.72775562  105.67036800 1
111  18.72767304  105.67037942 1
111  18.72747886  105.67040613 1
111  18.72739793  105.67041729 1
111  18.72734216  105.67042497 1
111  18.72726293  105.67043589 1
111  18.72719348  105.67044546
112  18.72719348  105.67044546  18.72701276  105.67047932 1
112  18.72682344  105.67073805  18.72674712  105.67086836
111  18.72682344  105.67073805
112  18.72682344  105.67073805  18.72677686  105.67082909 1
112  18.72676900  105.67111731  18.72677822  105.67124079
111  18.72676900  105.67111731 1
111  18.72680296  105.67135497 51
111  18.72687848  105.67188420
112  18.72687848  105.67188420  18.72694423  105.67219206 51
115  18.72743057  105.67212665
120 Taxiline 1
111  18.74706222  105.66943613 51 101
111  18.74744708  105.66938507 51 101
112  18.74752251  105.66935852  18.74755732  105.66933809 51 101
111  18.74783195  105.66906850 51 101
112  18.74800988  105.66897660  18.74811238  105.66896434 51 101
112  18.74823809  105.66913794  18.74826323  105.66923393 51 101
112  18.74814719  105.66942796  18.74805049  105.66948923 51 101
111  18.74791124  105.66943000 51 101
111  18.74779327  105.66938711 51 101
112  18.74773138  105.66937282  18.74771011  105.66937282 51 101
115  18.74767962  105.66937760
120 Taxiway Border 3
111  18.72952557  105.67162841 3
112  18.72993732  105.67113564  18.72992716  105.67072707
111  18.72993732  105.67113564 3
111  18.72991322  105.67092955 3
111  18.72987526  105.67060500
112  18.72987526  105.67060500  18.72983611  105.67040659 3
112  18.72961724  105.67026607  18.72951670  105.67022061
111  18.72961724  105.67026607
112  18.72961724  105.67026607  18.72953167  105.67022738 3
111  18.72945900  105.67022461 3
111  18.72919696  105.67026026 3
111  18.72879738  105.67031463 3
111  18.72839626  105.67036955 3
111  18.72815570  105.67040194 3
111  18.72799947  105.67042320 3
111  18.72775740  105.67045614 3
111  18.72758345  105.67049134 3
111  18.72718147  105.67057268 3
111  18.72712912  105.67058327 3
112  18.72686936  105.67098310  18.72682174  105.67132413
111  18.72686936  105.67098310 3
111  18.72686874  105.67129527 3
111  18.72687577  105.67134281 3
111  18.72690890  105.67156689
112  18.72690890  105.67156689  18.72699998  105.67195824 3
115  18.72735391  105.67192569
120 Taxiway Border 2
111  18.73059670  105.67148025 3 102
112  18.73010760  105.67113380  18.73000842  105.67076104
111  18.73010760  105.67113380 3 102
111  18.73007881  105.67090876 3 102
111  18.72985870  105.66918781 3 102
115  18.72951557  105.66923565
120 Taxiway Border 1
111  18.72686437  105.66959825 3 102
111  18.72677888  105.66960922 3 102
111  18.72675759  105.66961195 3 102
111  18.72675978  105.66963034 3 102
111  18.72682500  105.67017568
112  18.72682500  105.67017568  18.72684411  105.67038648 3 102
112  18.72675157  105.67069334  18.72667618  105.67085163
111  18.72675157  105.67069334
112  18.72675157  105.67069334  18.72666563  105.67089639 3 102
112  18.72669705  105.67123048  18.72671730  105.67149007
111  18.72669705  105.67123048 3 102
111  18.72671714  105.67136930 3 102
115  18.72680999  105.67200379
120 Linear Feature 44
111  18.72816979  105.67010111 20
112  18.72806222  105.67001161  18.72796676  105.67001630
111  18.72806222  105.67001161 20
115  18.72733108  105.67010184
120 Linear Feature 43
111  18.72903053  105.66996266 20
112  18.72884214  105.66981409  18.72869257  105.66982199
111  18.72884214  105.66981409 20
111  18.72837054  105.66988198
112  18.72837054  105.66988198  18.72816332  105.66992804 20
115  18.72816979  105.67010111
120 Linear Feature 42
111  18.72898852  105.66959217 20
112  18.72880541  105.66940919  18.72866026  105.66942289
111  18.72880541  105.66940919 20
111  18.72833456  105.66946963 20
112  18.72813008  105.66974455  18.72815623  105.66996866
111  18.72813008  105.66974455 20
111  18.72816979  105.67010111 20
111  18.72817335  105.67013309
112  18.72817335  105.67013309  18.72819932  105.67030035 20
115  18.72834312  105.67028719
120 Linear Feature 39
111  18.72727549  105.66999169 20
111  18.72727990  105.67003158 20
111  18.72713938  105.67018827 20
115  18.72718147  105.67057268
120 Linear Feature 38
111  18.72754709  105.67013326 20
111  18.72735733  105.67001994 20
115  18.72735253  105.66998122
120 Linear Feature 37
111  18.72768965  105.66993544 20
111  18.72769950  105.67001223 20
111  18.72754709  105.67013326 20
115  18.72758345  105.67049134
120 Linear Feature 36
111  18.72795945  105.67007586 20
111  18.72777169  105.66996320 20
115  18.72776739  105.66992488
120 Linear Feature 35
111  18.72808222  105.66988213 20
111  18.72808595  105.66991986 20
111  18.72795945  105.67007586 20
115  18.72799947  105.67042320
120 Linear Feature 34
111  18.72836131  105.67002195 20
111  18.72818815  105.66990582 20
115  18.72818389  105.66986832
120 Linear Feature 33
111  18.72848650  105.66982722 20
111  18.72849068  105.66986327 20
111  18.72836131  105.67002195 20
115  18.72839626  105.67036955
120 Linear Feature 32
111  18.72875824  105.66996696 20
111  18.72858575  105.66985058 20
115  18.72858145  105.66981433
120 Linear Feature 31
111  18.72889359  105.66977193 20
111  18.72889758  105.66980757 20
111  18.72875824  105.66996696 20
115  18.72879738  105.67031463
120 Linear Feature 29
111  18.72915739  105.66991201 20
111  18.72898089  105.66979562 20
115  18.72897648  105.66976068
120 Linear Feature 28
111  18.72929509  105.66971741 20
111  18.72929863  105.66975334 20
111  18.72915739  105.66991201 20
115  18.72919696  105.67026026
120 Linear Feature 27
111  18.72939073  105.66970442 20
111  18.72939486  105.66973909 20
111  18.72957278  105.66985530 20
115  18.72961724  105.67026607
120 Linear Feature 40
111  18.72993303  105.67041878 20
111  18.72987017  105.66992229 20
111  18.72981780  105.66952876
112  18.72981780  105.66952876  18.72977966  105.66930608 20
111  18.72953492  105.66931665 20
111  18.72917136  105.66936201
112  18.72917136  105.66936201  18.72899000  105.66938767 20
111  18.72898852  105.66959217 20
111  18.72903053  105.66996266 20
111  18.72904049  105.67004525
112  18.72904049  105.67004525  18.72906085  105.67018560 20
115  18.72920003  105.67016847
120 Linear Feature 30
111  18.72987017  105.66992229 20
112  18.72958979  105.66971223  18.72934180  105.66972594
111  18.72958979  105.66971223 20
111  18.72919406  105.66976819
112  18.72919406  105.66976819  18.72901554  105.66980361 20
115  18.72903053  105.66996266
120 Roadway 11
112  18.72831432  105.66968841  18.72831460  105.66980182 22
115  18.72820940  105.66982831
120 Roadway 10
111  18.72828316  105.66947709 22
116  18.72814083  105.66934378  18.72802262  105.66934959
120 Roadway 9
112  18.72837631  105.66931058  18.72826931  105.66933502 22
111  18.72828316  105.66947709 22
111  18.72831432  105.66968841 22
116  18.72845414  105.66979519  18.72856015  105.66978752
120 Roadway 8
111  18.72946341  105.66932421 22
116  18.72929324  105.66918129  18.72915344  105.66918877
120 Roadway 7
111  18.72989318  105.66909067 22
111  18.72957404  105.66914165 22
111  18.72929324  105.66918129 22
111  18.72837631  105.66931058 22
111  18.72814083  105.66934378 22
111  18.72704755  105.66949794
112  18.72704755  105.66949794  18.72689715  105.66952650 22
111  18.72690632  105.66967672 22
111  18.72693583  105.66989877
112  18.72693583  105.66989877  18.72693702  105.66990230 22
112  18.72693972  105.66990891  18.72694112  105.66991215
111  18.72693972  105.66990891
112  18.72693972  105.66990891  18.72697475  105.66998969 22
111  18.72707515  105.66998176 22
111  18.72820940  105.66982831 22
111  18.72845414  105.66979519 22
111  18.72939222  105.66966828
112  18.72939222  105.66966828  18.72948873  105.66964606 22
111  18.72948603  105.66952381 22
111  18.72947622  105.66944134 22
111  18.72946341  105.66932421 22
116  18.72957404  105.66914165  18.72968319  105.66911505
120 Roadway 6
111  18.72988841  105.66905281 22
115  18.72685124  105.66949331
120 Roadway 5
111  18.72675978  105.66963034 20
115  18.72669311  105.66963861
120 Roadway 4
111  18.72681169  105.66948530 20
111  18.72682520  105.66958996 20
111  18.72677737  105.66959641 20
115  18.72677888  105.66960922
120 Roadway 3
111  18.72684605  105.66945185 20
111  18.72685124  105.66949331 20
111  18.72686437  105.66959825 21
111  18.72690277  105.66990517
112  18.72690277  105.66990517  18.72693268  105.67003060 21
111  18.72704802  105.67002258 21
111  18.72727549  105.66999169 21
111  18.72735253  105.66998122 21
111  18.72768965  105.66993544 21
111  18.72776739  105.66992488 21
111  18.72808222  105.66988213 21
111  18.72818389  105.66986832 21
111  18.72848650  105.66982722 21
111  18.72858145  105.66981433 21
111  18.72889359  105.66977193 21
111  18.72893535  105.66976626 21
111  18.72897648  105.66976068 21
111  18.72929509  105.66971741 21
111  18.72934101  105.66971117 21
111  18.72934101  105.66971117 21
111  18.72939073  105.66970442 21
111  18.72940582  105.66970237
112  18.72940582  105.66970237  18.72953214  105.66968248 21
111  18.72952270  105.66954727 21
111  18.72949514  105.66932035 21
112  18.72951557  105.66923565  18.72953747  105.66919477
111  18.72951557  105.66923565
112  18.72951557  105.66923565  18.72953059  105.66920761 20
112  18.72960161  105.66917078  18.72964661  105.66916059
111  18.72960161  105.66917078 20
115  18.72989810  105.66912968
120 Roadway 2
111  18.72824932  105.66948453 21
111  18.72827578  105.66966362
112  18.72827578  105.66966362  18.72827098  105.66977127 21
111  18.72818194  105.66979985 21
111  18.72711090  105.66994434 21
112  18.72696327  105.66984278  18.72694008  105.66973044
111  18.72696327  105.66984278 21
111  18.72694090  105.66966957 21
112  18.72696318  105.66958459  18.72698825  105.66954427
111  18.72696318  105.66958459
112  18.72696318  105.66958459  18.72697927  105.66955870 20
112  18.72705349  105.66952549  18.72709968  105.66951658
111  18.72705349  105.66952549 20
111  18.72813036  105.66937737
112  18.72813036  105.66937737  18.72816846  105.66938029 20
112  18.72821198  105.66941194  18.72822972  105.66942924
111  18.72821198  105.66941194
114  18.72821198  105.66941194  18.72824422  105.66944338 21
120 Roadway 1
111  18.72927045  105.66921676 20
112  18.72938687  105.66925376  18.72943530  105.66929553
111  18.72938687  105.66925376
112  18.72938687  105.66925376  18.72940496  105.66926936 21
112  18.72942839  105.66932270  18.72943646  105.66935395
111  18.72942839  105.66932270 21
111  18.72944938  105.66949516 21
112  18.72934705  105.66964049  18.72924058  105.66966474
111  18.72934705  105.66964049 21
111  18.72849041  105.66975954 21
112  18.72834415  105.66965781  18.72831070  105.66954879
111  18.72834415  105.66965781 21
111  18.72831670  105.66947541 21
112  18.72834453  105.66939362  18.72837291  105.66935392
111  18.72834453  105.66939362
112  18.72834453  105.66939362  18.72836099  105.66937060 20
112  18.72842891  105.66933565  18.72847073  105.66932287
113  18.72842891  105.66933565 20
21  18.74584228  105.67018044 3 173.1000 3.00 PAPI-L RW 17
21  18.73196288  105.67095302 3 353.1300 3.00 PAPI-L RW 35
14  18.73061436  105.66879711  32.81 0 Tower Viewpoint
1300  18.72981630  105.66995507  82.38 gate jets|turboprops Stand 07A
1301 C airline 
1300  18.72977039  105.66959496 -97.63 gate jets|turboprops Stand 07
1301 C airline 
1300  18.72935126  105.66980116 -96.95 gate jets|turboprops Stand 06
1301 C airline 
1300  18.72894524  105.66985275 -96.91 gate jets|turboprops Stand 05
1301 C airline 
1300  18.72854432  105.66991042 -97.02 gate jets|turboprops Stand 04
1301 C airline 
1300  18.72814704  105.66996825 -96.53 gate jets|turboprops Stand 03
1301 C airline 
1300  18.72773839  105.67002197 -97.13 gate jets|turboprops Stand 02
1301 C airline 
1300  18.72732824  105.67007696 -96.94 gate jets|turboprops Stand 01
1301 C airline 
18  18.73057343  105.66877012 1 New Airport Beacon 2
19  18.73130174  105.67052514 1 WindStock
55 12100 Noi Bai Approach
54 11830 Vinh Tower
99
