A
1000 Generated by Infinite Flight Airport Editing (World Parser)/AB

1      518 0 1 76F  WILLS POINT MUNI
100   15.24   1   0 0.25 0 1 0 17   32.68595800 -095.98413300    0.00    0.00 2  0 0 0 35   32.67708100 -095.98413300    0.00    0.00 2  0 0 0
110   1 0.30 180.00 Default taxiway for RWY 17
111  32.68595800 -095.98421180   3 102 
111  32.68595800 -095.98462186   3 102 
111  32.67708100 -095.98462181   3 102 
111  32.67708100 -095.98421180 
112  32.67721815 -095.98421180  32.67714957 -095.98421447   3 102 
111  32.67714957 -095.98431223   3 102 
112  32.67714957 -095.98444258  32.67714957 -095.98454034   3 102 
111  32.67721815 -095.98454034   3 102 
111  32.68148521 -095.98454036   3 102 
111  32.68148521 -095.98421180 
111  32.68155379 -095.98421180   3 102 
111  32.68155379 -095.98454036   3 102 
112  32.68582085 -095.98454038  32.68588943 -095.98454038   3 102 
111  32.68588943 -095.98444261   3 102 
112  32.68588943 -095.98431225  32.68588943 -095.98421448   3 102 
113  32.68582085 -095.98421180 
120 Default hold RWY 17 (near)
111  32.68595800 -095.98437743   4 
115  32.68588943 -095.98437743 
120 Default hold RWY 17 (centre)
111  32.68155379 -095.98437742   4 
115  32.68148521 -095.98437742 
120 Default hold RWY 17 (far)
111  32.67714957 -095.98437741   4 
115  32.67708100 -095.98437741 
18   32.68151986 -095.98356269 1 BCN
19   32.68609515 -095.98388857 1 WS
19   32.67694385 -095.98437741 1 WS
51 12290 CTAF


130 Airport Boundary
111  032.67708206 -095.98461914
111  032.68595886 -095.98461914
111  032.68595886 -095.98413086
113  032.67708206 -095.98413086
99
