A
1000 Generated by Infinite Flight Airport Editing (World Parser)/AB

1       33 0 0 YNPE Northern Peninsula
100   29.87   1   0 0.25 0 1 0 13  -10.93816102  142.44774019  271.88   73.15 2  0 0 0 31  -10.95054700  142.45933400    0.00   39.01 2  0 0 0
110   1 0.25  40.00 New Taxiway 5
111 -10.94270960  142.45009634 
111 -10.94277716  142.45009009 
111 -10.94291536  142.45009322 
112 -10.94338831  142.44888896 -10.94342209  142.44882327 
112 -10.94343437  142.44874820 -10.94343437  142.44876384 
111 -10.94346815  142.44889209 
111 -10.94295562  142.45014167 
112 -10.94262336  142.45049418 -10.94260028  142.45049888 
112 -10.94257029  142.45044013 -10.94255875  142.45042133 
112 -10.94242723  142.45025682 -10.94242031  142.45024037 
111 -10.94242954  142.45019807 
111 -10.94247800  142.45010642 
111 -10.94242723  142.45008292 
113 -10.94250107  142.44994426 
110   1 0.25  40.00 New Taxiway 3
112 -10.94151104  142.44938723 -10.94154208  142.44940675  22 
112 -10.94151880  142.44949277 -10.94150191  142.44951602  22 
112 -10.94142175  142.44949946 -10.94140212  142.44948644  22 
114 -10.94140194  142.44940768 -10.94142640  142.44936743  22 
110   1 0.25  40.00 New Taxiway 2
111 -10.94104467  142.45026625 102 
112 -10.94139238  142.45024040 -10.94149898  142.45011890 102 
111 -10.94211320  142.44941060 
111 -10.94243688  142.44974779 
112 -10.94246414  142.44981402 -10.94246624  142.44984821 
112 -10.94244107  142.44995289 -10.94242010  142.44998280 
112 -10.94224180  142.45021994 -10.94223761  142.45021994 
112 -10.94218307  142.45017508 -10.94215370  142.45017081 
112 -10.94208448  142.45015799 -10.94207190  142.45015158 
111 -10.94187053  142.45010244 
112 -10.94164609  142.45014303 -10.94158945  142.45020285 102 
111 -10.94145730  142.45036949 102 
112 -10.94148038  142.45066432 -10.94157686  142.45079251 
111 -10.94140522  142.45073743 
113 -10.94099409  142.45032458 
120 Linear Feature 4
111 -10.94140968  142.45022116   4 
115 -10.94150429  142.45030811 
14  -10.94245777  142.45025274    6 0 New Tower Viewpoint 6
15  -10.94220803  142.45010836 339.72 New Ramp Start 5
18  -10.94371670  142.45424169 1 BCN
19  -10.94146220  142.44944209 1 New Windsock 4
51 12650 Bamaga MULT
51 12030 BRISBANE CENTRE MULT


130 Airport Boundary
111 -010.95054722  142.45933533
111 -010.94343472  142.44874573
113 -010.93816090  142.44773865
99
