I
1050 Generated by WorldEditor

1    125 1 0 EDLN Monchengladbach
1302 city Monchengladbach
1302 country Germany
1302 datum_lat 51.230355556
1302 datum_lon 6.504494444
1302 faa_code 
1302 iata_code MGL
1302 icao_code EDLN
1302 region_code ED
1302 state North Rhine-Westphalia
1302 transition_alt 5000
1302 transition_level 
100 29.87 1 0 0.25 0 2 1 13  51.23439030  006.49649148  119    0 2 7 0 1 31  51.22630278  006.51261257  122    0 2 6 0 1
110 1 0.00 0.0000 New Taxiway 110
111  51.22967905  006.50203353
112  51.22966089  006.50202788  51.22965231  006.50201699
111  51.22959193  006.50194089
111  51.22958358  006.50195779
112  51.22965416  006.50204681  51.22966288  006.50205791
113  51.22966025  006.50207112
110 1 0.00 0.0000 New Taxiway 110
111  51.22975891  006.50187611
112  51.22974075  006.50187046  51.22973217  006.50185957
111  51.22967179  006.50178348
111  51.22966344  006.50180037
112  51.22973402  006.50188940  51.22974274  006.50190049
113  51.22974011  006.50191370
110 1 0.00 0.0000 New Taxiway 110
111  51.22984035  006.50171482
112  51.22982218  006.50170917  51.22981361  006.50169828
111  51.22975322  006.50162218
111  51.22974487  006.50163908
112  51.22981545  006.50172810  51.22982417  006.50173919
113  51.22982154  006.50175240
110 1 0.00 0.0000 New Taxiway 110
111  51.23007889  006.50123793
112  51.23006072  006.50123227  51.23005215  006.50122138
111  51.22999176  006.50114529
111  51.22998341  006.50116218
112  51.23005399  006.50125121  51.23006271  006.50126230
113  51.23006008  006.50127551
110 1 0.00 0.0000 New Taxiway 110
111  51.23015542  006.50108660
112  51.23013725  006.50108094  51.23012868  006.50107006
111  51.23006829  006.50099396
111  51.23005994  006.50101085
112  51.23013052  006.50109988  51.23013924  006.50111097
113  51.23013662  006.50112418
110 1 0.00 0.0000 New Taxiway 110
111  51.23023242  006.50093201
112  51.23021426  006.50092635  51.23020568  006.50091547
111  51.23014530  006.50083937
111  51.23013694  006.50085626
112  51.23020752  006.50094529  51.23021624  006.50095638
113  51.23021362  006.50096959
110 1 0.00 0.0000 New Taxiway 110
111  51.23057343  006.50025344
112  51.23055527  006.50024779  51.23054669  006.50023690
111  51.23048631  006.50016081
111  51.23047795  006.50017770
112  51.23054853  006.50026673  51.23055725  006.50027782
113  51.23055463  006.50029103
110 1 0.00 0.0000 New Taxiway 110
111  51.23064729  006.50010437
112  51.23062913  006.50009872  51.23062055  006.50008783
111  51.23056017  006.50001174
111  51.23055181  006.50002863
112  51.23062239  006.50011766  51.23063111  006.50012875
113  51.23062849  006.50014196
110 1 0.00 0.0000 New Taxiway 110
111  51.23072319  006.49995279
112  51.23070503  006.49994714  51.23069645  006.49993625
111  51.23063607  006.49986015
111  51.23062772  006.49987705
112  51.23069830  006.49996607  51.23070702  006.49997717
113  51.23070439  006.49999038
110 1 0.00 0.0000 New Taxiway 110
111  51.23079957  006.49980121
112  51.23078141  006.49979556  51.23077283  006.49978467
111  51.23071244  006.49970857
111  51.23070409  006.49972547
112  51.23077467  006.49981449  51.23078339  006.49982559
113  51.23078077  006.49983880
110 1 0.00 0.0000 New Taxiway 110
111  51.23103718  006.49932865
112  51.23101901  006.49932300  51.23101044  006.49931211
111  51.23095005  006.49923601
111  51.23094170  006.49925291
112  51.23101228  006.49934193  51.23102100  006.49935302
113  51.23101837  006.49936624
110 1 0.00 0.0000 New Taxiway 110
111  51.23111214  006.49917832
112  51.23109397  006.49917267  51.23108540  006.49916178
111  51.23102501  006.49908569
111  51.23101666  006.49910258
112  51.23108724  006.49919161  51.23109596  006.49920270
113  51.23109333  006.49921591
110 1 0.00 0.0000 New Taxiway 110
111  51.23118801  006.49902611
112  51.23116985  006.49902045  51.23116127  006.49900957
111  51.23110089  006.49893347
111  51.23109254  006.49895036
112  51.23116312  006.49903939  51.23117184  006.49905048
113  51.23116921  006.49906369
110 4 0.00 0.0000 New Taxiway 93
111  51.23557938  006.49376299
111  51.23555440  006.49381347
111  51.23576515  006.49408105
113  51.23578906  006.49403025
110 1 0.00 0.0000 New Taxiway 92
112  51.23735726  006.49027117  51.23735677  006.49024754
112  51.23729907  006.49017034  51.23725024  006.49017034
112  51.23723100  006.49027117  51.23723051  006.49030819
114  51.23729907  006.49036964  51.23734888  006.49036412
110 1 0.00 0.0000 New Taxiway 91
112  51.23742253  006.49030385  51.23743553  006.49011701
112  51.23731205  006.49006742  51.23730194  006.49006281
112  51.23716475  006.49024618  51.23714525  006.49044455
114  51.23727956  006.49048030  51.23729111  006.49048145
110 2 0.00 0.0000 New Taxiway 34
111  51.22875422  006.50217494
111  51.22860044  006.50198128
111  51.22843593  006.50230991
111  51.22850849  006.50240274
111  51.22843004  006.50255964
111  51.22838186  006.50250001
111  51.22839371  006.50247568
111  51.22835155  006.50242322
111  51.22829100  006.50254407
111  51.22830510  006.50256140
111  51.22817530  006.50280704
111  51.22818193  006.50281570
111  51.22816561  006.50284823
111  51.22816332  006.50284557
111  51.22794980  006.50327093
111  51.22812248  006.50348251
111  51.22834493  006.50303081
111  51.22832366  006.50300445
111  51.22842072  006.50281728
111  51.22842881  006.50282752
111  51.22844658  006.50279093
111  51.22843831  006.50278044
111  51.22859429  006.50248169
111  51.22858419  006.50246853
111  51.22860762  006.50242296
111  51.22863376  006.50245728
111  51.22866339  006.50244668
111  51.22868775  006.50239916
111  51.22868653  006.50234826
111  51.22865966  006.50231298
111  51.22867543  006.50228272
113  51.22868966  006.50230187
110 2 0.00 0.0000 New Taxiway 33
111  51.22928970  006.49298157
111  51.22833807  006.49482650
111  51.22873543  006.49536387
113  51.22966445  006.49349769
110 2 0.00 0.0000 New Taxiway 27
111  51.23300174  006.49444822
111  51.23251505  006.49469790
111  51.23250523  006.49465000
111  51.23238226  006.49471521
111  51.23239760  006.49480106
111  51.23243055  006.49485020
111  51.23253614  006.49528601
111  51.23250181  006.49535115
111  51.23247477  006.49531330
111  51.23233356  006.49560031
111  51.23237074  006.49564701
111  51.23228580  006.49581451
111  51.23236059  006.49590857
111  51.23239013  006.49584843
111  51.23240293  006.49586420
111  51.23242850  006.49581044
111  51.23241673  006.49579497
111  51.23244219  006.49573749
111  51.23244201  006.49570702
111  51.23257477  006.49543584
111  51.23259521  006.49545872
111  51.23263858  006.49538303
111  51.23256587  006.49503128
111  51.23259157  006.49496609
113  51.23305650  006.49472736
110 2 0.00 0.0000 New Taxiway 29
111  51.22952415  006.49925220
111  51.22972532  006.49949521
111  51.23052127  006.49791861
111  51.23029004  006.49761319
111  51.22955974  006.49904579
113  51.22960117  006.49909815
110 2 0.00 0.0000 New Taxiway 29
111  51.22871433  006.50086569
111  51.22891550  006.50110870
111  51.22971145  006.49953210
113  51.22950770  006.49927878
110 2 0.00 0.0000 New Taxiway 29
111  51.22915565  006.50145059
111  51.22930530  006.50163602
111  51.23000337  006.50024862
113  51.22985113  006.50005289
110 2 0.00 0.0000 New Taxiway 29
111  51.23004343  006.49972576
111  51.23019308  006.49991118
111  51.23094782  006.49844426
113  51.23079558  006.49824853
110 1 0.00 0.0000 New Taxiway 28
112  51.23078594  006.50082411  51.23072666  006.50093413
112  51.23061750  006.50080964  51.23058465  006.50076743
112  51.23060664  006.50050114  51.23066832  006.50038089
112  51.23052250  006.50035480  51.23042915  006.50052396
111  51.23048334  006.50015723
111  51.23018913  006.50075092
112  51.23026608  006.50072370  51.23029719  006.50077550
111  51.23027197  006.50085470
112  51.23030145  006.50110942  51.23035112  006.50101220 102
112  51.23045688  006.50113185  51.23047410  006.50115511 102
114  51.23050499  006.50137805  51.23045470  006.50149120
110 1 0.00 0.0000 New Taxiway 25
111  51.23341623  006.49446709
111  51.23335215  006.49449849
111  51.23335724  006.49452524
113  51.23342133  006.49449152
110 2 0.00 0.0000 New Taxiway 24
111  51.23380099  006.49405921
111  51.23359335  006.49417605
111  51.23355392  006.49430595
111  51.23377809  006.49417716
111  51.23379196  006.49423591
113  51.23383388  006.49420756
110 2 0.00 0.0000 New Taxiway 26
111  51.23202476  006.49642643
111  51.23185646  006.49620412
111  51.23165398  006.49660871
111  51.23148007  006.49639444
111  51.23144633  006.49640000
111  51.23138692  006.49652362
111  51.23153126  006.49670504
111  51.23147126  006.49682694
111  51.23121680  006.49650724
111  51.23130240  006.49632469
111  51.23125016  006.49626168
111  51.23123540  006.49629191
111  51.23111980  006.49615288
111  51.23096948  006.49645744
111  51.23108831  006.49660801
111  51.23109455  006.49659645
111  51.23113583  006.49665436
111  51.23110827  006.49670634
111  51.23115888  006.49677263
112  51.23117453  006.49682865  51.23119144  006.49684930
111  51.23121215  006.49684317
111  51.23123993  006.49678804
113  51.23160189  006.49726607
110 1 0.00 0.0000 New Taxiway 23
111  51.23486717  006.49029304
112  51.23516912  006.49021208  51.23523416  006.49025806
112  51.23525715  006.49029590  51.23527208  006.49033166
111  51.23526078  006.49039306
111  51.23494509  006.49128428
111  51.23480526  006.49112710
111  51.23472965  006.49079555
111  51.23456939  006.49133781
111  51.23470054  006.49145531
111  51.23475820  006.49127532
111  51.23489398  006.49142775
111  51.23442471  006.49274874
111  51.23404861  006.49410493
112  51.23394811  006.49429663  51.23389521  006.49430075
111  51.23387134  006.49415530
111  51.23377857  006.49417063
111  51.23339237  006.49437094
111  51.23347470  006.49478194
112  51.23345446  006.49482900  51.23342970  006.49484179
111  51.23342245  006.49481600
111  51.23334035  006.49439200
111  51.23317906  006.49447544
111  51.23326785  006.49491539
112  51.23324610  006.49494538  51.23322644  006.49495352
111  51.23322268  006.49493798
111  51.23315168  006.49459330
111  51.23299030  006.49446093
111  51.23303265  006.49465936
111  51.23310747  006.49462333
111  51.23317402  006.49496755
111  51.23310644  006.49500063
111  51.23305467  006.49472522
111  51.23253855  006.49498716
111  51.23258802  006.49537208
111  51.23234704  006.49587603
111  51.23236677  006.49592314
111  51.23207098  006.49651712
111  51.23200968  006.49643664
111  51.23112722  006.49821075
111  51.23145176  006.49863429
111  51.23260440  006.49648647
111  51.23283069  006.49569635
111  51.23311218  006.49528768
112  51.23359731  006.49503736  51.23392501  006.49487047
111  51.23406948  006.49434055
111  51.23449649  006.49281806
111  51.23539869  006.49027970
111  51.23543268  006.49011092
111  51.23535359  006.49004918
112  51.23525750  006.49002758  51.23517811  006.48997357
114  51.23512096  006.48940599  51.23516467  006.48913013
110 2 0.00 0.0000 New Taxiway 22
112  51.23464080  006.48893917  51.23461581  006.48902928
111  51.23457839  006.48915866
111  51.23474830  006.48928484
114  51.23481443  006.48905228  51.23483045  006.48899297
110 2 0.00 0.0000 New Taxiway 21
111  51.23467848  006.48820694
111  51.23455313  006.48866769
111  51.23470434  006.48877335
113  51.23483616  006.48831259
110 2 0.00 0.0000 New Taxiway 20
111  51.23456382  006.48810722
111  51.23462627  006.48789531
111  51.23455638  006.48784601
111  51.23452591  006.48794979
111  51.23429064  006.48777563
111  51.23425957  006.48788290
111  51.23425473  006.48787785
111  51.23397998  006.48877539
111  51.23399247  006.48878536
111  51.23396306  006.48888530
111  51.23416315  006.48904527
111  51.23419534  006.48893740
111  51.23443265  006.48911983
113  51.23470611  006.48822346
110 2 0.00 0.0000 New Taxiway 19
111  51.23419559  006.48893711
111  51.23415396  006.48907591
111  51.23439097  006.48925771
113  51.23443263  006.48911981
110 2 0.00 0.0000 New Taxiway 18
111  51.23475202  006.48934400
111  51.23474035  006.48937997
111  51.23442789  006.48913544
111  51.23439094  006.48925775
111  51.23417050  006.48908860
111  51.23402887  006.48956700
111  51.23425614  006.48974206
111  51.23425381  006.48976695
111  51.23444739  006.48991821
111  51.23443123  006.48997053
111  51.23471272  006.49018708
113  51.23492042  006.48946932
110 2 0.00 0.0000 New Taxiway 17
111  51.23397835  006.49000042
111  51.23392206  006.49019111
111  51.23421536  006.49041570
113  51.23426914  006.49023263
110 2 0.00 0.0000 New Taxiway 16
111  51.23460497  006.49057529
111  51.23454399  006.49053033
111  51.23456655  006.49044721
111  51.23440793  006.49033553
111  51.23418877  006.49107510
113  51.23441145  006.49123464
110 5 0.00 0.0000 New Taxiway 15
111  51.23723656  006.49051097
112  51.23718799  006.49012857  51.23729523  006.48995379
112  51.23742285  006.49013505  51.23747483  006.49016302
112  51.23757393  006.48999287  51.23760184  006.48990636
112  51.23762840  006.48972313  51.23764591  006.48960602
111  51.23786241  006.48766398
111  51.23788773  006.48763180
111  51.23781729  006.48747032
111  51.23775347  006.48754581
111  51.23782717  006.48770714
112  51.23759889  006.48971743  51.23758441  006.48983578
112  51.23753812  006.48999075  51.23750584  006.49006765
112  51.23742267  006.49007753  51.23739477  006.49005306
112  51.23716119  006.49009756  51.23704246  006.49030031
113  51.23721322  006.49055557
110 2 0.00 0.0000 New Taxiway 14
111  51.23783774  006.48753308 1
111  51.23781704  006.48748746 1
111  51.23778754  006.48752287 1
113  51.23780857  006.48756822 1
110 2 0.00 0.0000 New Taxiway 14
111  51.23370840  006.49409419
111  51.23369346  006.49402227
111  51.23363999  006.49405330
113  51.23365530  006.49412511
110 2 0.00 0.0000 New Taxiway 14
111  51.23497335  006.49198825
111  51.23494625  006.49195217
111  51.23492312  006.49199809
113  51.23495048  006.49203377
110 1 0.00 0.0000 New Taxiway 13
111  51.23496110  006.49196890
111  51.23489162  006.49187561
112  51.23486737  006.49175832  51.23488179  006.49170970
112  51.23480710  006.49194170  51.23481992  006.49191227
111  51.23487232  006.49194601
113  51.23493231  006.49202339
110 1 0.00 0.0000 New Taxiway 12
112  51.23662040  006.49183126  51.23659541  006.49187252
111  51.23653715  006.49185613
112  51.23539948  006.49149432  51.23534081  006.49147581
112  51.23512855  006.49148495  51.23507511  006.49146346
112  51.23501039  006.49136634  51.23501974  006.49133530
112  51.23496134  006.49151119  51.23498563  006.49147657
112  51.23509571  006.49160671  51.23502994  006.49162760
112  51.23497022  006.49161420  51.23494443  006.49160823
111  51.23493386  006.49156175
111  51.23487874  006.49173970
112  51.23495966  006.49168351  51.23502245  006.49167276
112  51.23515670  006.49168163  51.23519482  006.49171028
112  51.23528220  006.49178653  51.23532630  006.49179668
112  51.23538225  006.49158896  51.23541551  006.49159971
111  51.23650900  006.49194767
114  51.23651428  006.49204473  51.23647862  006.49212231
110 1 0.00 0.0000 New Taxiway 11
112  51.23678780  006.49192904  51.23672888  006.49193433
112  51.23664333  006.49185059  51.23665856  006.49178292
112  51.23657326  006.49199261  51.23661232  006.49192600
112  51.23676770  006.49219155  51.23678823  006.49227297
111  51.23683023  006.49225928
113  51.23685579  006.49198602
110 1 0.00 0.0000 New Taxiway 10
111  51.23552276  006.49401343
111  51.23552260  006.49401347
111  51.23548458  006.49405014
112  51.23546705  006.49412496  51.23544751  006.49416362
114  51.23551487  006.49405344  51.23551487  006.49405287
110 1 0.00 0.0000 New Taxiway 8
111  51.23442691  006.48913690
111  51.23473890  006.48938125
111  51.23473655  006.48940185
111  51.23490075  006.48952923
111  51.23466970  006.49032906
111  51.23417241  006.48992821
111  51.23423574  006.48972029
111  51.23405161  006.48956857
111  51.23400821  006.48972404
111  51.23401056  006.48984205
111  51.23396247  006.48999751
111  51.23427082  006.49024046
112  51.23429556  006.49016422  51.23430579  006.49013443
111  51.23432488  006.49015486
111  51.23437180  006.49019419
112  51.23438235  006.49023915  51.23437513  006.49026606
111  51.23415542  006.49104428
111  51.23419304  006.49107141
111  51.23440945  006.49034353
111  51.23456123  006.49045036
111  51.23454069  006.49053136
111  51.23460168  006.49057819
111  51.23440581  006.49123941
111  51.23456532  006.49135929
111  51.23510952  006.48951049
112  51.23512110  006.48924843  51.23509530  006.48910607
111  51.23504971  006.48904594
111  51.23470194  006.48876122
113  51.23455385  006.48865001
112  51.23500261  006.48948554  51.23496625  006.48945557
111  51.23478197  006.48930974
112  51.23485483  006.48905471  51.23486169  006.48903008
114  51.23501643  006.48918525  51.23507742  006.48929390
110 1 0.00 0.0000 New Taxiway 7
112  51.23516611  006.49469972  51.23516050  006.49473437
111  51.23512985  006.49479575
111  51.23432245  006.49640526
111  51.23434448  006.49643301
111  51.23513081  006.49486566
114  51.23514385  006.49488508  51.23514181  006.49492381
110 1 0.00 0.0000 New Taxiway 7
111  51.23723649  006.49051077
111  51.23721311  006.49055526
111  51.23722386  006.49062146
112  51.23575520  006.49354916  51.23572326  006.49361210
112  51.23552463  006.49372624  51.23545556  006.49387040
112  51.23547864  006.49409769  51.23546003  006.49413827
111  51.23552267  006.49401346
112  51.23554777  006.49375013  51.23558754  006.49367168
111  51.23570408  006.49365108
112  51.23542794  006.49420153  51.23538800  006.49427930
112  51.23527715  006.49410560  51.23527934  006.49405317
112  51.23524155  006.49437895  51.23525523  006.49430817
112  51.23535754  006.49428476  51.23538161  006.49428388
112  51.23543968  006.49425001  51.23545512  006.49421951
113  51.23728226  006.49057730
110 1 0.00 0.0000 New Taxiway 6
111  51.23330201  006.50350515
111  51.23327420  006.50337299
111  51.23290279  006.50361194
113  51.23293331  006.50374956
110 1 0.00 0.0000 New Taxiway 4
111  51.23505062  006.49589845
111  51.23534445  006.49359177
112  51.23534074  006.49333558  51.23531994  006.49322291
111  51.23527338  006.49315584
112  51.23473978  006.49241469  51.23470071  006.49235971
111  51.23469636  006.49223579
111  51.23463250  006.49241938
112  51.23470157  006.49243357  51.23473533  006.49248009
111  51.23524794  006.49320419
112  51.23530355  006.49336071  51.23532083  006.49346408
111  51.23530509  006.49359856
113  51.23501510  006.49588679
110 2 0.00 0.0000 New Taxiway 3
111  51.23473082  006.50253340
111  51.23456133  006.50231527
111  51.23444285  006.50255660
113  51.23461166  006.50277467
110 2 0.00 0.0000 New Taxiway 3
111  51.23465585  006.50227730
111  51.23461125  006.50221969
111  51.23456365  006.50231500
113  51.23460826  006.50237292
110 2 0.00 0.0000 New Taxiway 3
111  51.23505115  006.50148337
111  51.23499884  006.50141677
111  51.23492399  006.50156226
113  51.23497632  006.50162917
110 2 0.00 0.0000 New Taxiway 3
111  51.23329215  006.50350932
111  51.23295827  006.50372904
111  51.23303939  006.50405214
113  51.23337435  006.50383210
110 2 0.00 0.0000 New Taxiway 3
111  51.23706794  006.49202075
111  51.23685272  006.49196883
111  51.23682656  006.49227265
113  51.23704118  006.49232506
110 2 0.00 0.0000 New Taxiway 3
111  51.23489695  006.50219048
111  51.23472746  006.50197236
111  51.23460898  006.50221368
113  51.23477780  006.50243175
110 2 0.00 0.0000 New Taxiway 3
111  51.23502415  006.50088176
111  51.23468496  006.50154596
111  51.23483236  006.50174152
113  51.23517386  006.50107717
110 1 0.00 0.0000 New Taxiway 5
112  51.22604150  006.51279386  51.22604526  006.51281856
112  51.22602510  006.51292150  51.22600629  006.51295688
113  51.22605838  006.51286863
110 2 0.00 0.0000 New Taxiway 4
111  51.22478821  006.51380084 1
111  51.22475425  006.51375909 1
111  51.22472641  006.51381716 1
113  51.22476009  006.51385836 1
110 1 0.00 0.0000 New Taxiway 3
111  51.22622051  006.51042907
111  51.22611175  006.51095780
112  51.22596469  006.51134384  51.22596166  006.51144400
111  51.22604745  006.51287618
112  51.22540962  006.51413998  51.22533489  006.51428684
112  51.22514191  006.51425964  51.22512265  006.51424072
111  51.22482137  006.51385457
111  51.22482204  006.51379444
111  51.22480293  006.51376876
111  51.22475849  006.51386056
111  51.22513686  006.51433565
111  51.22513446  006.51456529
111  51.22517496  006.51456460
111  51.22517726  006.51434322
112  51.22544235  006.51418427  51.22552828  006.51401402
111  51.22626483  006.51255559
111  51.22623126  006.51251167
111  51.22611476  006.51274416
112  51.22608206  006.51275449  51.22607750  006.51270684
111  51.22607287  006.51262257
112  51.22600516  006.51135556  51.22600769  006.51126752
111  51.22613514  006.51101746
111  51.22625607  006.51116311
113  51.22639521  006.51086959
110 1 0.00 0.0000 New Taxiway 2
111  51.22693634  006.51098888
111  51.22672474  006.51105098
111  51.22710120  006.51153375
111  51.22713640  006.51146385
111  51.22709670  006.51141295
113  51.22710075  006.51135769
110 1 0.35 0.0000 xxx
111  51.22860978  006.50515523 102
112  51.22633256  006.50969462  51.22621673  006.50992650 102
112  51.22639041  006.51090090  51.22667663  006.51126150
111  51.22639041  006.51090090
112  51.22639041  006.51090090  51.22667504  006.51123868 102
111  51.22693023  006.51102283
111  51.22708395  006.51072270 102
112  51.22647635  006.51073227  51.22623456  006.51041849 102
112  51.22644291  006.50982517  51.22648831  006.50972075 102
111  51.22831804  006.50608194
111  51.22861946  006.50548129 102
111  51.23054121  006.50165173
111  51.23087138  006.50099379 102
111  51.23275735  006.49723551
111  51.23295119  006.49684924
111  51.23284435  006.49671561
111  51.23263310  006.49713651 102
111  51.23179998  006.49879647
111  51.23150258  006.49938904 102
111  51.23078768  006.50081462
111  51.23050450  006.50137899 102
113  51.22995749  006.50246920
110 1 0.00 0.0000 New Taxiway 1
111  51.23386783  006.49804522
111  51.23389413  006.49799279
111  51.23357432  006.49758243
113  51.23354422  006.49764253
110 1 0.25 0.0000 xxx
111  51.23263350  006.49713795
112  51.23275717  006.49723579  51.23280669  006.49714391 102
112  51.23300001  006.49721223  51.23304160  006.49726459 102
112  51.23331307  006.49760704  51.23340174  006.49771903 102
112  51.23334993  006.49822394  51.23329641  006.49833204
111  51.23361541  006.49769306 102
111  51.23296735  006.49686363
112  51.23283137  006.49569317  51.23298591  006.49499013
111  51.23242948  006.49686338
114  51.23259840  006.49687365  51.23265880  006.49695834
110 1 0.25 0.0000 xxx
112  51.23365317  006.49829981  51.23370340  006.49820552 102
112  51.23391337  006.49829506  51.23397170  006.49837017 102
112  51.23435753  006.49886337  51.23443323  006.49895981
112  51.23451019  006.49940864  51.23448993  006.49958404
112  51.23459409  006.49878370  51.23458681  006.49882599
112  51.23450220  006.49882807  51.23447902  006.49879839 102
113  51.23382336  006.49795864
110 1 0.00 0.0000 New Taxiway 2
112  51.23459572  006.50133605  51.23455519  006.50141345
112  51.23445772  006.50113016  51.23447446  006.50099506
112  51.23420033  006.50188252  51.23417848  006.50214263
111  51.23446778  006.50251123
111  51.23472777  006.50198571
111  51.23456841  006.50177604
111  51.23462134  006.50167490
111  51.23488778  006.50202003
112  51.23492203  006.50211025  51.23493010  006.50216698
111  51.23492391  006.50220175
111  51.23479967  006.50247338
112  51.23478479  006.50248397  51.23477612  006.50248233
111  51.23476805  006.50247114
111  51.23463997  006.50230539
111  51.23460800  006.50236908
111  51.23479018  006.50260714
111  51.23498541  006.50218754
112  51.23494402  006.50190504  51.23495088  006.50189104
111  51.23511339  006.50155932
111  51.23500170  006.50140676
111  51.23481580  006.50176383
111  51.23467276  006.50157520
111  51.23502979  006.50087799
113  51.23490941  006.50072069
110 1 0.25 0.0000 xxx
111  51.23494919  006.49586613
111  51.23420044  006.50188085
111  51.23435814  006.50193861
113  51.23510804  006.49591433
110 1 0.25 38.7000 xxx
111  51.23054105  006.50165159 102
112  51.23085857  006.50165793  51.23098362  006.50181855 102
112  51.23108616  006.50194936  51.23128775  006.50220692 102
111  51.23109357  006.50272040
111  51.23149154  006.50192816 102
112  51.23125253  006.50190821  51.23111362  006.50173091 102
112  51.23093281  006.50149910  51.23079917  006.50132805 102
113  51.23087142  006.50099330
110 1 0.25 0.0000 xxx
111  51.22831794  006.50608191 102
112  51.22858971  006.50610358  51.22873334  006.50628763 102
111  51.22893195  006.50654142 102
112  51.22895726  006.50697839  51.22885382  006.50721981
112  51.22945677  006.50598269  51.22917258  006.50651047 102
112  51.22895397  006.50630490  51.22893281  006.50627787 102
112  51.22868691  006.50596325  51.22855371  006.50579320 102
113  51.22861953  006.50548097
110 1 0.25 0.0000 xxx
111  51.23111369  006.49670310
111  51.23085459  006.49722327
111  51.23080613  006.49716201
111  51.23059973  006.49754204
111  51.23065796  006.49761617
111  51.22887117  006.50119874
111  51.22895764  006.50140551
111  51.22863337  006.50205150
111  51.22885586  006.50236727
112  51.22953349  006.50217485  51.22950122  006.50213264
111  51.22954884  006.50203086
111  51.22982897  006.50147241
111  51.22986381  006.50151705
112  51.22987274  006.50164905  51.22983750  006.50172363
112  51.23002822  006.50135085  51.22999209  006.50141840
111  51.22994453  006.50134996
111  51.22991219  006.50130673
111  51.23076699  006.49960288
111  51.23081146  006.49965872
112  51.23082485  006.49975191  51.23080347  006.49980116
112  51.23099131  006.49941955  51.23096495  006.49946839
111  51.23093189  006.49942609
111  51.23088568  006.49936635
112  51.23117057  006.49879882  51.23121182  006.49871565
112  51.23123996  006.49892510  51.23119468  006.49901893
113  51.23186648  006.49768241
110 1 0.25 0.0000 xxx
111  51.23111369  006.49670310
111  51.23085459  006.49722327
111  51.23080613  006.49716201
111  51.23059973  006.49754204
111  51.23065796  006.49761617
111  51.22887117  006.50119874
111  51.22895764  006.50140551
111  51.22863337  006.50205150
111  51.22885586  006.50236727
112  51.22953349  006.50217485  51.22950122  006.50213264
111  51.22954884  006.50203086
111  51.22982897  006.50147241
111  51.22986381  006.50151705
112  51.22987274  006.50164905  51.22983750  006.50172363
112  51.23002822  006.50135085  51.22999209  006.50141840
111  51.22994453  006.50134996
111  51.22991219  006.50130673
111  51.23076699  006.49960288
111  51.23081146  006.49965872
112  51.23082485  006.49975191  51.23080347  006.49980116
112  51.23099131  006.49941955  51.23096495  006.49946839
111  51.23093189  006.49942609
111  51.23088568  006.49936635
112  51.23117057  006.49879882  51.23121182  006.49871565
112  51.23123996  006.49892510  51.23119468  006.49901893
113  51.23186648  006.49768241
110 1 0.25 0.0000 xxx
111  51.23111369  006.49670310
111  51.23085459  006.49722327
111  51.23080613  006.49716201
111  51.23059973  006.49754204
111  51.23065796  006.49761617
111  51.22887117  006.50119874
111  51.22895764  006.50140551
111  51.22863337  006.50205150
111  51.22885586  006.50236727
112  51.22953349  006.50217485  51.22950122  006.50213264
111  51.22954884  006.50203086
111  51.22982897  006.50147241
111  51.22986381  006.50151705
112  51.22987274  006.50164905  51.22983750  006.50172363
112  51.23002822  006.50135085  51.22999209  006.50141840
111  51.22994453  006.50134996
111  51.22991219  006.50130673
111  51.23076699  006.49960288
111  51.23081146  006.49965872
112  51.23082485  006.49975191  51.23080347  006.49980116
112  51.23099131  006.49941955  51.23096495  006.49946839
111  51.23093189  006.49942609
111  51.23088568  006.49936635
112  51.23117057  006.49879882  51.23121182  006.49871565
112  51.23123996  006.49892510  51.23119468  006.49901893
113  51.23186648  006.49768241
110 1 0.25 0.0000 xxx
111  51.22916941  006.50171517
111  51.22865408  006.50229626
111  51.22866156  006.50235735
111  51.22874693  006.50247677
111  51.22866191  006.50264644
111  51.22862521  006.50260292
111  51.22855554  006.50274193
111  51.22851242  006.50268876
111  51.22807707  006.50356193
111  51.22817728  006.50368463
111  51.22788915  006.50425516
111  51.22860978  006.50515523
112  51.22995746  006.50246921  51.22995743  006.50246922
111  51.22995746  006.50246921
112  51.22995746  006.50246921  51.22989758  006.50259011 102
111  51.22978473  006.50249298
113  51.22954816  006.50219394
110 1 0.25 128.7000 xxx
111  51.22966445  006.49349769
111  51.22874682  006.49534752
111  51.22848573  006.49587046
111  51.22938607  006.49701184
111  51.22941992  006.49694328
111  51.22950927  006.49705247
111  51.22977668  006.49650299
111  51.22989066  006.49601372
113  51.23056478  006.49463907
110 1 0.25 38.7000 xxx
111  51.22977668  006.49650299
111  51.23062423  006.49757324
111  51.23082307  006.49718365
113  51.22989066  006.49601372
110 1 0.25 0.0000 xxx
111  51.23127539  006.49885751
112  51.23129487  006.49912988  51.23135703  006.49901188 102
112  51.23148237  006.49911013  51.23151137  006.49915294 102
112  51.23150237  006.49938921  51.23143923  006.49952419
112  51.23180026  006.49879581  51.23176222  006.49887123 102
112  51.23164791  006.49878038  51.23160961  006.49873494 102
112  51.23160860  006.49850412  51.23165954  006.49839068
113  51.23154510  006.49831912
110 1 0.25 0.0000 xxx
112  51.22978612  006.50249140  51.22974134  006.50243271
112  51.22975664  006.50219534  51.22980081  006.50210753
111  51.23241703  006.49689245
111  51.23276300  006.49618919
111  51.23267264  006.49606688
112  51.22965182  006.50208638  51.22963271  006.50212439
114  51.22953365  006.50217501  51.22950297  006.50214643
110 2 0.25 128.7000 xxx
111  51.22977480  006.50376675
111  51.22975236  006.50381175
111  51.22978062  006.50384799
113  51.22980325  006.50380268
110 1 0.25 128.7000 xxx
111  51.22972324  006.50366576
111  51.22963749  006.50383669
111  51.22974453  006.50397363
113  51.22983028  006.50380270
110 1 0.00 0.0000 New Taxiway 6
112  51.23195866  006.49780240  51.23197006  006.49784013
112  51.23200755  006.49793158  51.23198963  006.49797191
111  51.23175468  006.49842509
112  51.23158931  006.49848660  51.23149005  006.49840065
112  51.23159354  006.49859120  51.23169222  006.49867002
111  51.23180675  006.49847019
112  51.23206907  006.49795209  51.23211469  006.49785712
113  51.23197160  006.49772524
110 1 0.00 0.0000 New Taxiway 6
112  51.22919128  006.50430180  51.22920269  006.50433953
112  51.22919618  006.50448310  51.22917826  006.50452343
111  51.22865948  006.50561347
112  51.22859345  006.50564551  51.22856657  006.50561169
112  51.22859768  006.50575012  51.22863108  006.50578134
111  51.22868174  006.50568576
112  51.22922364  006.50454214  51.22926926  006.50444717
113  51.22928369  006.50413172
110 2 0.00 0.0000 New Taxiway 5
111  51.23421096  006.50179786
112  51.23321654  006.50318660  51.23318262  006.50323379
111  51.23317112  006.50343927
111  51.23321463  006.50341140
112  51.23324029  006.50322298  51.23326656  006.50318279
113  51.23420128  006.50187615
110 5 0.00 0.0000 New Taxiway 94
111  51.23533936  006.49428209
112  51.23527004  006.49426018  51.23525415  006.49424749
112  51.23524472  006.49436597  51.23524689  006.49434867
111  51.23529315  006.49438012
111  51.23548981  006.49463073
111  51.23550426  006.49460264
113  51.23531528  006.49436134
130 Airport Boundary 1
111  51.23738949  006.48693186
111  51.23467761  006.48740004
111  51.23464112  006.48795376
111  51.23429454  006.48874794
111  51.23400876  006.48951504
111  51.23398444  006.49020446
111  51.23408780  006.49082591
111  51.23427630  006.49191345
111  51.23426414  006.49234070
111  51.23418509  006.49306896
111  51.23398444  006.49380693
111  51.23352840  006.49406911
111  51.23271362  006.49450607
111  51.23192925  006.49489447
111  51.23157658  006.49504974
111  51.23147929  006.49453512
111  51.23124215  006.49286503
111  51.23065235  006.49111727
111  51.22986797  006.49155421
111  51.22924169  006.49185521
111  51.22910792  006.49253490
111  51.22896807  006.49269997
111  51.22863364  006.49291358
111  51.22806816  006.49392339
111  51.22790399  006.49441860
111  51.22784319  006.49516623
111  51.22783710  006.49608863
111  51.22791615  006.49726348
111  51.22790399  006.49850629
111  51.22769726  006.49972970
111  51.22727770  006.50292406
111  51.22777022  006.50351633
111  51.22756957  006.50385615
111  51.22716826  006.50465229
111  51.22716826  006.50537077
111  51.22716826  006.50631255
111  51.22705881  006.50693393
111  51.22698584  006.50759414
111  51.22629875  006.50941944
111  51.22604945  006.51017673
111  51.22608594  006.51081751
111  51.22610029  006.51089378
111  51.22473847  006.51357686
111  51.22477864  006.51371074
111  51.22468135  006.51392433
111  51.22573935  006.51523502
111  51.22587920  006.51499230
111  51.22644468  006.51556512
111  51.22687639  006.51484667
111  51.22758173  006.51559421
111  51.22815329  006.51606996
111  51.22818369  006.51512817
111  51.22868229  006.51149694
111  51.23032401  006.50805966
111  51.23206302  006.50475825
111  51.23267106  006.50436984
111  51.23343112  006.50344735
111  51.23360745  006.50324344
111  51.23399660  006.50308807
111  51.23428238  006.50325315
111  51.23445871  006.50410766
111  51.23462288  006.50438926
111  51.23483570  006.50388432
111  51.23504243  006.50238892
111  51.23524309  006.50038836
111  51.23537686  006.49972802
111  51.23554103  006.49795093
111  51.23603963  006.49429967
111  51.23646526  006.49341595
111  51.23699426  006.49248366
111  51.23737732  006.49190099
111  51.23739556  006.49217290
111  51.23734084  006.49252251
111  51.23723747  006.49321201
111  51.23725572  006.49370728
111  51.23745029  006.49384324
111  51.23751109  006.49337710
111  51.23765094  006.49251280
111  51.23777255  006.49218261
111  51.23779688  006.49194954
111  51.23790024  006.49194954
111  51.23794281  006.49178445
111  51.23811914  006.49080362
111  51.23821643  006.49054141
111  51.23837452  006.49043459
111  51.23895216  006.49074535
111  51.23902512  006.49041517
111  51.23915281  006.49024036
111  51.23929874  006.48948288
111  51.23929874  006.48878367
111  51.23934131  006.48801648
113  51.23913457  006.48684142
120 Linear Feature 117
111  51.22636450  006.51048650 5
115  51.22623941  006.51056507
120 Linear Feature 116
111  51.22871718  006.50555371 20
112  51.22866618  006.50566114  51.22864014  006.50571399 20
115  51.22861302  006.50570013
120 Linear Feature 115
111  51.22923934  006.50426599 20
112  51.22921334  006.50450656  51.22918554  006.50456456 20
115  51.22918016  006.50457530
120 Linear Feature 114
111  51.22884094  006.50616119 5
115  51.22876191  006.50632308
120 Linear Feature 113
111  51.23108118  006.50168986 5
115  51.23100261  006.50184153
120 Linear Feature 111
111  51.23309006  006.49702068 5
115  51.23300001  006.49721223
120 Linear Feature 108
112  51.22895913  006.50644915  51.22906417  006.50658225 1
112  51.22942601  006.50634832  51.22953724  006.50612692
111  51.22942601  006.50634832
112  51.22942601  006.50634832  51.22953059  006.50613989 1
115  51.22962510  006.50595067
120 Linear Feature 109
112  51.22854895  006.50593088  51.22843770  006.50579024 1
116  51.22857129  006.50540326  51.22859266  006.50536088
120 Linear Feature 107
112  51.22824931  006.50604499  51.22827545  006.50599380 1
112  51.22854895  006.50593088  51.22865768  006.50606774 1
112  51.22895913  006.50644915  51.22913177  006.50666804 1
112  51.22905514  006.50708230  51.22896325  006.50727756
111  51.22905514  006.50708230
112  51.22905514  006.50708230  51.22895499  006.50728226 1
115  51.22893251  006.50732709
120 Linear Feature 105
111  51.22834796  006.50445795 1
111  51.22833756  006.50447888
111  51.22832789  006.50449835 1
115  51.22831725  006.50451977
120 Linear Feature 105
111  51.22853452  006.50408452 1
111  51.22852412  006.50410545
111  51.22851445  006.50412492 1
115  51.22850380  006.50414635
120 Linear Feature 105
111  51.22928842  006.50257929 1
111  51.22927803  006.50260022
111  51.22926835  006.50261969 1
115  51.22927440  006.50260994
120 Linear Feature 105
111  51.22910088  006.50295373 1
111  51.22909048  006.50297466
111  51.22908081  006.50299413 1
115  51.22907016  006.50301555
120 Linear Feature 105
111  51.22891255  006.50332976 1
111  51.22890215  006.50335069
111  51.22889248  006.50337016 1
115  51.22888184  006.50339158
120 Linear Feature 105
111  51.22872623  006.50370135 1
111  51.22871583  006.50372227
111  51.22870616  006.50374174 1
115  51.22869551  006.50376317
120 Linear Feature 104
111  51.22839584  006.50417469 20
111  51.22841455  006.50419890 20
115  51.22840734  006.50421318
120 Linear Feature 104
111  51.22858355  006.50379996 20
111  51.22860226  006.50382417 20
115  51.22859504  006.50383845
120 Linear Feature 104
111  51.22877296  006.50342181 20
111  51.22879168  006.50344602 20
115  51.22878446  006.50346030
120 Linear Feature 104
111  51.22895754  006.50305331 20
111  51.22897626  006.50307752 20
115  51.22896904  006.50309180
120 Linear Feature 104
111  51.22914597  006.50267714 20
111  51.22916468  006.50270135 20
115  51.22915747  006.50271563
120 Linear Feature 101
111  51.22852590  006.50474905 20
111  51.22846586  006.50486890 20
111  51.22844256  006.50487515 20
111  51.22841582  006.50484180 20
113  51.22848703  006.50469930 20
120 Linear Feature 101
111  51.22871350  006.50437507 20
111  51.22865346  006.50449492 20
111  51.22863015  006.50450117 20
111  51.22860341  006.50446782 20
113  51.22867462  006.50432532 20
120 Linear Feature 101
111  51.22890454  006.50399361 20
111  51.22884450  006.50411346 20
111  51.22882119  006.50411971 20
111  51.22879445  006.50408636 20
113  51.22886566  006.50394386 20
120 Linear Feature 101
111  51.22909034  006.50362267 20
111  51.22903030  006.50374252 20
111  51.22900699  006.50374877 20
111  51.22898025  006.50371542 20
113  51.22905146  006.50357292 20
120 Linear Feature 101
111  51.22927954  006.50324509 20
111  51.22921950  006.50336494 20
111  51.22919619  006.50337119 20
111  51.22916945  006.50333784 20
113  51.22924066  006.50319534 20
120 Linear Feature 101
111  51.22946646  006.50287161 20
111  51.22940642  006.50299146 20
111  51.22938311  006.50299771 20
111  51.22935637  006.50296436 20
113  51.22942758  006.50282186 20
120 Linear Feature 100
111  51.22806561  006.50396752 20
115  51.22823491  006.50449598
120 Linear Feature 100
111  51.22808417  006.50393047 20
115  51.22825347  006.50445892
120 Linear Feature 99
111  51.22844377  006.50407902 20
115  51.22827171  006.50355614
120 Linear Feature 99
111  51.22842423  006.50411801 20
115  51.22825216  006.50359514
120 Linear Feature 98
111  51.22833662  006.50342655 20
111  51.22836226  006.50341994 20
115  51.22861401  006.50373914
120 Linear Feature 98
111  51.22852413  006.50305227 20
111  51.22854974  006.50304565 20
115  51.22880149  006.50336485
120 Linear Feature 98
111  51.22871127  006.50267872 20
111  51.22873685  006.50267209 20
115  51.22898860  006.50299129
120 Linear Feature 98
111  51.22837847  006.50334302 20
111  51.22837938  006.50338482 20
115  51.22863142  006.50370438
120 Linear Feature 98
111  51.22856595  006.50296879 20
111  51.22856687  006.50301053 20
115  51.22881890  006.50333009
120 Linear Feature 98
111  51.22875306  006.50259530 20
111  51.22875398  006.50263697 20
115  51.22900602  006.50295653
120 Linear Feature 97
111  51.22917649  006.50261621 20
115  51.22883904  006.50242368
120 Linear Feature 97
111  51.22919417  006.50258091 20
115  51.22885672  006.50238838
120 Linear Feature 96
111  51.22887245  006.50228271 20
115  51.22817304  006.50367880
120 Linear Feature 96
111  51.22889359  006.50231479 20
111  51.22803939  006.50401985 20
115  51.22804362  006.50410426
120 Linear Feature 95
111  51.22959958  006.50274721 20
111  51.22847722  006.50498771
111  51.22817803  006.50460953 20
113  51.22930313  006.50236338 20
120 Linear Feature 90
112  51.22867202  006.50492320  51.22874039  006.50501159 1
116  51.22867041  006.50520570  51.22864762  006.50525163
120 Linear Feature 89
112  51.22965112  006.50224927  51.22961606  006.50231894 1
116  51.22966704  006.50249921  51.22970014  006.50254119
120 Linear Feature 86
112  51.22915512  006.50207797  51.22917928  006.50210811 1
116  51.22927301  006.50207209  51.22932197  006.50205799
120 Linear Feature 88
112  51.22900005  006.50287463  51.22893228  006.50278763 1
112  51.22899067  006.50255236  51.22904266  006.50244810 1
116  51.22918844  006.50250072  51.22926354  006.50259838
120 Linear Feature 88
112  51.22862486  006.50362275  51.22856439  006.50354467 1
112  51.22861538  006.50330642  51.22867059  006.50319614 1
116  51.22881135  006.50325148  51.22887390  006.50333223
120 Linear Feature 88
112  51.22905335  006.50416316  51.22910956  006.50423645 1
112  51.22904042  006.50446822  51.22898534  006.50457883 1
116  51.22886296  006.50454307  51.22879990  006.50446075
120 Linear Feature 88
112  51.22942639  006.50341996  51.22947784  006.50348691 1
112  51.22941977  006.50371215  51.22936446  006.50382238 1
116  51.22924010  006.50379036  51.22918896  006.50372326
120 Linear Feature 88
112  51.22980213  006.50266914  51.22985358  006.50273609 1
112  51.22979763  006.50295902  51.22974232  006.50306926 1
116  51.22961321  006.50304572  51.22956207  006.50297863
120 Linear Feature 84
112  51.22997513  006.50260523  51.22995614  006.50264335 1
112  51.22980213  006.50266914  51.22973051  006.50257988 1
112  51.22936177  006.50211236  51.22927835  006.50200565 1
112  51.22917133  006.50218934  51.22913660  006.50225780 1
112  51.22918843  006.50250070  51.22926361  006.50259809 1
112  51.22961321  006.50304572  51.22966402  006.50311110 1
112  51.22960487  006.50334321  51.22955185  006.50344910 1
112  51.22942639  006.50341996  51.22937609  006.50335407 1
112  51.22900004  006.50287462  51.22893225  006.50278691 1
112  51.22880201  006.50293143  51.22875331  006.50302939 1
112  51.22881135  006.50325148  51.22887406  006.50333185 1
112  51.22924012  006.50379038  51.22929223  006.50385757 1
112  51.22923111  006.50408817  51.22918226  006.50418503 1
112  51.22905335  006.50416316  51.22899765  006.50409180 1
112  51.22862486  006.50362274  51.22856365  006.50354287 1
112  51.22843138  006.50367611  51.22838161  006.50377602 1
112  51.22843211  006.50400740  51.22849239  006.50408158 1
112  51.22886298  006.50454309  51.22892736  006.50462519 1
112  51.22885119  006.50484538  51.22881002  006.50492729 1
112  51.22867202  006.50492321  51.22860445  006.50483487 1
112  51.22826398  006.50440033  51.22815203  006.50425731 1
111  51.22825425  006.50403202 1
112  51.22917112  006.50218975  51.22917926  006.50217332 1
112  51.22915539  006.50207811  51.22912388  006.50203904 1
111  51.22902867  006.50191622 1
112  51.22894652  006.50156035  51.22903042  006.50138172 1
115  51.22905226  006.50133566
120 Linear Feature 83
112  51.23083361  006.50089416  51.23074663  006.50106990 1
112  51.23057022  006.50103376  51.23052824  006.50094913
111  51.23057022  006.50103376
112  51.23057022  006.50103376  51.23061221  006.50111839 1
116  51.23048187  006.50159524  51.23032192  006.50191548
120 Linear Feature 82
112  51.23024076  006.50107415  51.23036615  006.50082253 1
112  51.23052502  006.50093705  51.23056621  006.50103140
111  51.23052502  006.50093705
112  51.23052502  006.50093705  51.23048384  006.50084364 1
116  51.23057363  006.50041075  51.23066092  006.50023646
120 Linear Feature 80
112  51.23083368  006.50149858  51.23076157  006.50140014 1
116  51.23048187  006.50159524  51.23038882  006.50178283
120 Linear Feature 79
112  51.23083362  006.50089415  51.23076339  006.50103386 1
116  51.23083368  006.50149858  51.23095836  006.50168077
120 Linear Feature 78
112  51.23117652  006.50194375  51.23140914  006.50224470 1
112  51.23119100  006.50281964  51.23106822  006.50306283 1
115  51.23106821  006.50306275
120 Linear Feature 77
111  51.23171126  006.50178530 1
112  51.23159943  006.50201199  51.23148393  006.50224493
111  51.23159943  006.50201199
112  51.23159943  006.50201199  51.23144639  006.50230898 1
112  51.23117658  006.50194383  51.23112802  006.50188076 1
111  51.23112025  006.50187160
112  51.23089794  006.50158650  51.23070022  006.50133390 1
115  51.23052501  006.50093701
120 Linear Feature 73
111  51.22902915  006.49617379 1
112  51.22935588  006.49659244  51.22944485  006.49670788 1
111  51.22952956  006.49653337 1
111  51.23032620  006.49491391 1
112  51.23029038  006.49449509  51.23015048  006.49431536 1
111  51.22996287  006.49407424 1
116  51.22970316  006.49407015  51.22960337  006.49426219
120 Linear Feature 75
112  51.23015261  006.49526680  51.23020231  006.49516426 1
111  51.23012605  006.49505328 1
115  51.22974072  006.49456348
120 Linear Feature 75
112  51.22997153  006.49563492  51.23000795  006.49555980 1
112  51.22994439  006.49543395  51.22993408  006.49542075 1
115  51.22955622  006.49493958
120 Linear Feature 75
112  51.22982328  006.49600418  51.22983956  006.49590099 1
111  51.22978099  006.49582690 1
115  51.22937564  006.49530990
120 Linear Feature 74
112  51.22987574  006.49630876  51.22976575  006.49617013 1
112  51.22961942  006.49622395  51.22956319  006.49615227 1
115  51.22919194  006.49567732
120 Linear Feature 72
111  51.23052901  006.49713195 1
112  51.22987574  006.49630876  51.22972862  006.49612081 1
115  51.22988830  006.49580410
120 Linear Feature 70
111  51.23173381  006.49732661 1
115  51.23171453  006.49730201
120 Linear Feature 70
111  51.23190556  006.49698358 1
115  51.23188628  006.49695898
120 Linear Feature 70
111  51.23208620  006.49662346 1
115  51.23206692  006.49659886
120 Linear Feature 70
111  51.23226162  006.49627397 1
115  51.23224234  006.49624936
120 Linear Feature 70
111  51.23156785  006.49767692 1
115  51.23154858  006.49765232
120 Linear Feature 70
111  51.23173960  006.49733389 1
115  51.23172032  006.49730929
120 Linear Feature 70
111  51.23192024  006.49697377 1
115  51.23190097  006.49694917
120 Linear Feature 70
111  51.23209566  006.49662428 1
115  51.23207638  006.49659967
120 Linear Feature 70
111  51.23167949  006.49781768 1
115  51.23166021  006.49779308
120 Linear Feature 70
111  51.23185123  006.49747466 1
115  51.23183196  006.49745005
120 Linear Feature 70
111  51.23203188  006.49711454 1
115  51.23201260  006.49708994
120 Linear Feature 70
111  51.23220729  006.49676504 1
115  51.23218802  006.49674044
120 Linear Feature 70
111  51.23184196  006.49746292 1
115  51.23182269  006.49743831
120 Linear Feature 70
111  51.23201371  006.49711989 1
115  51.23199443  006.49709529
120 Linear Feature 70
111  51.23219435  006.49675977 1
115  51.23217508  006.49673517
120 Linear Feature 70
111  51.23236977  006.49641027 1
115  51.23235049  006.49638567
120 Linear Feature 70
111  51.23168277  006.49742817 1
115  51.23166349  006.49740357
120 Linear Feature 70
111  51.23185451  006.49708514 1
115  51.23183524  006.49706054
120 Linear Feature 70
111  51.23203515  006.49672503 1
115  51.23201588  006.49670043
120 Linear Feature 70
111  51.23221057  006.49637553 1
115  51.23219130  006.49635092
120 Linear Feature 70
111  51.23179259  006.49756080 1
115  51.23177332  006.49753620
120 Linear Feature 70
111  51.23196434  006.49721778 1
115  51.23194506  006.49719317
120 Linear Feature 70
111  51.23214498  006.49685766 1
115  51.23212571  006.49683306
120 Linear Feature 70
111  51.23232040  006.49650816 1
115  51.23230112  006.49648356
120 Linear Feature 68
111  51.23181985  006.49776804 1
116  51.23182370  006.49780043  51.23181497  006.49781890
120 Linear Feature 68
111  51.23199160  006.49742501 1
116  51.23199544  006.49745740  51.23198672  006.49747587
120 Linear Feature 68
111  51.23217224  006.49706490 1
116  51.23217608  006.49709729  51.23216736  006.49711575
120 Linear Feature 68
111  51.23234766  006.49671540 1
116  51.23235150  006.49674779  51.23234278  006.49676625
120 Linear Feature 69
112  51.23166717  006.49757594  51.23162149  006.49751896 1
111  51.23158403  006.49761285 1
115  51.23155840  006.49766505
120 Linear Feature 69
112  51.23183891  006.49723292  51.23179324  006.49717593 1
111  51.23175578  006.49726982 1
115  51.23173015  006.49732202
120 Linear Feature 69
112  51.23201956  006.49687280  51.23197388  006.49681581 1
111  51.23193642  006.49690971 1
115  51.23191079  006.49696190
120 Linear Feature 69
112  51.23219497  006.49652330  51.23214930  006.49646631 1
111  51.23211184  006.49656021 1
115  51.23208621  006.49661241
120 Linear Feature 69
112  51.23177945  006.49771741  51.23173378  006.49766042 1
111  51.23169632  006.49775430 1
115  51.23167069  006.49780650
120 Linear Feature 69
112  51.23195120  006.49737438  51.23190552  006.49731740 1
111  51.23186807  006.49741128 1
115  51.23184244  006.49746347
120 Linear Feature 69
112  51.23213184  006.49701427  51.23208617  006.49695728 1
111  51.23204871  006.49705116 1
115  51.23202308  006.49710336
120 Linear Feature 69
112  51.23230726  006.49666477  51.23226158  006.49660778 1
111  51.23222413  006.49670166 1
115  51.23219850  006.49675386
120 Linear Feature 69
112  51.23177945  006.49771741  51.23173379  006.49766005 1
111  51.23177381  006.49756785 1
115  51.23183221  006.49744981
120 Linear Feature 69
112  51.23195120  006.49737439  51.23190554  006.49731702 1
111  51.23194556  006.49722482 1
115  51.23200396  006.49710679
120 Linear Feature 69
112  51.23213184  006.49701427  51.23208618  006.49695691 1
111  51.23212620  006.49686471 1
115  51.23218460  006.49674667
120 Linear Feature 69
112  51.23230726  006.49666477  51.23226160  006.49660741 1
111  51.23230162  006.49651521 1
115  51.23236002  006.49639717
120 Linear Feature 67
112  51.23184109  006.49776569  51.23183225  006.49778462 1
111  51.23181985  006.49776804 1
112  51.23166635  006.49757491  51.23162165  006.49751794 1
111  51.23167279  006.49741784 1
115  51.23172400  006.49731404
120 Linear Feature 67
112  51.23201283  006.49742267  51.23200399  006.49744159 1
111  51.23199160  006.49742501 1
112  51.23183810  006.49723188  51.23179340  006.49717491 1
111  51.23184453  006.49707482 1
115  51.23189574  006.49697102
120 Linear Feature 67
112  51.23219348  006.49706255  51.23218464  006.49708147 1
111  51.23217224  006.49706490 1
112  51.23201874  006.49687176  51.23197404  006.49681479 1
111  51.23202518  006.49671470 1
115  51.23207639  006.49661090
120 Linear Feature 67
112  51.23236889  006.49671305  51.23236006  006.49673197 1
111  51.23234766  006.49671540 1
112  51.23219416  006.49652226  51.23214946  006.49646529 1
111  51.23220059  006.49636520 1
115  51.23225180  006.49626140
120 Linear Feature 66
112  51.23073162  006.49783963  51.23077183  006.49775853 1
116  51.23089336  006.49783250  51.23094103  006.49789363
120 Linear Feature 65
112  51.23073201  006.49748510  51.23075609  006.49754250 1
112  51.23073162  006.49783963  51.23067381  006.49795622 1
115  51.23054965  006.49820716
120 Linear Feature 64
111  51.23124811  006.49881973 20
112  51.23119398  006.49866454  51.23114434  006.49860106 20
111  51.23071411  006.49804985 20
116  51.23058800  006.49775646  51.23056843  006.49761909
120 Linear Feature 56
111  51.23164397  006.49843344 20
112  51.23148215  006.49813611  51.23142641  006.49806364 20
112  51.23100042  006.49750779  51.23099055  006.49749440 20
115  51.23087146  006.49718940
120 Linear Feature 55
111  51.23190942  006.49750321 20
115  51.23164902  006.49717798
120 Linear Feature 55
111  51.23201592  006.49728636 20
115  51.23175552  006.49696113
120 Linear Feature 55
111  51.23209964  006.49711589 20
115  51.23184050  006.49679229
120 Linear Feature 55
111  51.23224516  006.49681960 20
115  51.23198821  006.49649888
120 Linear Feature 55
111  51.23233608  006.49663448 20
115  51.23213748  006.49638487
120 Linear Feature 54
111  51.23224231  006.49617379 20
111  51.23244078  006.49642130 20
111  51.23179520  006.49773577
111  51.23162417  006.49752662 20
115  51.23135025  006.49719165
120 Linear Feature 53
112  51.23086497  006.49736699  51.23084801  006.49740107 1
116  51.23084683  006.49775707  51.23089277  006.49784466
120 Linear Feature 52
112  51.23071834  006.49745365  51.23072138  006.49745971 1
112  51.23086497  006.49736699  51.23095016  006.49719542 1
112  51.23099816  006.49709680  51.23109365  006.49690270 1
112  51.23122114  006.49703191  51.23123174  006.49704558 1
115  51.23135025  006.49719165
120 Linear Feature 51
111  51.23133780  006.49840261 1
112  51.23089864  006.49783947  51.23077630  006.49768178 1
116  51.23052901  006.49713195  51.23029918  006.49683331
120 Linear Feature 50
112  51.23158956  006.49887370  51.23150654  006.49877462 1
116  51.23133780  006.49840261  51.23128224  006.49833085
120 Linear Feature 49
112  51.23024078  006.50107412  51.23034403  006.50086728 1
112  51.23030453  006.50045128  51.23019595  006.50021203
111  51.23030453  006.50045128
112  51.23030453  006.50045128  51.23041333  006.50068935 1
116  51.23057363  006.50041075  51.23065838  006.50024490
120 Linear Feature 49
112  51.23133706  006.49888928  51.23144032  006.49868244 1
112  51.23133780  006.49840261  51.23125006  006.49829109
111  51.23133780  006.49840261
112  51.23133780  006.49840261  51.23139331  006.49847028 1
116  51.23159912  006.49836701  51.23168387  006.49820116
120 Linear Feature 47
112  51.23265403  006.49726561  51.23277287  006.49702551 1
116  51.23254906  006.49673468  51.23243349  006.49670618
120 Linear Feature 46
111  51.23254657  006.49647879 1
111  51.22965112  006.50224927 1
116  51.22951040  006.50230116  51.22944454  006.50221800
120 Linear Feature 45
111  51.23303673  006.49710817 1
111  51.23265068  006.49678523 1
116  51.23236944  006.49683180  51.23226991  006.49702976
120 Linear Feature 44
112  51.23303699  006.49710847  51.23274486  006.49678862 1
111  51.23271500  006.49614312 1
111  51.23274540  006.49683552 1
116  51.23265403  006.49726561  51.23254955  006.49747348
120 Linear Feature 39
111  51.23492366  006.49690509 20
115  51.23487466  006.49695295
120 Linear Feature 39
111  51.23483489  006.49761887 20
115  51.23478590  006.49766673
120 Linear Feature 39
111  51.23474955  006.49830506 20
115  51.23470056  006.49835292
120 Linear Feature 39
111  51.23466312  006.49899988 20
115  51.23461412  006.49904773
120 Linear Feature 39
111  51.23448821  006.50040552 20
115  51.23443922  006.50045337
120 Linear Feature 39
111  51.23457619  006.49969837 20
115  51.23452720  006.49974622
120 Linear Feature 38
111  51.23491397  006.49696846 20
115  51.23488413  006.49688989
120 Linear Feature 38
111  51.23482520  006.49768224 20
115  51.23479536  006.49760367
120 Linear Feature 38
111  51.23473987  006.49836844 20
115  51.23471003  006.49828986
120 Linear Feature 38
111  51.23465343  006.49906325 20
115  51.23462359  006.49898468
120 Linear Feature 38
111  51.23447853  006.50046889 20
115  51.23444869  006.50039032
120 Linear Feature 38
111  51.23456651  006.49976174 20
115  51.23453667  006.49968317
120 Linear Feature 36
111  51.23474512  006.49882966 20
115  51.23458631  006.49878122
120 Linear Feature 43
111  51.23406980  006.49849041 5
115  51.23413442  006.49836163
120 Linear Feature 42
111  51.23397289  006.49826170 1
112  51.23448133  006.49891056  51.23462290  006.49909018 1
112  51.23458190  006.49947901  51.23454148  006.49980402 1
115  51.23432879  006.50151033
120 Linear Feature 48
112  51.23133665  006.49889010  51.23146020  006.49864563 1
116  51.23160713  006.49935240  51.23140277  006.49975113
120 Linear Feature 48
112  51.23185196  006.49886442  51.23172963  006.49911046 1
116  51.23157878  006.49840754  51.23178116  006.49800622
120 Linear Feature 1
111  51.22699121  006.51088714 1
112  51.22640567  006.51078045  51.22616081  006.51041444
111  51.22640567  006.51078045
112  51.22640567  006.51078045  51.22612716  006.51036225 1
111  51.22638783  006.50975511 1
112  51.23265402  006.49726564  51.23281674  006.49694092 1
111  51.23303699  006.49710847 1
111  51.23334092  006.49749609 1
116  51.23349179  006.49792581  51.23349179  006.49815038
120 Linear Feature 60
111  51.23108116  006.49761336 20
112  51.23122150  006.49733169  51.23123854  006.49729739 20
111  51.23122372  006.49727255 20
111  51.23115089  006.49718069 20
115  51.23099417  006.49749509
21  51.23281102  006.50084386 2 128.7000 3.50 13  PAPI-4L
21  51.22833171  006.50755748 2 308.7100 3.00 31  PAPI-4L
14  51.22865052  006.50239087  82.02 0 Tower Viewpoint
1300  51.22833269  006.50448750 218.84 gate jets|turboprops Gate 06
1301 B airline 
1300  51.22851994  006.50411529 217.75 gate jets|turboprops Gate 05
1301 B airline 
1300  51.22871094  006.50373003 218.23 gate jets|turboprops Gate 04
1301 B airline 
1300  51.22889820  006.50335897 218.11 gate jets|turboprops Gate 03
1301 B airline 
1300  51.22908702  006.50298724 218.67 gate jets|turboprops Gate 02
1301 B airline 
1300  51.22927440  006.50260994 218.78 gate jets|turboprops Gate 01
1301 B airline 
1300  51.23452877  006.50247315 216.61 hangar props North Hangar 01
1301 A none 
1300  51.23494354  006.50111864 218.24 hangar props|fighters North Hangar 02
1301 A none 
1300  51.23218460  006.49674667 308.93 tie_down props GA 05
1301 A general_aviation 
1300  51.23208621  006.49661241 127.98 tie_down props GA 04
1301 A general_aviation 
1300  51.23190204  006.49696981 308.31 tie_down props GA 03
1301 A general_aviation 
1300  51.23184244  006.49746347 128.12 tie_down props GA 02
1301 A general_aviation 
1300  51.23172400  006.49731404 308.21 tie_down props GA 01
1301 A general_aviation 
1300  51.22919194  006.49567732 218.69 hangar jets|turboprops|props Maintenance
1301 C none 
1300  51.22989392  006.50031233  41.36 hangar props South Hangar 23
1301 A none 
1300  51.23022142  006.49949954 219.52 hangar props South Hangar 15
1301 A none 
1300  51.22937372  006.50004315  37.87 hangar props South Hangar 4
1301 A none 
18  51.23327776  006.50145902 1 BCN
19  51.22941996  006.50427931 1 WS
53 12192 Monchengladbach Ground
54 11812 Monchengladbach Tower
55 10980 Monchengladbach Approach
99
