A
1000 Generated by Infinite Flight Airport Editing (World Parser)

1       30 0 0 EK43 Sennels
100   29.87   3   0 0.00 0 0 0 08   56.96303481  008.77332801    0.00    0.00 1  0 0 0 26   56.96313642  008.78107747    0.00    0.00 1  0 0 0
130 Airport Boundary 10
111  56.96233108  008.78111250 
111  56.96388306  008.78145659 
111  56.96454478  008.77792811 
111  56.96461300  008.77747141 
111  56.96469486  008.77610757 
111  56.96468804  008.77533806 
111  56.96479037  008.77458732 
111  56.96477672  008.77320471 
111  56.96483130  008.77307333 
111  56.96441247  008.77097019 
111  56.96372830  008.76789277 
111  56.96319394  008.76542901 
111  56.96294924  008.76420171 
111  56.96279942  008.76323086 
111  56.96261464  008.76141738 
111  56.96195544  008.76152729 
111  56.96201537  008.76575873 
111  56.96213023  008.77070458 
111  56.96215520  008.77198683 
111  56.96145605  008.77202347 
111  56.96146104  008.77327825 
113  56.96217518  008.77326909 
19   56.96343143  008.77281726 1 WS
19   56.96273977  008.78158814 1 WS

99
