A
1000 Generated by Infinite Flight Airport Editing (World Parser)/AB

1       66 1 1 GVSV Sao Pedro
100   45.11   1   0 0.25 0 0 1 07   16.82841900 -025.06213900  324.92    0.00 2  0 0 0 25   16.83898600 -025.04718300  339.24    0.00 2  0 0 0
21   16.83154719 -025.05841729  2  53.56   3.00 07  PAPI-4L
10   16.83268900 -025.06070500 xxx  57.46   424 0.0 0.0    98 101101  1 0 0 0.35 0
10   16.83228100 -025.06043200 xxx 147.46   294 0.0 0.0    49 101101  1 0 0 0.35 0
14   16.83318700 -025.05990400 0030 0 Tower
19   16.83115600 -025.06240100 0 WS
19   16.83650400 -025.05155400 0 WS
54 11840 SAO VICENTE TWR
55 11840 SAO VICENTE APP


130 Airport Boundary
111  016.82841873 -025.06213951
111  016.83268929 -025.06070518
113  016.83898544 -025.04718208
99
