A
1000 Generated by Infinite Flight Airport Editing (World Parser)/AB

1     1433 0 0 YBLT Ballarat
100   82.91   4   0 0.25 0 0 0 13  -37.50526141  143.78725161    0.00    0.00 0  0 0 0 31  -37.50949168  143.79227443    0.00    0.00 0  0 0 0
100   49.99   1   0 0.25 0 1 0 18  -37.50691190  143.79474881    0.00    0.00 2  0 0 0 36  -37.51917884  143.79235401  118.87    0.00 2  0 0 0
100   36.88   1   0 0.25 0 0 0 05  -37.51285111  143.78579380   52.12    0.00 1  0 0 0 23  -37.50696435  143.79958196   57.00   91.14 1  0 0 0
102 H3  -37.51250501  143.78829274  54.11   22.86   22.86   1 0   0 0.25 0
110  15 0.25   0.00 New Taxiway 9
111 -37.51336207  143.78796575   2 
111 -37.51280630  143.78876893   2 
111 -37.51276563  143.78873191   2 
113 -37.51332859  143.78792147   2 
110  15 0.25   0.00 New Taxiway 8
111 -37.51340037  143.78800152   2 
111 -37.51314038  143.78877228   2 
111 -37.51309671  143.78874476   2 
113 -37.51335141  143.78796497   2 
110   4 0.25   0.00 New Taxiway 4
111 -37.51020624  143.79191956 
112 -37.51017108  143.79190479 -37.51013592  143.79189002 
112 -37.50988394  143.79189740 -37.50971401  143.79191956 
111 -37.50956751  143.79197866 
111 -37.50916904  143.79145419 
112 -37.50947376  143.79126213 -37.50973159  143.79112917 
113 -37.51042891  143.79140987 
110   1 0.25   0.00 New Taxiway 3
112 -37.51344553  143.79062527 -37.51349088  143.79062618  20 
112 -37.51351751  143.79072873 -37.51351751  143.79077047  20 
112 -37.51344697  143.79080859 -37.51340737  143.79080950  20 
114 -37.51337930  143.79071965 -37.51338002  143.79068970  20 
110   1 0.25   0.00 New Taxiway 2
111 -37.51414326  143.79318362 
112 -37.51428571  143.79301068 -37.51433904  143.79291840   1 102 
112 -37.51432438  143.79246503 -37.51430307  143.79231728   1 102 
111 -37.51409758  143.78965434   1 102 
111 -37.51376363  143.78964695   1 102 
111 -37.51240237  143.78842763   1 102 
112 -37.51236274  143.78824448 -37.51241117  143.78813902   1 102 
111 -37.51262039  143.78778217   1 
111 -37.51229179  143.78751122 
111 -37.51239650  143.78726065 
111 -37.51267366  143.78748667 
111 -37.51287076  143.78711059 
112 -37.51274291  143.78684196 -37.51268964  143.78669421 
112 -37.51276907  143.78652725 -37.51284365  143.78636607 
112 -37.51291823  143.78605714 -37.51291823  143.78601013 
111 -37.51282855  143.78589680 
111 -37.51292231  143.78586725 
112 -37.51301607  143.78610365 -37.51301607  143.78615536 
112 -37.51295161  143.78632527 -37.51292817  143.78644347 
111 -37.51308053  143.78660599 
111 -37.51508460  143.78814996 
111 -37.51484434  143.78859320 
111 -37.51477403  143.78866707 
111 -37.51454549  143.78849716 
111 -37.51434040  143.78882960   1 102 
111 -37.51428766  143.78913987   1 102 
111 -37.51459584  143.79276975   1 102 
112 -37.51473364  143.79294276 -37.51481164  143.79297852 
113 -37.51482273  143.79308260 
110   4 0.25   0.00 New Taxiway 5
111 -37.51269310  143.78859185 
112 -37.51056540  143.79359934 -37.51052250  143.79368586 
111 -37.51045387  143.79346956 
113 -37.51257797  143.78850342 
110   1 0.25   0.00 New Taxiway 6
111 -37.51435518  143.79040723 
111 -37.51454311  143.79039065 
111 -37.51449028  143.78980786 
111 -37.51459594  143.78980786 
111 -37.51466639  143.79068482 
111 -37.51456953  143.79069592 
111 -37.51455500  143.79053068 
113 -37.51436940  143.79055589 
110   4 0.25   0.00 New Taxiway 7
111 -37.51457777  143.78980670 
111 -37.51493716  143.78975408 
111 -37.51504397  143.79134137 
111 -37.51462298  143.79134137 
113 -37.51457186  143.79067795 
120 Linear Feature 12
111 -37.51433658  143.79259910   4 
115 -37.51457776  143.79258352 
120 Linear Feature 11
111 -37.51450417  143.79309845   1 
112 -37.51460815  143.79325102 -37.51469508  143.79323383   1 
115 -37.51469508  143.79323383 
120 Linear Feature 10
111 -37.51418412  143.78929080   1 
111 -37.51405145  143.78900125   1 
115 -37.51406168  143.78869821 
120 Linear Feature 9
111 -37.51431893  143.79330557   1 
111 -37.51444166  143.79328623   1 
112 -37.51450302  143.79309713 -37.51448256  143.79292952   1 
111 -37.51418386  143.78928616   1 
115 -37.51338926  143.78849951 
120 Linear Feature 8
111 -37.51264742  143.78747077   4 
115 -37.51252377  143.78769873 
120 Linear Feature 7
111 -37.51234652  143.78740354   1 
112 -37.51227372  143.78720659 -37.51233425  143.78706422   1 
115 -37.51233425  143.78706422 
120 Linear Feature 6
111 -37.51210025  143.78761166   1 
111 -37.51215730  143.78747224   1 
112 -37.51234769  143.78740354 -37.51247109  143.78748279   1 
115 -37.51259271  143.78759992 
14  -37.51327600  143.78819800    5 0 Tower Viewpoint
15  -37.51343179  143.78926117 233.17 Custom Startup Location
19  -37.51344769  143.79071965 1 New Windsock 1
19  -37.50665753  143.79001379 0 New Windsock 2
51 12600 CTAF


130 Airport Boundary
111 -037.51918030  143.79235840
111 -037.51285172  143.78579712
111 -037.50526047  143.78724670
113 -037.50696564  143.79957581
99
