I
1050 Generated by WorldEditor 1.6.0r1

1    188 1 0 VAAH Sardar Vallabhbhai Patel Intl
100 45.72 1 0 0.25 0 3 0 05  23.06595987  072.62240386    0   64 3 7 0 0 23  23.08846014  072.64643583    0   59 3 1 0 0
110 1 0.00 0.0000 Terminal 1
111  23.07203704  072.61886346
111  23.07187066  072.61869721
111  23.07183303  072.61873792
111  23.07199768  072.61890624
111  23.07176648  072.61915754
111  23.07159396  072.61898858
111  23.07155077  072.61903200
111  23.07171742  072.61921086
111  23.07149371  072.61945402
111  23.07131819  072.61928545
111  23.07127671  072.61933273
111  23.07144341  072.61950870
111  23.07116929  072.61980665
111  23.07099724  072.61963375
111  23.07094936  072.61968085
111  23.07112300  072.61985696
111  23.07098385  072.62000821
111  23.07181041  072.62090179
113  23.07289027  072.61974255
110 1 0.00 0.0000 Terminal 2
111  23.07395065  072.62251369
111  23.07324029  072.62319609
111  23.07353499  072.62351422
111  23.07333502  072.62373191
111  23.07336949  072.62376987
111  23.07357165  072.62355379
111  23.07394708  072.62395905
111  23.07384801  072.62417177
111  23.07380510  072.62422913
111  23.07383672  072.62426623
111  23.07390038  072.62419284
111  23.07398661  072.62400172
111  23.07449607  072.62455166
111  23.07431866  072.62464724
111  23.07425757  072.62472079
111  23.07429675  072.62476012
111  23.07436388  072.62468604
111  23.07453808  072.62459701
111  23.07491768  072.62500678
111  23.07472968  072.62521032
111  23.07476298  072.62524781
111  23.07495754  072.62504980
111  23.07525663  072.62537266
113  23.07591668  072.62461800
110 1 0.00 0.0000 Old Terminal
111  23.07383666  072.61798519
111  23.07276950  072.61913506
111  23.07308142  072.61946442
113  23.07416200  072.61829960
110 2 0.00 0.0000 Apron 1
111  23.06860749  072.62189351
111  23.06977341  072.62059332
111  23.06993072  072.62074742
111  23.06998024  072.62068929
111  23.07006394  072.62076912
111  23.07064542  072.62012474
111  23.07074997  072.62023346
111  23.07098385  072.62000821
111  23.07112300  072.61985696
111  23.07094936  072.61968085
111  23.07099724  072.61963375
111  23.07116929  072.61980665
111  23.07144341  072.61950870
111  23.07127671  072.61933273
111  23.07131819  072.61928545
111  23.07149371  072.61945402
111  23.07171742  072.61921086
111  23.07155077  072.61903200
111  23.07159396  072.61898858
111  23.07176648  072.61915754
111  23.07199768  072.61890624
111  23.07183303  072.61873792
111  23.07187066  072.61869721
111  23.07203704  072.61886346
111  23.07225691  072.61863748
111  23.07212870  072.61849298
111  23.07333088  072.61719239
111  23.07337277  072.61723483
111  23.07378227  072.61681067
111  23.07399801  072.61702856
111  23.07402102  072.61700445
111  23.07448451  072.61652473
111  23.07450771  072.61650207
111  23.07434007  072.61630906
111  23.07430362  072.61634836
111  23.07425251  072.61629041
111  23.07460060  072.61591796
111  23.07474185  072.61605763
111  23.07577651  072.61494089
111  23.07532749  072.61443257
111  23.07430685  072.61557115
111  23.07314128  072.61429047
111  23.06982752  072.61795042
111  23.06910348  072.61875009
111  23.06814255  072.61980818
111  23.06847925  072.62016270
111  23.06838282  072.62029310
111  23.06831548  072.62035261
112  23.06847936  072.62043779  23.06854148  072.62048036
111  23.06878597  072.62069106
112  23.06900562  072.62098146  23.06910354  072.62110868
111  23.06899908  072.62122387
111  23.06880646  072.62149797
113  23.06850728  072.62179920
110 2 0.00 0.0000 Apron 2/Taxiway P,H,G,C
111  23.07592543  072.63023171
111  23.07508477  072.62927786
112  23.07483236  072.62892063  23.07483064  072.62885554
111  23.07492794  072.62868832
111  23.07527662  072.62823280
111  23.07579232  072.62764684
111  23.07564227  072.62745300
112  23.07547672  072.62718950  23.07546413  072.62707766
111  23.07547672  072.62718950
112  23.07547672  072.62718950  23.07547170  072.62708589
111  23.07561477  072.62693109
111  23.07605746  072.62633843
111  23.07530006  072.62550073
111  23.07533528  072.62545736
111  23.07525663  072.62537266
111  23.07495754  072.62504980
111  23.07476298  072.62524781
111  23.07472968  072.62521032
111  23.07491768  072.62500678
111  23.07453808  072.62459701
111  23.07436388  072.62468604
111  23.07429675  072.62476012
111  23.07425757  072.62472079
111  23.07431866  072.62464724
111  23.07449607  072.62455166
111  23.07398661  072.62400172
111  23.07390038  072.62419284
111  23.07383672  072.62426623
111  23.07380510  072.62422913
111  23.07384801  072.62417177
111  23.07394708  072.62395905
111  23.07357165  072.62355379
111  23.07336949  072.62376987
111  23.07333502  072.62373191
111  23.07353499  072.62351422
111  23.07324029  072.62319609
111  23.07317714  072.62312819
111  23.07255317  072.62380962
111  23.07290549  072.62419811
111  23.07187149  072.62525729
112  23.07155915  072.62543758  23.07142916  072.62540784
111  23.07116312  072.62510156
111  23.07082941  072.62545879
112  23.07101987  072.62567766  23.07105756  072.62575346
111  23.07126725  072.62641394
111  23.07140123  072.62724086
112  23.07138079  072.62750452  23.07131237  072.62753156
111  23.07124873  072.62748250
111  23.07078622  072.62708180
111  23.07070909  072.62716443
111  23.07262507  072.62921086
111  23.07269565  072.62913747
112  23.07226270  072.62863635  23.07220355  072.62854393
111  23.07197586  072.62761366
111  23.07188298  072.62700265
112  23.07190821  072.62680654  23.07195929  072.62677301
111  23.07206079  072.62683295
111  23.07261264  072.62729324
111  23.07628001  072.63125764
113  23.07659024  072.63093483
112  23.07505878  072.62769411  23.07505301  072.62776737
111  23.07499559  072.62781557
111  23.07448256  072.62837086
112  23.07438262  072.62842206  23.07432032  072.62842545
111  23.07425574  072.62835685
111  23.07286303  072.62697370
111  23.07229801  072.62633535
112  23.07203217  072.62592450  23.07203840  072.62587709
111  23.07216679  072.62569622
111  23.07260570  072.62522033
112  23.07273878  072.62519036  23.07280576  072.62520390
111  23.07284073  072.62524959
111  23.07341036  072.62576775
111  23.07435158  072.62675455
113  23.07495648  072.62748755
110 1 0.00 0.0000 Taxiway A.B.P
111  23.06668148  072.62212265
112  23.06718742  072.62169109  23.06727791  072.62171458
111  23.06738335  072.62182433
112  23.06785141  072.62241063  23.06785688  072.62248283
111  23.06752877  072.62288087
112  23.06721813  072.62314849  23.06715196  072.62319694
111  23.06709502  072.62317249
111  23.06702783  072.62323522
111  23.06750201  072.62374819
111  23.06757595  072.62369895
112  23.06762253  072.62354879  23.06767188  072.62347568
111  23.06762253  072.62354879
112  23.06762253  072.62354879  23.06767264  072.62348655
111  23.06790500  072.62320414
112  23.06825971  072.62287990  23.06828420  072.62286249
111  23.06825971  072.62287990
112  23.06825971  072.62287990  23.06830848  072.62284524
111  23.06838375  072.62291212
111  23.06852895  072.62303704
111  23.06886597  072.62265001
111  23.06875725  072.62250454
112  23.06877669  072.62228893  23.06886043  072.62217003
111  23.06908316  072.62186091
111  23.07006394  072.62076912
111  23.06998024  072.62068929
111  23.06993072  072.62074742
111  23.06977341  072.62059332
111  23.06860749  072.62189351
111  23.06850728  072.62179920
112  23.06829590  072.62192886  23.06824315  072.62192673
111  23.06788576  072.62161718
112  23.06761425  072.62120755  23.06759805  072.62111800
111  23.06795427  072.62069938
111  23.06831548  072.62035261
111  23.06838282  072.62029310
111  23.06847925  072.62016270
111  23.06814255  072.61980818
111  23.06606599  072.62209470
111  23.06605297  072.62210904
111  23.06612106  072.62219520
111  23.06608534  072.62222893
111  23.06677970  072.62297287
111  23.06684014  072.62289729
112  23.06684349  072.62282067  23.06685956  072.62275744
111  23.06684349  072.62282067
112  23.06684349  072.62282067  23.06686323  072.62274345
112  23.06689455  072.62249324  23.06687115  072.62234025
111  23.06689455  072.62249324
114  23.06689455  072.62249324  23.06687700  072.62229508
110 1 0.00 0.0000 Taxiway D
111  23.07798248  072.63493860
111  23.07805747  072.63486657
112  23.07762634  072.63436001  23.07759591  072.63431168
112  23.07680461  072.63126396  23.07676447  072.63109491
111  23.07680461  072.63126396
112  23.07680461  072.63126396  23.07677602  072.63113049
111  23.07667405  072.63103128
111  23.07659024  072.63093483
111  23.07628001  072.63125764
112  23.07642679  072.63150346  23.07647600  072.63168037
111  23.07670013  072.63245533
112  23.07677283  072.63307255  23.07678186  072.63315822
112  23.07673905  072.63321819  23.07672530  072.63322912
111  23.07673905  072.63321819
112  23.07673905  072.63321819  23.07669107  072.63325635
111  23.07660464  072.63319533
111  23.07613671  072.63282235
113  23.07606753  072.63290339
110 2 0.00 0.0000 Taxiway F
111  23.06733184  072.62431654
111  23.06739978  072.62425079
111  23.06662898  072.62342544
111  23.06655529  072.62349278
112  23.06663248  072.62375176  23.06663533  072.62390458
111  23.06643602  072.62411316
111  23.06600311  072.62462688
111  23.06553143  072.62511216
112  23.06507903  072.62516812  23.06485577  072.62496364
111  23.06470693  072.62483261
111  23.06402559  072.62562014
111  23.06485132  072.62650154
111  23.06628792  072.62493940
111  23.06677507  072.62446682
114  23.06709637  072.62424101  23.06725105  072.62424679
110 2 0.00 0.0000 Taxiway M,K
112  23.06569974  072.62257057  23.06570153  072.62257964
111  23.06569974  072.62257057
112  23.06569974  072.62257057  23.06569899  072.62258029
112  23.06564807  072.62269337  23.06561114  072.62271631
111  23.06496814  072.62316127
111  23.06459777  072.62356182
112  23.06442838  072.62361933  23.06434530  072.62357609
112  23.06324763  072.62288218  23.06314171  072.62284833
111  23.06324763  072.62288218
112  23.06324763  072.62288218  23.06317131  072.62295498
111  23.06258448  072.62349713
111  23.06241714  072.62329987
111  23.06172872  072.62401150
111  23.06200918  072.62434534
111  23.06136959  072.62499323
111  23.06166341  072.62533070
111  23.06105575  072.62601290
111  23.06204698  072.62706282
111  23.06396840  072.62498375
111  23.06378770  072.62478730
111  23.06509391  072.62338084
112  23.06583205  072.62285705  23.06586810  072.62284081
111  23.06594922  072.62284162
111  23.06599779  072.62288789
111  23.06607972  072.62284068
111  23.06578702  072.62253130
111  23.06573230  072.62256990
113  23.06566784  072.62250564
111  23.06425058  072.62393012
111  23.06376510  072.62445443
112  23.06362895  072.62458755  23.06360474  072.62458440
111  23.06346304  072.62441518
111  23.06290470  072.62380664
112  23.06280273  072.62366955  23.06279858  072.62361342
111  23.06284006  072.62358009
112  23.06321102  072.62322977  23.06328176  072.62317900
111  23.06321102  072.62322977
112  23.06321102  072.62322977  23.06328489  072.62318695
111  23.06338319  072.62324718
111  23.06409321  072.62369064
114  23.06428304  072.62383873  23.06429019  072.62388932
111  23.06211559  072.62573851
111  23.06169673  072.62529647
111  23.06202757  072.62493690
113  23.06244339  072.62539214
111  23.06280728  072.62536334
111  23.06268810  072.62549287
111  23.06230849  072.62508269
113  23.06242987  072.62494836
111  23.06239898  072.62491238
111  23.06227980  072.62503951
111  23.06193835  072.62466879
113  23.06205376  072.62453263
110 2 0.00 0.0000 Taxiway P
111  23.06886597  072.62265001
111  23.06852895  072.62303704
112  23.06884966  072.62336184  23.06876052  072.62328072
111  23.07082941  072.62545879
111  23.07116312  072.62510156
114  23.06920043  072.62307458  23.06909301  072.62294963
110 1 0.00 0.0000 Shoulder L 01-05
111  23.08866474  072.64635201
111  23.08888337  072.64611446
111  23.08832725  072.64553538
112  23.08818858  072.64556991  23.08812166  072.64557789
111  23.08805212  072.64554814
111  23.08376709  072.64096505
111  23.08085077  072.63784398
111  23.08022239  072.63717403
111  23.07918773  072.63607583
111  23.07805747  072.63486657
111  23.07798248  072.63493860
113  23.08797063  072.64561876
110 1 0.00 0.0000 Shoulder L 02-05
111  23.07269565  072.62913747
111  23.07262507  072.62921086
111  23.07606753  072.63290339
113  23.07613671  072.63282235
110 1 0.00 0.0000 Shoulder L 03-05
111  23.06757595  072.62369895
111  23.06750201  072.62374819
111  23.07070909  072.62716443
113  23.07078622  072.62708180
110 1 0.00 0.0000 Shoulder L 04-05
111  23.06684014  072.62289729
111  23.06677970  072.62297287
111  23.06702783  072.62323522
113  23.06709502  072.62317249
110 1 0.00 0.0000 Shoulder L 05-05
111  23.06605297  072.62210904
111  23.06606599  072.62209470
111  23.06574592  072.62175103
111  23.06569273  072.62180754
111  23.06608534  072.62222893
113  23.06612106  072.62219520
110 1 0.00 0.0000 Soulder R 01-03
111  23.08763969  072.64601582
112  23.08764049  072.64618030  23.08763045  072.64626576
111  23.08761557  072.64630128
111  23.08817734  072.64689120
111  23.08837991  072.64665627
111  23.06739978  072.62425079
113  23.06733184  072.62431654
110 1 0.00 0.0000 Soulder R 02-03
111  23.06607972  072.62284068
111  23.06599779  072.62288789
111  23.06655529  072.62349278
113  23.06662898  072.62342544
110 1 0.00 0.0000 Soulder R 03-03
111  23.06541899  072.62211015
111  23.06536276  072.62217054
111  23.06566784  072.62250564
111  23.06573230  072.62256990
113  23.06578702  072.62253130
110 1 0.00 0.0000 Turn Around Pad
111  23.08283918  072.64084432
112  23.08285703  072.64093311  23.08287258  072.64095864
111  23.08285703  072.64093311
112  23.08285703  072.64093311  23.08287365  072.64099589
112  23.08287012  072.64123908  23.08289127  072.64136901
111  23.08287012  072.64123908
112  23.08287012  072.64123908  23.08290395  072.64144693
112  23.08320312  072.64155204  23.08333927  072.64155669
113  23.08342209  072.64149021
110 1 0.00 0.0000 Turn Around Pad Not In Use
111  23.08085077  072.63784398
112  23.08085429  072.63768779  23.08086890  072.63760569
111  23.08085429  072.63768779
112  23.08085429  072.63768779  23.08086937  072.63760306
112  23.08087578  072.63744904  23.08085316  072.63739206
111  23.08087578  072.63744904
112  23.08087578  072.63744904  23.08083125  072.63733684
112  23.08055196  072.63715645  23.08042851  072.63715425
113  23.08022239  072.63717403
110 1 0.00 0.0000 Building
111  23.06916288  072.61772254
111  23.06895922  072.61798107
111  23.06922384  072.61827839
113  23.06946021  072.61804247
110 1 0.00 0.0000 Building
111  23.07448451  072.61652473
111  23.07402102  072.61700445
111  23.07434775  072.61733050
113  23.07477796  072.61684978
110 1 0.00 0.0000 Building
111  23.06202757  072.62493690
111  23.06169673  072.62529647
111  23.06211559  072.62573851
113  23.06244339  072.62539214
110 1 0.00 0.0000 Building
111  23.06808900  072.61947568
111  23.06834136  072.61919589
111  23.06836260  072.61921762
111  23.06843436  072.61914305
111  23.06838575  072.61908562
111  23.06852788  072.61894379
111  23.06843650  072.61884300
113  23.06796824  072.61932531
110 1 0.00 0.0000 Building
111  23.06794051  072.61941184
111  23.06777142  072.61958031
111  23.06792819  072.61975070
113  23.06808671  072.61957840
110 1 0.00 0.0000 Building
111  23.07397795  072.61708038
111  23.07384358  072.61722329
111  23.07397588  072.61737826
111  23.07400343  072.61735016
111  23.07402973  072.61737792
111  23.07410471  072.61730539
111  23.07407664  072.61727249
113  23.07411146  072.61723481
110 1 0.00 0.0000 Building
111  23.07095342  072.62039824
111  23.07069503  072.62066687
111  23.07062933  072.62060578
111  23.07054962  072.62069865
111  23.07052538  072.62067552
111  23.07043828  072.62077195
111  23.07045515  072.62079003
111  23.07030660  072.62096152
111  23.07047396  072.62114867
111  23.07043436  072.62118989
111  23.07057871  072.62135282
111  23.07063092  072.62130229
111  23.07066336  072.62133624
113  23.07124597  072.62071914
130 Airport Boundary
111  23.07699487  072.61404869
111  23.07600361  072.61284598
111  23.07510456  072.61378560
111  23.07391735  072.61249519
111  23.06880325  072.61712462
111  23.06909259  072.61756385
111  23.06837552  072.61834777
111  23.06764576  072.61948276
111  23.06778956  072.61970727
111  23.06716935  072.62036816
111  23.06619769  072.62048780
111  23.06540098  072.61971600
111  23.06495551  072.62025078
111  23.06384619  072.61900620
111  23.06277699  072.62028830
111  23.06209713  072.62297324
111  23.06237736  072.62331202
111  23.06041236  072.62539071
111  23.06203828  072.62719522
111  23.06349224  072.62563862
112  23.06410402  072.62676454  23.06458549  072.62728075
111  23.06545311  072.62757152
111  23.06529782  072.62814251
111  23.06960481  072.63190962
111  23.06967964  072.63190546
111  23.07031572  072.63244355
112  23.07054367  072.63243771  23.07056456  072.63243765
111  23.07054367  072.63243771
112  23.07054367  072.63243771  23.07105424  072.63243363
111  23.07171669  072.63247194
111  23.07611730  072.63568929
111  23.07783081  072.63687534
111  23.07740892  072.63751734
111  23.08014277  072.64043389
111  23.08048028  072.64030549
111  23.08366724  072.64378751
111  23.08485307  072.64528214
111  23.08576876  072.64602490
111  23.08668616  072.64687554
111  23.08657843  072.64702320
111  23.08848026  072.64904043
111  23.09085388  072.64664488
111  23.08481236  072.64004832
111  23.07979716  072.63474201
111  23.08008057  072.63443395
111  23.07949013  072.63368089
111  23.07951374  072.63339850
111  23.07796443  072.63173688
111  23.07888962  072.63075086
111  23.07814290  072.62992024
111  23.07741420  072.62992158
111  23.07742960  072.62902385
111  23.07614818  072.62782707
111  23.07615900  072.62675899
111  23.07650527  072.62674685
111  23.07721754  072.62616371
111  23.07726323  072.61890212
111  23.07796814  072.61853972
111  23.07796983  072.61734475
113  23.07611822  072.61505336
120 Linear Feature 7
111  23.06735783  072.62163148 52
115  23.06757635  072.62138417
120 Linear Feature 6
111  23.06778142  072.62210100 52
115  23.06802019  072.62185600
120 Linear Feature 5
111  23.06877780  072.62270020 52
115  23.06857278  072.62292017
120 Linear Feature 4
111  23.07190500  072.61595019 51
112  23.07191612  072.61596171  23.07192325  072.61596912
111  23.07191612  072.61596171
112  23.07191612  072.61596171  23.07197195  072.61601969 51
112  23.07225894  072.61633951  23.07229726  072.61639992
111  23.07225894  072.61633951
112  23.07225894  072.61633951  23.07230639  072.61641433 51
115  23.07226541  072.61653116
120 Linear Feature 4
111  23.07210997  072.61572416 51
111  23.07212732  072.61574170 51
112  23.07246577  072.61611198  23.07250757  072.61617789
111  23.07246577  072.61611198
112  23.07246577  072.61611198  23.07251322  072.61618680 51
115  23.07247226  072.61630367
120 Linear Feature 4
111  23.07251950  072.61527358 51
111  23.07254213  072.61529715 51
112  23.07287666  072.61566342  23.07291755  072.61572790
111  23.07287666  072.61566342
112  23.07287666  072.61566342  23.07292411  072.61573823 51
115  23.07288415  072.61585260
120 Linear Feature 4
111  23.07272836  072.61504361 51
111  23.07274630  072.61506392 51
112  23.07308438  072.61543382  23.07312609  072.61549959
111  23.07308438  072.61543382
112  23.07308438  072.61543382  23.07313184  072.61550864 51
115  23.07309083  072.61562514
120 Linear Feature 8
111  23.07182049  072.62783544 51 101
112  23.07171056  072.62821631  23.07157462  072.62830822 51 101
112  23.07144668  072.62824444  23.07143409  072.62823321 51 101
115  23.07094664  072.62772828
120 Linear Feature 7
111  23.07161514  072.62694142 51 101
111  23.07182049  072.62783544 51 101
112  23.07205006  072.62874105  23.07211428  072.62897839
111  23.07205006  072.62874105
112  23.07205006  072.62874105  23.07212915  072.62900909 51 101
115  23.07251879  072.62939623
120 Linear Feature 6
111  23.07199931  072.62634456 51 101
112  23.07170711  072.62630900  23.07154834  072.62637229 51 101
115  23.07152024  072.62655058
120 Linear Feature 5
111  23.07182467  072.62614585 51 101
112  23.07177052  072.62592546  23.07176433  072.62584803 51 101
115  23.07181667  072.62569701
120 Linear Feature 2
111  23.07122526  072.62554548 51 101
111  23.07138423  072.62570773 51 101
111  23.07182467  072.62614585 51 101
111  23.07199931  072.62634456 51 101
115  23.07236374  072.62673852
120 Linear Feature 4
111  23.07166016  072.62586721 51 101
112  23.07148572  072.62608399  23.07145361  072.62615379 51 101
115  23.07146402  072.62633173
120 Linear Feature 1
111  23.07161514  072.62694142 51 101
111  23.07152024  072.62655058 51 101
111  23.07146402  072.62633173 51 101
112  23.07131590  072.62573728  23.07129449  072.62567911 51 101
115  23.07122526  072.62554548
120 Linear Feature 12
111  23.07296789  072.62454095 22
115  23.07522884  072.62695254
120 Linear Feature 27
111  23.07504507  072.62718183 51
112  23.07511599  072.62697687  23.07516824  072.62691182 51
111  23.07530940  072.62688261 51
111  23.07566228  072.62646453 51
115  23.07571746  072.62639916
120 Linear Feature 26
111  23.07461679  072.62672798 51
112  23.07467898  072.62653987  23.07471988  072.62649613 51
111  23.07484280  072.62647184 51
111  23.07525311  072.62601983 51
115  23.07530615  072.62596141
120 Linear Feature 25
111  23.07461679  072.62672798 51
112  23.07477473  072.62666253  23.07481800  072.62661908 51
115  23.07484280  072.62647184
120 Linear Feature 24
111  23.07411723  072.62619858 51
112  23.07423092  072.62589209  23.07432440  072.62578684 51
115  23.07452873  072.62572510
120 Linear Feature 23
111  23.07412379  072.62620565 51
112  23.07439087  072.62607206  23.07448525  072.62595758 51
111  23.07452873  072.62572510 51
111  23.07477695  072.62545854 51
115  23.07491406  072.62530949
120 Linear Feature 22
111  23.07364219  072.62569516 51
112  23.07375972  072.62538379  23.07387143  072.62527229 51
115  23.07404741  072.62525376
120 Linear Feature 21
111  23.07364219  072.62569516 51
112  23.07393050  072.62557248  23.07402739  072.62547337 51
111  23.07404741  072.62525376 51
111  23.07430764  072.62497566 51
115  23.07436260  072.62491693
120 Linear Feature 20
111  23.07318016  072.62520695 51
112  23.07328723  072.62488166  23.07337192  072.62480673 51
115  23.07357933  072.62476168
120 Linear Feature 19
111  23.07321709  072.62524419 51
112  23.07345203  072.62507733  23.07352491  072.62499170 51
111  23.07352557  072.62481885 51
111  23.07357933  072.62476168 51
111  23.07384402  072.62446971 51
115  23.07391324  072.62439336
120 Linear Feature 16
111  23.07289129  072.62489942 51 101
111  23.07283919  072.62483517 51 101
111  23.07281992  072.62481303 51 101
115  23.07273010  072.62470065
120 Linear Feature 15
111  23.07281992  072.62481303 51 101
112  23.07279010  072.62472046  23.07278433  072.62468079 51 101
115  23.07280469  072.62461824
120 Linear Feature 18
111  23.07273010  072.62470065 51
112  23.07279249  072.62451833  23.07285349  072.62445685 51
115  23.07295067  072.62445768
120 Linear Feature 14
111  23.07251529  072.62493729 51 101
111  23.07261904  072.62482291 51 101
111  23.07273010  072.62470065 51
111  23.07280469  072.62461824 51
111  23.07290836  072.62450413 51
111  23.07295067  072.62445768 51
111  23.07338506  072.62398044 51
115  23.07342832  072.62393291
120 Linear Feature 3
111  23.07181667  072.62569701 51 101
112  23.07159246  072.62576550  23.07151937  072.62577762 51 101
115  23.07138423  072.62570773
120 Linear Feature 19
111  23.07460406  072.62864727 51 101
112  23.07440589  072.62872733  23.07430059  072.62872464 51 101
115  23.07413880  072.62862536
120 Linear Feature 13
111  23.07464833  072.62917123 51 101
112  23.07452403  072.62885425  23.07452831  072.62875885 51 101
111  23.07460406  072.62864727 51 101
112  23.07531168  072.62786460  23.07532847  072.62783776 51 101
112  23.07536918  072.62765420  23.07537693  072.62752353 51 101
111  23.07522544  072.62737298 51 101
111  23.07504507  072.62718183 51 101
111  23.07461679  072.62672798 51 101
111  23.07411723  072.62619858 51 101
111  23.07364219  072.62569516 51 101
111  23.07321709  072.62524419 51 101
111  23.07318016  072.62520695 51 101
111  23.07289129  072.62489942 51 101
112  23.07270337  072.62487969  23.07265014  072.62488572 51 101
111  23.07251529  072.62493729 51 101
111  23.07181667  072.62569701 51 101
115  23.07166016  072.62586721
120 Linear Feature 12
111  23.07703077  072.63308123 51 101
111  23.07719365  072.63370496 51 101
111  23.07736007  072.63428965 51 101
112  23.07746388  072.63465965  23.07747869  072.63468040
111  23.07746388  072.63465965
112  23.07746388  072.63465965  23.07748057  072.63467835 51 101
115  23.07785526  072.63508394
120 Linear Feature 11
111  23.07638858  072.63353733 51 101
112  23.07679486  072.63395277  23.07681815  072.63396964
111  23.07679486  072.63395277
112  23.07679486  072.63395277  23.07682595  072.63399064 51 101
112  23.07709626  072.63393804  23.07717340  072.63385640
111  23.07709626  072.63393804
112  23.07709626  072.63393804  23.07719448  072.63381693 51 101
111  23.07703077  072.63308123 51 101
111  23.07692911  072.63259240 51 101
111  23.07672192  072.63174895 51 101
112  23.07659322  072.63125578  23.07655009  072.63113812
111  23.07659322  072.63125578
112  23.07659322  072.63125578  23.07653343  072.63115079 51 101
111  23.07593508  072.63055951 51 101
111  23.07464833  072.62917123 51 101
111  23.07413880  072.62862536 51 101
115  23.07236374  072.62673852
120 Linear Feature 10
111  23.06813874  072.62254835 51 101
112  23.06818825  072.62238377  23.06818086  072.62232149 51 101
115  23.06813206  072.62221824
120 Linear Feature 9
111  23.06845102  072.62220671 51 101
112  23.06829946  072.62227551  23.06824308  072.62227952 51 101
115  23.06813206  072.62221824
120 Linear Feature 8
111  23.06846327  072.62256622 51 101
112  23.06840167  072.62240396  23.06838319  072.62233766 51 101
115  23.06845102  072.62220671
120 Linear Feature 7
111  23.06813874  072.62254835 51 101
112  23.06831134  072.62250316  23.06837499  072.62251711 51 101
115  23.06846327  072.62256622
120 Linear Feature 5
111  23.06730977  072.62135108 51 101
112  23.06725772  072.62120578  23.06724662  072.62116118 51 101
115  23.06729913  072.62103256
120 Linear Feature 4
111  23.06701720  072.62134763 51 101
112  23.06719775  072.62129443  23.06724101  072.62129925 51 101
111  23.06730977  072.62135108 51 101
111  23.06813206  072.62221824 51 101
111  23.06828850  072.62238070 51 101
111  23.06846327  072.62256622 51 101
111  23.06908527  072.62326962 51 101
115  23.07122526  072.62554548
120 Linear Feature 1
111  23.06778926  072.62437651 51 101
111  23.06739246  072.62396144 51 101
112  23.06725320  072.62382037  23.06717556  072.62375238
111  23.06725320  072.62382037
112  23.06725320  072.62382037  23.06718066  072.62376058 51 101
115  23.06698891  072.62385059
120 Linear Feature 8
111  23.06418969  072.62428116 2
115  23.06407138  072.62416185
120 Linear Feature 34
111  23.06271515  072.62563449 53 102
111  23.06292838  072.62540654 53 102
112  23.06306637  072.62539975  23.06313345  072.62546073 53 102
111  23.06316290  072.62550479 53 102
111  23.06358061  072.62505998 53 102
112  23.06375245  072.62485440  23.06372615  072.62482962
111  23.06375245  072.62485440
112  23.06375245  072.62485440  23.06374009  072.62483878 53 102
112  23.06371146  072.62479819  23.06371328  072.62478461 53 102
111  23.06383652  072.62465499 53 102
111  23.06501770  072.62339953 53 102
111  23.06542841  072.62309043 53 102
112  23.06578361  072.62285173  23.06581006  072.62282937 53 102
115  23.06594084  072.62282458
120 Linear Feature 33
111  23.06571784  072.62259138 53 102
112  23.06565259  072.62273512  23.06562708  072.62274732 53 102
111  23.06534318  072.62294350 53 102
111  23.06501004  072.62318027 53 102
111  23.06465295  072.62355210 53 102
112  23.06449214  072.62367859  23.06445295  072.62367193 53 102
111  23.06434190  072.62360407 53 102
111  23.06356461  072.62311444 53 102
112  23.06328219  072.62294333  23.06324316  072.62292742 53 102
111  23.06320392  072.62295003 53 102
115  23.06257434  072.62355246
120 Linear Feature 31
111  23.06534318  072.62294350 54 103
111  23.06538546  072.62301640 54 103
115  23.06542841  072.62309043
120 Linear Feature 29
111  23.07177866  072.62691444 54 103
111  23.07161514  072.62694142 54 103
115  23.07146365  072.62700655
120 Linear Feature 28
111  23.06778036  072.62310860 54 103
111  23.06770083  072.62302452 54 103
115  23.06761577  072.62293461
120 Linear Feature 27
111  23.06668044  072.62192128 54 103
111  23.06659625  072.62182368 54 103
115  23.06651442  072.62172881
120 Linear Feature 30
111  23.07703868  072.63255903 54 103
111  23.07692911  072.63259240 54 103
115  23.07682663  072.63262361
120 Linear Feature 26
111  23.07790981  072.63485234 53 102
112  23.07759663  072.63448614  23.07749380  072.63435669
111  23.07759663  072.63448614
112  23.07759663  072.63448614  23.07758519  072.63447174 53 102
112  23.07756662  072.63444752  23.07755819  072.63443633
111  23.07756662  072.63444752
112  23.07756662  072.63444752  23.07755261  072.63442892 53 102
112  23.07754084  072.63440928  23.07753833  072.63440313
111  23.07754084  072.63440928
112  23.07754084  072.63440928  23.07753834  072.63440315 53 102
112  23.07752477  072.63436153  23.07751688  072.63433689
111  23.07752477  072.63436153
112  23.07752477  072.63436153  23.07752063  072.63434861 53 102
112  23.07751067  072.63431695  23.07750545  072.63430030
111  23.07751067  072.63431695
112  23.07751067  072.63431695  23.07745575  072.63414173 53 102
111  23.07734853  072.63378502 53 102
111  23.07703868  072.63255903 53 102
112  23.07669530  072.63120036  23.07666586  072.63114584 53 102
111  23.07518976  072.62958532 53 102
111  23.07482055  072.62911424 53 102
112  23.07476120  072.62902654  23.07473389  072.62897693
111  23.07476120  072.62902654
112  23.07476120  072.62902654  23.07475306  072.62901176 53 102
112  23.07473902  072.62897983  23.07473270  072.62896371
111  23.07473902  072.62897983
112  23.07473902  072.62897983  23.07473167  072.62896109 53 102
112  23.07472414  072.62892341  23.07472207  072.62890491
111  23.07472414  072.62892341
112  23.07472414  072.62892341  23.07472238  072.62890768 53 102
112  23.07472384  072.62887246  23.07472718  072.62885442
111  23.07472384  072.62887246
112  23.07472384  072.62887246  23.07472761  072.62885210 53 102
112  23.07473848  072.62880949  23.07474700  072.62878923
111  23.07473848  072.62880949
112  23.07473848  072.62880949  23.07476457  072.62874750 53 102
111  23.07481167  072.62869447 53 102
111  23.07490494  072.62858518 53 102
111  23.07568786  072.62766774 53 102
111  23.07544183  072.62735335 53 102
112  23.07538279  072.62716844  23.07538102  072.62705919 53 102
111  23.07558037  072.62682750 53 102
115  23.07589933  072.62640795
120 Linear Feature 24
111  23.07308569  072.62736790 53 102
111  23.07220261  072.62636808 53 102
112  23.07196172  072.62601546  23.07190316  072.62586389
111  23.07196172  072.62601546
112  23.07196172  072.62601546  23.07195487  072.62599774 53 102
112  23.07194674  072.62596473  23.07194377  072.62594877
111  23.07194674  072.62596473
112  23.07194674  072.62596473  23.07194416  072.62595086 53 102
112  23.07194425  072.62592582  23.07194528  072.62591384
111  23.07194425  072.62592582
112  23.07194425  072.62592582  23.07194477  072.62591974 53 102
112  23.07194623  072.62590783  23.07194703  072.62590192
111  23.07194623  072.62590783
112  23.07194623  072.62590783  23.07194888  072.62588820 53 102
112  23.07195803  072.62585188  23.07196309  072.62583426
111  23.07195803  072.62585188
112  23.07195803  072.62585188  23.07196271  072.62583558 53 102
112  23.07197416  072.62580589  23.07198011  072.62579156
111  23.07197416  072.62580589
112  23.07197416  072.62580589  23.07198390  072.62578245 53 102
112  23.07200527  072.62574448  23.07201572  072.62572715
111  23.07200527  072.62574448
112  23.07200527  072.62574448  23.07202860  072.62570577 53 102
111  23.07204956  072.62568357 53 102
111  23.07226259  072.62540353 53 102
111  23.07260564  072.62511134 53 102
112  23.07261850  072.62510316  23.07262412  072.62510068
111  23.07261850  072.62510316
112  23.07261850  072.62510316  23.07262351  072.62510103 53 102
112  23.07265555  072.62509141  23.07268089  072.62508460
111  23.07265555  072.62509141
112  23.07265555  072.62509141  23.07267130  072.62508717 53 102
112  23.07270965  072.62508054  23.07272919  072.62507777
111  23.07270965  072.62508054
112  23.07270965  072.62508054  23.07272841  072.62507788 53 102
112  23.07275496  072.62507761  23.07277305  072.62507915
111  23.07275496  072.62507761
112  23.07275496  072.62507761  23.07275946  072.62507799 53 102
112  23.07277918  072.62507987  23.07278532  072.62508062
111  23.07277918  072.62507987
112  23.07277918  072.62507987  23.07278967  072.62508170 53 102
112  23.07281149  072.62509056  23.07282242  072.62509565
111  23.07281149  072.62509056
112  23.07281149  072.62509056  23.07287198  072.62511871 53 102
111  23.07293347  072.62518688 53 102
111  23.07399878  072.62622434 53 102
111  23.07507926  072.62748369 53 102
112  23.07515215  072.62770507  23.07515048  072.62781343
111  23.07515215  072.62770507
112  23.07515215  072.62770507  23.07515337  072.62778359 53 102
111  23.07498640  072.62798873 53 102
111  23.07466183  072.62832346 53 102
111  23.07452337  072.62846625 53 102
112  23.07447365  072.62850048  23.07444495  072.62851720
111  23.07447365  072.62850048
112  23.07447365  072.62850048  23.07445922  072.62850889 53 102
112  23.07442622  072.62852279  23.07440959  072.62852847
111  23.07442622  072.62852279
112  23.07442622  072.62852279  23.07441801  072.62852537 53 102
112  23.07440612  072.62852692  23.07439768  072.62852791
111  23.07440612  072.62852692
112  23.07440612  072.62852692  23.07439584  072.62852767 53 102
112  23.07437087  072.62852444  23.07435809  072.62852228
111  23.07437087  072.62852444
112  23.07437087  072.62852444  23.07435584  072.62852190 53 102
112  23.07432550  072.62851362  23.07431099  072.62850936
111  23.07432550  072.62851362
112  23.07432550  072.62851362  23.07429573  072.62850488 53 102
111  23.07427158  072.62849513 53 102
111  23.07422349  072.62846100 53 102
113  23.07335913  072.62764844 53 102
120 Linear Feature 10
111  23.06873588  072.62209769 52
115  23.06852791  072.62187776
120 Linear Feature 23
111  23.07338428  072.62383076 53 102
111  23.07228576  072.62501860 53 102
111  23.07179989  072.62545682 53 102
112  23.07176390  072.62548668  23.07174201  072.62550369
111  23.07176390  072.62548668
112  23.07176390  072.62548668  23.07175213  072.62549583 53 102
112  23.07172280  072.62551634  23.07170750  072.62552652
111  23.07172280  072.62551634
112  23.07172280  072.62551634  23.07170933  072.62552530 53 102
112  23.07168266  072.62554199  23.07166917  072.62554977
111  23.07168266  072.62554199
112  23.07168266  072.62554199  23.07166565  072.62555180 53 102
112  23.07162894  072.62556380  23.07160974  072.62556780
111  23.07162894  072.62556380
112  23.07162894  072.62556380  23.07162673  072.62556426 53 102
112  23.07161946  072.62556535  23.07161722  072.62556570
111  23.07161946  072.62556535
112  23.07161946  072.62556535  23.07160253  072.62556695 53 102
112  23.07157013  072.62556209  23.07155434  072.62555869
111  23.07157013  072.62556209
112  23.07157013  072.62556209  23.07155193  072.62555817 53 102
112  23.07151961  072.62554434  23.07150439  072.62553699
111  23.07151961  072.62554434
112  23.07151961  072.62554434  23.07147986  072.62552516 53 102
111  23.07145296  072.62550021 53 102
111  23.07031590  072.62439740 53 102
111  23.06903744  072.62304604 53 102
111  23.06877780  072.62270020 53 102
111  23.06864453  072.62252268 53 102
112  23.06861897  072.62245835  23.06860928  072.62241696
111  23.06861897  072.62245835
112  23.06861897  072.62245835  23.06861431  072.62243844 53 102
112  23.06861173  072.62238630  23.06861239  072.62235834
111  23.06861173  072.62238630
112  23.06861173  072.62238630  23.06861228  072.62236318 53 102
112  23.06862273  072.62230951  23.06862998  072.62228153
111  23.06862273  072.62230951
112  23.06862273  072.62230951  23.06862805  072.62228897 53 102
112  23.06864578  072.62224430  23.06865601  072.62222140
111  23.06864578  072.62224430
112  23.06864578  072.62224430  23.06865554  072.62222245 53 102
112  23.06868300  072.62217578  23.06869821  072.62215198
111  23.06868300  072.62217578
112  23.06868300  072.62217578  23.06869949  072.62214997 53 102
112  23.06873588  072.62209769  23.06875445  072.62207161
111  23.06873588  072.62209769
112  23.06873588  072.62209769  23.06886787  072.62191227 53 102
111  23.06903770  072.62173203 53 102
111  23.06990172  072.62075692 53 102
115  23.07064619  072.61995841
120 Linear Feature 22
111  23.07240295  072.62897114 53 102
112  23.07224083  072.62876764  23.07221493  072.62873460
111  23.07224083  072.62876764
112  23.07224083  072.62876764  23.07222840  072.62875274 53 102
112  23.07221344  072.62873182  23.07220326  072.62871781
111  23.07221344  072.62873182
112  23.07221344  072.62873182  23.07220027  072.62871371 53 102
112  23.07218250  072.62868389  23.07217659  072.62867073
111  23.07218250  072.62868389
112  23.07218250  072.62868389  23.07217714  072.62867196 53 102
112  23.07216235  072.62862962  23.07215469  072.62860690
111  23.07216235  072.62862962
112  23.07216235  072.62862962  23.07215781  072.62861616 53 102
112  23.07214841  072.62858695  23.07214374  072.62857227
111  23.07214841  072.62858695
112  23.07214841  072.62858695  23.07212944  072.62852736 53 102
111  23.07211148  072.62846560 53 102
112  23.07185935  072.62753134  23.07184472  072.62746656
111  23.07185935  072.62753134
112  23.07185935  072.62753134  23.07184642  072.62747411 53 102
112  23.07178116  072.62693526  23.07176898  072.62683410
111  23.07178116  072.62693526
112  23.07178116  072.62693526  23.07177955  072.62692193 53 102
111  23.07177866  072.62691444 53 102
112  23.07177791  072.62688737  23.07177813  072.62687074
111  23.07177791  072.62688737
112  23.07177791  072.62688737  23.07177816  072.62686903 53 102
112  23.07178589  072.62681533  23.07179192  072.62678753
111  23.07178589  072.62681533
112  23.07178589  072.62681533  23.07179088  072.62679235 53 102
112  23.07181140  072.62674568  23.07182397  072.62672330
111  23.07181140  072.62674568
112  23.07181140  072.62674568  23.07182204  072.62672674 53 102
112  23.07185419  072.62669488  23.07187241  072.62668060
111  23.07185419  072.62669488
112  23.07185419  072.62669488  23.07186118  072.62668940 53 102
112  23.07187712  072.62668000  23.07188543  072.62667560
111  23.07187712  072.62668000
112  23.07187712  072.62668000  23.07189199  072.62667213 53 102
112  23.07192769  072.62666916  23.07194626  072.62666945
111  23.07192769  072.62666916
112  23.07192769  072.62666916  23.07194856  072.62666948 53 102
112  23.07199454  072.62668207  23.07201783  072.62668985
111  23.07199454  072.62668207
112  23.07199454  072.62668207  23.07201563  072.62668912 53 102
112  23.07205844  072.62670939  23.07207966  072.62672019
111  23.07205844  072.62670939
112  23.07205844  072.62670939  23.07207093  072.62671575 53 102
112  23.07209533  072.62672959  23.07210738  072.62673663
111  23.07209533  072.62672959
112  23.07209533  072.62672959  23.07217516  072.62677622 53 102
111  23.07224131  072.62683280 53 102
111  23.07277743  072.62734459 53 102
111  23.07383614  072.62848641 53 102
111  23.07511785  072.62982409 53 102
111  23.07608552  072.63086019 53 102
112  23.07642454  072.63124258  23.07653312  072.63138140
111  23.07642454  072.63124258
112  23.07642454  072.63124258  23.07643630  072.63125761 53 102
112  23.07645508  072.63128354  23.07646353  072.63129568
111  23.07645508  072.63128354
112  23.07645508  072.63128354  23.07645982  072.63129036 53 102
112  23.07646746  072.63130232  23.07647094  072.63130800
111  23.07646746  072.63130232
112  23.07646746  072.63130232  23.07647147  072.63130925 53 102
112  23.07648009  072.63132806  23.07648447  072.63133815
111  23.07648009  072.63132806
112  23.07648009  072.63132806  23.07648596  072.63134159 53 102
112  23.07649827  072.63137491  23.07650444  072.63139226
111  23.07649827  072.63137491
112  23.07649827  072.63137491  23.07650315  072.63138863 53 102
112  23.07651289  072.63141817  23.07651772  072.63143312
111  23.07651289  072.63141817
112  23.07651289  072.63141817  23.07654224  072.63150899 53 102
111  23.07656872  072.63161275 53 102
111  23.07677483  072.63234209 53 102
111  23.07682663  072.63262361 53 102
111  23.07686675  072.63306737 53 102
112  23.07686797  072.63307840  23.07686858  072.63308544
111  23.07686797  072.63307840
112  23.07686797  072.63307840  23.07686887  072.63308887 53 102
112  23.07686862  072.63312688  23.07686747  072.63314769
111  23.07686862  072.63312688
112  23.07686862  072.63312688  23.07686744  072.63314823 53 102
112  23.07685643  072.63319890  23.07684875  072.63322444
111  23.07685643  072.63319890
112  23.07685643  072.63319890  23.07685023  072.63321951 53 102
112  23.07682818  072.63325972  23.07681517  072.63327907
111  23.07682818  072.63325972
112  23.07682818  072.63325972  23.07681605  072.63327776 53 102
112  23.07678046  072.63330842  23.07676046  072.63332237
111  23.07678046  072.63330842
112  23.07678046  072.63330842  23.07677566  072.63331176 53 102
112  23.07676529  072.63331796  23.07675997  072.63332097
111  23.07676529  072.63331796
112  23.07676529  072.63331796  23.07675028  072.63332645 53 102
112  23.07671897  072.63333395  23.07670322  072.63333635
111  23.07671897  072.63333395
112  23.07671897  072.63333395  23.07669634  072.63333739 53 102
112  23.07665077  072.63332948  23.07662825  072.63332373
111  23.07665077  072.63332948
112  23.07665077  072.63332948  23.07661376  072.63332003 53 102
112  23.07654849  072.63328085  23.07651875  072.63326083
111  23.07654849  072.63328085
112  23.07654849  072.63328085  23.07650087  072.63324879 53 102
111  23.07646449  072.63321954 53 102
115  23.07609876  072.63291337
120 Linear Feature 19
111  23.06750701  072.62374210 53 102
112  23.06748887  072.62365456  23.06748806  072.62359755
111  23.06748887  072.62365456
112  23.06748887  072.62365456  23.06748848  072.62362697 53 102
112  23.06749848  072.62355928  23.06750618  072.62352397
111  23.06749848  072.62355928
112  23.06749848  072.62355928  23.06750433  072.62353249 53 102
112  23.06752652  072.62347461  23.06753976  072.62344523
111  23.06752652  072.62347461
112  23.06752652  072.62347461  23.06753888  072.62344719 53 102
112  23.06757575  072.62339068  23.06759653  072.62336236
111  23.06757575  072.62339068
112  23.06757575  072.62339068  23.06770881  072.62320937 53 102
111  23.06778036  072.62310860 53 102
111  23.06804370  072.62288992 53 102
112  23.06816377  072.62278360  23.06822589  072.62273705
111  23.06816377  072.62278360
112  23.06816377  072.62278360  23.06818466  072.62276795 53 102
112  23.06822579  072.62274390  23.06824557  072.62273402
111  23.06822579  072.62274390
112  23.06822579  072.62274390  23.06823188  072.62274086 53 102
112  23.06824355  072.62273607  23.06824928  072.62273392
111  23.06824355  072.62273607
112  23.06824355  072.62273607  23.06825853  072.62273044 53 102
112  23.06828959  072.62272989  23.06830504  072.62273097
111  23.06828959  072.62272989
112  23.06828959  072.62272989  23.06831553  072.62273170 53 102
112  23.06836260  072.62275194  23.06838413  072.62276277
111  23.06836260  072.62275194
112  23.06836260  072.62275194  23.06838751  072.62276446 53 102
112  23.06841568  072.62278568  23.06842431  072.62279246
111  23.06841568  072.62278568
112  23.06841568  072.62278568  23.06841880  072.62278813 53 102
111  23.06842049  072.62278958 53 102
111  23.06857278  072.62292017 53 102
111  23.06864623  072.62298316 53 102
111  23.07099385  072.62546019 53 102
112  23.07104909  072.62551733  23.07107763  072.62554839
111  23.07104909  072.62551733
112  23.07104909  072.62551733  23.07106061  072.62552986 53 102
112  23.07108290  072.62555598  23.07109338  072.62556875
111  23.07108290  072.62555598
112  23.07108290  072.62555598  23.07109577  072.62557166 53 102
112  23.07111245  072.62559786  23.07111827  072.62560924
111  23.07111245  072.62559786
112  23.07111245  072.62559786  23.07111337  072.62559967 53 102
112  23.07111598  072.62560596  23.07111741  072.62560953
111  23.07111598  072.62560596
112  23.07111598  072.62560596  23.07111979  072.62561548 53 102
112  23.07113207  072.62565100  23.07113884  072.62567101
111  23.07113207  072.62565100
112  23.07113207  072.62565100  23.07113691  072.62566531 53 102
112  23.07114837  072.62570026  23.07115434  072.62571860
111  23.07114837  072.62570026
112  23.07114837  072.62570026  23.07120637  072.62587847 53 102
111  23.07130990  072.62622101 53 102
112  23.07146365  072.62700655  23.07149624  072.62717625
111  23.07146365  072.62700655
112  23.07146365  072.62700655  23.07146854  072.62703199 53 102
112  23.07151481  072.62735077  23.07152269  072.62740519
111  23.07151481  072.62735077
112  23.07151481  072.62735077  23.07151572  072.62735705 53 102
111  23.07151622  072.62736053 53 102
112  23.07151941  072.62740569  23.07151973  072.62743253
111  23.07151941  072.62740569
112  23.07151941  072.62740569  23.07151964  072.62742505 53 102
112  23.07151413  072.62747339  23.07150970  072.62749795
111  23.07151413  072.62747339
112  23.07151413  072.62747339  23.07150937  072.62749976 53 102
112  23.07148578  072.62755061  23.07147081  072.62757420
111  23.07148578  072.62755061
112  23.07148578  072.62755061  23.07147616  072.62756576 53 102
112  23.07144891  072.62759123  23.07143364  072.62760330
111  23.07144891  072.62759123
112  23.07144891  072.62759123  23.07144380  072.62759472 53 102
112  23.07143264  072.62760268  23.07142725  072.62760629
111  23.07143264  072.62760268
112  23.07143264  072.62760268  23.07140743  072.62761958 53 102
112  23.07135090  072.62762462  23.07132234  072.62762359
111  23.07135090  072.62762462
112  23.07135090  072.62762462  23.07133121  072.62762391 53 102
112  23.07129170  072.62761356  23.07127216  072.62760730
111  23.07129170  072.62761356
112  23.07129170  072.62761356  23.07126775  072.62760589 53 102
112  23.07122312  072.62758305  23.07120180  072.62757113
111  23.07122312  072.62758305
112  23.07122312  072.62758305  23.07121045  072.62757596 53 102
112  23.07118746  072.62756119  23.07117646  072.62755387
111  23.07118746  072.62756119
112  23.07118746  072.62756119  23.07114674  072.62753409 53 102
111  23.07111781  072.62751284 53 102
115  23.07076090  072.62721739
120 Linear Feature 63
111  23.07751067  072.63431695 3
115  23.07757906  072.63428779
120 Linear Feature 62
111  23.07752477  072.63436153 3
115  23.07759440  072.63433491
120 Linear Feature 61
111  23.07754084  072.63440928 3
115  23.07760666  072.63436621
120 Linear Feature 60
111  23.07756662  072.63444752 3
115  23.07762422  072.63439654
120 Linear Feature 59
111  23.07224083  072.62876764 3
115  23.07229197  072.62871311
120 Linear Feature 58
111  23.07221344  072.62873182 3
115  23.07226071  072.62867476
120 Linear Feature 57
111  23.07218250  072.62868389 3
115  23.07223938  072.62864083
120 Linear Feature 56
111  23.07216235  072.62862962 3
115  23.07222603  072.62860601
120 Linear Feature 55
111  23.07214841  072.62858695 3
115  23.07221106  072.62856247
120 Linear Feature 28
111  23.06841827  072.62032706 3
115  23.06844384  072.62026167
120 Linear Feature 27
111  23.06846743  072.62035592 3
115  23.06850962  072.62030113
120 Linear Feature 87
111  23.06663485  072.62389982 3
115  23.06669786  072.62394351
120 Linear Feature 92
111  23.06718017  072.62420611 3
115  23.06721226  072.62413587
120 Linear Feature 91
111  23.06696235  072.62423795 3
115  23.06691695  072.62418102
120 Linear Feature 90
111  23.06701339  072.62420662 3
115  23.06698605  072.62414517
120 Linear Feature 89
111  23.06706901  072.62419790 3
115  23.06705243  072.62411831
120 Linear Feature 88
111  23.06712256  072.62419476 3
115  23.06713264  072.62411433
120 Linear Feature 86
111  23.06666186  072.62384294 3
115  23.06673839  072.62386108
120 Linear Feature 85
111  23.06666905  072.62378474 3
115  23.06674081  072.62377804
120 Linear Feature 63
111  23.07129170  072.62761356 3
115  23.07131166  072.62754014
120 Linear Feature 62
111  23.07135090  072.62762462 3
115  23.07135003  072.62754639
120 Linear Feature 61
111  23.07143264  072.62760268 3
115  23.07138653  072.62752588
120 Linear Feature 60
111  23.07148578  072.62755061 3
115  23.07142055  072.62750236
120 Linear Feature 59
111  23.07151413  072.62747339 3
115  23.07144300  072.62745824
120 Linear Feature 58
111  23.07145047  072.62741428 3
115  23.07151941  072.62740569
120 Linear Feature 57
111  23.07144460  072.62736243 3
115  23.07151481  072.62735077
120 Linear Feature 56
111  23.07184920  072.62691977 3
115  23.07178116  072.62693526
120 Linear Feature 55
111  23.07184416  072.62687399 3
115  23.07177791  072.62688737
120 Linear Feature 54
111  23.07184972  072.62683304 3
115  23.07178589  072.62681533
120 Linear Feature 53
111  23.07186578  072.62678597 3
115  23.07181140  072.62674568
120 Linear Feature 52
111  23.07189988  072.62675535 3
115  23.07185419  072.62669488
120 Linear Feature 51
111  23.07193814  072.62674283 3
115  23.07192769  072.62666916
120 Linear Feature 50
111  23.07198012  072.62674536 3
115  23.07199454  072.62668207
120 Linear Feature 49
111  23.07201813  072.62676390 3
115  23.07205844  072.62670939
120 Linear Feature 48
111  23.07205533  072.62678865 3
115  23.07209533  072.62672959
120 Linear Feature 47
111  23.07108453  072.62572089 3
115  23.07114837  072.62570026
120 Linear Feature 46
111  23.07106229  072.62567500 3
115  23.07113207  072.62565100
120 Linear Feature 45
111  23.07104619  072.62564556 3
115  23.07111598  072.62560596
120 Linear Feature 44
111  23.07102811  072.62561507 3
115  23.07108290  072.62555598
120 Linear Feature 43
111  23.07099589  072.62558036 3
115  23.07104909  072.62551733
120 Linear Feature 42
111  23.07154304  072.62546957 3
115  23.07151961  072.62554434
120 Linear Feature 41
111  23.07158814  072.62548202 3
115  23.07157013  072.62556209
120 Linear Feature 40
111  23.07163281  072.62548102 3
115  23.07162894  072.62556380
120 Linear Feature 39
111  23.07166796  072.62547430 3
115  23.07168266  072.62554199
120 Linear Feature 38
111  23.07169996  072.62545329 3
115  23.07172280  072.62551634
120 Linear Feature 37
111  23.07264202  072.62518096 3
115  23.07260564  072.62511134
120 Linear Feature 36
111  23.07267347  072.62516973 3
115  23.07265555  072.62509141
120 Linear Feature 35
111  23.07270723  072.62516233 3
115  23.07270965  072.62508054
120 Linear Feature 34
111  23.07273682  072.62516012 3
115  23.07275496  072.62507761
120 Linear Feature 33
111  23.07278296  072.62516459 3
115  23.07281149  072.62509056
120 Linear Feature 32
111  23.07202551  072.62598435 3
115  23.07196172  072.62601546
120 Linear Feature 31
111  23.07201162  072.62594574 3
115  23.07194674  072.62596473
120 Linear Feature 30
111  23.07200670  072.62590695 3
115  23.07194623  072.62590783
120 Linear Feature 29
111  23.07201581  072.62586467 3
115  23.07195803  072.62585188
120 Linear Feature 28
111  23.07202711  072.62582405 3
115  23.07197416  072.62580589
120 Linear Feature 27
111  23.07481678  072.62897788 3
115  23.07476120  072.62902654
120 Linear Feature 26
111  23.07479826  072.62894286 3
115  23.07473902  072.62897983
120 Linear Feature 25
111  23.07478993  072.62890878 3
115  23.07472414  072.62892341
120 Linear Feature 24
111  23.07478539  072.62887592 3
115  23.07472384  072.62887246
120 Linear Feature 23
111  23.07479762  072.62883227 3
115  23.07473848  072.62880949
120 Linear Feature 22
111  23.07430810  072.62843183 3
115  23.07427158  072.62849513
120 Linear Feature 21
111  23.07434192  072.62844192 3
115  23.07432550  072.62851362
120 Linear Feature 20
111  23.07438166  072.62844391 3
115  23.07437087  072.62852444
120 Linear Feature 19
111  23.07441884  072.62844438 3
115  23.07442622  072.62852279
120 Linear Feature 18
111  23.07445401  072.62842622 3
115  23.07447365  072.62850048
120 Linear Feature 17
111  23.07520400  072.62699452 20
115  23.07293830  072.62456510
120 Linear Feature 2
111  23.07211862  072.61669260 51
112  23.07217882  072.61690827  23.07225200  072.61698305 51
111  23.07242117  072.61695371 51
111  23.07275818  072.61733206 51
115  23.07281357  072.61739424
120 Linear Feature 2
111  23.07258017  072.61618499 51
112  23.07264072  072.61638743  23.07271390  072.61646221 51
111  23.07288307  072.61643287 51
111  23.07323325  072.61682677 51
115  23.07328126  072.61688078
120 Linear Feature 2
111  23.07377512  072.61544699 51
115  23.07420845  072.61592389
120 Linear Feature 2
111  23.07305601  072.61566498 51
112  23.07311760  072.61586417  23.07319078  072.61593894 51
111  23.07335995  072.61590961 51
111  23.07370006  072.61628034 51
115  23.07376965  072.61635619
120 Linear Feature 16
111  23.07468278  072.62631894 20
112  23.07468873  072.62624927  23.07469948  072.62622005 20
115  23.07522246  072.62566008
120 Linear Feature 15
111  23.07457265  072.62620221 20
112  23.07464698  072.62619099  23.07467745  072.62617865 20
115  23.07518366  072.62562346
120 Linear Feature 16
111  23.07525373  072.62692851 20
111  23.07468278  072.62631894 20
111  23.07457178  072.62620079 20
115  23.07298649  072.62450910
120 Linear Feature 82
111  23.06646136  072.62426383 54 103
111  23.06655500  072.62435930 54 103
115  23.06664021  072.62444778
120 Linear Feature 81
111  23.06499219  072.62525134 3
115  23.06503925  072.62519422
120 Linear Feature 80
111  23.06504449  072.62529641 3
115  23.06508926  072.62523127
120 Linear Feature 79
111  23.06510970  072.62533488 3
115  23.06514561  072.62525840
120 Linear Feature 78
111  23.06518853  072.62535934 3
115  23.06520481  072.62527262
120 Linear Feature 77
111  23.06526410  072.62536361 3
115  23.06526953  072.62527578
120 Linear Feature 76
111  23.06534028  072.62535186 3
115  23.06533181  072.62526547
120 Linear Feature 75
111  23.06541995  072.62532346 3
115  23.06538219  072.62525529
120 Linear Feature 74
111  23.06548496  072.62528854 3
115  23.06544301  072.62522658
120 Linear Feature 73
111  23.06554713  072.62524388 3
115  23.06548851  072.62518120
120 Linear Feature 6
111  23.06735962  072.62339485 51 101
112  23.06741063  072.62393378  23.06760227  072.62415771 51 101
115  23.06780450  072.62435864
120 Linear Feature 3
111  23.06668473  072.62316032 51 101
112  23.06693300  072.62341445  23.06700278  072.62348577
111  23.06693300  072.62341445
112  23.06693300  072.62341445  23.06700559  072.62347761 51 101
112  23.06735962  072.62339485  23.06744520  072.62330587
111  23.06735962  072.62339485
112  23.06735962  072.62339485  23.06746822  072.62328028 51 101
111  23.06770083  072.62302452 51 101
111  23.06813874  072.62254835 51 101
111  23.06828850  072.62238070 51 101
111  23.06845102  072.62220671 51 101
111  23.06933647  072.62122139 51 101
111  23.06972689  072.62079151 51 101
111  23.06996769  072.62054016 51 101
112  23.07010154  072.62035737  23.07011237  072.62032205
111  23.07010154  072.62035737
112  23.07010154  072.62035737  23.07013029  072.62026363 51 101
111  23.07014480  072.61992461 51 101
111  23.07016910  072.61944564 51 101
111  23.07017238  072.61938081 51 101
111  23.07018977  072.61903824 51
111  23.07023887  072.61872072 51
111  23.07030847  072.61827062 51
112  23.07021268  072.61810651  23.07012311  072.61804246 51
115  23.06995835  072.61813817
120 Linear Feature 23
111  23.06899386  072.61919683 51
112  23.06912622  072.61918495  23.06917438  072.61921791
111  23.06912622  072.61918495
112  23.06912622  072.61918495  23.06915205  072.61920263 51
111  23.06936672  072.61942956 51
112  23.06952336  072.61963061  23.06953006  072.61966183
111  23.06952336  072.61963061
112  23.06952336  072.61963061  23.06953782  072.61969793 51
115  23.06951560  072.61975233
120 Linear Feature 40
111  23.06938533  072.61876775 51
112  23.06951505  072.61875573  23.06954774  072.61878378
111  23.06951505  072.61875573
112  23.06951505  072.61875573  23.06953389  072.61877190 51
111  23.06993087  072.61918236 51
115  23.07016910  072.61944564
120 Linear Feature 2
111  23.06660997  072.62308553 51 101
111  23.06622227  072.62266737 51 101
112  23.06615505  072.62241391  23.06616703  072.62228083 51 101
111  23.06626810  072.62216838 51 101
111  23.06659625  072.62182368 51 101
111  23.06701720  072.62134763 51 101
111  23.06729913  072.62103256 51 101
111  23.06814958  072.62008655 51 101
111  23.06854494  072.61968860 51 101
111  23.06866341  072.61955882 51 101
111  23.06883757  072.61936803 51 101
111  23.06899386  072.61919683 51 101
111  23.06914688  072.61902919 51 101
111  23.06914688  072.61902919 51 101
111  23.06931342  072.61884675 51 101
111  23.06938533  072.61876775 51 101
111  23.06995835  072.61813817 51 101
111  23.07033824  072.61772913 51 101
111  23.07085041  072.61717517 51 101
111  23.07098349  072.61702546 51 101
115  23.07101583  072.61699108
120 Linear Feature 72
111  23.06658750  072.62309172 51 101
111  23.06687139  072.62339528 51 101
112  23.06703478  072.62361369  23.06705561  072.62368490
111  23.06703478  072.62361369
112  23.06703478  072.62361369  23.06705250  072.62367648 51 101
111  23.06698891  072.62385059 51 101
111  23.06655500  072.62435930 51 101
111  23.06543665  072.62558787 51 101
112  23.06502513  072.62601983  23.06487234  072.62614127
111  23.06502513  072.62601983
112  23.06502513  072.62601983  23.06484042  072.62614375 51 101
111  23.06460782  072.62588351 51 101
112  23.06450119  072.62537860  23.06468627  072.62517358 51 101
111  23.06488658  072.62535877 51 101
112  23.06507358  072.62554218  23.06524802  072.62571147 51 101
115  23.06543665  072.62558787
120 Linear Feature 71
111  23.06667384  072.62350584 53 102
112  23.06671104  072.62362424  23.06672910  072.62369110
111  23.06671104  072.62362424
112  23.06671104  072.62362424  23.06671789  072.62364960 53 102
112  23.06673004  072.62370495  23.06673548  072.62373274
111  23.06673004  072.62370495
112  23.06673004  072.62370495  23.06673487  072.62372960 53 102
112  23.06674081  072.62377804  23.06674290  072.62380167
111  23.06674081  072.62377804
112  23.06674081  072.62377804  23.06674353  072.62380876 53 102
112  23.06673839  072.62386108  23.06673349  072.62388471
111  23.06673839  072.62386108
112  23.06673839  072.62386108  23.06673640  072.62387066 53 102
112  23.06673002  072.62388713  23.06672639  072.62389485
111  23.06673002  072.62388713
112  23.06673002  072.62388713  23.06672281  072.62390246 53 102
112  23.06669786  072.62394351  23.06668409  072.62396524
111  23.06669786  072.62394351
112  23.06669786  072.62394351  23.06662056  072.62406550 53 102
111  23.06646136  072.62426383 53 102
111  23.06608290  072.62472244 53 102
111  23.06555170  072.62523992 53 102
112  23.06554713  072.62524388  23.06554413  072.62524641
111  23.06554713  072.62524388
112  23.06554713  072.62524388  23.06553814  072.62525147 53 102
112  23.06548496  072.62528854  23.06545364  072.62530801
111  23.06548496  072.62528854
112  23.06548496  072.62528854  23.06546637  072.62530009 53 102
112  23.06541995  072.62532346  23.06539544  072.62533463
111  23.06541995  072.62532346
112  23.06541995  072.62532346  23.06539571  072.62533450 53 102
112  23.06534028  072.62535186  23.06531164  072.62535920
111  23.06534028  072.62535186
112  23.06534028  072.62535186  23.06531790  072.62535760 53 102
112  23.06527008  072.62536339  23.06524577  072.62536508
111  23.06527008  072.62536339
112  23.06527008  072.62536339  23.06526843  072.62536348 53 102
112  23.06526410  072.62536361  23.06526178  072.62536367
111  23.06526410  072.62536361
112  23.06526410  072.62536361  23.06524693  072.62536405 53 102
112  23.06518853  072.62535934  23.06516401  072.62535506
111  23.06518853  072.62535934
112  23.06518853  072.62535934  23.06516259  072.62535481 53 102
112  23.06510970  072.62533488  23.06508320  072.62532284
111  23.06510970  072.62533488
112  23.06510970  072.62533488  23.06508797  072.62532501 53 102
112  23.06504449  072.62529641  23.06502281  072.62528049
111  23.06504449  072.62529641
112  23.06504449  072.62529641  23.06503049  072.62528613 53 102
112  23.06500270  072.62526139  23.06498885  072.62524828
111  23.06500270  072.62526139
112  23.06500270  072.62526139  23.06500193  072.62526062 53 102
112  23.06499219  072.62525134  23.06498624  072.62524568
111  23.06499219  072.62525134
112  23.06499219  072.62525134  23.06496289  072.62522347 53 102
112  23.06484808  072.62511448  23.06481504  072.62508294
111  23.06484808  072.62511448
112  23.06484808  072.62511448  23.06480833  072.62507653 53 102
112  23.06475856  072.62502855  23.06473769  072.62500837
111  23.06475856  072.62502855
112  23.06475856  072.62502855  23.06471682  072.62498818 53 102
111  23.06470721  072.62497823 53 102
111  23.06414016  072.62560051 53 102
111  23.06484004  072.62635267 53 102
111  23.06634814  072.62475229 53 102
111  23.06664021  072.62444778 53 102
112  23.06688450  072.62420120  23.06691069  072.62418189
111  23.06688450  072.62420120
112  23.06688450  072.62420120  23.06689060  072.62419670 53 102
112  23.06691695  072.62418102  23.06693176  072.62417256
111  23.06691695  072.62418102
112  23.06691695  072.62418102  23.06693611  072.62417008 53 102
112  23.06698605  072.62414517  23.06701139  072.62413329
111  23.06698605  072.62414517
112  23.06698605  072.62414517  23.06700873  072.62413454 53 102
112  23.06705243  072.62411831  23.06707286  072.62411181
111  23.06705243  072.62411831
112  23.06705243  072.62411831  23.06706727  072.62411359 53 102
112  23.06709118  072.62411012  23.06710174  072.62410968
111  23.06709118  072.62411012
112  23.06709118  072.62411012  23.06710270  072.62410964 53 102
112  23.06713264  072.62411433  23.06714818  072.62411731
111  23.06713264  072.62411433
112  23.06713264  072.62411433  23.06715879  072.62411935 53 102
112  23.06721226  072.62413587  23.06723640  072.62414376
111  23.06721226  072.62413587
112  23.06721226  072.62413587  23.06724089  072.62414523 53 102
115  23.06726220  072.62415354
120 Linear Feature 84
111  23.06666665  072.62371524 3
115  23.06673004  072.62370495
120 Linear Feature 83
111  23.06665521  072.62365505 3
115  23.06671104  072.62362424
120 Linear Feature 21
111  23.06762940  072.62344181 3
115  23.06757575  072.62339068
120 Linear Feature 20
111  23.06758311  072.62352536 3
115  23.06752652  072.62347461
120 Linear Feature 19
111  23.06754942  072.62358495 3
115  23.06749848  072.62355928
120 Linear Feature 18
111  23.06754818  072.62365466 3
115  23.06748887  072.62365456
120 Linear Feature 17
111  23.06754723  072.62369365 3
115  23.06750701  072.62374210
120 Linear Feature 16
111  23.06703629  072.62323912 3
115  23.06707796  072.62319436
120 Linear Feature 15
111  23.06711545  072.62327703 3
115  23.06711947  072.62320685
120 Linear Feature 14
111  23.06721268  072.62328465 3
115  23.06718863  072.62320523
120 Linear Feature 13
111  23.06730264  072.62323443 3
115  23.06725341  072.62317200
120 Linear Feature 12
111  23.06737379  072.62316133 3
115  23.06732398  072.62310616
120 Linear Feature 11
111  23.06716841  072.62161678 3
115  23.06715048  072.62153613
120 Linear Feature 10
111  23.06723058  072.62163561 3
115  23.06725853  072.62155504
120 Linear Feature 9
111  23.06728542  072.62167286 3
115  23.06733384  072.62160898
120 Linear Feature 8
111  23.06788139  072.62221424 3
115  23.06783027  072.62226720
120 Linear Feature 7
111  23.06792697  072.62228702 3
115  23.06786177  072.62231859
120 Linear Feature 6
111  23.06788832  072.62256899 3
115  23.06782941  072.62251162
120 Linear Feature 5
111  23.06794475  072.62248007 3
115  23.06786375  072.62245285
120 Linear Feature 4
111  23.06795910  072.62238729 3
115  23.06787326  072.62238376
120 Linear Feature 54
111  23.07118746  072.62756119 3
115  23.07123220  072.62750005
120 Linear Feature 53
111  23.07122312  072.62758305 3
115  23.07126933  072.62752532
120 Linear Feature 15
111  23.07347159  072.61483310 22
111  23.07164490  072.61681911 22
115  23.07257432  072.61782372
120 Linear Feature 14
111  23.07344356  072.61480080 20
111  23.07157743  072.61683328 20
115  23.07254288  072.61786822
120 Linear Feature 13
111  23.07350542  072.61486987 20
111  23.07171177  072.61682550 20
115  23.07261715  072.61779353
120 Linear Feature 12
111  23.07139317  072.61781857 20
115  23.07006031  072.61926671
120 Linear Feature 11
111  23.07144037  072.61785706 20
115  23.07010469  072.61931842
120 Linear Feature 52
111  23.07759663  072.63448614 3
115  23.07765487  072.63443027
120 Linear Feature 51
111  23.07659293  072.63322294 3
115  23.07654849  072.63328085
120 Linear Feature 50
111  23.07663075  072.63324760 3
115  23.07659103  072.63330312
120 Linear Feature 49
111  23.07667112  072.63326567 3
115  23.07665077  072.63332948
120 Linear Feature 48
111  23.07670766  072.63326525 3
115  23.07671897  072.63333395
120 Linear Feature 47
111  23.07674932  072.63324947 3
115  23.07678046  072.63330842
120 Linear Feature 46
111  23.07677814  072.63321704 3
115  23.07682818  072.63325972
120 Linear Feature 45
111  23.07680343  072.63318403 3
115  23.07685643  072.63319890
120 Linear Feature 44
111  23.07680386  072.63313834 3
115  23.07686862  072.63312688
120 Linear Feature 43
111  23.07680356  072.63309407 3
115  23.07686797  072.63307840
120 Linear Feature 42
111  23.07644078  072.63144948 3
115  23.07651289  072.63141817
120 Linear Feature 41
111  23.07642717  072.63140386 3
115  23.07649827  072.63137491
120 Linear Feature 40
111  23.07641437  072.63137269 3
115  23.07648009  072.63132806
120 Linear Feature 39
111  23.07639330  072.63134131 3
115  23.07645508  072.63128354
120 Linear Feature 38
111  23.07636449  072.63130544 3
115  23.07642454  072.63124258
120 Linear Feature 37
111  23.06901059  072.62122581 3
115  23.06905803  072.62127582
120 Linear Feature 36
111  23.06905592  072.62115148 3
115  23.06911147  072.62119610
120 Linear Feature 35
111  23.06907268  072.62109261 3
115  23.06914622  072.62111302
120 Linear Feature 34
111  23.06906431  072.62102574 3
115  23.06914414  072.62101099
120 Linear Feature 33
111  23.06903856  072.62096696 3
115  23.06910055  072.62092342
120 Linear Feature 32
111  23.06898599  072.62089703 3
115  23.06904037  072.62084648
120 Linear Feature 70
111  23.08079577  072.63753331 1
115  23.08076378  072.63767487
120 Linear Feature 69
111  23.08082547  072.63756435 1
115  23.08072608  072.63762769
120 Linear Feature 68
111  23.08067467  072.63738926 1
115  23.08063926  072.63753952
120 Linear Feature 67
111  23.08071466  072.63742030 1
115  23.08060042  072.63750226
120 Linear Feature 66
111  23.08058125  072.63729034 1
115  23.08042235  072.63733579
120 Linear Feature 65
111  23.08052605  072.63724125 1
115  23.08050431  072.63740124
120 Linear Feature 4
111  23.06674014  072.62291538 53 102
112  23.06673324  072.62276901  23.06673972  072.62268301 53 102
112  23.06678158  072.62243500  23.06675563  072.62227569 53 102
111  23.06662439  072.62217906 53 102
112  23.06658117  072.62205267  23.06659747  072.62199297
111  23.06658117  072.62205267
112  23.06658117  072.62205267  23.06659414  072.62201178 53 102
111  23.06668044  072.62192128 53 102
111  23.06698935  072.62161143 53 102
112  23.06715048  072.62153613  23.06723554  072.62152374
111  23.06715048  072.62153613
112  23.06715048  072.62153613  23.06716966  072.62153334 53 102
112  23.06720864  072.62153676  23.06722797  072.62154041
111  23.06720864  072.62153676
112  23.06720864  072.62153676  23.06722520  072.62153988 53 102
112  23.06725853  072.62155504  23.06727506  072.62156372
111  23.06725853  072.62155504
112  23.06725853  072.62155504  23.06728494  072.62156891 53 102
112  23.06733384  072.62160898  23.06735698  072.62162954
111  23.06733384  072.62160898
112  23.06733384  072.62160898  23.06734221  072.62161642 53 102
112  23.06735783  072.62163148  23.06736542  072.62163896
111  23.06735783  072.62163148
112  23.06735783  072.62163148  23.06739946  072.62167253 53 102
111  23.06742797  072.62171107 53 102
111  23.06778142  072.62210100 53 102
111  23.06784470  072.62217081 53 102
112  23.06788139  072.62221424  23.06790179  072.62224136
111  23.06788139  072.62221424
112  23.06788139  072.62221424  23.06789598  072.62223364 53 102
112  23.06792697  072.62228702  23.06794127  072.62231547
111  23.06792697  072.62228702
112  23.06792697  072.62228702  23.06794050  072.62231394 53 102
112  23.06795742  072.62237551  23.06796293  072.62240702
111  23.06795742  072.62237551
112  23.06795742  072.62237551  23.06795812  072.62237948 53 102
112  23.06795910  072.62238729  23.06795953  072.62239116
111  23.06795910  072.62238729
112  23.06795910  072.62238729  23.06796291  072.62242165 53 102
112  23.06794475  072.62248007  23.06793294  072.62250795
111  23.06794475  072.62248007
112  23.06794475  072.62248007  23.06793090  072.62251277 53 102
112  23.06788832  072.62256899  23.06786707  072.62259619
111  23.06788832  072.62256899
112  23.06788832  072.62256899  23.06787246  072.62258929 53 102
112  23.06784406  072.62262760  23.06783147  072.62264663
111  23.06784406  072.62262760
112  23.06784406  072.62262760  23.06779859  072.62269631 53 102
111  23.06761577  072.62293461 53 102
111  23.06740833  072.62312395 53 102
112  23.06737379  072.62316133  23.06735399  072.62318248
111  23.06737379  072.62316133
112  23.06737379  072.62316133  23.06735186  072.62318476 53 102
112  23.06730264  072.62323443  23.06728153  072.62325462
111  23.06730264  072.62323443
112  23.06730264  072.62323443  23.06729306  072.62324360 53 102
112  23.06727945  072.62325475  23.06727399  072.62325865
111  23.06727945  072.62325475
112  23.06727945  072.62325475  23.06725598  072.62327053 53 102
112  23.06721268  072.62328465  23.06719189  072.62328951
111  23.06721268  072.62328465
112  23.06721268  072.62328465  23.06718317  072.62329155 53 102
112  23.06711545  072.62327703  23.06708351  072.62326808
111  23.06711545  072.62327703
112  23.06711545  072.62327703  23.06706964  072.62326419 53 102
115  23.06703629  072.62323912
120 Linear Feature 2
111  23.07306413  072.61452877 53 102
111  23.07008153  072.61781507 53 102
111  23.06787762  072.62023310 53 102
111  23.06768257  072.62044710 53 102
111  23.06651442  072.62172881 53 102
115  23.06613115  072.62216040
120 Linear Feature 10
111  23.06821468  072.62284122 3
115  23.06816377  072.62278360
120 Linear Feature 9
111  23.06824834  072.62281490 3
115  23.06822579  072.62274390
120 Linear Feature 8
111  23.06829880  072.62280982 3
115  23.06828959  072.62272989
120 Linear Feature 7
111  23.06833601  072.62281752 3
115  23.06836260  072.62275194
120 Linear Feature 6
111  23.06837439  072.62284384 3
115  23.06841568  072.62278568
120 Linear Feature 5
111  23.06864453  072.62252268 3
115  23.06871382  072.62247134
120 Linear Feature 4
111  23.06861897  072.62245835 3
115  23.06868972  072.62243052
120 Linear Feature 3
111  23.06861173  072.62238630 3
115  23.06868760  072.62237968
120 Linear Feature 2
111  23.06862273  072.62230951 3
115  23.06869327  072.62233809
120 Linear Feature 1
111  23.06864578  072.62224430 3
115  23.06870461  072.62228879
120 Linear Feature 17
111  23.06821291  072.62199384 3
115  23.06823439  072.62191965
120 Linear Feature 15
111  23.06828881  072.62200899 3
115  23.06828773  072.62193839
120 Linear Feature 14
111  23.06812830  072.62195232 3
115  23.06816664  072.62189754
120 Linear Feature 11
111  23.06805161  072.62042230 52
115  23.06787762  072.62023310
120 Linear Feature 13
111  23.06814476  072.62196698 53 102
111  23.06812830  072.62195232 53 102
111  23.06802019  072.62185600 53 102
111  23.06780902  072.62166811 53 102
112  23.06756619  072.62136993  23.06746783  072.62123185
111  23.06756619  072.62136993
112  23.06756619  072.62136993  23.06754667  072.62134253 53 102
112  23.06751457  072.62129175  23.06750017  072.62126751
111  23.06751457  072.62129175
112  23.06751457  072.62129175  23.06749402  072.62125714 53 102
112  23.06749090  072.62118209  23.06749375  072.62114471
111  23.06749090  072.62118209
112  23.06749090  072.62118209  23.06749348  072.62114827 53 102
112  23.06751608  072.62108392  23.06752887  072.62105312
111  23.06751608  072.62108392
112  23.06751608  072.62108392  23.06753063  072.62104886 53 102
112  23.06756505  072.62099319  23.06758105  072.62096900
111  23.06756505  072.62099319
112  23.06756505  072.62099319  23.06758519  072.62096275 53 102
111  23.06760151  072.62094384 53 102
111  23.06789335  072.62057323 53 102
111  23.06805161  072.62042230 53 102
111  23.06814316  072.62033499 53 102
112  23.06834409  072.62023557  23.06847756  072.62020895
111  23.06834409  072.62023557
112  23.06834409  072.62023557  23.06839640  072.62023091 53 102
112  23.06850962  072.62030113  23.06855980  072.62033693
111  23.06850962  072.62030113
112  23.06850962  072.62030113  23.06856042  072.62033737 53 102
111  23.06859805  072.62037504 53 102
111  23.06884014  072.62059050 53 102
111  23.06904037  072.62084648 53 102
111  23.06910055  072.62092342 53 102
111  23.06911114  072.62093695 53 102
112  23.06914414  072.62101099  23.06915568  072.62105636
111  23.06914414  072.62101099
112  23.06914414  072.62101099  23.06915042  072.62103568 53 102
112  23.06914909  072.62109794  23.06914443  072.62113058
111  23.06914909  072.62109794
112  23.06914909  072.62109794  23.06914838  072.62110291 53 102
112  23.06914622  072.62111302  23.06914502  072.62111810
111  23.06914622  072.62111302
112  23.06914622  072.62111302  23.06913975  072.62114051 53 102
112  23.06911147  072.62119610  23.06909634  072.62122287
111  23.06911147  072.62119610
112  23.06911147  072.62119610  23.06909386  072.62122726 53 102
112  23.06905803  072.62127582  23.06904248  072.62129602
111  23.06905803  072.62127582
112  23.06905803  072.62127582  23.06904335  072.62129488 53 102
111  23.06903290  072.62130667 53 102
111  23.06878305  072.62163557 53 102
112  23.06852791  072.62187776  23.06840515  072.62198504
111  23.06852791  072.62187776
112  23.06852791  072.62187776  23.06845167  072.62194438 53 102
112  23.06834435  072.62200673  23.06830956  072.62201310
111  23.06834435  072.62200673
112  23.06834435  072.62200673  23.06832622  072.62201005 53 102
112  23.06828881  072.62200899  23.06827026  072.62200752
111  23.06828881  072.62200899
112  23.06828881  072.62200899  23.06826186  072.62200685 53 102
112  23.06821291  072.62199384  23.06819029  072.62198692
111  23.06821291  072.62199384
114  23.06821291  072.62199384  23.06817309  072.62198167 53 102
120 Linear Feature 14
111  23.06855150  072.62005426 51 101
112  23.06834171  072.62001703  23.06827535  072.62002634 51 101
115  23.06814958  072.62008655
120 Linear Feature 13
111  23.06933647  072.62122139 51 101
112  23.06935193  072.62099375  23.06933762  072.62087908 51 101
111  23.06918459  072.62071337 51 101
111  23.06899517  072.62051616 51 101
111  23.06880356  072.62031892 51 101
111  23.06855150  072.62005426 51 101
112  23.06849952  072.61989136  23.06850166  072.61980992 51 101
115  23.06854494  072.61968860
120 Linear Feature 22
111  23.06880356  072.62031892 51 101
112  23.06891147  072.62033906  23.06895965  072.62033626 51 101
115  23.06900651  072.62031435
120 Linear Feature 21
111  23.06932244  072.61905518 51
111  23.06932244  072.61905518 51
112  23.06930035  072.61895275  23.06930241  072.61891074 51
112  23.06930035  072.61895275  23.06930241  072.61891074 51
115  23.06931342  072.61884675
120 Linear Feature 24
111  23.06935283  072.61992751 51
112  23.06936232  072.61978032  23.06932392  072.61972511
111  23.06936232  072.61978032
112  23.06936232  072.61978032  23.06934583  072.61975662 51
111  23.06921020  072.61960633 51
112  23.06898015  072.61936056  23.06895329  072.61933366
111  23.06898015  072.61936056
112  23.06898015  072.61936056  23.06893307  072.61931343 51
115  23.06883757  072.61936803
120 Linear Feature 20
111  23.07317297  072.61477141 51 101
112  23.07309644  072.61473237  23.07305411  072.61472563 51 101
112  23.07309644  072.61473237  23.07305411  072.61472563 51 101
111  23.07299929  072.61474528 101
115  23.07299751  072.61474582
120 Linear Feature 20
111  23.06899517  072.62051616 51 101
112  23.06897386  072.62041890  23.06897127  072.62038992 51 101
111  23.06900651  072.62031435 51 101
111  23.06915830  072.62014865 51 101
111  23.06935283  072.61992751 51 101
111  23.06939998  072.61987391 51 101
111  23.06951560  072.61975233 51 101
112  23.06964616  072.61961073  23.06966624  072.61958735
111  23.06964616  072.61961073
112  23.06964616  072.61961073  23.06973288  072.61950974 51
111  23.06962561  072.61937060 51
111  23.06932244  072.61905518 51
111  23.06932244  072.61905518 51
112  23.06924581  072.61901574  23.06920348  072.61900900 51
112  23.06924581  072.61901574  23.06920348  072.61900900 51
111  23.06914688  072.61902919
115  23.06914688  072.61902919
120 Linear Feature 36
111  23.07024550  072.61923604 51
112  23.07030466  072.61935105  23.07035577  072.61940296
111  23.07030466  072.61935105
112  23.07030466  072.61935105  23.07035660  072.61941116 51
115  23.07045298  072.61938740
120 Linear Feature 36
111  23.07054515  072.61891123 51
112  23.07060495  072.61902635  23.07066689  072.61908150 51
115  23.07075862  072.61906040
120 Linear Feature 36
111  23.07080702  072.61862557 51
112  23.07087879  072.61874542  23.07092640  072.61878863 51
115  23.07102074  072.61877445
120 Linear Feature 36
111  23.07138653  072.61800040 51
112  23.07143856  072.61811823  23.07149369  072.61816513 51
115  23.07159284  072.61815659
120 Linear Feature 36
111  23.07110919  072.61830113 51
112  23.07116921  072.61841086  23.07122055  072.61845356 51
115  23.07132121  072.61844828
120 Linear Feature 35
111  23.07032468  072.61915549 51
112  23.07042300  072.61921294  23.07047166  072.61926121
111  23.07042300  072.61921294
112  23.07042300  072.61921294  23.07049266  072.61928876 51
111  23.07045298  072.61938740 51
111  23.07078260  072.61972578 51
115  23.07081479  072.61975933
120 Linear Feature 35
111  23.07061901  072.61882784 51
112  23.07072007  072.61889348  23.07076449  072.61894667 51
111  23.07075862  072.61906040 51
111  23.07106601  072.61938823 51
115  23.07111236  072.61944288
120 Linear Feature 35
111  23.07088673  072.61854439 51
112  23.07099149  072.61860976  23.07103363  072.61865819 51
111  23.07102074  072.61877445 51
111  23.07131578  072.61909632 51
115  23.07136925  072.61915203
120 Linear Feature 35
111  23.07146557  072.61791633 51
112  23.07156473  072.61798210  23.07159818  072.61802250 51
111  23.07159284  072.61815659 51
111  23.07187698  072.61845484 51
115  23.07193788  072.61851876
120 Linear Feature 35
111  23.07119095  072.61821303 51
112  23.07128876  072.61827679  23.07133814  072.61833591 51
111  23.07132121  072.61844828 51
111  23.07160244  072.61875012 51
115  23.07165319  072.61880300
120 Linear Feature 41
111  23.07033824  072.61772913 51
112  23.07057236  072.61758532  23.07063034  072.61758532 51
112  23.07071507  072.61766934  23.07074481  072.61774691 51
111  23.07072585  072.61784121 51
111  23.07064249  072.61837628 51
115  23.07056199  072.61889294
120 Linear Feature 3
111  23.07085041  072.61717517 51
112  23.07110092  072.61717264  23.07119399  072.61724598 51
111  23.07116607  072.61736738 51
111  23.07107185  072.61797213 51
115  23.07100258  072.61841673
120 Linear Feature 33
111  23.07146557  072.61791633 51 101
111  23.07138653  072.61800040 51 101
111  23.07119095  072.61821303 51 101
111  23.07110919  072.61830113 51 101
111  23.07100258  072.61841673 51 101
111  23.07088673  072.61854439 51 101
111  23.07080702  072.61862557 51 101
111  23.07061901  072.61882784 51 101
111  23.07056199  072.61889294 51 101
111  23.07054515  072.61891123 51 101
111  23.07032468  072.61915549 51 101
111  23.07024550  072.61923604 51 101
112  23.07020716  072.61927835  23.07020651  072.61927930
111  23.07020716  072.61927835
112  23.07020716  072.61927835  23.07018932  072.61930420 51 101
115  23.07017238  072.61938081
120 Linear Feature 30
111  23.07160805  072.61723059 51
112  23.07172682  072.61749873  23.07183708  072.61757683 51
115  23.07202816  072.61757407
120 Linear Feature 29
111  23.07158331  072.61710653 51
111  23.07202816  072.61757407 51
111  23.07229909  072.61786874 51
115  23.07235126  072.61792548
120 Linear Feature 28
111  23.07101583  072.61699108 51 101
112  23.07140492  072.61694052  23.07152087  072.61700968 51 101
111  23.07158331  072.61710653 51 101
112  23.07160805  072.61723059  23.07160748  072.61726605
111  23.07160805  072.61723059
112  23.07160805  072.61723059  23.07160586  072.61736860 51 101
112  23.07146557  072.61791633  23.07143461  072.61802782
111  23.07146557  072.61791633
112  23.07146557  072.61791633  23.07143891  072.61801099 51
115  23.07159284  072.61815659
120 Linear Feature 27
111  23.06915830  072.62014865 51
112  23.06917760  072.61994368  23.06912051  072.61986806
111  23.06917760  072.61994368
112  23.06917760  072.61994368  23.06915499  072.61991373 51
111  23.06904415  072.61979229 51
112  23.06882279  072.61956943  23.06879263  072.61954601
111  23.06882279  072.61956943
112  23.06882279  072.61956943  23.06877284  072.61953065 51
115  23.06866341  072.61955882
120 Linear Feature 26
111  23.06972689  072.62079151 51
112  23.06971478  072.62053239  23.06961460  072.62042349
111  23.06971478  072.62053239
112  23.06971478  072.62053239  23.06967180  072.62048567 51
111  23.06956780  072.62038110 51
112  23.06935037  072.62014406  23.06930049  072.62009144
111  23.06935037  072.62014406
112  23.06935037  072.62014406  23.06926302  072.62005192 51
115  23.06915830  072.62014865
120 Linear Feature 25
111  23.06939998  072.61987391 51
112  23.06963426  072.61994044  23.06971850  072.62003605
111  23.06963426  072.61994044
112  23.06963426  072.61994044  23.06967767  072.61998971 51
111  23.06979444  072.62011892 51
112  23.06995650  072.62029568  23.06998936  072.62033609
111  23.06995650  072.62029568
112  23.06995650  072.62029568  23.07002429  072.62037906 51
115  23.06996769  072.62054016
120 Linear Feature 7
111  23.06258613  072.62372802 51 101
112  23.06255702  072.62371527  23.06254231  072.62371463 51 101
115  23.06252632  072.62372139
120 Linear Feature 6
111  23.06298453  072.62517894 51 101
112  23.06310529  072.62531459  23.06314696  072.62535215 51 101
111  23.06321374  072.62528468 51 101
111  23.06356829  072.62490564 51 101
112  23.06354044  072.62477559  23.06348114  072.62469734
111  23.06354044  072.62477559
112  23.06354044  072.62477559  23.06351841  072.62474889 51 101
111  23.06342369  072.62465072 51 101
111  23.06334904  072.62456322 51 101
111  23.06313526  072.62433363 51 101
111  23.06305598  072.62425409 51 101
111  23.06287729  072.62404691 51 101
111  23.06283704  072.62401377 51 101
111  23.06258613  072.62372802 51 101
112  23.06257563  072.62369976  23.06257386  072.62368762 51 101
115  23.06257686  072.62366750
120 Linear Feature 9
111  23.06298453  072.62517894 51 101
112  23.06240615  072.62453807  23.06239599  072.62452481 51 101
112  23.06227968  072.62433454  23.06226504  072.62429609 51 101
112  23.06226171  072.62411156  23.06227225  072.62400466 51 101
112  23.06231643  072.62394995  23.06234327  072.62391548
111  23.06231643  072.62394995
112  23.06231643  072.62394995  23.06233247  072.62392934 51 101
111  23.06252632  072.62372139 51 101
111  23.06257686  072.62366750 51 101
111  23.06316611  072.62311155 51 101
112  23.06329518  072.62307372  23.06337446  072.62309095 51 101
111  23.06337793  072.62309660 51 101
111  23.06429487  072.62367141 51 101
112  23.06452829  072.62377072  23.06455896  072.62375651
111  23.06452829  072.62377072
112  23.06452829  072.62377072  23.06460459  072.62373535 51 101
112  23.06503734  072.62325985  23.06507474  072.62323105 51 101
111  23.06538546  072.62301640 51 101
115  23.06585446  072.62266478
120 Linear Feature 7
111  23.07101583  072.61699108 51 101
115  23.07104580  072.61696426
120 Linear Feature 6
111  23.07104580  072.61696426 51 101
112  23.07122073  072.61688078  23.07130008  072.61685923 51 101
111  23.07155238  072.61683024 51 101
112  23.07194215  072.61678387  23.07199358  072.61677455 51 101
115  23.07208222  072.61673264
120 Linear Feature 5
111  23.07160805  072.61723059 51 101
111  23.07208222  072.61673264 51 101
111  23.07211862  072.61669260 51 101
111  23.07217255  072.61663329 51 101
111  23.07226541  072.61653116 51 101
111  23.07247226  072.61630367 51 101
111  23.07258017  072.61618499 51 101
111  23.07264522  072.61611344 51 101
111  23.07288415  072.61585260 51 101
111  23.07305601  072.61566498 51 101
111  23.07309083  072.61562514 51 101
111  23.07312041  072.61559130 51 101
111  23.07338404  072.61529698 51 101
115  23.07351447  072.61515137
120 Linear Feature 4
111  23.07217255  072.61663329 51
112  23.07236758  072.61670111  23.07243467  072.61677933 51
115  23.07242117  072.61695371
120 Linear Feature 4
111  23.07264522  072.61611344 51
112  23.07282540  072.61618532  23.07289935  072.61626214 51
115  23.07288307  072.61643287
120 Linear Feature 4
111  23.07351447  072.61515137 51
112  23.07369829  072.61520533  23.07376659  072.61527295 51
115  23.07377512  072.61544699
120 Linear Feature 4
111  23.07312041  072.61559130 51
112  23.07330214  072.61565940  23.07337776  072.61574451 51
115  23.07335995  072.61590961
120 Linear Feature 11
111  23.06268881  072.62368179 53 102
111  23.06320802  072.62319288 53 102
112  23.06334628  072.62318710  23.06341337  072.62321582 53 102
112  23.06427770  072.62376597  23.06433444  072.62381371
111  23.06427770  072.62376597
112  23.06427770  072.62376597  23.06434072  072.62381899 53 102
111  23.06429888  072.62389255 53 102
111  23.06407148  072.62416027 53 102
112  23.06363968  072.62462882  23.06361074  072.62465567 53 102
111  23.06356041  072.62464340 53 102
111  23.06281112  072.62382432 53 102
111  23.06268881  072.62368179 53
111  23.06257434  072.62355246 53 102
111  23.06240464  072.62336265 53 102
112  23.06186028  072.62393885  23.06180174  072.62400248 53 102
111  23.06186467  072.62407247 53 102
111  23.06202567  072.62425063 53 102
112  23.06201103  072.62442244  23.06194517  072.62449270 53 102
115  23.06181672  072.62461101
120 Linear Feature 14
111  23.06213814  072.62444500 53 102
115  23.06288681  072.62527912
120 Linear Feature 12
111  23.06326159  072.62498673 20
111  23.06322983  072.62494773 20
111  23.06319866  072.62498225 20
113  23.06322983  072.62502125 20
120 Linear Feature 12
111  23.06305672  072.62472513 20
111  23.06302496  072.62468614 20
111  23.06299378  072.62472066 20
113  23.06302496  072.62475965 20
120 Linear Feature 12
111  23.06278522  072.62442834 20
111  23.06275111  072.62439274 20
111  23.06272072  072.62442642 20
113  23.06275345  072.62446286 20
120 Linear Feature 12
111  23.06251485  072.62412455 20
111  23.06248309  072.62408555 20
111  23.06245191  072.62412007 20
113  23.06248309  072.62415907 20
120 Linear Feature 14
111  23.08859882  072.64626796 53 102
111  23.08873300  072.64612145 53 102
112  23.08830096  072.64565129  23.08825199  072.64560516
111  23.08830096  072.64565129
112  23.08830096  072.64565129  23.08824057  072.64568944 53 102
115  23.08803089  072.64566049
120 Linear Feature 13
111  23.08773733  072.64597574 53 102
112  23.08772838  072.64626929  23.08768676  072.64632784
111  23.08772838  072.64626929
112  23.08772838  072.64626929  23.08778795  072.64633227 53 102
111  23.08816854  072.64673743 53 102
115  23.08830756  072.64658418
120 Linear Feature 12
111  23.08299701  072.64067325 51 101
112  23.08307007  072.64092044  23.08307791  072.64097792 51 101
112  23.08308429  072.64114912  23.08312151  072.64125238 51 101
112  23.08325815  072.64127537  23.08327798  072.64127722 51 101
112  23.08342953  072.64119447  23.08348829  072.64110930 51 101
112  23.08343894  072.64090426  23.08338437  072.64084036 51 101
115  23.08329536  072.64081442
120 Linear Feature 11
111  23.08293477  072.64084612 53 102
112  23.08297062  072.64099745  23.08297225  072.64105423 53 102
112  23.08295950  072.64114083  23.08295868  072.64115857
111  23.08295950  072.64114083
112  23.08295950  072.64114083  23.08295891  072.64115369 53 102
112  23.08299669  072.64129690  23.08303696  072.64137096
111  23.08299669  072.64129690
112  23.08299669  072.64129690  23.08300953  072.64132051 53 102
112  23.08304970  072.64136757  23.08307268  072.64139052
111  23.08304970  072.64136757
112  23.08304970  072.64136757  23.08305410  072.64137197 53 102
112  23.08306354  072.64138061  23.08306837  072.64138490
111  23.08306354  072.64138061
112  23.08306354  072.64138061  23.08308015  072.64139537 53 102
112  23.08311439  072.64141531  23.08313155  072.64142390
111  23.08311439  072.64141531
112  23.08311439  072.64141531  23.08314323  072.64142975 53 102
112  23.08319944  072.64143833  23.08322663  072.64144027
111  23.08319944  072.64143833
112  23.08319944  072.64143833  23.08322750  072.64144033 53 102
112  23.08327566  072.64143273  23.08329768  072.64142813
111  23.08327566  072.64143273
112  23.08327566  072.64143273  23.08330310  072.64142700 53 102
112  23.08333461  072.64141471  23.08334507  072.64141063
111  23.08333461  072.64141471
112  23.08333461  072.64141471  23.08336644  072.64140229 53 102
115  23.08341294  072.64135765
120 Linear Feature 1
111  23.08743969  072.64536359 51 101
112  23.08786972  072.64580419  23.08793774  072.64585550 51 101
112  23.08834354  072.64588010  23.08841410  072.64589519 51 101
112  23.08851266  072.64613110  23.08852191  072.64626314
111  23.08851266  072.64613110
112  23.08851266  072.64613110  23.08851613  072.64626188 51 101
112  23.08837067  072.64637217  23.08831409  072.64642057
111  23.08837067  072.64637217
112  23.08837067  072.64637217  23.08831398  072.64641644 51 101
112  23.08811699  072.64632013  23.08810157  072.64630650 51 101
112  23.08789874  072.64603845  23.08787098  072.64594338 51 101
116  23.08780546  072.64578312  23.08777280  072.64574730
120 Linear Feature 9
111  23.08328976  072.64149584 3
115  23.08327566  072.64143273
120 Linear Feature 8
111  23.08318790  072.64150095 3
115  23.08319944  072.64143833
120 Linear Feature 7
111  23.08309155  072.64147790 3
115  23.08311439  072.64141531
120 Linear Feature 6
111  23.08301357  072.64142445 3
115  23.08304970  072.64136757
120 Linear Feature 5
111  23.08294914  072.64134520 3
115  23.08299669  072.64129690
120 Linear Feature 1
111  23.07336946  072.61499100 51 101
112  23.07340977  072.61514822  23.07341174  072.61521478 51 101
115  23.07338404  072.61529698
120 Linear Feature 2
111  23.07351386  072.61515238 51 101
111  23.07336946  072.61499100 51 101
111  23.07317297  072.61477141 51 101
111  23.07307500  072.61466192 51 101
111  23.07299929  072.61474528 51 101
111  23.07272836  072.61504361 51 101
111  23.07251950  072.61527358 51 101
111  23.07210997  072.61572416 51 101
111  23.07190500  072.61595019 51 101
115  23.07101583  072.61699108
120 Linear Feature 9
111  23.07200527  072.62574448 52
115  23.07176390  072.62548668
120 Linear Feature 8
111  23.07466183  072.62832346 52
115  23.07490494  072.62858518
21  23.06906218  072.62502774 2 44.5500 3.00 05  PAPI-4L
21  23.08545299  072.64391865 2 224.5600 3.00 23  PAPI-4L
14  23.07019824  072.62139803  82.02 0 Tower Viewpoint
1300  23.06904949  072.61979903 224.48 tie_down turboprops|props Ramp 01
1301 A general_aviation 
1300  23.06921020  072.61960633 224.18 tie_down turboprops|props Ramp 02
1301 A general_aviation 
1300  23.06936672  072.61942956 226.10 tie_down turboprops|props Ramp 03
1301 A general_aviation 
1300  23.06952471  072.61926504 224.27 tie_down turboprops|props Ramp 04
1301 A general_aviation 
1300  23.06993087  072.61918236  46.15 tie_down jets|turboprops Ramp 05
1301 B general_aviation 
1300  23.06956780  072.62038110  45.66 tie_down turboprops|props Ramp 06
1301 A general_aviation 
1300  23.06979444  072.62011892  45.52 tie_down turboprops|props Ramp 07
1301 A general_aviation 
1300  23.07078260  072.61972578  43.35 gate jets Ramp 08
1301 C airline 
1300  23.07106601  072.61938823  44.45 gate jets Ramp 09
1301 C airline 
1300  23.07131578  072.61909632  45.14 gate jets Ramp 10
1301 C airline 
1300  23.07160244  072.61875012  44.61 gate jets Ramp 11
1301 C airline 
1300  23.07187698  072.61845484  44.00 gate jets Ramp 12
1301 C airline 
1300  23.07229909  072.61786874  44.76 gate jets Ramp 13
1301 D cargo 
1300  23.07275818  072.61733206  46.01 gate jets Ramp 14
1301 D cargo 
1300  23.07323325  072.61682677  46.12 gate jets Ramp 15
1301 D cargo 
1300  23.07370006  072.61628034  45.16 gate jets Ramp 16
1301 D cargo 
1300  23.07409048  072.61578618  44.70 gate jets Ramp 17
1301 D cargo 
1300  23.07274630  072.61506392 225.00 tie_down jets|turboprops|props Ramp 18
1301 B general_aviation 
1300  23.07254213  072.61529715 225.00 tie_down jets|turboprops|helos Ramp 19
1301 B general_aviation 
1300  23.07212732  072.61574170 224.06 tie_down jets|turboprops|helos Ramp 20
1301 B general_aviation 
1300  23.07191612  072.61596171 220.86 tie_down jets|turboprops|props Ramp 21
1301 B general_aviation 
1300  23.07107185  072.61797213 100.16 tie_down jets|turboprops Ramp 22
1301 B general_aviation 
1300  23.07064249  072.61837628 100.56 tie_down jets|turboprops|props Ramp 23
1301 B general_aviation 
1300  23.07023887  072.61872072  99.27 tie_down jets|turboprops Ramp 24
1301 B general_aviation 
1300  23.07338506  072.62398044 314.76 gate jets Ramp 31
1301 D airline 
1300  23.07384402  072.62446971 313.81 gate jets Ramp 32
1301 D airline 
1300  23.07430764  072.62497566 315.00 gate jets Ramp 33
1301 D airline 
1300  23.07477695  072.62545854 315.51 gate jets Ramp 34
1301 D airline 
1300  23.07525311  072.62601983 313.99 gate jets Ramp 35
1301 D airline 
1300  23.07566228  072.62646453 313.85 gate jets Ramp 36
1301 D airline 
18  23.07019817  072.62139817 1 BCN
19  23.06829915  072.62675452 1 WS
19  23.08712237  072.64320115 1 WS
50 12680 ATIS
54 11810 TWR
55 11980 APP
55 12375 APP
55 11960 APP
99
