A
1000 Generated by Infinite Flight Airport Editing (World Parser)/AB

1     1647 0 0 YKUT Kulgera
100   36.88   4   0 0.25 0 0 0 12  -25.84446408  133.39178215    0.00    0.00 0  0 0 0 30  -25.85578700  133.40844300    0.00    0.00 0  0 0 0
110   4 0.25   0.00 New Taxiway 32
111 -25.84249006  133.39372916 
112 -25.84370759  133.39226283 -25.84397153  133.39189388 
111 -25.84435467  133.39144925 
111 -25.84404096  133.39088565 
112 -25.84389621  133.39084780 -25.84375999  133.39083834 
112 -25.84359822  133.39073428 -25.84349605  133.39060184 
112 -25.84335982  133.39060184 -25.84325765  133.39045048 
112 -25.84312994  133.39031803 -25.84298519  133.39030857 
112 -25.84300222  133.39025181 -25.84311291  133.39018559 
111 -25.84348753  133.38984502 
111 -25.84387067  133.39033695 
112 -25.84402393  133.39055454 -25.84405798  133.39060184 
112 -25.84412610  133.39061130 -25.84422827  133.39049778 
112 -25.84444964  133.39044102 -25.84455181  133.39044102 
112 -25.84502009  133.39053562 -25.84510523  133.39053562 
111 -25.84537769  133.39048832 
112 -25.84633347  133.39026372 -25.84672683  133.39010762 
111 -25.84895874  133.38895466 
111 -25.84898617  133.38904607 
112 -25.84627115  133.39040206 -25.84595577  133.39052395 
112 -25.84516046  133.39063060 -25.84496848  133.39073725 
111 -25.84443371  133.39149905 
111 -25.84461197  133.39172758 
112 -25.84480130  133.39222962 -25.84478758  133.39226009 
111 -25.84636713  133.39471381 
111 -25.84566781  133.39454622 
111 -25.84396749  133.39204754 
113 -25.84262369  133.39363207 
14  -25.84490677  133.39323464    6 0 New Tower Viewpoint 15
15  -25.84428863  133.39221481 149.74 New Ramp Start 13
19  -25.84498169  133.39347398 0 New Windsock 14
51 12670 CTAF


130 Airport Boundary
111 -025.85578728  133.40844727
111 -025.84895897  133.38896179
111 -025.84348679  133.38984680
111 -025.84300232  133.39025879
113 -025.84248924  133.39372253
99
