A
1000 Generated by Infinite Flight Airport Editing (World Parser)/AB

1      492 0 1 SNIU IPIAU
100   20.12   1   0 0.25 0 0 0 15  -14.17008100 -039.68894400    0.00    0.00 2  0 0 0 33  -14.17715300 -039.67932800    0.00    0.00 2  0 0 0
110   1 0.30 127.18 Default taxiway for RWY 15
111 -14.17015132 -039.68899902   3 
111 -14.17051370 -039.68928253   3 
111 -14.17758589 -039.67966684   3 
111 -14.17722351 -039.67938332 
112 -14.17711410 -039.67953208 -14.17717061 -039.67945910   3 
111 -14.17725715 -039.67952681   3 
112 -14.17737254 -039.67961709 -14.17745908 -039.67968480   3 
111 -14.17740437 -039.67975918   3 
111 -14.17400504 -039.68438108   3 
111 -14.17371477 -039.68415398 
111 -14.17366006 -039.68422836   3 
111 -14.17395033 -039.68445546   3 
112 -14.17055100 -039.68907735 -14.17049630 -039.68915173   3 
111 -14.17040976 -039.68908402   3 
112 -14.17029437 -039.68899375 -14.17020783 -039.68892604   3 
113 -14.17026073 -039.68885026 
120 Default hold RWY 15 (near)
111 -14.17029735 -039.68911327   4 
115 -14.17035206 -039.68903889 
120 Default hold RWY 15 (centre)
111 -14.17380609 -039.68434261   4 
115 -14.17386080 -039.68426823 
120 Default hold RWY 15 (far)
111 -14.17731484 -039.67957195   4 
115 -14.17736954 -039.67949757 
19  -14.16975524 -039.68892349 1 WS
19  -14.17747877 -039.67934849 1 WS


130 Airport Boundary
111 -014.17758560 -039.67966843
111 -014.17051411 -039.68928146
111 -014.17008114 -039.68894577
111 -014.17715263 -039.67932892
111 -014.17722321 -039.67938232
113 -014.17736912 -039.67949677
99
