A
1000 Generated by Infinite Flight Airport Editing (World Parser)/AB

1       33 0 0 YMTI Mornington Is
100   29.87   1   0 1.00 0 1 0 09  -16.66051553  139.16300776    0.00    0.00 2  0 0 0 27  -16.66250647  139.17708131    0.00    0.00 2  0 0 0
100   17.98   5   0 1.00 0 0 0 12  -16.65674400  139.16153900    0.00    0.00 2  0 0 0 30  -16.66190000  139.16695800    0.00    0.00 2  0 0 0
110   1 0.25   0.00 New Taxiway 60
112 -16.65934568  139.16236877 -16.65934625  139.16234377  20 
112 -16.65939586  139.16231282 -16.65941696  139.16231342  20 
112 -16.65944946  139.16236223 -16.65945003  139.16239318  20 
114 -16.65939757  139.16241817 -16.65937419  139.16241758  20 
110   1 0.25   0.00 New Taxiway 55
111 -16.66150271  139.16909689 102 
112 -16.66171894  139.16919363 -16.66187339  139.16918073 102 
111 -16.66249120  139.16912914 102 
111 -16.66254063  139.16959990 102 
111 -16.66230586  139.16963859 102 
112 -16.66217612  139.16954186 -16.66213905  139.16947737 102 
112 -16.66202785  139.16938709 -16.66199695  139.16937419 102 
111 -16.66195371  139.16935485 102 
111 -16.66174240  139.16936930 102 
112 -16.66161391  139.16949027 -16.66159538  139.16954831 102 
113 -16.66157684  139.16957410 102 
110   1 0.25   0.00 New Taxiway 59
112 -16.66175495  139.16759338 -16.66179177  139.16759474  20 
112 -16.66181834  139.16766373 -16.66181861  139.16769996  20 
112 -16.66175380  139.16772357 -16.66172360  139.16772357  20 
114 -16.66169535  139.16765904 -16.66169383  139.16762055  20 
110   4 0.25  98.40 New Taxiway 54
111 -16.65634383  139.16169329 
112 -16.65589223  139.16140438 -16.65586310  139.16138918 
112 -16.65584853  139.16099384 -16.65596507  139.16084178 
111 -16.65631908  139.16049086 
112 -16.65648325  139.16052513 -16.65657081  139.16061653 
111 -16.65817970  139.16234156 
112 -16.65846427  139.16236441 -16.65857372  139.16228444 
111 -16.65914285  139.16210166 
111 -16.66083931  139.16207881 
112 -16.66115671  139.16230729 -16.66124427  139.16255862 
111 -16.66208810  139.16563759 
111 -16.66212790  139.16591801 
111 -16.66214780  139.16600109 
111 -16.66225725  139.16635420 
111 -16.66232690  139.16665539 
111 -16.66239655  139.16686310 
111 -16.66248610  139.16705004 
111 -16.66258559  139.16720582 
111 -16.66260549  139.16738238 
112 -16.66269504  139.16808860 -16.66270499  139.16809899 
112 -16.66277464  139.16838979 -16.66280449  139.16845210 
112 -16.66284429  139.16887791 -16.66284429  139.16894022 
112 -16.66287414  139.16944912 -16.66287414  139.16945951 
111 -16.66289404  139.16955298 
111 -16.66294379  139.17029036 
111 -16.66277464  139.17035267 
112 -16.66273484  139.17044614 -16.66273484  139.17048768 
112 -16.66266062  139.17069142 -16.66256112  139.17069142 
112 -16.66220835  139.17078583 -16.66219930  139.17085192 
112 -16.66220835  139.17115405 -16.66222644  139.17122958 
111 -16.66343309  139.17960465 
112 -16.66312849  139.17993640 -16.66287687  139.17993640 
111 -16.66229416  139.17999170 
111 -16.66152843  139.17380102 
113 -16.66042464  139.16601984 
111 -16.66067614  139.16300790 
112 -16.66062397  139.16295345 -16.66058089  139.16296055 
111 -16.66040626  139.16300079 
112 -16.66037224  139.16307181 -16.66038131  139.16313809 
111 -16.66235134  139.17708346 
112 -16.66238542  139.17711725 -16.66241779  139.17711903 
111 -16.66263248  139.17707278 
114 -16.66265122  139.17703721 -16.66264611  139.17699809 
120 Linear Feature 57
111 -16.66148107  139.16982502   1 
112 -16.66160422  139.16929444 -16.66180072  139.16927530 
115 -16.66180072  139.16927530 
120 Linear Feature 56
111 -16.66134220  139.16884044   1 
112 -16.66160160  139.16929444 -16.66176928  139.16928077   1 
115 -16.66218326  139.16924795 
120 Linear Feature 58
111 -16.66179286  139.16918778   4 
115 -16.66181120  139.16937102 
14  -16.66226820  139.17007030    6 0 New Tower Viewpoint 49
15  -16.66244543  139.16952412   0.00 New Ramp Start 48
19  -16.66175945  139.16766241 1 New Windsock 46
19  -16.65939814  139.16236520 0 New Windsock 47
51 12670 CTAF


130 Airport Boundary
111 -016.66343307  139.17961121
111 -016.66294289  139.17028809
111 -016.66289330  139.16955566
111 -016.66284370  139.16888428
111 -016.66277504  139.16839600
111 -016.66258621  139.16720581
111 -016.66115761  139.16230774
111 -016.66083908  139.16207886
111 -016.65648270  139.16052246
111 -016.65631866  139.16049194
111 -016.65584755  139.16099548
111 -016.65589142  139.16140747
111 -016.66229439  139.17999268
113 -016.66312790  139.17993164
99
