A
1000 Generated by Infinite Flight Airport Editing (World Parser)/AB

1      400 1 1 ESKK KARLSKOGA
100   29.87   1   0 0.25 0 3 0 03   59.33962200  014.49101100   60.05    0.00 2  7 0 0 21   59.35211100  014.50083300    0.00    0.00 2  7 0 0
110   1 0.30  21.85 Default taxiway for RWY 03
111  59.33957282  014.49125155   3 102 
111  59.33932192  014.49247885   3 102 
111  59.35181129  014.50229778   3 102 
111  59.35206219  014.50107003 
112  59.35181268  014.50087387  59.35193660  014.50097604   3 102 
111  59.35187658  014.50126972   3 102 
112  59.35179656  014.50166129  59.35173655  014.50195496   3 102 
111  59.35161180  014.50185689   3 102 
111  59.34567900  014.49719267   3 102 
111  59.34587988  014.49620982 
111  59.34575513  014.49611175   3 102 
111  59.34555425  014.49709459   3 102 
112  59.33962145  014.49243037  59.33949669  014.49233228   3 102 
111  59.33955670  014.49203871   3 102 
112  59.33963672  014.49164728  59.33969674  014.49135371   3 102 
113  59.33982233  014.49144770 
120 Default hold RWY 03 (near)
111  59.33947196  014.49174492   4 
115  59.33959671  014.49184300 
120 Default hold RWY 03 (centre)
111  59.34565427  014.49660522   4 
115  59.34577902  014.49670329 
120 Default hold RWY 03 (far)
111  59.35183657  014.50146550   4 
115  59.35196133  014.50156358 
18   59.34621491  014.49420592 1 BCN
19   59.33952253  014.49008093 1 WS
19   59.35221040  014.50176345 1 WS
54 12255 AFIS


130 Airport Boundary
111  059.33932114  014.49247837
111  059.33957291  014.49125195
111  059.33962250  014.49101067
111  059.35211182  014.50083256
111  059.35196304  014.50156307
113  059.35181046  014.50229740
99
