I
1050 Generated by WorldEditor 2.2.0r2

1     13 0 0 NTGC Tikehau
100 30.48 1 0 0.00 0 0 0 06 -15.12122967 -148.23702037    0    0 2 0 0 0 24 -15.11826742 -148.22530449    0    0 2 0 0 0
110 1 0.00 0.0000 New Taxiway 40
111 -15.12098919 -148.23662824
111 -15.12092659 -148.23682675
111 -15.12099061 -148.23708428
113 -15.12109738 -148.23705606
110 1 0.00 0.0000 New Taxiway 42
111 -15.12016307 -148.23335901
112 -15.11999852 -148.23355108 -15.11987398 -148.23359450
111 -15.11999852 -148.23355108
111 -15.11967774 -148.23363746
111 -15.11958187 -148.23366327
112 -15.11958187 -148.23366327 -15.11932034 -148.23370048
111 -15.11926088 -148.23343844
111 -15.11906678 -148.23349412
111 -15.11894048 -148.23353035
111 -15.11912485 -148.23423248
111 -15.11925601 -148.23419757
111 -15.11944718 -148.23414669
112 -15.11962780 -148.23379936 -15.11988071 -148.23369814
111 -15.11962780 -148.23379936
111 -15.11971228 -148.23377684
111 -15.12003495 -148.23369083
112 -15.12003495 -148.23369083 -15.12017366 -148.23366705
113 -15.12026820 -148.23377589
110 1 0.00 0.0000 New Taxiway 41
111 -15.11850280 -148.22567893
111 -15.11856009 -148.22547093
111 -15.11850158 -148.22524099
113 -15.11839958 -148.22526916
130 Airport Boundary 39
111 -15.12044136 -148.23770598
111 -15.12214054 -148.23725795
111 -15.11897364 -148.22469407
111 -15.11726752 -148.22515489
111 -15.11916058 -148.23285252
111 -15.11833207 -148.23307404
111 -15.11879919 -148.23492501
113 -15.11964446 -148.23469460
120 Linear Feature 50
111 -15.11967774 -148.23363746 4
115 -15.11971228 -148.23377684
120 Linear Feature 49
111 -15.11902342 -148.23367068 1
111 -15.11901182 -148.23367820 1
115 -15.11901407 -148.23366413
120 Linear Feature 48
111 -15.11915360 -148.23375530 1
115 -15.11922387 -148.23374333
120 Linear Feature 48
111 -15.11901182 -148.23367820 1
115 -15.11906254 -148.23359862
120 Linear Feature 46
112 -15.11955912 -148.23374232 -15.11951572 -148.23375218 1
111 -15.11946695 -148.23373105 1
111 -15.11914409 -148.23353990 1
115 -15.11906678 -148.23349412
120 Linear Feature 45
111 -15.12057481 -148.23447689 1
111 -15.12040835 -148.23380848 1
112 -15.12004810 -148.23361104 -15.11977267 -148.23363833
111 -15.12004810 -148.23361104 1
111 -15.11955912 -148.23374232
112 -15.11955912 -148.23374232 -15.11951688 -148.23375891 1
111 -15.11948748 -148.23379730 1
115 -15.11925601 -148.23419757
120 Linear Feature 43
111 -15.12102851 -148.23618238 1
111 -15.12115661 -148.23670740
112 -15.12115661 -148.23670740 -15.12143436 -148.23682628 1
112 -15.12103520 -148.23693106 -15.12090769 -148.23675188
111 -15.12103520 -148.23693106 1
115 -15.12111174 -148.23665565
120 Linear Feature 44
111 -15.11847390 -148.22614870 1
111 -15.11833630 -148.22560635
112 -15.11833630 -148.22560635 -15.11808599 -148.22550987 1
112 -15.11845671 -148.22537230 -15.11862386 -148.22552821
111 -15.11845671 -148.22537230 1
115 -15.11838102 -148.22570415
120 Linear Feature 47
112 -15.12004810 -148.23361104 -15.12031514 -148.23349196 1
111 -15.12026638 -148.23323140 1
115 -15.12009368 -148.23256060
14 -15.11874883 -148.23366489  82.02 0 New Tower Viewpoint 13
1300 -15.11914409 -148.23353990  29.82 gate jets|turboprops|props Gate 1
1301 B airline 
19 -15.11964310 -148.23444051 0 New Windsock 14
54 11950 AFIS
54 12280 Unicom
99
