A
1000 Generated by Infinite Flight Airport Editing (World Parser)/AB

1      368 0 0 YFTZ Fitzroy Crossing
100   29.87   1   0 0.25 0 1 0 01  -18.18916220  125.55797876    0.00    0.00 2  0 0 0 19  -18.17792200  125.56161600    0.00    0.00 2  0 0 0
110   4 0.25   0.00 New Taxiway 63
112 -18.18694759  125.55770687 -18.18698338  125.55770893 
112 -18.18700942  125.55777470 -18.18700877  125.55781306 
112 -18.18693457  125.55784183 -18.18690333  125.55784183 
114 -18.18687144  125.55777812 -18.18687209  125.55775072 
110   1 0.25   0.00 New Taxiway 62
112 -18.17859969  125.56240288 -18.17864333  125.56240331  22 
112 -18.17866354  125.56247562 -18.17866677  125.56251730  22 
112 -18.17859120  125.56254240 -18.17855968  125.56254708  22 
114 -18.17853300  125.56247689 -18.17853139  125.56244329  22 
110   1 0.25   0.00 New Taxiway 57
111 -18.18127234  125.56057507 
111 -18.18127957  125.56067410   1 102 
111 -18.17976249  125.56228607   1 
111 -18.17988092  125.56268773   1 
111 -18.17897295  125.56298551   1 102 
111 -18.17881791  125.56246875   1 102 
111 -18.17958373  125.56225076   1 102 
112 -18.18059038  125.56114054 -18.18064336  125.56106450   1 102 
112 -18.18061928  125.56096311 -18.18060001  125.56092255 
113 -18.18037364  125.56089213 
110   4 0.25   0.00 New Taxiway 64
112 -18.17876570  125.56263163 -18.17878318  125.56262550 
111 -18.17887643  125.56262550 
111 -18.17898716  125.56296287 
111 -18.17936598  125.56287086 
112 -18.17943008  125.56303648 -18.17945340  125.56306102 
112 -18.17961658  125.56296901 -18.17963989  125.56295061 
112 -18.17991963  125.56278498 -18.17995460  125.56281566 
112 -18.17994877  125.56292607 -18.17994877  125.56295674 
112 -18.17989632  125.56309169 -18.17986718  125.56312850 
112 -18.17931352  125.56329412 -18.17923776  125.56330025 
112 -18.17925525  125.56344747 -18.17923776  125.56348427 
112 -18.17923193  125.56393207 -18.17922611  125.56402408 
111 -18.17938738  125.56433059 
111 -18.18102269  125.56767173 
112 -18.18065165  125.56771512 -18.18066354  125.56768868 
111 -18.18080282  125.56752709 
112 -18.17920686  125.56428641 -18.17918187  125.56422066 
112 -18.17900697  125.56428641 -18.17894451  125.56428641 
112 -18.17811998  125.56436530 -18.17802004  125.56439160 
112 -18.17669581  125.56466772 -18.17658337  125.56466772 
111 -18.17654589  125.56452309 
112 -18.17849477  125.56414177 -18.17868216  125.56404973 
111 -18.17913836  125.56410913 
112 -18.17911622  125.56382965 -18.17909632  125.56366625 
112 -18.17914906  125.56345100 -18.17916809  125.56339949 
112 -18.17916809  125.56317915 -18.17916266  125.56312478 
112 -18.17904031  125.56309330 -18.17900497  125.56309330 
112 -18.17894787  125.56300745 -18.17892612  125.56297597 
112 -18.17886359  125.56287868 -18.17885271  125.56286723 
113 -18.17874668  125.56269553 
110   3 0.25   0.00 New Taxiway 65
111 -18.17976056  125.56249483 
111 -18.18019481  125.56236325 
111 -18.18029679  125.56270951 
112 -18.18010927  125.56279261 -18.18009611  125.56279261 
112 -18.18011914  125.56295535 -18.18012572  125.56304538 
111 -18.18010598  125.56308693 
111 -18.17909063  125.56343581 
113 -18.17897483  125.56298205 
120 Linear Feature 61
111 -18.17893282  125.56284713   1 
111 -18.17920345  125.56275987   1 
115 -18.17924347  125.56289427 
120 Linear Feature 59
111 -18.18086008  125.56099439   1 
112 -18.18140862  125.56049660 -18.18163561  125.56042389   1 
115 -18.18179931  125.56036390 
120 Linear Feature 58
111 -18.17990808  125.56097500   1 
111 -18.18057031  125.56075789   1 
112 -18.18085980  125.56099404 -18.18072953  125.56113116   1 
115 -18.17969096  125.56225857 
120 Linear Feature 60
111 -18.18071453  125.56126664   4 
115 -18.18058869  125.56114711 
14  -18.17929547  125.56302221    6 0 New Tower Viewpoint 41
15  -18.17968766  125.56267391 250.91 New Ramp Start 40
18  -18.18326706  125.55885047 1 BCN
19  -18.17859524  125.56247009 1 New Windsock 38
19  -18.18693848  125.55777538 0 New Windsock 39
51 12670 CTAF


130 Airport Boundary
111 -018.18916130  125.55797577
111 -018.18694687  125.55770874
111 -018.17792130  125.56161499
111 -018.17654610  125.56452179
111 -018.17669487  125.56466675
111 -018.18065071  125.56771851
113 -018.18102264  125.56767273
99
