A
1000 Generated by Infinite Flight Airport Editing (World Parser)/AB

1     2505 0 1 TX31 EDWARDS LUCIAN WELLS RANCH
100   30.48   1   0 0.25 0 1 0 02   32.06694400 -101.56722200    0.00    0.00 2  0 0 0 20   32.08055600 -101.56138900    0.00    0.00 2  0 0 0
110   1 0.30  19.96 Default taxiway for RWY 02
111  32.06689796 -101.56707237   3 102 
111  32.06666316 -101.56630925   3 102 
111  32.08027529 -101.56047699   3 102 
111  32.08051009 -101.56124022 
112  32.08025226 -101.56135069  32.08038041 -101.56129295   3 102 
111  32.08032425 -101.56111038   3 102 
112  32.08024936 -101.56086694  32.08019319 -101.56068436   3 102 
111  32.08006427 -101.56073961   3 102 
111  32.07358049 -101.56351764   3 102 
111  32.07376848 -101.56412868 
111  32.07363957 -101.56418391   3 102 
111  32.07345158 -101.56357287   3 102 
112  32.06696780 -101.56635090  32.06683888 -101.56640615   3 102 
111  32.06689505 -101.56658870   3 102 
112  32.06696994 -101.56683210  32.06702610 -101.56701465   3 102 
113  32.06715579 -101.56696190 
120 Default hold RWY 02 (near)
111  32.06680358 -101.56676563   4 
115  32.06693249 -101.56671040 
120 Default hold RWY 02 (centre)
111  32.07354519 -101.56387714   4 
115  32.07367410 -101.56382191 
120 Default hold RWY 02 (far)
111  32.08028680 -101.56098866   4 
115  32.08041571 -101.56093343 
18   32.07407577 -101.56537172 1 BCN
19   32.06682659 -101.56778884 1 WS
19   32.08067338 -101.56082207 1 WS


130 Airport Boundary
111  032.06666183 -101.56630707
111  032.06694412 -101.56722260
111  032.08055496 -101.56138611
113  032.08027649 -101.56047821
99
