I
1050 Generated by WorldEditor 2.1.0r1

1    935 1 0 LOXN Wiener Neustadt West
1302 city Wiener Neustadt
1302 country Austria
1302 datum_lat 47.839722222
1302 datum_lon 16.220277778
1302 icao_code LOXN
1302 region_code LO
1302 state Lower Austria
1302 transition_alt 10000
1302 flatten 1
100 45.00 3 0 0.00 0 0 1 04  47.83334730  016.21563112    0    0 0 0 0 0 22  47.84303628  016.22966545    0    0 0 0 0 0
100 30.00 3 0 0.00 0 0 1 14L  47.84244420  016.21490669    0    0 0 0 0 0 32R  47.83616896  016.22334979    0    0 0 0 0 0
100 30.00 3 0 0.00 0 0 1 14R  47.84141752  016.21322714    0    0 0 0 0 0 32L  47.83514613  016.22167244    0    0 0 0 0 0
100 30.00 3 0 0.00 0 0 1 09  47.83375717  016.21516888    0    0 0 0 0 0 27  47.83333464  016.22635553    0    0 0 0 0 0
100 30.00 3 0 0.00 0 0 1 18R  47.84573167  016.22163088    0    0 0 0 0 0 36L  47.83852765  016.22158541    0    0 0 0 0 0
100 45.00 3 0 0.00 0 0 1 18L  47.84520521  016.22396723    0    0 0 0 0 0 36R  47.83060535  016.22383785    0    0 0 0 0 0
110 2 0.00 84.0000 New Taxiway 90
111  47.82943991  016.22324640
111  47.82933559  016.22326740
111  47.82934969  016.22341018
113  47.82944837  016.22339759
110 1 0.00 84.0000 New Taxiway 86
111  47.82935972  016.22545328
111  47.82920308  016.22558452
111  47.82920917  016.22559969
111  47.82927201  016.22575622
113  47.82942865  016.22562497
110 1 0.00 84.0000 New Taxiway 84
111  47.82887726  016.22257519
111  47.82883987  016.22257182
111  47.82882967  016.22277941
112  47.82874356  016.22284692  47.82867104  016.22283511
111  47.82874356  016.22284692
111  47.82851014  016.22281823
112  47.82849427  016.22291275  47.82856679  016.22292963
111  47.82849087  016.22298532
111  47.82877528  016.22302583
112  47.82877528  016.22302583  47.82881607  016.22303596
111  47.82881834  016.22312203
111  47.82881154  016.22339545
111  47.82879568  016.22339714
111  47.82880060  016.22356660
111  47.82880978  016.22388304
111  47.82881381  016.22402161
111  47.82882740  016.22401993
111  47.82883647  016.22404018
111  47.82887037  016.22432853
111  47.82886933  016.22437267
112  47.82884100  016.22443512  47.82882287  016.22444018
111  47.82884100  016.22443512
112  47.82848634  016.22453301  47.82845235  016.22454145
111  47.82841496  016.22447056
111  47.82840476  016.22434735
111  47.82836510  016.22435242
111  47.82838210  016.22453301
111  47.82837077  016.22455326
112  47.82836057  016.22457689  47.82838550  016.22457858
112  47.82836623  016.22463427  47.82840023  016.22462415
111  47.82837756  016.22466634
111  47.82840249  016.22468153
111  47.82843478  016.22490504
111  47.82849030  016.22521896
111  47.82853676  016.22542149
111  47.82853902  016.22546875
111  47.82855149  016.22551769
111  47.82857755  016.22560208
111  47.82862060  016.22558183
111  47.82859908  016.22549238
111  47.82863873  016.22545018
111  47.82853449  016.22494217
111  47.82849143  016.22495061
111  47.82844951  016.22470757
112  47.82849370  016.22459111  47.82853562  016.22457930
111  47.82885062  016.22449828
112  47.82885062  016.22449828  47.82887215  016.22449153
111  47.82889142  016.22452360
111  47.82892654  016.22473457
111  47.82894127  016.22472951
112  47.82895034  016.22472613  47.82895147  016.22472613
111  47.82895714  016.22472445
111  47.82896393  016.22471263
111  47.82893107  016.22447634
111  47.82908177  016.22443584
112  47.82911237  016.22449153  47.82911803  016.22453879
111  47.82911237  016.22449153
111  47.82913050  016.22466875
111  47.82899459  016.22472037
111  47.82899945  016.22474379
111  47.82908238  016.22514307
111  47.82908518  016.22515652
111  47.82926080  016.22508057
111  47.82916789  016.22465525
111  47.82915089  016.22451179
112  47.82915089  016.22451179  47.82914410  016.22443921
111  47.82919848  016.22440546
112  47.82949309  016.22438858  47.82967098  016.22441052
111  47.82949309  016.22438858
112  47.82949309  016.22438858  47.82954408  016.22439701
111  47.82958260  016.22448647
111  47.82967325  016.22493373
112  47.82963699  016.22502319  47.82960413  016.22503838
111  47.82963699  016.22502319
111  47.82963813  016.22502825
111  47.82958860  016.22504836
111  47.82958260  016.22501644
111  47.82949649  016.22505019
111  47.82952028  016.22517678
111  47.82960640  016.22514302
111  47.82959897  016.22510352
111  47.82964379  016.22508226
111  47.82965059  016.22509070
112  47.82965059  016.22509070  47.82969591  016.22507720
111  47.82971064  016.22516159
111  47.82976503  016.22597848
112  47.82973557  016.22603756  47.82970611  016.22606794
111  47.82973557  016.22603756
111  47.82948629  016.22625191
112  47.82948629  016.22625191  47.82946816  016.22626541
111  47.82945336  016.22624636
111  47.82941365  016.22615268
111  47.82942505  016.22613744
111  47.82941385  016.22610953
111  47.82937517  016.22614492
111  47.82926194  016.22624853
111  47.82926698  016.22626044
111  47.82947043  016.22674137
111  47.82952255  016.22670086
111  47.82966985  016.22696247
112  47.82966192  016.22705361  47.82963019  016.22709581
111  47.82966192  016.22705361
111  47.82956016  016.22718003
111  47.82953424  016.22717508
111  47.82949542  016.22715036
111  47.82949336  016.22713454
111  47.82955352  016.22707548
111  47.82951273  016.22698097
111  47.82933679  016.22714156
111  47.82937758  016.22723608
111  47.82944043  016.22717798
111  47.82949329  016.22721545
111  47.82950662  016.22724654
111  47.82937525  016.22740973
112  47.82937525  016.22740973  47.82933446  016.22745024
111  47.82929366  016.22740298
111  47.82922235  016.22723994
111  47.82918383  016.22726695
111  47.82937532  016.22770071
111  47.82941158  016.22766358
111  47.82934813  016.22751336
111  47.82960421  016.22720787
111  47.82960987  016.22720956
111  47.82943764  016.22771927
111  47.82947956  016.22779860
111  47.82950789  016.22759944
112  47.82967899  016.22711673  47.82970165  016.22706103
111  47.82974471  016.22710154
111  47.82976737  016.22714542
111  47.82978777  016.22709816
111  47.82976964  016.22707622
111  47.82977190  016.22704247
111  47.82973494  016.22698280
111  47.82972741  016.22697064
112  47.82982969  016.22652600  47.82983876  016.22634371
111  47.82982969  016.22652600
112  47.82982969  016.22652600  47.82983422  016.22649055
111  47.82987048  016.22642135
111  47.83043476  016.22606353
111  47.83046876  016.22606016
111  47.83047895  016.22602978
111  47.83053221  016.22600784
111  47.83061946  016.22594707
111  47.83060813  016.22589813
111  47.83046762  016.22599265
111  47.83045743  016.22597239
111  47.83043363  016.22600952
111  47.82984442  016.22638253
111  47.82982289  016.22633021
111  47.82975491  016.22524157
112  47.82975491  016.22524157  47.82974471  016.22506942
111  47.82972318  016.22498165
111  47.82962913  016.22450906
112  47.82962913  016.22450906  47.82962120  016.22445337
111  47.82967672  016.22441623
112  47.82996566  016.22446349  47.83010843  016.22448881
111  47.83027273  016.22447700
111  47.83027500  016.22440780
112  47.83000532  016.22440442  47.82987501  016.22438248
111  47.82954868  016.22432509
112  47.82934586  016.22431328  47.82922235  016.22433353
111  47.82896061  016.22439598
111  47.82891075  016.22434534
111  47.82886996  016.22401454
111  47.82891867  016.22400476
111  47.82890847  016.22339209
111  47.82885295  016.22339716
113  47.82887485  016.22265678
111  47.82979410  016.22636227
111  47.82978560  016.22641713
111  47.82963013  016.22650910
111  47.82961314  016.22644862
111  47.82958685  016.22646418
111  47.82960385  016.22652465
111  47.82957841  016.22654131
111  47.82952706  016.22642018
112  47.82953916  016.22635805  47.82956182  016.22633555
111  47.82953916  016.22635805
112  47.82974311  016.22616958  47.82976672  016.22614848
113  47.82977994  016.22617661
111  47.82964019  016.22665483
111  47.82967985  016.22684752
111  47.82967263  016.22687053
111  47.82956000  016.22666471
111  47.82961212  016.22662082
111  47.82959876  016.22658931
113  47.82961564  016.22657747
111  47.82979221  016.22646776
111  47.82979882  016.22649448
112  47.82979882  016.22649448  47.82979221  016.22668014
111  47.82972140  016.22689253
111  47.82971384  016.22689393
111  47.82970440  016.22683626
111  47.82969212  016.22675047
113  47.82964397  016.22656059
110 1 0.00 84.0000 asphalt
111  47.83278590  016.22980750
111  47.83243581  016.23037451
111  47.83311146  016.23124451
111  47.83314532  016.23118966 30
111  47.83346154  016.23067751
113  47.83284478  016.22988333
110 2 0.00 84.0000 New Taxiway 89
111  47.82880060  016.22356660
111  47.82854769  016.22358604
111  47.82855553  016.22390422
113  47.82880978  016.22388304
110 2 0.00 84.0000 New Taxiway 89
111  47.82899945  016.22474379
111  47.82873675  016.22486288
111  47.82881834  016.22526390
113  47.82908238  016.22514307
110 2 0.00 84.0000 New Taxiway 88
111  47.82919091  016.22629045
111  47.82925411  016.22623576
111  47.82926194  016.22624853
111  47.82937517  016.22614492
111  47.82937112  016.22613451
111  47.82940494  016.22610526
111  47.82926776  016.22576112
111  47.82927201  016.22575622
111  47.82920917  016.22559969
113  47.82899089  016.22578978
110 2 0.00 84.0000 New Taxiway 87
111  47.82926698  016.22626044
111  47.82902876  016.22646703
111  47.82923220  016.22694795
113  47.82947043  016.22674137
110 2 0.00 84.0000 concrrete
111  47.83195393  016.22680442
111  47.83188214  016.22692595
111  47.83189193  016.22704262
111  47.83163826  016.22746739
111  47.83155994  016.22746982
111  47.83132008  016.22788544
111  47.83151058  016.22813367
112  47.83151662  016.22837739  47.83145462  016.22848919
111  47.83151662  016.22837739
111  47.83121966  016.22887808
111  47.83122576  016.22890732
111  47.83125391  016.22891619
111  47.83155087  016.22841550
112  47.83155087  016.22841550  47.83161287  016.22831099
111  47.83171223  016.22839869
111  47.83179846  016.22851201
111  47.83150803  016.22901999
111  47.83152044  016.22903630
111  47.83147965  016.22910192
111  47.83200260  016.22978919
111  47.83204339  016.22972357
111  47.83209120  016.22978639
111  47.83234247  016.22935132
111  47.83240089  016.22942810
111  47.83244005  016.22935519
111  47.83255398  016.22950491
112  47.83254952  016.22968609  47.83251439  016.22975361
111  47.83254952  016.22968609
111  47.83225831  016.23017896
111  47.83229472  016.23022273
111  47.83258592  016.22972986
112  47.83258592  016.22972986  47.83263012  016.22967079
111  47.83270330  016.22970115
111  47.83278590  016.22980750
111  47.83284478  016.22988333
111  47.83346154  016.23067751
111  47.83353847  016.23077656
112  47.83355004  016.23101040  47.83350599  016.23109547
111  47.83355004  016.23101040
111  47.83325308  016.23150624
111  47.83328948  016.23155253
111  47.83358644  016.23105669
112  47.83358644  016.23105669  47.83363865  016.23099106
111  47.83373050  016.23103086
111  47.83386793  016.23121284
111  47.83382329  016.23128634
111  47.83383938  016.23130715
111  47.83358562  016.23174466
111  47.83354076  016.23168389
111  47.83350551  016.23174340
111  47.83411715  016.23253710
111  47.83415239  016.23247760
111  47.83440614  016.23204009
111  47.83446285  016.23211343
111  47.83450750  016.23203992
111  47.83575238  016.23370824
111  47.83601554  016.23326722
111  47.83569629  016.23285184
111  47.83568810  016.23274078
111  47.83570223  016.23271628
111  47.83577513  016.23258993
111  47.83582951  016.23249569
112  47.83582951  016.23249569  47.83602395  016.23214931
113  47.83580231  016.23182319
111  47.83552592  016.23263016
111  47.83524654  016.23226664
111  47.83523543  016.23215449
111  47.83548154  016.23173317
111  47.83556228  016.23172852
111  47.83574124  016.23196206
112  47.83574804  016.23238743  47.83563111  016.23260417
111  47.83574804  016.23238743
113  47.83560391  016.23263050
111  47.83515521  016.23204308
111  47.83507756  016.23204678
111  47.83490483  016.23182203
111  47.83489822  016.23171089
111  47.83514433  016.23129362
111  47.83522447  016.23128768
111  47.83539342  016.23150816
113  47.83540131  016.23162581
111  47.83482072  016.23160150
111  47.83473498  016.23160103
111  47.83326185  016.22968426
111  47.83339746  016.22945962 20
111  47.83342174  016.22949127 20
111  47.83347587  016.22940162 20
111  47.83341549  016.22932323 20
111  47.83336066  016.22941406 20
111  47.83338646  016.22944741
111  47.83325156  016.22967088
111  47.83314841  016.22953666
111  47.83314011  016.22940784
111  47.83338486  016.22899667
111  47.83346693  016.22899410
111  47.83505225  016.23106292
113  47.83506275  016.23118627
111  47.83297413  016.22930990
111  47.83280281  016.22908698
111  47.83280461  016.22896968
111  47.83304446  016.22856134
111  47.83312949  016.22855374
111  47.83329644  016.22877161
111  47.83330390  016.22888947
113  47.83305588  016.22930753
111  47.83206376  016.22812537
111  47.83206273  016.22799433
111  47.83230981  016.22759345
111  47.83238032  016.22757607
111  47.83295931  016.22833165
111  47.83296614  016.22844710
111  47.83271976  016.22886759
111  47.83263807  016.22887264
111  47.83248411  016.22867231
113  47.83237604  016.22853170
111  47.83172892  016.22768970
111  47.83172044  016.22756533
111  47.83196673  016.22715156
111  47.83205120  016.22714657
111  47.83222024  016.22736717
112  47.83222640  016.22748210  47.83222640  016.22748679
111  47.83198168  016.22790290
113  47.83189901  016.22791101
110 5 0.00 84.0000 gravel
112  47.83634205  016.21301604  47.83621784  016.21300857
112  47.83620229  016.21343842  47.83629763  016.21359153
114  47.83651587  016.21338470  47.83656662  016.21317804
110 3 0.00 84.0000 Grass
112  47.83313969  016.21796467  47.83313969  016.21811098
112  47.83304848  016.21856035  47.83293623  016.21883206
112  47.83076834  016.22155952  47.83069117  016.22159087
112  47.82954092  016.22106892  47.82947043  016.22124741
112  47.82928011  016.22119141  47.82920023  016.22130340
112  47.82904046  016.22231483  47.82901226  016.22246881
112  47.82893238  016.22257031  47.82892298  016.22262280
112  47.82887485  016.22265678  47.82887145  016.22269177
111  47.82887485  016.22265678
111  47.82885295  016.22339716
111  47.82890847  016.22339209
111  47.82891867  016.22400476
112  47.82893000  016.22423261  47.82891074  016.22426130
112  47.82884842  016.22425961  47.82883708  016.22426130
111  47.82840651  016.22434906
111  47.82841444  016.22446721
111  47.82845070  016.22470856
111  47.82848922  016.22494822
111  47.82853455  016.22493978
111  47.82863517  016.22489244
111  47.82872473  016.22484956
111  47.82899459  016.22472037
111  47.82915383  016.22512264
112  47.82915383  016.22512264  47.82918092  016.22520067
112  47.82918381  016.22526553  47.82918418  016.22526773
111  47.82918381  016.22526553
112  47.82918381  016.22526553  47.82918495  016.22527228
112  47.82918041  016.22530266  47.82917588  016.22530941
112  47.82897419  016.22541405  47.82897306  016.22542924
112  47.82903538  016.22560140  47.82904218  016.22560646
112  47.82911243  016.22554739  47.82912149  016.22555076
111  47.82914415  016.22562840
111  47.82920308  016.22558452
111  47.82927201  016.22575622
111  47.82941385  016.22610953
111  47.82942505  016.22613744
111  47.82941365  016.22615268
111  47.82945336  016.22624636
111  47.82952706  016.22642018
111  47.82957841  016.22654131
111  47.82959876  016.22658931
111  47.82961212  016.22662082
111  47.82956000  016.22666471
111  47.82967263  016.22687053
111  47.82972741  016.22697064
111  47.82973494  016.22698280
112  47.82975620  016.22694518  47.82977311  016.22692418
112  47.82997612  016.22654621  47.83008890  016.22636982
112  47.83061946  016.22594707  47.83066457  016.22591768
112  47.83179376  016.22530215  47.83191218  016.22528535
112  47.83270119  016.22532027  47.83275504  016.22532999
112  47.83276809  016.22545881  47.83277462  016.22552200
112  47.83269310  016.22772433  47.83268371  016.22786083
112  47.83269076  016.22808833  47.83267196  016.22813733
111  47.83237604  016.22853170
111  47.83248411  016.22867231
111  47.83285822  016.22819973
112  47.83302764  016.22817444  47.83301303  016.22813815
112  47.83307149  016.22791317  47.83309585  016.22783334
112  47.83481571  016.22557623  47.83491315  016.22546737
112  47.83510803  016.22541656  47.83522009  016.22536576
112  47.83949293  016.22546724  47.83972112  016.22547213
112  47.83991672  016.22556774  47.83996774  016.22563846
112  47.84289441  016.22988088  47.84309219  016.23016550
112  47.84317454  016.22944735  47.84303177  016.22923864
112  47.84055367  016.22565035  47.84051172  016.22558525
112  47.84060864  016.22552526  47.84067273  016.22552905
112  47.84429682  016.22566309  47.84446247  016.22567761
112  47.84467685  016.22579373  47.84480839  016.22583729
112  47.84495456  016.22559774  47.84500328  016.22548159
112  47.84584128  016.22182298  47.84587538  016.22174312
112  47.84603616  016.22169957  47.84610437  016.22166327
112  47.84604103  016.22159794  47.84599719  016.22158342
112  47.84595821  016.22151083  47.84595821  016.22146728
112  47.84631212  016.22034066  47.84638929  016.22006888
112  47.84655767  016.21932671  47.84655066  016.21914901
112  47.84630510  016.21909674  47.84618583  016.21910719
112  47.84149678  016.21934566  47.84138174  016.21932550
112  47.84101972  016.21914403  47.84091822  016.21909362
112  47.84014680  016.21904322  47.84001147  016.21901297
112  47.83967312  016.21916420  47.83958177  016.21920956
112  47.83959799  016.21900858  47.83965141  016.21893672
112  47.84253482  016.21505612  47.84260429  016.21496032
112  47.84258613  016.21484622  47.84257203  016.21474121
112  47.84221959  016.21425392  47.84218294  016.21419931
112  47.84223933  016.21402707  47.84225907  016.21389265
112  47.84237749  016.21375402  47.84240004  016.21364900
112  47.84215193  016.21379183  47.84207862  016.21385904
112  47.84195174  016.21379183  47.84190945  016.21374562
112  47.84158802  016.21319533  47.84159648  016.21311552
112  47.84132699  016.21307795  47.84122265  016.21321710
112  47.84111095  016.21336889  47.84109102  016.21339239
112  47.84105368  016.21340640  47.84104198  016.21339410
112  47.84094794  016.21315436  47.84094324  016.21305284
112  47.84110772  016.21287431  47.84115941  016.21281130
112  47.84110067  016.21265028  47.84105837  016.21254876
112  47.84042780  016.21167643  47.84033036  016.21157360
112  47.84016390  016.21154940  47.84002585  016.21159779
112  47.83845894  016.21406523  47.83834929  016.21421108
112  47.83748582  016.21421400  47.83732722  016.21424025
112  47.83729393  016.21380563  47.83732135  016.21355769
111  47.83729393  016.21380563
112  47.83729393  016.21380563  47.83746007  016.21309903 20
112  47.83633446  016.21191613  47.83550349  016.21192721 20
112  47.83548034  016.21395763  47.83572292  016.21469553
111  47.83548034  016.21395763
112  47.83548034  016.21395763  47.83550300  016.21403022
112  47.83539649  016.21415850  47.83532624  016.21425472
112  47.83401226  016.21553764  47.83390947  016.21563973
112  47.83389163  016.21518047  47.83390078  016.21491660
112  47.83362390  016.21515701  47.83361084  016.21545743
112  47.83348854  016.21541476  47.83340800  016.21529910
111  47.83348854  016.21541476
112  47.83348854  016.21541476  47.83337980  016.21525360
112  47.83320650  016.21584808  47.83339418  016.21613215
111  47.83320650  016.21584808
114  47.83320650  016.21584808  47.83326026  016.21592565
112  47.83292499  016.22232957  47.83291484  016.22250597
112  47.83283025  016.22251605  47.83279642  016.22252109
112  47.83071184  016.22247630  47.83061710  016.22247126
112  47.83066780  016.22215063  47.83073991  016.22204295
111  47.83066780  016.22215063
112  47.83066780  016.22215063  47.83073764  016.22204634
112  47.83103326  016.22201063  47.83113462  016.22192999
112  47.83290231  016.21934239  47.83295717  016.21925535
114  47.83302817  016.21927587  47.83302494  016.21933872
112  47.83287336  016.22345307  47.83286208  016.22353287
112  47.83276522  016.22355418  47.83269191  016.22355416
112  47.83060687  016.22353490  47.83028076  016.22352927
112  47.83098877  016.22285101  47.83133745  016.22283258
112  47.83279043  016.22285519  47.83285528  016.22285099
114  47.83288066  016.22298119  47.83287784  016.22306099
112  47.83279610  016.22473075  47.83279610  016.22481139
112  47.83270475  016.22481139  47.83263708  016.22482147
112  47.83076606  016.22477107  47.83051569  016.22474587
112  47.83060427  016.22414096  47.83070162  016.22414042
112  47.83273866  016.22415650  47.83278369  016.22415650
114  47.83280131  016.22424691  47.83280719  016.22432275
112  47.83319941  016.22634563  47.83319549  016.22643605
112  47.83309487  016.22751707  47.83308312  016.22763666
112  47.83294019  016.22770957  47.83291082  016.22771541
112  47.83289515  016.22727499  47.83290299  016.22696291
112  47.83295977  016.22548998  47.83296172  016.22541998
112  47.83301459  016.22537040  47.83304004  016.22537040
112  47.83317123  016.22537623  47.83320647  016.22538498
114  47.83323310  016.22545767  47.83323160  016.22550963
112  47.83356479  016.22483372  47.83354716  016.22485136
112  47.83353042  016.22476088  47.83353293  016.22469705
112  47.83354956  016.22425333  47.83355206  016.22419045
112  47.83368030  016.22416500  47.83373418  016.22416511
112  47.83400924  016.22416797  47.83404550  016.22417089
114  47.83399750  016.22423871  47.83397596  016.22426788
112  47.83463385  016.22543164  47.83466909  016.22543164
112  47.83464559  016.22550456  47.83461231  016.22555123
112  47.83358632  016.22692501  47.83353346  016.22697167
112  47.83345905  016.22677917  47.83345835  016.22674981
112  47.83346988  016.22636657  47.83347802  016.22615565
112  47.83350427  016.22545467  47.83350590  016.22541845
114  47.83365290  016.22539665  47.83369401  016.22539665
112  47.83554118  016.22418380  47.83559013  016.22418495
112  47.83553061  016.22432910  47.83549536  016.22438743
112  47.83517034  016.22485412  47.83513313  016.22489787
112  47.83501565  016.22495913  47.83495496  016.22496204
112  47.83400533  016.22490371  47.83394659  016.22489787
112  47.83397988  016.22475204  47.83400337  016.22471120
112  47.83426575  016.22427661  47.83431078  016.22422119
114  47.83441744  016.22417306  47.83446639  016.22417306
112  47.83720284  016.22419682  47.83727062  016.22419791
112  47.83725951  016.22437285  47.83725951  016.22443410
112  47.83724189  016.22477247  47.83722231  016.22490665
112  47.83709896  016.22497957  47.83704805  016.22500291
112  47.83539159  016.22494455  47.83533872  016.22492997
112  47.83535635  016.22482788  47.83537397  016.22478704
112  47.83575578  016.22431743  47.83581647  016.22426201
114  47.83603968  016.22418631  47.83610626  016.22418577
112  47.83894141  016.22421252  47.83897127  016.22421453
112  47.83902752  016.22427975  47.83904710  016.22431022
112  47.83945443  016.22489813  47.83948818  016.22494740
112  47.83937022  016.22508459  47.83929190  016.22508459
112  47.83752384  016.22498832  47.83745531  016.22497665
112  47.83740244  016.22481914  47.83740244  016.22473746
112  47.83742594  016.22433201  47.83743181  016.22422992
114  47.83756300  016.22420007  47.83764359  016.22420127
112  47.84072708  016.22422865  47.84078582  016.22423042
112  47.84084067  016.22436698  47.84084655  016.22443408
112  47.84084851  016.22495624  47.84084459  016.22504959
112  47.84074082  016.22515169  47.84067620  016.22516336
112  47.84036880  016.22513711  47.84031202  016.22514002
112  47.84015233  016.22506892  47.84010770  016.22500238
112  47.83964779  016.22433796  47.83958747  016.22424756
114  47.83976180  016.22421993  47.83981507  016.22421988
112  47.84262048  016.22424575  47.84266747  016.22424632
112  47.84275559  016.22435529  47.84277125  016.22443989
112  47.84276342  016.22493873  47.84276146  016.22507292
112  47.84265573  016.22516628  47.84257741  016.22519253
112  47.84118332  016.22518378  47.84107759  016.22518670
112  47.84101298  016.22499125  47.84100710  016.22488915
112  47.84101885  016.22444866  47.84102277  016.22436698
114  47.84114610  016.22423244  47.84120837  016.22423413
112  47.84473361  016.22426484  47.84478648  016.22426619
112  47.84481343  016.22437278  47.84481539  016.22443696
112  47.84478015  016.22503502  47.84478602  016.22515754
112  47.84459610  016.22522173  47.84452757  016.22523923
112  47.84304537  016.22518378  47.84292202  016.22514002
112  47.84292593  016.22495040  47.84291223  016.22485122
112  47.84294355  016.22443405  47.84295530  016.22432611
114  47.84313737  016.22425042  47.84320160  016.22425105
112  47.84275289  016.22364344  47.84270119  016.22364341
112  47.84266471  016.22358322  47.84265884  016.22355113
112  47.84265297  016.22313396  47.84265297  016.22306687
112  47.84276066  016.22299685  47.84281744  016.22298810
112  47.84481343  016.22305414  47.84487805  016.22305122
112  47.84492308  016.22315041  47.84492308  016.22320584
112  47.84490938  016.22345965  47.84490938  016.22352383
114  47.84481813  016.22366189  47.84475164  016.22366081
112  47.83923122  016.22361197  47.83917052  016.22360965
112  47.83908991  016.22352975  47.83905509  016.22347896
112  47.83871274  016.22298332  47.83869324  016.22295017
112  47.83879458  016.22293743  47.83885527  016.22293743
112  47.83978336  016.22294911  47.83984602  016.22294911
112  47.83988909  016.22308037  47.83989105  016.22315622
112  47.83989496  016.22345959  47.83989496  016.22358211
114  47.83971881  016.22361632  47.83964440  016.22361632
112  47.83629621  016.22358574  47.83623517  016.22358222
112  47.83626080  016.22349983  47.83629481  016.22345567
112  47.83667174  016.22294679  47.83668675  016.22292735
112  47.83677980  016.22289658  47.83683253  016.22289852
112  47.83797026  016.22291409  47.83801624  016.22291680
112  47.83812205  016.22296819  47.83814698  016.22300450
112  47.83847051  016.22347293  47.83852250  016.22354846
114  47.83842454  016.22360476  47.83835092  016.22360299
112  47.83490800  016.22357333  47.83485419  016.22357052
112  47.83491776  016.22346825  47.83494713  016.22342158
112  47.83529761  016.22299282  47.83534264  016.22294906
112  47.83546208  016.22289364  47.83551103  016.22289364
112  47.83620220  016.22289948  47.83625506  016.22289657
112  47.83625863  016.22295756  47.83621557  016.22301690
112  47.83607839  016.22320005  47.83604314  016.22324672
112  47.83585172  016.22345077  47.83579885  016.22352952
114  47.83565988  016.22358005  47.83556198  016.22357883
112  47.83365294  016.22356212  47.83361574  016.22356071
112  47.83357816  016.22349478  47.83358003  016.22344859
112  47.83359984  016.22291970  47.83360212  016.22287222
112  47.83367248  016.22286738  47.83371164  016.22286738
112  47.83489426  016.22287905  47.83494321  016.22288197
112  47.83492559  016.22296072  47.83489622  016.22299572
112  47.83459665  016.22344198  47.83454574  016.22349740
114  47.83442441  016.22356901  47.83435290  016.22356771
112  47.83309099  016.22355710  47.83305872  016.22355689
112  47.83304788  016.22349154  47.83304788  016.22344196
112  47.83306354  016.22294904  47.83305962  016.22289362
112  47.83312424  016.22284987  47.83316731  016.22284695
112  47.83325346  016.22285279  47.83329067  016.22284987
112  47.83332749  016.22296959  47.83332467  016.22303586
112  47.83330758  016.22349456  47.83330507  016.22355744
114  47.83321828  016.22355823  47.83317912  016.22355823
112  47.83378776  016.22252561  47.83364227  016.22252057
112  47.83362078  016.22236423  47.83362427  016.22226358
112  47.83382809  016.21686591  47.83383246  016.21677860
112  47.83388373  016.21682904  47.83391607  016.21687218
112  47.83607423  016.22000196  47.83610941  016.22005318
112  47.83602533  016.22021759  47.83596257  016.22030261
112  47.83505581  016.22152323  47.83493487  016.22168596
112  47.83523649  016.22182258  47.83532970  016.22170081
112  47.83551383  016.22144907  47.83554121  016.22140926
112  47.83557081  016.22140679  47.83558204  016.22141898
112  47.83577382  016.22168400  47.83580427  016.22172936
112  47.83579073  016.22184528  47.83575013  016.22191080
112  47.83533397  016.22240978  47.83527645  016.22250050
114  47.83506668  016.22255090  47.83498210  016.22256602
112  47.83604546  016.22150181  47.83598794  016.22155726
112  47.83593043  016.22148165  47.83590336  016.22143125
112  47.83583569  016.22132036  47.83579171  016.22127500
112  47.83579201  016.22107443  47.83581646  016.22104028
112  47.83620766  016.22051466  47.83628451  016.22041015
112  47.83635923  016.22041477  47.83638386  016.22044923
112  47.83653581  016.22067055  47.83657720  016.22073185
114  47.83654621  016.22084658  47.83650561  016.22090706
112  47.83716716  016.22158504  47.83720099  016.22163427
112  47.83718125  016.22171629  47.83714891  016.22176107
112  47.83671727  016.22234052  47.83666772  016.22240394
112  47.83661049  016.22233345  47.83656989  016.22231833
112  47.83631275  016.22200080  47.83626538  016.22194535
112  47.83628230  016.22172862  47.83633643  016.22164798
112  47.83673568  016.22110867  47.83677289  016.22105827
114  47.83683438  016.22110302  47.83685657  016.22113490
112  47.83578494  016.22257034  47.83570712  016.22257034
112  47.83571727  016.22246953  47.83574434  016.22242921
112  47.83596426  016.22213184  47.83603870  016.22204112
112  47.83621463  016.22214192  47.83627892  016.22221248
112  47.83648530  016.22243425  47.83652929  016.22249474
114  47.83637027  016.22257034  47.83628230  016.22257034
112  47.83746568  016.22201745  47.83748693  016.22204711
112  47.83780706  016.22251193  47.83784900  016.22257406
112  47.83777438  016.22260565  47.83773040  016.22260647
112  47.83702665  016.22260061  47.83695560  016.22260061
112  47.83699574  016.22251074  47.83702280  016.22247124
114  47.83737269  016.22200343  47.83740464  016.22196252
112  47.83978855  016.22179524  47.83984945  016.22179707
112  47.83987790  016.22187709  47.83987384  016.22193758
112  47.83989414  016.22238518  47.83989820  016.22251220
112  47.83973985  016.22263922  47.83965865  016.22263922
111  47.83973985  016.22263922
112  47.83973985  016.22263922  47.83967463  016.22263922
112  47.83856511  016.22262377  47.83850688  016.22262494
112  47.83843403  016.22257954  47.83841208  016.22254695
112  47.83796234  016.22189617  47.83792355  016.22183921
112  47.83804524  016.22178283  47.83810614  016.22178283
114  47.83852676  016.22178744  47.83857507  016.22178944
112  47.84246830  016.22181181  47.84252094  016.22181263
112  47.84256308  016.22195341  47.84257323  016.22199878
112  47.84252924  016.22257344  47.84252586  016.22267929
112  47.84241759  016.22268938  47.84236007  016.22269442
112  47.84020270  016.22265737  47.84011338  016.22266947
112  47.84008902  016.22244567  47.84008496  016.22238518
112  47.84008090  016.22188919  47.84007278  016.22184684
114  47.84018236  016.22179768  47.84022296  016.22179768
112  47.84487914  016.22182671  47.84494681  016.22182684
112  47.84501266  016.22193325  47.84501604  016.22202903
112  47.84499574  016.22259363  47.84499574  016.22270454
112  47.84481981  016.22273983  47.84476229  016.22274487
112  47.84279991  016.22269443  47.84268826  016.22269443
112  47.84270180  016.22256840  47.84270180  016.22252807
112  47.84273563  016.22197357  47.84274240  016.22188284
114  47.84289123  016.22181442  47.84293860  016.22181442
112  47.84249178  016.22351126  47.84249178  016.22357427
112  47.84244248  016.22364066  47.84241741  016.22363948
112  47.84017511  016.22362040  47.84011883  016.22361802
112  47.84008815  016.22347622  47.84008110  016.22342021
112  47.84007405  016.22311567  47.84006700  016.22303516
112  47.84018918  016.22295815  47.84023618  016.22296165
112  47.84240954  016.22300016  47.84246358  016.22300016
114  47.84248238  016.22312268  47.84247768  016.22318569
112  47.84283214  016.22141127  47.84279455  016.22140918
112  47.84277574  016.22136423  47.84277574  016.22133972
112  47.84277339  016.22117519  47.84277104  016.22112618
112  47.84283918  016.22108067  47.84290026  016.22107367
112  47.84577851  016.22115422  47.84585605  016.22116473
114  47.84573221  016.22142970  47.84566642  016.22142961
112  47.84012074  016.22139404  47.84002392  016.22139119
112  47.84017239  016.22105614  47.84024053  016.22103864
112  47.84246559  016.22107017  47.84261597  016.22107367
114  47.84246092  016.22140891  47.84241158  016.22140891
112  47.83852714  016.22138391  47.83848015  016.22138391
112  47.83796143  016.22138865  47.83790269  016.22138865
112  47.83789877  016.22129542  47.83791570  016.22127373
112  47.83802540  016.22112500  47.83805735  016.22108368
112  47.83813530  016.22104911  47.83817423  016.22104983
112  47.83974947  016.22104564  47.83987635  016.22104214
114  47.83973775  016.22139160  47.83966492  016.22139160
112  47.83753514  016.22008326  47.83757743  016.22003285
112  47.83764792  016.22010426  47.83769867  016.22014207
112  47.83793833  016.22050750  47.83798344  016.22054531
112  47.83796003  016.22066855  47.83792433  016.22071761
112  47.83757337  016.22118874  47.83754712  016.22122233
112  47.83747901  016.22119595  47.83744458  016.22114456
112  47.83714165  016.22070720  47.83711614  016.22066705
114  47.83717424  016.22054529  47.83720807  016.22050329
112  47.83666842  016.22002161  47.83665714  016.22000481
112  47.83667027  016.21989166  47.83670718  016.21984194
112  47.83705054  016.21937952  47.83710110  016.21931105
112  47.83716860  016.21938599  47.83721371  016.21942379
112  47.83734059  016.21961281  47.83737724  016.21965901
112  47.83736315  016.21978922  47.83733213  016.21982702
112  47.83698815  016.22027646  47.83695150  016.22033946
114  47.83687430  016.22031987  47.83684833  016.22028207
112  47.83952715  016.21742877  47.83955816  016.21737837
112  47.83966813  016.21743297  47.83971324  016.21746658
112  47.83990903  016.21776276  47.83994850  016.21782157
112  47.83993060  016.21801738  47.83987989  016.21808748
112  47.83820011  016.22034554  47.83816347  016.22039177
112  47.83809327  016.22035023  47.83806507  016.22032083
112  47.83778752  016.21991124  47.83774522  016.21982303
114  47.83782981  016.21963402  47.83788620  016.21955841
112  47.83906277  016.21666960  47.83909771  016.21662408
112  47.83923314  016.21672226  47.83927826  016.21675586
112  47.83934075  016.21688482  47.83938022  016.21694363
112  47.83936330  016.21714105  47.83930409  016.21719146
112  47.83763213  016.21946806  47.83759265  016.21951007
112  47.83752499  016.21947226  47.83749679  016.21944286
112  47.83735253  016.21920051  47.83731024  016.21911230
114  47.83739235  016.21891920  47.83744743  016.21884359
112  47.83980766  016.21733192  47.83977382  016.21726471
112  47.83981894  016.21709249  47.83985841  016.21703368
112  47.84152756  016.21484518  47.84158395  016.21475696
112  47.84168263  016.21480317  47.84171082  016.21482418
112  47.84190255  016.21510982  47.84193638  016.21516023
112  47.84192578  016.21533312  47.84189192  016.21537929
112  47.84017937  016.21768270  47.84010327  016.21778496
114  47.83997401  016.21765961  47.83994581  016.21761760
112  47.83929733  016.21653801  47.83927477  016.21649600
112  47.83930311  016.21634592  47.83935930  016.21627070
112  47.84105382  016.21398817  47.84111605  016.21390445
112  47.84118921  016.21401767  47.84122305  016.21404707
112  47.84133301  016.21426970  47.84138094  016.21434532
112  47.84133301  016.21454695  47.84129072  016.21463096
112  47.83962157  016.21683626  47.83955108  016.21694967
114  47.83946650  016.21682366  47.83942421  016.21677745
112  47.84184616  016.21375722  47.84187436  016.21380343
112  47.84185180  016.21386224  47.84183770  016.21388744
112  47.84167417  016.21413108  47.84162342  016.21419830
112  47.84153883  016.21419409  47.84151346  016.21416889
112  47.84133019  016.21385384  47.84128790  016.21377403
112  47.84132326  016.21362532  47.84135644  016.21358038
112  47.84150800  016.21337651  47.84153025  016.21334754
114  47.84160368  016.21342537  47.84163752  016.21347158
112  47.84234521  016.21460576  47.84237905  016.21465197
112  47.84235372  016.21475739  47.84233577  016.21478409
112  47.84215691  016.21502217  47.84212966  016.21505859
112  47.84207736  016.21505943  47.84205865  016.21503702
112  47.84182924  016.21460996  47.84178131  016.21451755
112  47.84180105  016.21444193  47.84182079  016.21440833
112  47.84197868  016.21418149  47.84203225  016.21411428
114  47.84207736  016.21415629  47.84209991  016.21418989
112  47.83911697  016.21605414  47.83900681  016.21620086
112  47.83895335  016.21576925  47.83902384  016.21567684
112  47.84059430  016.21350938  47.84062531  016.21343377
112  47.84069862  016.21338757  47.84071836  016.21339177
112  47.84085933  016.21353879  47.84089881  016.21359759
114  47.84086415  016.21370125  47.84082743  016.21374921
112  47.83711870  016.21874517  47.83697516  016.21893755
112  47.83704353  016.21834924  47.83710849  016.21825246
112  47.83866294  016.21615569  47.83876726  016.21601287
114  47.83884850  016.21641569  47.83878214  016.21650390
112  47.83649165  016.21958961  47.83643755  016.21966121
112  47.83639436  016.21962457  47.83636897  016.21958847
112  47.83632022  016.21951716  47.83629404  016.21947970
112  47.83632084  016.21932906  47.83637768  016.21923229
112  47.83668218  016.21882705  47.83684865  016.21862746
114  47.83681134  016.21915909  47.83670799  016.21929857
112  47.83493090  016.21750437  47.83490811  016.21747065
112  47.83488275  016.21726418  47.83489737  016.21719886
112  47.83562819  016.21464409  47.83567204  016.21443362
112  47.83582307  016.21477473  47.83581333  016.21494166
112  47.83560870  016.21769240  47.83556485  016.21788110
112  47.83556972  016.21806980  47.83546741  016.21817141
114  47.83533081  016.21808376  47.83528209  016.21801118
112  47.83478531  016.21695209  47.83474633  016.21708274
112  47.83466662  016.21712151  47.83463567  016.21707512
112  47.83408118  016.21627335  47.83398940  016.21613824
112  47.83408373  016.21573277  47.83417143  016.21553681
112  47.83536509  016.21442636  47.83550638  016.21424491
114  47.83547715  016.21461506  47.83541381  016.21481828
112  47.83651959  016.21655284  47.83654883  016.21669800
112  47.83647575  016.21679961  47.83643190  016.21687945
112  47.83595443  016.21752541  47.83583263  016.21767057
112  47.83577416  016.21735122  47.83577903  016.21713348
112  47.83597879  016.21507949  47.83599341  016.21475288
114  47.83633445  016.21515206  47.83636369  016.21534803
112  47.83661704  016.21642220  47.83658780  016.21624076
112  47.83643677  016.21518110  47.83643677  016.21500691
112  47.83651472  016.21489078  47.83656831  016.21483997
112  47.83672422  016.21477465  47.83675346  016.21477465
112  47.83743068  016.21524642  47.83749401  016.21529722
112  47.83749401  016.21543512  47.83742581  016.21552948
114  47.83679730  016.21641495  47.83675833  016.21647301
112  47.83754761  016.21516658  47.83749243  016.21512893
112  47.83722118  016.21495609  47.83711886  016.21489803
112  47.83706527  016.21468755  47.83704091  016.21459319
112  47.83727964  016.21441174  47.83740632  016.21436819
112  47.83813226  016.21430287  47.83829304  016.21427384
112  47.83818585  016.21447706  47.83814688  016.21451335
114  47.83768403  016.21517383  47.83765888  016.21520572
111  47.83624232  016.21369210
111  47.83619416  016.21377509
111  47.83614317  016.21371883
113  47.83619416  016.21363021
112  47.83335086  016.22235373  47.83334439  016.22251583
112  47.83326762  016.22251459  47.83323839  016.22252910
112  47.83312146  016.22250733  47.83306787  016.22250007
112  47.83304351  016.22228961  47.83304351  016.22220977
112  47.83334792  016.21629439  47.83335497  016.21616489
112  47.83342296  016.21616162  47.83343470  016.21617774
112  47.83353971  016.21633073  47.83356226  016.21636573
114  47.83357265  016.21650782  47.83356879  016.21660571
112  47.83327970  016.22422924  47.83327840  016.22426637
112  47.83325903  016.22477412  47.83325677  016.22482082
112  47.83324463  016.22483192  47.83323557  016.22483361
112  47.83303388  016.22481504  47.83299422  016.22480829
112  47.83298516  016.22475765  47.83298402  016.22471039
112  47.83299762  016.22425297  47.83299762  016.22418039
112  47.83306447  016.22415944  47.83309582  016.22415888
114  47.83322988  016.22416094  47.83326161  016.22416290
130 Airport Boundary
111  47.82735580  016.21594811
111  47.82624834  016.21991792
111  47.82632937  016.22008385
111  47.82657155  016.22141241
111  47.82659651  016.22172799
111  47.82678387  016.22200324
111  47.82757441  016.22239207
111  47.82746367  016.22300054
111  47.82742050  016.22305065
111  47.82753363  016.22647562
111  47.82976444  016.22941232
111  47.83328282  016.23404837
111  47.83421813  016.23781055
111  47.83691972  016.23833797
111  47.83698330  016.23765087
111  47.83713486  016.23740408
111  47.83727385  016.23732627
111  47.83733277  016.23749777
111  47.83738890  016.23750992
111  47.83762286  016.23767589
111  47.83771310  016.23759015
111  47.83856481  016.23702131
111  47.83942689  016.23632974
111  47.83970252  016.23599201
111  47.84307128  016.23398349
111  47.84615874  016.23284702
111  47.84642392  016.23286423
111  47.84643513  016.23292221
111  47.84663806  016.23288679
111  47.84677850  016.23147340
111  47.84681546  016.22930190
111  47.84864009  016.22620463
111  47.84876466  016.22560552
111  47.84893009  016.22502370
111  47.85181069  016.21824473
111  47.85209209  016.21741553
111  47.85233837  016.21624810
111  47.85245967  016.21517846
111  47.85248789  016.21420685
111  47.85240426  016.21305301
111  47.85229199  016.21232622
111  47.85214039  016.21164980
111  47.85195006  016.21095980
111  47.84982040  016.20489335
111  47.84976507  016.20480219
111  47.84956976  016.20492391
111  47.84944782  016.20492470
111  47.84927475  016.20486991
111  47.84915352  016.20486926
111  47.84902406  016.20492844
111  47.84889542  016.20511785
111  47.84639476  016.20947714
111  47.84630285  016.20933617
111  47.84629956  016.20928094
111  47.84626835  016.20924567
111  47.84622083  016.20926058
111  47.84610477  016.20929328
111  47.84602821  016.20936732
111  47.84547409  016.20929558
111  47.84510057  016.20913379
111  47.84478504  016.20897926
111  47.84232466  016.20724670
111  47.84127608  016.20640907
111  47.84111916  016.20655906
111  47.84103995  016.20651100
111  47.84095521  016.20626642
111  47.84086754  016.20618162
111  47.84074647  016.20613533
111  47.84052359  016.20619860
111  47.83754624  016.20830765
111  47.83727264  016.20869809
111  47.83705492  016.20886607
111  47.83653921  016.20900431
111  47.83322618  016.21117227
111  47.83216009  016.21181239
111  47.82861469  016.21341543
111  47.82824414  016.21370764
113  47.82800986  016.21409792
120 Linear Feature 82
111  47.83158613  016.22759747 1
111  47.83141806  016.22788863 1
111  47.83171644  016.22827544 1
113  47.83188263  016.22798850 1
120 Linear Feature 81
111  47.83169472  016.22799412 1
115  47.83161257  016.22789004
120 Linear Feature 80
111  47.83167300  016.22790973 1
115  47.83163618  016.22797303
120 Linear Feature 79
111  47.83423056  016.23144317 1
115  47.83409758  016.23166941
120 Linear Feature 79
111  47.83420538  016.23140918 1
115  47.83407239  016.23163541
120 Linear Feature 78
111  47.83421797  016.23142793 1
111  47.83407397  016.23167175 1
111  47.83407275  016.23170573 1
111  47.83406688  016.23186885 1
115  47.83406217  016.23199996
120 Linear Feature 77
111  47.83419436  016.23188040 1
111  47.83416210  016.23176670 1
111  47.83407275  016.23170573 1
111  47.83397246  016.23175380 1
115  47.83394099  016.23184523
120 Linear Feature 76
111  47.83195978  016.22917798 1
115  47.83193163  016.22922415
120 Linear Feature 76
111  47.83297705  016.23050154 1
115  47.83294890  016.23054771
120 Linear Feature 76
111  47.83296898  016.23049059 1
115  47.83294083  016.23053675
120 Linear Feature 75
111  47.83195547  016.22917214 1
111  47.83195978  016.22917798 1
115  47.83196281  016.22918209
120 Linear Feature 75
111  47.83296584  016.23048633 1
111  47.83296898  016.23049059 1
111  47.83297705  016.23050154 1
115  47.83298007  016.23050565
120 Linear Feature 75
111  47.83192771  016.22921882 1
111  47.83193163  016.22922415 1
115  47.83193466  016.22922825
120 Linear Feature 75
111  47.83293770  016.23053250 1
111  47.83294083  016.23053675 1
111  47.83294890  016.23054771 1
115  47.83295193  016.23055181
120 Linear Feature 73
111  47.83315371  016.23104939 1
111  47.83315600  016.23105229 1
111  47.83316140  016.23104352 1
115  47.83315911  016.23104062
120 Linear Feature 73
111  47.83303043  016.23088431 1
111  47.83303272  016.23088720 1
111  47.83303813  016.23087844 1
115  47.83303584  016.23087554
120 Linear Feature 73
111  47.83290584  016.23071630 1
111  47.83290813  016.23071919 1
111  47.83291354  016.23071043 1
115  47.83291125  016.23070753
120 Linear Feature 73
111  47.83313924  016.23101428 1
111  47.83313692  016.23101142 1
111  47.83313159  016.23102028 1
115  47.83313390  016.23102314
120 Linear Feature 73
111  47.83301596  016.23084920 1
111  47.83301365  016.23084634 1
111  47.83300831  016.23085520 1
115  47.83301062  016.23085806
120 Linear Feature 73
111  47.83289137  016.23068119 1
111  47.83288906  016.23067833 1
111  47.83288372  016.23068719 1
115  47.83288603  016.23069005
120 Linear Feature 72
111  47.83315252  016.23015812 1
115  47.83304204  016.23034801
120 Linear Feature 72
111  47.83317802  016.23018625 1
115  47.83306754  016.23037614
120 Linear Feature 71
111  47.83312419  016.22975161 1
111  47.83315441  016.22979240
112  47.83315441  016.22979240  47.83327527  016.22996260 1
111  47.83317518  016.23015953 1
115  47.83312231  016.23024673
120 Linear Feature 70
111  47.83339746  016.22945962 20
115  47.83338646  016.22944741
120 Linear Feature 69
111  47.83284478  016.22988333 30
111  47.83254918  016.23039252 30
115  47.83314532  016.23118966
120 Linear Feature 56
112  47.83548034  016.21395763  47.83582073  016.21501412 20
116  47.83729393  016.21380563  47.83765986  016.21238773
14  47.83197316  016.23192499 1000.66 0 Tower Viewpoint
1300  47.82918268  016.22485994 342.83 tie_down turboprops|props Flying Club
1301 A general_aviation 
1300  47.82939380  016.22173340 356.19 tie_down turboprops|props Grass 1
1301 A general_aviation 
1300  47.82930854  016.22208416 356.19 tie_down turboprops|props Grass 2
1301 A general_aviation 
1300  47.82924764  016.22242886 356.19 tie_down turboprops|props Grass 3
1301 A general_aviation 
1300  47.82921516  016.22279776 356.19 tie_down turboprops|props Grass 4
1301 A general_aviation 
1300  47.82893907  016.22371697 356.19 tie_down turboprops|props Tow Plane
1301 A general_aviation 
1300  47.83208728  016.22902716 309.81 tie_down turboprops|props|fighters Mil I B
1301 B military 
1300  47.83224517  016.22922876 309.81 tie_down turboprops|props|fighters Mil I A
1301 B military 
1300  47.83293467  016.23062833 311.99 tie_down turboprops|props|fighters Mil II A
1301 A military 
1300  47.83306193  016.23080334 311.99 tie_down turboprops|props|fighters Mil II B
1301 A military 
1300  47.83319084  016.23096618 311.99 tie_down turboprops|props|fighters Mil II C
1301 A military 
1300  47.83312231  016.23024673 311.99 tie_down jets|turboprops|props Mil II
1301 D military 
1300  47.83406688  016.23186885 273.10 tie_down turboprops|props|fighters Mil III
1301 B military 
18  47.83197316  016.23192499 4 Airport Beacon
19  47.83622792  016.21377937 1 WS
19  47.83380184  016.22869149 1 WS
53 13015 Wiener Neustadt West
54 12325 Neustadt Turm
50 11852 Wien Information
99
