A
1000 Generated by Infinite Flight Airport Editing (World Parser)/AB

1     1982 0 0 59NE Nelson
100   11.89   3   0 0.25 0 0 0 11   41.08212904 -098.63345559    0.00    0.00 0  0 0 0 29   41.08001902 -098.62686097    0.00    0.00 0  0 0 0
110   4 1.00   0.00 New Taxiway 2
111  41.08175326 -098.63350754 
112  41.08177067 -098.63347395  41.08178650 -098.63344035 
112  41.08177700 -098.63331857  41.08177700 -098.63323668 
111  41.08174693 -098.63326607 
112  41.08116231 -098.63325327  41.08107193 -098.63326864 
112  41.08087264 -098.63344694  41.08076836 -098.63352380 
112  41.08055285 -098.63347461  41.08046711 -098.63346846 
112  41.08036052 -098.63338853  41.08032344 -098.63337009 
112  41.08026087 -098.63348076  41.08025624 -098.63354532 
111  41.08008476 -098.63350228 
112  41.08008476 -098.63345309  41.08010561 -098.63342850 
111  41.08010330 -098.63338239 
112  41.08012296 -098.63226774  41.08012604 -098.63218591 
112  41.08009212 -098.63209180  41.08009212 -098.63207134 
112  41.08003968 -098.63192404  41.08001809 -098.63188721 
112  41.08002426 -098.63171127  41.08002426 -098.63168672 
112  41.07999959 -098.63162943  41.07997799 -098.63162943 
112  41.07994407 -098.63151896  41.07993790 -098.63145758 
111  41.07999342 -098.63133074 
112  41.08017231 -098.63134710  41.08020007 -098.63136347 
112  41.08023708 -098.63146167  41.08025559 -098.63151486 
112  41.08025250 -098.63160897  41.08026175 -098.63163762 
112  41.08033886 -098.63167444  41.08037896 -098.63168262 
112  41.08053626 -098.63165807  41.08057944 -098.63163762 
112  41.08073983 -098.63142894  41.08080151 -098.63126118 
111  41.08076759 -098.63115070 
111  41.08000575 -098.63112615 
111  41.07998416 -098.63103204 
112  41.07995024 -098.63101976  41.07992865 -098.63102795 
112  41.07988238 -098.63108523  41.07986696 -098.63110978 
112  41.07982686 -098.63102795  41.07978677 -098.63103204 
112  41.07970040 -098.63097885  41.07964489 -098.63091338 
112  41.07976209 -098.63092975  41.07980219 -098.63091747 
112  41.07981144 -098.63085200  41.07982069 -098.63081927 
112  41.07977443 -098.63076608  41.07973742 -098.63072925 
112  41.07976739 -098.63045714  41.07976739 -098.63039278 
112  41.07990548 -098.63055616  41.07992040 -098.63056607 
112  41.07994653 -098.63052151  41.07994653 -098.63051656 
111  41.07991667 -098.63049675 
111  41.07992414 -098.62945209 
111  41.08041304 -098.62944714 
111  41.08037945 -098.63020959 
111  41.08060710 -098.63021949 
112  41.08061830 -098.63006601  41.08061830 -098.63005116 
112  41.08058471 -098.62974420  41.08054366 -098.62959567 
112  41.08042050 -098.62936297  41.08038318 -098.62926395 
112  41.08047275 -098.62938772  41.08048021 -098.62942238 
112  41.08061830 -098.62971449  41.08065562 -098.62982341 
112  41.08066682 -098.63006106  41.08066308 -098.63014028 
111  41.08068921 -098.63024920 
112  41.08080117 -098.63026405  41.08081983 -098.63027396 
112  41.08085715 -098.63028386  41.08086088 -098.63028386 
112  41.08089074 -098.63022445  41.08089074 -098.63019969 
112  41.08083849 -098.63003631  41.08082356 -098.62998185 
112  41.08086461 -098.62986797  41.08087954 -098.62981846 
111  41.08090940 -098.62991748 
112  41.08088701 -098.63002640  41.08088701 -098.63005611 
112  41.08092059 -098.63018484  41.08092806 -098.63021949 
112  41.08091313 -098.63035812  41.08090940 -098.63039278 
112  41.08095792 -098.63055121  41.08100643 -098.63064033 
112  41.08105468 -098.63086966  41.08107010 -098.63094740 
112  41.08111328 -098.63117654  41.08113795 -098.63122564 
112  41.08110711 -098.63166755  41.08110094 -098.63180667 
111  41.08117497 -098.63194989 
112  41.08137237 -098.63224040  41.08145873 -098.63234679 
112  41.08153892 -098.63234270  41.08159752 -098.63235088 
112  41.08173632 -098.63249409  41.08176716 -098.63255138 
112  41.08183810 -098.63276824  41.08184119 -098.63286645 
112  41.08189053 -098.63296465  41.08191829 -098.63300557 
112  41.08191213 -098.63309968  41.08191213 -098.63314469 
112  41.08187820 -098.63317333  41.08185044 -098.63316924 
112  41.08185352 -098.63312832  41.08185352 -098.63314469 
112  41.08186278 -098.63331654  41.08186278 -098.63336155 
113  41.08185969 -098.63351704 
111  41.08178808 -098.63322408 
112  41.08177700 -098.63298051  41.08174535 -098.63291751 
112  41.08169153 -098.63278313  41.08167570 -098.63273904 
112  41.08167412 -098.63262145  41.08165671 -098.63256896 
112  41.08152692 -098.63243247  41.08146203 -098.63241148 
112  41.08139556 -098.63239888  41.08136707 -098.63237788 
112  41.08133858 -098.63237158  41.08130059 -098.63240098 
112  41.08122145 -098.63240728  41.08118663 -098.63241778 
112  41.08113440 -098.63248077  41.08111224 -098.63251856 
112  41.08112965 -098.63256476  41.08115814 -098.63261515 
112  41.08114073 -098.63269074  41.08112016 -098.63269074 
112  41.08106793 -098.63263825  41.08103311 -098.63256056 
112  41.08103469 -098.63245557  41.08101411 -098.63239678 
112  41.08100936 -098.63236318  41.08104260 -098.63237158 
112  41.08112174 -098.63238418  41.08118030 -098.63237578 
111  41.08127210 -098.63235688 
112  41.08131167 -098.63229389  41.08126894 -098.63223090 
112  41.08119296 -098.63215951  41.08117555 -098.63215111 
112  41.08105526 -098.63213641  41.08101095 -098.63208812 
112  41.08095555 -098.63192644  41.08089699 -098.63188234 
112  41.08080108 -098.63175977  41.08070532 -098.63169625 
112  41.08056935 -098.63171911  41.08052530 -098.63172674 
112  41.08048125 -098.63176739  41.08043146 -098.63174960 
112  41.08028208 -098.63179025  41.08023994 -098.63184615 
112  41.08023803 -098.63192745  41.08023611 -098.63195032 
111  41.08023611 -098.63196810 
111  41.08026101 -098.63196810 
112  41.08032996 -098.63201637  41.08030889 -098.63204686 
112  41.08025144 -098.63203670  41.08023228 -098.63203670 
111  41.08023228 -098.63203670 
111  41.08021888 -098.63238223 
112  41.08031847 -098.63246353  41.08032613 -098.63246861 
111  41.08047742 -098.63248132 
111  41.08046785 -098.63333498 
112  41.08056552 -098.63343407  41.08062297 -098.63343661 
112  41.08080299 -098.63344169  41.08085853 -098.63340358 
112  41.08111516 -098.63322827  41.08114580 -098.63320795 
114  41.08120517 -098.63317746  41.08124922 -098.63317746 
111  41.08108261 -098.63146026 
112  41.08108261 -098.63130320  41.08106345 -098.63123622 
112  41.08098859 -098.63121774  41.08093810 -098.63123391 
112  41.08085105 -098.63130782  41.08082842 -098.63134477 
112  41.08079882 -098.63141637  41.08080230 -098.63143485 
113  41.08082493 -098.63145333 
110   3 1.00 113.00 New Taxiway 1
111  41.08185892 -098.63255135 
111  41.08209031 -098.63347224 
112  41.08190744 -098.63348709  41.08180667 -098.63348709 
112  41.08184772 -098.63340292  41.08184026 -098.63336332 
112  41.08184399 -098.63305635  41.08184399 -098.63304150 
112  41.08168725 -098.63274444  41.08165739 -098.63273949 
112  41.08120581 -098.63274939  41.08112371 -098.63275434 
111  41.08114237 -098.63260086 
111  41.08149318 -098.63256125 
112  41.08154543 -098.63241767  41.08161260 -098.63238301 
111  41.08161387 -098.63232527 
112  41.08072718 -098.62943203  41.08068240 -098.62928845 
113  41.08066747 -098.62904585 
14   41.08054128 -098.63148960    6 0 New Tower Viewpoint 12
15   41.08144036 -098.63267334   1.79 New Ramp Start 11
19   41.08230213 -098.63338449 0 New Windsock 13


130 Airport Boundary
111  041.07970047 -098.63098145
111  041.08008575 -098.63349915
111  041.08185959 -098.63351440
111  041.08208847 -098.63346863
111  041.08213043 -098.63345337
111  041.08185959 -098.63255310
113  041.08002090 -098.62686157
99
