A
1000 Generated by Infinite Flight Airport Editing (World Parser)/AB

1      389 0 0 KJYO Leesburg Executive
100   30.48   1   0 0.25 0 2 1 17   39.08511900 -077.56060600    0.00    0.00 2 11 0 0 35   39.07081900 -077.55439200    0.00    0.00 2  0 0 1
21   39.08262709 -077.55906727  2 161.36   3.00 17  PAPI-4L
21   39.07241734 -077.55554198  2 341.36   3.00 35  PAPI-4L
10   39.07821700 -077.55658000 xxx 161.36  5487 0.0 0.0    50 161161  1 0 0 0.35 0
10   39.07640100 -077.55484000 xxx 161.36   800 0.0 0.0   400 101101  1 0 0 0.35 0
10   39.08158500 -077.55709800 xxx 161.36   850 0.0 0.0   200 101101  1 0 0 0.25 0
10   39.07850300 -077.55618300 xxx 161.36   700 0.0 0.0   166 101101  1 0 0 0.25 0
10   39.08372100 -077.55788400 xxx 161.36   700 0.0 0.0   120 101101  1 0 0 0.25 0
10   39.07465000 -077.55403900 xxx 251.36   400 0.0 0.0   300 101101  1 0 0 0.25 0
10   39.08499900 -077.55922700 xxx 161.36   310 0.0 0.0   120 161161  1 0 0 0.25 0
10   39.07157900 -077.55338300 xxx 161.36   310 0.0 0.0   120 161161  1 0 0 0.25 0
10   39.08039500 -077.55765500 xxx 251.36   400 0.0 0.0    30 161161  1 0 0 0.35 0
10   39.07677500 -077.55626700 xxx 251.36   300 0.0 0.0    50 161161  1 0 0 0.25 0
10   39.08516300 -077.56005100 xxx 251.36   230 0.0 0.0    50 161161  1 0 0 0.35 0
10   39.07106000 -077.55391700 xxx 251.36   220 0.0 0.0    50 161161  1 0 0 0.35 0
10   39.08291200 -077.55813600 xxx 251.36   220 0.0 0.0    30 161161  1 0 0 0.25 0
10   39.08104700 -077.55748000 xxx 251.36   150 0.0 0.0    30 161161  1 0 0 0.25 0
10   39.07709100 -077.55594600 xxx 161.36   120 0.0 0.0    35 101101  1 0 0 0.25 0
10   39.07459600 -077.55482500 xxx 251.36    60 0.0 0.0    30 161161  1 0 0 0.25 0
10   39.07523300 -077.55513000 xxx 251.36    45 0.0 0.0    40 161161  1 0 0 0.25 0
10   39.07836500 -077.55648800 xxx 251.36    40 0.0 0.0    30 161161  1 0 0 0.25 0
10   39.07755700 -077.55614500 xxx 251.36    40 0.0 0.0    30 161161  1 0 0 0.25 0
14   39.07896800 -077.55749500 0030 0 Tower
15   39.07447100 -077.55451200 340.00 South Ramp
18   39.07460800 -077.55345900 1 BCN
19   39.08529700 -077.55993700 1 WS
19   39.07064400 -077.55506100 1 WS
50 12522 AWOS 3
51 12297 CTAF/UNICOM
52 11855 POTOMAC CLNC DEL
52 13507 POTOMAC CLNC DEL
55 12610 POTOMAC APP/DEP


130 Airport Boundary
111  039.07081985 -077.55438995
111  039.08511734 -077.56060791
111  039.08516312 -077.56005096
111  039.08499908 -077.55922699
111  039.08372116 -077.55788422
111  039.07464981 -077.55403900
111  039.07157898 -077.55338287
113  039.07106018 -077.55391693
99
