A
1000 Generated by Infinite Flight Airport Editing (World Parser)/AB

1     5160 0 1 CO55 CHRISTMAN FIELD
100   18.29   1   0 0.25 0 0 0 16   40.60261900 -105.14478300    0.00    0.00 2  0 0 0 34   40.59179200 -105.14240000    0.00    0.00 2  0 0 0
110   1 0.30 170.51 Default taxiway for RWY 16
111  40.60260581 -105.14488698   3 
111  40.60253761 -105.14542441   3 
111  40.59171063 -105.14304091   3 
111  40.59177883 -105.14250357 
112  40.59194116 -105.14253931  40.59185962 -105.14252436   3 
111  40.59184335 -105.14265262   3 
112  40.59182164 -105.14282364  40.59180536 -105.14295190   3 
111  40.59188652 -105.14296977   3 
111  40.59709710 -105.14411683   3 
111  40.59715174 -105.14368634 
111  40.59723290 -105.14370421   3 
111  40.59717826 -105.14413470   3 
112  40.60238884 -105.14528177  40.60247001 -105.14529963   3 
111  40.60248629 -105.14517135   3 
112  40.60250800 -105.14500031  40.60252427 -105.14487203   3 
113  40.60244348 -105.14485125 
120 Default hold RWY 16 (near)
111  40.60257830 -105.14510370   4 
115  40.60249714 -105.14508583 
120 Default hold RWY 16 (centre)
111  40.59720539 -105.14392092   4 
115  40.59712423 -105.14390305 
120 Default hold RWY 16 (far)
111  40.59183249 -105.14273813   4 
115  40.59175132 -105.14272026 
19   40.60282203 -105.14449803 1 WS
19   40.59158898 -105.14268493 1 WS
51 12330 UNICOM


130 Airport Boundary
111  040.59170914 -105.14304352
111  040.60253906 -105.14542389
111  040.60261917 -105.14478302
111  040.59179306 -105.14240265
113  040.59177780 -105.14250183
99
