A
1000 Generated by Infinite Flight Airport Editing (World Parser)/AB

1      140 0 0 YIFY Iffley
100   21.95   4   0 0.00 0 0 0 12  -18.89562830  141.20838175    0.00    0.00 2  0 0 0 30  -18.89925733  141.21359251    0.00    0.00 2  0 0 0
110   4 0.25   0.00 New Taxiway 32
111 -18.89580221  141.20873927 
112 -18.89566867  141.20870127 -18.89558650  141.20867955 
112 -18.89551973  141.20861984 -18.89551973  141.20853841 
112 -18.89545809  141.20840269 -18.89555054  141.20828869 
112 -18.89546323  141.20819098 -18.89563272  141.20816926 
112 -18.89567895  141.20827783 -18.89574058  141.20837012 
114 -18.89583817  141.20847326 -18.89582276  141.20857641 
14  -18.89568408  141.20883698    6 0 New Tower Viewpoint 36
15  -18.89549918  141.20850041 166.89 New Ramp Start 35
19  -18.89599738  141.20844069 0 New Windsock 37
51 12670 CTAF


130 Airport Boundary
111 -018.89925766  141.21359253
111 -018.89583778  141.20846558
111 -018.89567947  141.20828247
111 -018.89546394  141.20819092
111 -018.89545822  141.20840454
113 -018.89551926  141.20861816
99
