A
1000 Generated by Infinite Flight Airport Editing (World Parser)/AB

1       88 1 1 ESNY SODERHAMN
100   39.93   1   0 0.25 0 3 0 12   61.26870000  017.08092500    0.00   33.53 2  0 0 0 30   61.25426100  017.11717200   69.49    0.00 3 10 0 0
100   17.07   1   0 0.25 0 0 0 03   61.25756100  017.09281100    0.00  252.98 2  0 0 0 21   61.26380600  017.10061400    0.00  469.39 2  0 0 0
21   61.26784299  017.08430992  2 129.63   3.00 12  PAPI-4L
110   1 0.30 129.63 Default taxiway for RWY 12
111  61.26856335  017.08068962   3 102 
111  61.26786970  017.07949478   3 102 
111  61.25343553  017.11575910   3 102 
111  61.25412918  017.11695338 
112  61.25435835  017.11637763  61.25424204  017.11666252   3 102 
111  61.25407598  017.11637661   3 102 
112  61.25385456  017.11599539  61.25368850  017.11570948   3 102 
111  61.25380308  017.11542160   3 102 
111  61.26073371  017.09800920   3 102 
111  61.26128898  017.09896544 
111  61.26140356  017.09867756   3 102 
111  61.26084829  017.09772131   3 102 
112  61.26777891  017.08030891  61.26789350  017.08002104   3 102 
111  61.26805956  017.08030708   3 102 
112  61.26828098  017.08068847  61.26844704  017.08097451   3 102 
113  61.26833418  017.08126537 
120 Default hold RWY 12 (near)
111  61.26828485  017.08020989   4 
115  61.26817027  017.08049777 
120 Default hold RWY 12 (centre)
111  61.26112506  017.09819794   4 
115  61.26101048  017.09848583 
120 Default hold RWY 12 (far)
111  61.25396527  017.11618600   4 
115  61.25385068  017.11647388 
18   61.26245141  017.10072104 1 BCN
19   61.25754797  017.09223577 1 WS
19   61.26934326  017.08106254 1 WS
19   61.26381900  017.10118934 1 WS
19   61.25361778  017.11703380 1 WS
54 13535 AFIS


130 Airport Boundary
111  061.25343704  017.11575890
111  061.25756073  017.09281158
111  061.26786804  017.07949448
111  061.26869965  017.08092499
111  061.26380539  017.10061455
111  061.25426102  017.11717224
111  061.25412750  017.11695290
113  061.25384903  017.11647415
99
