A
1000 Generated by Infinite Flight Airport Editing (World Parser)/AB

1      840 0 1 6NA9 Sky Ranch
100    9.14   1   0 0.25 0 0 0 17   47.89687080 -097.11406153    0.00    0.00 2  0 0 0 35   47.88975642 -097.11331959    0.00    0.00 2  0 0 0
110   1 0.30 176.00 Default taxiway for RWY 17
111  47.89686809 -097.11411940   3 
111  47.89685358 -097.11442884   3 
111  47.88973920 -097.11368675   3 
111  47.88975371 -097.11337735 
112  47.88983580 -097.11338591  47.88979460 -097.11338498   3 
111  47.88979116 -097.11345843   3 
112  47.88978656 -097.11355637  47.88978312 -097.11362982   3 
111  47.88982416 -097.11363410   3 
111  47.89327874 -097.11399444   3 
111  47.89329038 -097.11374624 
111  47.89333142 -097.11375052   3 
111  47.89331978 -097.11399872   3 
112  47.89677436 -097.11435906  47.89681541 -097.11436334   3 
111  47.89681885 -097.11428988   3 
112  47.89682345 -097.11419193  47.89682689 -097.11411847   3 
113  47.89678600 -097.11411084 
120 Default hold RWY 17 (near)
111  47.89686219 -097.11424518   4 
115  47.89682115 -097.11424090 
120 Default hold RWY 17 (centre)
111  47.89332552 -097.11387629   4 
115  47.89328448 -097.11387201 
120 Default hold RWY 17 (far)
111  47.88978886 -097.11350740   4 
115  47.88974781 -097.11350312 
19   47.89696150 -097.11388644 1 WS
19   47.88966572 -097.11349466 1 WS


130 Airport Boundary
111  047.88973999 -097.11368561
111  047.89685440 -097.11442566
111  047.89686966 -097.11412048
111  047.89686966 -097.11405945
113  047.88975525 -097.11331940
99
