A
1000 Generated by Infinite Flight Airport Editing (World Parser)/AB

1      380 0 1 EDTK Karlsruhe Forchheim
100   29.87   1   0 0.25 0 2 0 03   48.97600479  008.32785143    0.00    0.00 2 12 0 0 21   48.98340681  008.33436277    0.00    0.00 2 12 0 0
100   29.87   3   0 0.25 0 0 0 03R  48.97650146  008.32991429    0.00    0.00 1  0 0 0 21L  48.98273474  008.33539751    0.00    0.00 1  0 0 0
110   1 0.30  30.00 Default taxiway for RWY 03
111  48.97593872  008.32802580   3 102 
111  48.97560160  008.32891547   3 102 
111  48.98300380  008.33542600   3 102 
111  48.98334092  008.33453620 
112  48.98310812  008.33433145  48.98322339  008.33443680   3 102 
111  48.98314275  008.33464964   3 102 
112  48.98303524  008.33493342  48.98295460  008.33514626   3 102 
111  48.98283820  008.33504388   3 102 
111  48.97942810  008.33204458   3 102 
111  48.97969802  008.33133220 
111  48.97958162  008.33122981   3 102 
111  48.97931170  008.33194220   3 102 
112  48.97590160  008.32894290  48.97578520  008.32884051   3 102 
111  48.97586584  008.32862771   3 102 
112  48.97597335  008.32834396  48.97605399  008.32813115   3 102 
113  48.97617152  008.32823056 
120 Default hold RWY 03 (near)
111  48.97580320  008.32838345   4 
115  48.97591960  008.32848583 
120 Default hold RWY 03 (centre)
111  48.97944610  008.33158749   4 
115  48.97956250  008.33168987 
120 Default hold RWY 03 (far)
111  48.98308900  008.33479153   4 
115  48.98320540  008.33489390 
19   48.97597358  008.32711465 1 WS
19   48.97647026  008.32917751 1 WS
19   48.98343798  008.33509967 1 WS
19   48.98276591  008.33613439 1 WS


130 Airport Boundary
111  048.97560120  008.32891560
111  048.97593689  008.32802582
111  048.97600555  008.32785130
111  048.98340607  008.33436298
111  048.98334122  008.33453655
111  048.98300552  008.33542633
111  048.98273468  008.33539772
113  048.97650146  008.32991409
99
