A
1000 Generated by Infinite Flight Airport Editing (World Parser)/AB

1      743 1 1 KENW KENOSHA RGNL
100   30.48   2   0 0.25 0 3 0 06L  42.59300000 -087.94171100    0.00    0.00 3  8 0 0 24R  42.59966900 -087.92340000    0.00    0.00 2  0 0 1
100   30.48   2   0 0.25 0 3 0 14   42.60189700 -087.93067200    0.00    0.00 2  0 0 1 32   42.59207500 -087.92092200    0.00    0.00 2  0 0 0
100   22.86   1   0 0.25 0 2 0 06R  42.59093600 -087.92806900    0.00    0.00 2  0 0 0 24L  42.59493600 -087.91708300    0.00    0.00 2  0 0 0
21   42.59200368 -087.92605886  2  63.68   3.00 06R PAPI-4L
21   42.60062566 -087.92889125  1 143.84   3.00 14  VASI
21   42.59386851 -087.91909346  2 243.69   3.00 24L PAPI-4L
21   42.59857064 -087.92538983  2 243.68   3.00 24R PAPI-4L
21   42.59334648 -087.92270229  1 323.85   3.00 32  VASI
10   42.59072880 -087.92769620 xxx 153.65   200 0.0 0.0    90 161161  2 0 0 0.25 0
10   42.60158920 -087.93099210 xxx  53.79   200 0.0 0.0   100 161161  2 0 0 0.25 0
10   42.59462740 -087.91700740 xxx 153.65   200 0.0 0.0   100 161161  2 0 0 0.25 0
10   42.59417340 -087.93103030 xxx  63.65   800 0.0 0.0   220 161161  2 0 0 0.25 0
10   42.59543610 -087.93195340 xxx  63.65  5500 0.0 0.0    80 161161  2 0 0 0.25 0
10   42.59659190 -087.92659760 xxx 143.79  4440 0.0 0.0    80 161161  2 0 0 0.25 0
10   42.59243010 -087.92217250 xxx  63.65  3300 0.0 0.0    70 161161  2 0 0 0.25 0
10   42.59222030 -087.92562870 xxx 143.79  1200 0.0 0.0   100 161161  2 0 0 0.25 0
10   42.59073640 -087.92367550 xxx  63.65   900 0.0 0.0   300 161161  2 0 0 0.25 0
10   42.59959030 -087.92899320 xxx  53.79   200 0.0 0.0   100 161161  2 0 0 0.25 0
10   42.59528730 -087.92640690 xxx  53.79   950 0.0 0.0   100 161161  2 0 0 0.25 0
10   42.59059520 -087.92200470 xxx 143.79   700 0.0 0.0   300 161161  2 0 0 0.25 0
10   42.59399030 -087.92759700 xxx 143.79   500 0.0 0.0   200 161161  2 0 0 0.25 0
10   42.59448620 -087.92881010 xxx 100.00   410 0.0 0.0   100 161161  2 0 0 0.25 0
10   42.59179310 -087.92170720 xxx  53.79   400 0.0 0.0   100 161161  2 0 0 0.25 0
10   42.59193420 -087.92248540 xxx   0.00   300 0.0 0.0   100 161161  2 0 0 0.25 0
10   42.59917070 -087.92323300 xxx 153.65   300 0.0 0.0   100 161161  2 0 0 0.25 0
10   42.59440990 -087.93627170 xxx 153.65   300 0.0 0.0   100 161161  2 0 0 0.25 0
10   42.59259030 -087.94126890 xxx 153.65   300 0.0 0.0   100 161161  2 0 0 0.25 0
10   42.59561540 -087.93027500 xxx 153.65  1000 0.0 0.0   100 161161  2 0 0 0.25 0
18   42.59755370 -087.92474430 1 BCN
19   42.59112016 -087.92850449 1 WS
19   42.59324710 -087.94229283 1 WS
19   42.60236123 -087.93044058 1 WS
19   42.59942181 -087.92281818 1 WS
19   42.59161079 -087.92115345 1 WS
19   42.59475181 -087.91664752 1 WS
50 12717 ASOS
50 12717 ATIS
51 11860 CTAF
51 12295 UNICOM
52 11860 CLNC DEL
53 12187 GND
54 11860 TWR
55 12015 MILWAUKEE APP/DEP


130 Airport Boundary
111  042.59059525 -087.92200470
111  042.59072876 -087.92769623
111  042.59259033 -087.94126892
111  042.59299850 -087.94171143
111  042.60189819 -087.93067169
111  042.59967041 -087.92340088
111  042.59493637 -087.91708374
113  042.59462738 -087.91700745
99
