A
1000 Generated by Infinite Flight Airport Editing (World Parser)/AB

1     2304 0 1 KGDY Grundy Municipal
100   15.24   1   0 0.25 0 1 0 05   37.22978888 -082.12749361    0.00    0.00 2  0 0 0 23   37.23501499 -082.12248305    0.00    0.00 2  0 0 0
21   37.23138130 -082.12638817  2  37.36   3.00 05  PAPI-4L
21   37.23342261 -082.12358868  2 217.36   3.00 23  PAPI-4L
18   37.23269222 -082.12546872 1 BCN
19   37.22980468 -082.12780350 1 WS
19   37.23499917 -082.12217313 1 WS


130 Airport Boundary
111  037.22978973 -082.12749481
113  037.23501587 -082.12248230
99
