I
1050 Generated by WorldEditor 2.1.0r1

1      1 0 0 EBZU Zuienkerke
100 17.98 3 0 0.00 0 0 0 17  51.25730167  003.13947417    0    0 0 0 0 0 35  51.25367849  003.14021839    0    0 0 0 0 0
110 2 0.00 0.0000 New Taxiway 59
111  51.25807447  003.13966763
111  51.25816166  003.13965355
111  51.25815285  003.13951422
113  51.25806565  003.13952830
110 1 0.00 0.0000 New Taxiway 56
111  51.25480406  003.13550082
111  51.25515512  003.13590711
112  51.25515512  003.13590711  51.25516330  003.13591794
112  51.25517828  003.13594062  51.25518553  003.13595204
111  51.25517828  003.13594062
112  51.25517828  003.13594062  51.25522940  003.13602112
111  51.25525704  003.13610944
111  51.25528401  003.13609616
112  51.25519239  003.13589219  51.25512547  003.13579350
111  51.25519239  003.13589219
113  51.25484133  003.13548590
110 2 0.00 0.0000 New Taxiway 55
111  51.25516378  003.13535682
111  51.25515685  003.13530580
111  51.25489193  003.13541185
112  51.25489193  003.13541185  51.25484732  003.13542693
111  51.25482766  003.13536183
111  51.25478220  003.13507192
111  51.25473261  003.13488302
111  51.25465334  003.13437744
111  51.25461436  003.13439305
111  51.25472443  003.13509504
111  51.25470220  003.13510394
111  51.25459096  003.13439450
111  51.25441148  003.13446635
111  51.25454596  003.13532400
111  51.25465557  003.13528012
111  51.25473715  003.13535822
111  51.25475852  003.13550063
112  51.25480406  003.13550082  51.25483323  003.13549122
111  51.25480406  003.13550082
111  51.25484133  003.13548590
113  51.25491048  003.13545822
110 3 0.00 0.0000 New Taxiway 57
111  51.25454596  003.13532400
111  51.25473402  003.13626749
112  51.25473402  003.13626749  51.25474174  003.13629902
111  51.25475255  003.13629710
111  51.25491933  003.13618656
112  51.25491933  003.13618656  51.25493735  003.13616874
112  51.25493539  003.13609774  51.25495598  003.13607443
111  51.25493539  003.13609774
111  51.25498233  003.13604839
112  51.25498233  003.13604839  51.25500636  003.13603468
112  51.25504534  003.13605826  51.25507451  003.13604729
111  51.25504534  003.13605826
111  51.25513058  003.13600694
112  51.25513058  003.13600694  51.25514547  003.13599456
112  51.25515091  003.13594316  51.25516401  003.13593173
111  51.25515091  003.13594316
111  51.25516661  003.13593748
112  51.25516661  003.13593748  51.25517240  003.13593748
111  51.25517828  003.13594062
112  51.25517828  003.13594062  51.25517103  003.13592920
112  51.25515512  003.13590711  51.25514693  003.13589628
111  51.25515512  003.13590711
111  51.25480406  003.13550082
112  51.25480406  003.13550082  51.25477489  003.13551041
111  51.25475852  003.13550063
111  51.25473715  003.13535822
113  51.25465557  003.13528012
110 3 0.00 0.0000 New Taxiway 58
111  51.25519239  003.13589219
112  51.25519239  003.13589219  51.25525931  003.13599089
111  51.25528401  003.13609616
111  51.25525704  003.13610944
112  51.25525704  003.13610944  51.25526816  003.13616471
112  51.25524098  003.13623903  51.25524963  003.13629233
111  51.25524098  003.13623903
111  51.25608481  003.13936218
111  51.25307616  003.13997457
111  51.25314010  003.14069469
111  51.25815928  003.13968554
112  51.25815928  003.13968554  51.25822190  003.13966909
112  51.25824164  003.13957697  51.25825365  003.13950431
111  51.25824164  003.13957697
112  51.25824164  003.13957697  51.25816700  003.13951391
111  51.25810709  003.13939316
111  51.25796090  003.13904112
112  51.25788114  003.13899246  51.25783109  003.13899913
111  51.25788114  003.13899246
111  51.25621009  003.13933008
112  51.25621009  003.13933008  51.25619457  003.13933103
111  51.25618572  003.13930760
111  51.25531943  003.13612496
112  51.25531943  003.13612496  51.25527406  003.13596661
111  51.25519909  003.13585171
111  51.25491760  003.13550049
111  51.25491048  003.13545822
113  51.25484133  003.13548590
130 Airport Boundary 63
111  51.25790005  003.13888312
111  51.25626108  003.13921755
111  51.25620746  003.13919470
111  51.25554521  003.13680638
111  51.25574534  003.13670926
111  51.25537496  003.13456814
111  51.25574427  003.13435666
111  51.25543900  003.13331293
111  51.25432182  003.13408891
111  51.25472031  003.13639292
111  51.25510392  003.13614632
111  51.25594256  003.13927220
111  51.25296113  003.13986893
111  51.25307239  003.14130175
111  51.25348416  003.14132326
111  51.25375344  003.14136174
111  51.25403145  003.14142252
111  51.25410676  003.14143082
111  51.25434649  003.14141526
111  51.25452869  003.14138995
111  51.25471705  003.14134632
111  51.25487294  003.14131904
111  51.25499260  003.14131707
111  51.25551647  003.14138551
111  51.25636561  003.14161118
111  51.25655709  003.14163749
111  51.25672821  003.14162430
111  51.25744914  003.14145492
111  51.25760652  003.14139273
111  51.25775084  003.14131362
111  51.25852772  003.14062285
111  51.25854958  003.14057126
111  51.25856084  003.14052027
111  51.25856791  003.14045376
111  51.25856906  003.14037929
111  51.25841869  003.13983837
111  51.25834532  003.13964017
111  51.25825241  003.13949046
111  51.25816834  003.13937673
111  51.25808697  003.13921911
111  51.25802119  003.13902667
113  51.25796592  003.13893265
120 Red Line
111  51.25815193  003.13957498 20
111  51.25812074  003.13958001 20
111  51.25811759  003.13953018 20
113  51.25814878  003.13952515 20
120 Linear Feature 62
111  51.25815193  003.13957498 1
115  51.25811759  003.13953018
120 Linear Feature 60
111  51.25809457  003.13957452 20
115  51.25809253  003.13954221
120 Linear Feature 60
111  51.25812112  003.13964297 20
111  51.25811916  003.13961204 20
115  51.25811720  003.13958109
120 Linear Feature 60
111  51.25809679  003.13954880 20
111  51.25809253  003.13954221 20
115  51.25808915  003.13955003
120 Linear Feature 60
111  51.25811428  003.13957134 20
115  51.25809457  003.13957452
120 Linear Feature 60
111  51.25811916  003.13961204 20
115  51.25808042  003.13961830
14  51.25479262  003.13452382  24.00 0 New Tower Viewpoint 19
1300  51.25456960  003.13482848  75.96 hangar jets|turboprops|props General Aviation Hangar
1301 B none 
18  51.25479262  003.13452382 1 New Airport Beacon 20
19  51.25475363  003.13624794 0 New Windsock 21
51 12342 Zuienkerke Radio
99
