A
1000 Generated by Infinite Flight Airport Editing (World Parser)/AB

1       43 0 1 MM30 CAMPO GOBIERNO
100    9.75   1   0 0.25 0 0 0 05   24.65536100 -107.55780600   78.64    0.00 2  0 0 0 23   24.66163900 -107.54670300  110.64    0.00 2  0 0 0
110   1 0.30  58.11 Default taxiway for RWY 05
111  24.65532565 -107.55778180   3 
111  24.65513742 -107.55765293   3 
111  24.66141583 -107.54655048   3 
111  24.66160406 -107.54667935 
112  24.66155769 -107.54676135  24.66157896 -107.54671905   3 
111  24.66153424 -107.54668843   3 
112  24.66147462 -107.54664761  24.66142990 -107.54661699   3 
111  24.66140672 -107.54665799   3 
111  24.65832548 -107.55210672   3 
111  24.65847645 -107.55221008 
111  24.65845326 -107.55225108   3 
111  24.65830229 -107.55214772   3 
112  24.65522105 -107.55759644  24.65519787 -107.55763744   3 
111  24.65524259 -107.55766806   3 
112  24.65530221 -107.55770887  24.65534693 -107.55773949   3 
113  24.65537202 -107.55769980 
120 Default hold RWY 05 (near)
111  24.65524921 -107.55772946   4 
115  24.65527240 -107.55768846 
120 Default hold RWY 05 (centre)
111  24.65837682 -107.55219874   4 
115  24.65840001 -107.55215774 
120 Default hold RWY 05 (far)
111  24.66150443 -107.54666802   4 
115  24.66152762 -107.54662702 
19   24.65542642 -107.55796454 1 WS
19   24.66157358 -107.54654446 1 WS


130 Airport Boundary
111  024.65513802 -107.55765533
111  024.65532494 -107.55778503
111  024.65536118 -107.55780792
111  024.66163826 -107.54669952
111  024.66152763 -107.54662323
113  024.66141510 -107.54654694
99
