I
1050 Generated by WorldEditor 2.1.0r1

1   1981 1 0 IN0024 Baramati
100 30.00 1 0 0.00 1 2 1 11  18.23195344  074.57319024  426    0 3 0 0 0 29  18.22598578  074.59446856  152    0 3 0 0 0
110 1 0.00 0.0000 New Taxiway 3
111  18.22482992  074.59165036 20
111  18.22480674  074.59164385 20
111  18.22493862  074.59097541
111  18.22487010  074.59095448
111  18.22477110  074.59142761
111  18.22465208  074.59157283
111  18.22461755  074.59177101
111  18.22473026  074.59179610
111  18.22470577  074.59191568
111  18.22477556  074.59193391
111  18.22480125  074.59180677
111  18.22491012  074.59183325
111  18.22489483  074.59189938 20
111  18.22497437  074.59192118 20
111  18.22499214  074.59185206 20
111  18.22509256  074.59187889 20
111  18.22507634  074.59195534 20
111  18.22516466  074.59197717 20
111  18.22517650  074.59191061 20
111  18.22527731  074.59193894 20
111  18.22524701  074.59208453 20
111  18.22533203  074.59210417 20
111  18.22536370  074.59196266 20
111  18.22542627  074.59197974
111  18.22546238  074.59184332 20
111  18.22544106  074.59183838 20
111  18.22547417  074.59168249 20
111  18.22539151  074.59166093 20
111  18.22535907  074.59180814 20
111  18.22530679  074.59179477 20
111  18.22534130  074.59164467 20
111  18.22525865  074.59162190 20
111  18.22522591  074.59176611 20
111  18.22517503  074.59175447 20
111  18.22520909  074.59160325 20
111  18.22512171  074.59158100 20
111  18.22509246  074.59173024 20
111  18.22504312  074.59171786 20
111  18.22507216  074.59156264 20
111  18.22498873  074.59153992 20
111  18.22495892  074.59168858 20
111  18.22491412  074.59167638 20
111  18.22494347  074.59152430 20
113  18.22486159  074.59150234 20
110 2 0.00 0.0000 New Taxiway 2
111  18.22600508  074.58854542 3
111  18.22514305  074.58828589 3
111  18.22489400  074.58915244
111  18.22484114  074.58916256
111  18.22455121  074.58906812
111  18.22449034  074.58926712
111  18.22478507  074.58935818
111  18.22479148  074.58934132
111  18.22482672  074.58938517 3
111  18.22468736  074.58990964 3
111  18.22489560  074.58998047 3
111  18.22464494  074.59088415 3
111  18.22479867  074.59093216 20
111  18.22470325  074.59140419 20
111  18.22465653  074.59148734
111  18.22424142  074.59137419
111  18.22417266  074.59175166
111  18.22460536  074.59184102
111  18.22461755  074.59177101
111  18.22465208  074.59157283
111  18.22477110  074.59142761
111  18.22487010  074.59095448 3
111  18.22493862  074.59097541 3
111  18.22529169  074.59108330 3
111  18.22536419  074.59082541 3
111  18.22537065  074.59080241
111  18.22547315  074.59043778 3
111  18.22556003  074.59012869 3
111  18.22556404  074.59011442
111  18.22567931  074.58970434 3
111  18.22587210  074.58901852
113  18.22598605  074.58861313 3
110 1 0.00 0.0000 New Taxiway 1
111  18.23214663  074.57324883
111  18.23177955  074.57313640
112  18.23177955  074.57313640  18.23155244  074.57310419 20
112  18.23158965  074.57344678  18.23171942  074.57356390
111  18.23158965  074.57344678
112  18.23158965  074.57344678  18.23163600  074.57349655 20
111  18.23164745  074.57353926
111  18.22730134  074.58896126
111  18.22707803  074.58905192 3
111  18.22681670  074.58897361 3
111  18.22612359  074.58876591 3
111  18.22598605  074.58861313
111  18.22587210  074.58901852 3
111  18.22607722  074.58895802 3
111  18.22675701  074.58916920 3
111  18.22700308  074.58924564
111  18.22717451  074.58945158
111  18.22701032  074.59005167
111  18.22674755  074.59015383 3
111  18.22650794  074.59008130 3
111  18.22583772  074.58987843 3
111  18.22567931  074.58970434
111  18.22556404  074.59011442
111  18.22556003  074.59012869
111  18.22576272  074.59006824 3
111  18.22644870  074.59028081 3
111  18.22670567  074.59036044
111  18.22686868  074.59058483
111  18.22682062  074.59075853
111  18.22656772  074.59087301 3
111  18.22630877  074.59079725 3
111  18.22558748  074.59057464 3
111  18.22547315  074.59043778
111  18.22537065  074.59080241
111  18.22536419  074.59082541
111  18.22553593  074.59077491 3
111  18.22625085  074.59099188 3
111  18.22650032  074.59106759
112  18.22650032  074.59106759  18.22655504  074.59112790
112  18.22666625  074.59131380  18.22670101  074.59142156
111  18.22666625  074.59131380
111  18.22595969  074.59386742
111  18.22572720  074.59392715
111  18.22571385  074.59396931
111  18.22576502  074.59406886
112  18.22576502  074.59406886  18.22560411  074.59420681 20
112  18.22580618  074.59440732  18.22591712  074.59445122
111  18.22580618  074.59440732
111  18.22618884  074.59452560
111  18.22974047  074.58184185
112  18.22974047  074.58184185  18.23003209  074.58179007
112  18.22986083  074.58141201  18.22965587  074.58134173
113  18.22986083  074.58141201
110 2 0.00 0.0000 New Taxiway 1
111  18.22491012  074.59183325
111  18.22480125  074.59180677
111  18.22477556  074.59193391
111  18.22477154  074.59195519
111  18.22487628  074.59197959
113  18.22489483  074.59189938
130 Boundary
111  18.22511508  074.58812247
111  18.22482278  074.58907364
111  18.22447402  074.58898971
111  18.22437068  074.58932805
111  18.22446421  074.58935327
111  18.22384837  074.59234335
111  18.22400908  074.59237357
111  18.22377376  074.59366670
111  18.22561618  074.59415012
111  18.22555289  074.59441399
111  18.22638992  074.59465318
111  18.23240424  074.57317582
111  18.23144285  074.57288878
113  18.22710252  074.58876880
120 HS1
111  18.22630877  074.59079725 4
115  18.22625085  074.59099188
120 HS2
111  18.22650794  074.59008130 4
115  18.22644870  074.59028081
120 HS3
111  18.22681670  074.58897361 4
115  18.22675701  074.58916920
120 Linear Feature 6
111  18.22537065  074.59080241 3
115  18.22553593  074.59077491
120 Linear Feature 5
111  18.22650032  074.59106759 3
111  18.22662071  074.59110206
112  18.22662071  074.59110206  18.22669310  074.59113433 3
116  18.22674044  074.59130132  18.22673602  074.59138516
120 Linear Feature 2
111  18.22556404  074.59011442 3
115  18.22576272  074.59006824
120 Linear Feature 4
112  18.22739930  074.58897304  18.22734773  074.58905727 3
112  18.22716490  074.58908245  18.22705134  074.58906741
111  18.22716490  074.58908245 3
115  18.22707803  074.58905192
120 Linear Feature 3
111  18.22700308  074.58924564 3
111  18.22711488  074.58927482
112  18.22711488  074.58927482  18.22720909  074.58930764 3
116  18.22724947  074.58947949  18.22725688  074.58957523
120 Linear Feature 1
112  18.22688498  074.59079801  18.22683821  074.59089089 3
112  18.22665374  074.59090237  18.22656281  074.59087846
111  18.22665374  074.59090237 3
115  18.22656772  074.59087301
120 Linear Feature 15
112  18.22513700  074.58990082  18.22520305  074.58981944 1
112  18.22534483  074.58983136  18.22541229  074.58984023
111  18.22534483  074.58983136 1
111  18.22696726  074.59033341
112  18.22696726  074.59033341  18.22703008  074.59036593 1
112  18.22708392  074.59054352  18.22707340  074.59065981
111  18.22708392  074.59054352 1
115  18.22701911  074.59076975
120 Linear Feature 19
112  18.22521676  074.58962543  18.22523167  074.58972461 1
116  18.22534483  074.58983136  18.22541057  074.58986918
120 Linear Feature 14
111  18.22508344  074.59008572 1
111  18.22513700  074.58990082 1
111  18.22521676  074.58962543 1
111  18.22546741  074.58877267
112  18.22546741  074.58877267  18.22549144  074.58871206 1
112  18.22560713  074.58871185  18.22566207  074.58872573
111  18.22560713  074.58871185 1
111  18.22728445  074.58922548
112  18.22728445  074.58922548  18.22735684  074.58925802 1
112  18.22739337  074.58942400  18.22738036  074.58951477
111  18.22739337  074.58942400 1
115  18.22729688  074.58976900
120 Linear Feature 6
111  18.22536687  074.59061799 1
111  18.22524501  074.59058101 1
111  18.22512240  074.59054381 1
111  18.22499105  074.59050395 1
111  18.22489957  074.59047619
112  18.22489957  074.59047619  18.22486253  074.59048236 1
112  18.22482150  074.59053127  18.22480360  074.59055764
111  18.22482150  074.59053127 1
111  18.22480591  074.59058727 1
111  18.22473962  074.59082535
112  18.22473962  074.59082535  18.22473373  074.59085993 1
112  18.22476492  074.59087446  18.22478635  074.59088335
111  18.22476492  074.59087446 1
111  18.22484198  074.59089787 1
111  18.22496132  074.59093411 1
111  18.22508086  074.59097042 1
111  18.22521426  074.59101094
112  18.22521426  074.59101094  18.22523230  074.59101176 1
112  18.22525444  074.59098790  18.22526421  074.59096875
111  18.22525444  074.59098790 1
111  18.22531842  074.59074234 1
111  18.22534696  074.59063279
112  18.22534696  074.59063279  18.22535059  074.59062584 1
112  18.22536687  074.59061799  18.22537556  074.59061584
111  18.22536687  074.59061799 1
111  18.22675872  074.59103979
112  18.22675872  074.59103979  18.22682526  074.59107206 1
112  18.22688755  074.59124324  18.22688198  074.59134538
111  18.22688755  074.59124324 1
115  18.22682331  074.59146444
120 Linear Feature 11
112  18.22524501  074.59058101  18.22523508  074.59057039 1
112  18.22523393  074.59054516  18.22523456  074.59053056
111  18.22523393  074.59054516 1
111  18.22530795  074.59027122 1
115  18.22533672  074.59016477
120 Linear Feature 7
112  18.22536687  074.59061799  18.22535969  074.59060818 1
112  18.22536041  074.59058951  18.22536249  074.59057672
111  18.22536041  074.59058951 1
111  18.22543150  074.59030861 1
111  18.22545850  074.59020191 1
111  18.22533672  074.59016477 1
111  18.22521774  074.59012850 1
111  18.22508305  074.59008742 1
111  18.22495977  074.59004983 1
111  18.22492953  074.59015491 1
111  18.22485924  074.59039919
112  18.22485924  074.59039919  18.22485663  074.59043464 1
116  18.22489957  074.59047619  18.22493160  074.59049099
120 Linear Feature 8
112  18.22524501  074.59058101  18.22523271  074.59057995 1
112  18.22521991  074.59059151  18.22521502  074.59060047
111  18.22521991  074.59059151 1
111  18.22518897  074.59070164 1
111  18.22511689  074.59095828
112  18.22511689  074.59095828  18.22510676  074.59096840 1
116  18.22508086  074.59097042  18.22506611  074.59096850
120 Linear Feature 9
112  18.22512240  074.59054381  18.22510842  074.59054635 1
112  18.22509768  074.59056145  18.22509235  074.59057292
111  18.22509768  074.59056145 1
111  18.22506832  074.59066250 1
111  18.22499332  074.59092068
112  18.22499332  074.59092068  18.22498532  074.59093421 1
116  18.22496132  074.59093411  18.22494590  074.59093182
120 Linear Feature 10
112  18.22499105  074.59050395  18.22497998  074.59050293 1
112  18.22497015  074.59051202  18.22496411  074.59051935
111  18.22497015  074.59051202 1
111  18.22493902  074.59062262 1
111  18.22486429  074.59088812
112  18.22486429  074.59088812  18.22485861  074.59089764 1
116  18.22484198  074.59089787  18.22483175  074.59089711
120 Linear Feature 12
112  18.22512240  074.59054381  18.22511088  074.59053191 1
112  18.22511302  074.59050561  18.22511552  074.59049008
111  18.22511302  074.59050561 1
111  18.22518840  074.59023416 1
115  18.22521774  074.59012850
120 Linear Feature 13
112  18.22499105  074.59050395  18.22498102  074.59049375 1
112  18.22497849  074.59046601  18.22497861  074.59044963
111  18.22497849  074.59046601 1
111  18.22505407  074.59019234 1
115  18.22508305  074.59008742
120 Linear Feature 18
111  18.22670567  074.59036044 3
111  18.22680692  074.59038913
112  18.22680692  074.59038913  18.22688985  074.59042805 3
116  18.22693452  074.59061550  18.22692106  074.59073538
120 Linear Feature 16
112  18.22709336  074.59008875  18.22704413  074.59016247 3
112  18.22686205  074.59018945  18.22676543  074.59016581
111  18.22686205  074.59018945 3
115  18.22674755  074.59015383
120 Linear Feature 20
112  18.22728445  074.58922548  18.22736578  074.58922631 1
112  18.22747289  074.58913286  18.22752025  074.58907123
111  18.22747289  074.58913286 1
115  18.22756138  074.58881788
120 Linear Feature 21
112  18.22696726  074.59033341  18.22705380  074.59033135 1
112  18.22716274  074.59024314  18.22722146  074.59015683
111  18.22716274  074.59024314 1
115  18.22726131  074.58988967
120 Linear Feature 22
111  18.22701911  074.59076975 1
111  18.22696729  074.59094888
112  18.22696729  074.59094888  18.22692657  074.59102384 1
116  18.22675872  074.59103979  18.22667004  074.59101659
120 Linear Feature 2
111  18.22479867  074.59093216 3
115  18.22487010  074.59095448
14  18.22446251  074.59035382  82.02 0 TWR
1300  18.22472836  074.58923133  15.00 hangar jets|turboprops|props Hangar 01
1301 B none 
1300  18.22434648  074.59157295  12.86 hangar props Hangar 02
1301 A none 
1300  18.22485383  074.59183971 281.57 hangar props Hangar 03
1301 A none 
1300  18.22563609  074.58905553 196.00 tie_down jets|turboprops|props Tie Down 01
1301 B general_aviation 
1300  18.22557724  074.58925874 196.00 tie_down jets|turboprops|props Tie Down 02
1301 B general_aviation 
1300  18.22551814  074.58946381 196.00 tie_down jets|turboprops|props Tie Down 03
1301 B general_aviation 
1300  18.22531955  074.58845916  16.00 tie_down jets|turboprops|props Tie Down 04
1301 B general_aviation 
1300  18.22526128  074.58866687  16.00 tie_down jets|turboprops|props Tie Down 05
1301 B general_aviation 
1300  18.22520297  074.58887966  16.00 tie_down jets|turboprops|props Tie Down 06
1301 B general_aviation 
1300  18.22514100  074.58908736  16.00 tie_down jets|turboprops|props Tie Down 07
1301 B general_aviation 
1300  18.22497719  074.58966838  16.00 tie_down jets|turboprops|props Tie Down 08
1301 B general_aviation 
1300  18.22492039  074.58987272  16.00 tie_down jets|turboprops|props Tie Down 09
1301 B general_aviation 
1300  18.22492953  074.59015491 287.00 tie_down props Tie Down 10
1301 A general_aviation 
1300  18.22505407  074.59019234 286.00 tie_down props Tie Down 11
1301 A general_aviation 
1300  18.22518840  074.59023416 286.00 tie_down props Tie Down 12
1301 A general_aviation 
1300  18.22530795  074.59027122 286.00 tie_down props Tie Down 13
1301 A general_aviation 
1300  18.22543150  074.59030861 286.00 tie_down props Tie Down 14
1301 A general_aviation 
1300  18.22480591  074.59058727 286.00 tie_down props Tie Down 15
1301 A general_aviation 
1300  18.22493902  074.59062262 286.00 tie_down props Tie Down 16
1301 A general_aviation 
1300  18.22506832  074.59066250 287.00 tie_down props Tie Down 17
1301 A general_aviation 
1300  18.22518897  074.59070164 287.00 tie_down props Tie Down 18
1301 A general_aviation 
1300  18.22531842  074.59074234 287.00 tie_down props Tie Down 19
1301 A general_aviation 
1300  18.22487954  074.59164229 101.82 tie_down props Tie Down 20
1301 A general_aviation 
1300  18.22500858  074.59167057 101.12 tie_down props Tie Down 21
1301 A general_aviation 
1300  18.22514402  074.59170423 103.71 tie_down props Tie Down 22
1301 A general_aviation 
1300  18.22527810  074.59174100 104.53 tie_down props Tie Down 23
1301 A general_aviation 
1300  18.22541201  074.59177825 104.94 tie_down props Tie Down 24
1301 A general_aviation 
1300  18.22531858  074.59196573 283.60 tie_down props Tie Down 25
1301 A general_aviation 
19  18.22661910  074.58971552 0 WS
54 12925 Baramati Tower
99
