I
1050 Generated by WorldEditor 2.1.0r1

1     82 1 0 YBPN Proserpine Whitsunday Coast
100 45.00 2 0 0.00 1 1 1 11 -20.49047057  148.54441851    0   63 3 0 0 0 29 -20.49823942  148.56252549    0   62 3 0 0 0
110 2 0.00 0.0000 New Taxiway 27
111 -20.49073061  148.55489028
111 -20.49080195  148.55508979
111 -20.49065686  148.55514999
113 -20.49058073  148.55496966
110 2 0.00 0.0000 New Taxiway 26
111 -20.48939761  148.55851600
111 -20.48961605  148.55861594
111 -20.48958113  148.55870684
111 -20.48953204  148.55883462
113 -20.48931919  148.55872614
110 2 0.00 0.0000 New Taxiway 25
111 -20.48970046  148.55821597
111 -20.48958112  148.55816404
111 -20.48963713  148.55802808
113 -20.48975451  148.55807931
110 2 0.00 0.0000 New Taxiway 24
111 -20.49001061  148.55715818
111 -20.49005883  148.55717697
111 -20.49005179  148.55719546
111 -20.49010332  148.55721755
111 -20.49004003  148.55738438
113 -20.48994491  148.55731638
110 1 0.00 0.0000 New Taxiway 3
111 -20.49781562  148.56206710
111 -20.49822657  148.56189506
111 -20.49868810  148.56295882
111 -20.49825935  148.56316795
111 -20.49802687  148.56261799
111 -20.49792741  148.56266365
113 -20.49780633  148.56238166
110 1 0.00 0.0000 New Taxiway 2
111 -20.49002257  148.54397188
111 -20.49044613  148.54376682
111 -20.49068257  148.54432035
111 -20.49079733  148.54426131
111 -20.49091486  148.54452110
111 -20.49090518  148.54483846
113 -20.49050067  148.54503136
110 1 0.00 0.0000 New Taxiway 1
111 -20.48942204  148.55099336
111 -20.49007246  148.55070464
111 -20.49031471  148.55126259
111 -20.49048226  148.55144921
112 -20.49078399  148.55152880 -20.49096627  148.55148463
111 -20.49078399  148.55152880
111 -20.49260612  148.55065168
112 -20.49260612  148.55065168 -20.49281640  148.55049586
111 -20.49274195  148.55022582
111 -20.49276594  148.55028195
111 -20.49306303  148.55097718
111 -20.49306752  148.55098769
112 -20.49306752  148.55098769 -20.49292016  148.55083108
111 -20.49272778  148.55088111
111 -20.49176491  148.55136323
112 -20.49175327  148.55163103 -20.49183384  148.55184102
111 -20.49175327  148.55163103
111 -20.49225238  148.55278111
112 -20.49225238  148.55278111 -20.49230023  148.55295158
111 -20.49225032  148.55309740
111 -20.49028041  148.55808226
112 -20.49028041  148.55808226 -20.49025540  148.55817421
111 -20.49030391  148.55824125
111 -20.49043103  148.55829722
111 -20.49038615  148.55840628
112 -20.49025789  148.55848531 -20.49020988  148.55857141
111 -20.49025789  148.55848531
111 -20.49018033  148.55868380
111 -20.48989468  148.55880708
111 -20.48981631  148.55898287
111 -20.48953204  148.55883462
111 -20.48958113  148.55870684
111 -20.48972996  148.55870530
111 -20.48987229  148.55837297
111 -20.48983752  148.55834644
111 -20.48986450  148.55827699
111 -20.48980251  148.55823646
111 -20.48970046  148.55821597
111 -20.48975451  148.55807931
111 -20.48985059  148.55811641
111 -20.48987576  148.55806313
111 -20.49010707  148.55815822
112 -20.49020693  148.55807621 -20.49024916  148.55800621
111 -20.49020693  148.55807621
111 -20.49065151  148.55694519
111 -20.49080706  148.55654946
111 -20.49064587  148.55638900
111 -20.49069993  148.55626214
111 -20.49091737  148.55625797
111 -20.49149045  148.55483958
112 -20.49149045  148.55483958 -20.49147534  148.55471840
111 -20.49138654  148.55473221
111 -20.49096810  148.55492844
111 -20.49093532  148.55499369
111 -20.49080195  148.55508979
111 -20.49073061  148.55489028
111 -20.49070060  148.55480635
111 -20.49071786  148.55479813
112 -20.49096866  148.55488395 -20.49107207  148.55484605
111 -20.49096866  148.55488395
111 -20.49154566  148.55459926
112 -20.49161634  148.55450316 -20.49164835  148.55443777
111 -20.49161634  148.55450316
111 -20.49168102  148.55433516
111 -20.49151966  148.55417428
111 -20.49157100  148.55404544
111 -20.49179259  148.55405540
111 -20.49219281  148.55306082
112 -20.49220869  148.55286123 -20.49219133  148.55274588
111 -20.49220869  148.55286123
111 -20.49165234  148.55157097
112 -20.49165234  148.55157097 -20.49157774  148.55145459
111 -20.49148920  148.55148301
111 -20.49077200  148.55183035
112 -20.49065598  148.55202397 -20.49061597  148.55218343
111 -20.49065598  148.55202397
111 -20.49056308  148.55290598
111 -20.49028101  148.55304769
111 -20.48976187  148.55189387
113 -20.48957624  148.55140197
110 3 0.00 0.0000 New Taxiway 22
111 -20.48987576  148.55806313
111 -20.48996242  148.55784163
111 -20.48992714  148.55772503
111 -20.49002508  148.55742377
111 -20.49004003  148.55738438
111 -20.49010332  148.55721755
111 -20.49014477  148.55710831
111 -20.49022051  148.55692600
111 -20.49027819  148.55679683
111 -20.49065151  148.55694519
111 -20.49020693  148.55807621
112 -20.49020693  148.55807621 -20.49016950  148.55814995
113 -20.49010707  148.55815822
110 2 0.00 0.0000 New Taxiway 23
111 -20.49022051  148.55692600
111 -20.49011191  148.55687555
111 -20.49016872  148.55675143
113 -20.49027819  148.55679683
130 Airport Boundary 1
111 -20.48893305  148.54351003
111 -20.49085082  148.54259098
111 -20.49863832  148.56056026
111 -20.49901323  148.56037020
111 -20.49911633  148.56067178
111 -20.49876120  148.56084502
111 -20.49989628  148.56341568
111 -20.49785314  148.56441780
111 -20.49514292  148.55801636
111 -20.49445805  148.55726044
111 -20.49390045  148.55723457
111 -20.48850987  148.57073872
111 -20.48683567  148.57064791
111 -20.48902779  148.56542123
111 -20.48994159  148.56007276
111 -20.48858231  148.55965677
111 -20.48983347  148.55639160
112 -20.49002447  148.55522312 -20.49001427  148.55443073
111 -20.48943310  148.55324296
112 -20.48943310  148.55324296 -20.48934808  148.55298579
111 -20.48942969  148.55281801
111 -20.48876461  148.55115303
111 -20.48879266  148.55036860
111 -20.49135190  148.54914170
111 -20.48998039  148.54591444
111 -20.48962043  148.54609481
111 -20.48950465  148.54586271
113 -20.48986653  148.54566741
120 Linear Feature 20
111 -20.49036244  148.55280335 51
115 -20.49031812  148.55277244
120 Linear Feature 21
112 -20.49034370  148.55283646 -20.49007437  148.55269464 52
112 -20.49040534  148.55251196 -20.49053273  148.55255763
111 -20.49040534  148.55251196 52
115 -20.49047344  148.55241979
120 Linear Feature 19
111 -20.49065299  148.55174372 51 101
112 -20.49053422  148.55194658 -20.49052618  148.55205781
111 -20.49053422  148.55194658 51 101
111 -20.49050969  148.55246933
112 -20.49050969  148.55246933 -20.49050638  148.55255126 51
111 -20.49048088  148.55259405 51
111 -20.49036244  148.55280335 51
111 -20.49034370  148.55283646 51
115 -20.49029471  148.55292150
120 Linear Feature 17
111 -20.49011104  148.55235519 51
115 -20.49016183  148.55235901
120 Linear Feature 18
112 -20.49015647  148.55239043 -20.49021945  148.55244777 52
112 -20.49037046  148.55216894 -20.49027136  148.55194797
111 -20.49037046  148.55216894 52
115 -20.49052327  148.55193512
120 Linear Feature 16
111 -20.49077461  148.55168511 51 101
111 -20.49065299  148.55174372 51 101
111 -20.49057664  148.55178133 51 101
111 -20.49019176  148.55204785 51
112 -20.49017504  148.55228158 -20.49023563  148.55240640
111 -20.49017504  148.55228158 51
111 -20.49016183  148.55235901 51
111 -20.49015647  148.55239043 51
115 -20.49012981  148.55254673
120 Linear Feature 14
112 -20.49306303  148.55097718 -20.49289179  148.55079352 53
111 -20.49271109  148.55087124 53
115 -20.49176882  148.55133189
120 Linear Feature 11
111 -20.48985912  148.55183257 51
115 -20.48991221  148.55184615
120 Linear Feature 13
111 -20.49145616  148.55146928 53
111 -20.49139047  148.55149490 53
111 -20.49078267  148.55179985
112 -20.49078267  148.55179985 -20.49066596  148.55185209 53
111 -20.49063853  148.55200004 53
111 -20.49054630  148.55288634 53
111 -20.49029040  148.55301344 53
111 -20.48980482  148.55190327 53
111 -20.48945020  148.55105277 53
111 -20.49007629  148.55077080 53
111 -20.49030100  148.55128404 53
111 -20.49047970  148.55148478 53
112 -20.49079044  148.55156166 -20.49096514  148.55150613
111 -20.49079044  148.55156166 53
111 -20.49262055  148.55067261
112 -20.49262055  148.55067261 -20.49282472  148.55055273 53
115 -20.49276594  148.55028195
120 Linear Feature 12
112 -20.48990550  148.55188151 -20.48993995  148.55192897 52
112 -20.49015031  148.55173465 -20.49014420  148.55152525
111 -20.49015031  148.55173465 52
115 -20.49024237  148.55168190
120 Linear Feature 10
111 -20.49031304  148.55149306 51 101
111 -20.49019443  148.55138659
112 -20.49019443  148.55138659 -20.49002972  148.55136168 51
112 -20.48992417  148.55178316 -20.48999774  148.55199305
111 -20.48992417  148.55178316 51
111 -20.48991221  148.55184615 51
111 -20.48990550  148.55188151 51
115 -20.48987597  148.55203701
120 Linear Feature 9
111 -20.48960417  148.55121904 51
115 -20.48965089  148.55125778
120 Linear Feature 7
112 -20.48962319  148.55129625 -20.48988629  148.55150908 52
111 -20.48992064  148.55119488 52
115 -20.48999746  148.55116242
120 Linear Feature 6
111 -20.49146323  148.55134258 51
116 -20.49163398  148.55143939 -20.49168157  148.55156504
120 Linear Feature 5
111 -20.49167480  148.55125086 51
112 -20.49163398  148.55143939 -20.49168254  148.55157740
111 -20.49163398  148.55143939 51
111 -20.49224002  148.55285064 51
112 -20.49223720  148.55302769 -20.49221043  148.55314520
111 -20.49223720  148.55302769 51
115 -20.49020394  148.55819318
120 Linear Feature 8
111 -20.48961339  148.55130986 52
112 -20.48995638  148.55122552 -20.49004550  148.55088277
111 -20.48995638  148.55122552 52
115 -20.49004945  148.55118689
120 Linear Feature 15
111 -20.49284502  148.55068364 51 101
112 -20.49321988  148.55084718 -20.49334791  148.55109775
111 -20.49321988  148.55084718 51 101
115 -20.49345200  148.55137577
120 Linear Feature 4
111 -20.48957928  148.55135724 51
111 -20.48961339  148.55130986 51
111 -20.48962319  148.55129625 51
111 -20.48965089  148.55125778 51
111 -20.48969937  148.55119045
112 -20.48969937  148.55119045 -20.48968869  148.55112818 51
112 -20.49007139  148.55097967 -20.49035888  148.55110015
111 -20.49007139  148.55097967 51 101
111 -20.49024570  148.55139599 51 101
112 -20.49031304  148.55149306 -20.49034468  148.55152329
111 -20.49031304  148.55149306 51 101
111 -20.49047548  148.55163058 51 101
112 -20.49077461  148.55168511 -20.49094331  148.55164454
111 -20.49077461  148.55168511 51 101
111 -20.49146323  148.55134258 51 101
111 -20.49167480  148.55125086 51 101
111 -20.49284502  148.55068364 51 101
112 -20.49296732  148.55025416 -20.49286230  148.54999730
111 -20.49296732  148.55025416 51 101
115 -20.49275185  148.54976768
21 -20.49754920  148.55974765 2 294.5500 3.00 New Light Fixture 6
21 -20.49129849  148.54750350 2 114.8900 3.00 New Light Fixture 5
1300 -20.48965089  148.55125778  52.56 gate jets Gate 1
1301 C airline 
1300 -20.48991221  148.55184615  78.48 gate jets Gate 2
1301 C airline 
1300 -20.49016183  148.55235901  79.94 gate jets Gate 3
1301 C airline 
1300 -20.49036244  148.55280335  58.86 gate jets Gate 4
1301 C airline 
1300 -20.48952149  148.55873733 156.90 hangar props Hangar 5
1301 A none 
1300 -20.48971633  148.55814406 156.90 hangar props Hangar 4
1301 A none 
1300 -20.49006339  148.55728982 156.90 hangar props Hangar 3
1301 A none 
1300 -20.49023644  148.55685574 156.90 hangar props Hangar 2
1301 A none 
1300 -20.49039640  148.55729161  70.79 tie_down props GA Tie Down 6
1301 A general_aviation 
1300 -20.49026918  148.55724463  70.79 tie_down props GA Tie Down 5
1301 A general_aviation 
1300 -20.49012389  148.55802995 245.70 tie_down props GA Tie Down 4
1301 A general_aviation 
1300 -20.49006188  148.55794382 158.32 tie_down props GA Tie Down 3
1301 A general_aviation 
1300 -20.49007121  148.55777511 158.32 tie_down props GA Tie Down 2
1301 A general_aviation 
1300 -20.49012178  148.55764104 158.32 tie_down props GA Tie Down 1
1301 A general_aviation 
1300 -20.49075057  148.55500149 201.25 hangar props Hangar 1
1301 A none 
18 -20.49423660  148.55182203 1 New Airport Beacon 8
19 -20.49886417  148.56060924 0 New Windsock 3
19 -20.48967249  148.54591819 0 New Windsock 2
19 -20.49240225  148.55537355 1 New Windsock 1
51 12670 CTAF
99
