A
1000 Generated by Infinite Flight Airport Editing (World Parser)

1     1715 0 0 CJH8 Leask
100   21.03   3   0 0.00 0 0 0 08   53.01627061 -106.75488003    0.00    0.00 0  0 0 0 26   53.01596339 -106.74513597    0.00    0.00 0  0 0 0
110   3 0.00   0.00 xxx
111  53.01603593 -106.74516402 
111  53.01634786 -106.74516402 
111  53.01634786 -106.74561998 
112  53.01634786 -106.74561998  53.01617117 -106.74562483 
112  53.01605938 -106.74576670  53.01602767 -106.74590935 
113  53.01605938 -106.74576670 
130 Airport Boundary 3
111  53.01648788 -106.74424619 
111  53.01649016 -106.75630792 
111  53.01571014 -106.75630100 
113  53.01569916 -106.74424844 
15   53.01621358 -106.74540589 180.00 Ramp Start
18   53.01610000 -106.74567000 0 BCN
19   53.01620000 -106.74568000 0 WS

99
