I
1050 Generated by WorldEditor 2.1.0r1

1     52 0 0 LIDF Fano "Enzo e Walter Omiccioli"
100 50.00 3 0 0.25 0 0 0 05  43.81992633  013.01954533    0    0 0 0 0 0 23  43.82800667  013.03211842    0    0 0 0 0 0
110 2 0.00 0.0000 New Taxiway 3
111  43.82163091  013.02612170
111  43.82146258  013.02633116
111  43.82167565  013.02665626
113  43.82184370  013.02644775
110 2 0.00 0.0000 New Taxiway 3
111  43.82111815  013.02533598
111  43.82095112  013.02554512
111  43.82140138  013.02623580
113  43.82156966  013.02602784
110 1 0.00 0.0000 New Taxiway 2
111  43.82122691  013.02200838
111  43.82082879  013.02446472
111  43.82077783  013.02454575
111  43.82101065  013.02491104
112  43.82101473  013.02494327  43.82101294  013.02496217
111  43.82100054  013.02498165
111  43.82093673  013.02505798
111  43.82111815  013.02533598
111  43.82156966  013.02602784
111  43.82163091  013.02612170
111  43.82184370  013.02644775
111  43.82185804  013.02646973
111  43.82196097  013.02634147
111  43.82170995  013.02596513
111  43.82176209  013.02590871
111  43.82202217  013.02585597
111  43.82262277  013.02677538
111  43.82284802  013.02649069
111  43.82264314  013.02618125
111  43.82246940  013.02639793
111  43.82210054  013.02584169
111  43.82303351  013.02565575
112  43.82306327  013.02572587  43.82308784  013.02575596
112  43.82315639  013.02571556  43.82318210  013.02567280
111  43.82317696  013.02562291
112  43.82323798  013.02561246  43.82327808  013.02560581
112  43.82345132  013.02565627  43.82352639  013.02570331
111  43.82368047  013.02582189
111  43.82325738  013.02516649
112  43.82324268  013.02530493  43.82323343  013.02536100
112  43.82314746  013.02543840  43.82308411  013.02544980
111  43.82198905  013.02566277
111  43.82162476  013.02510686
111  43.82170674  013.02500471
111  43.82163172  013.02489267
111  43.82154979  013.02499339
111  43.82113802  013.02435858
112  43.82116311  013.02426638  43.82115621  013.02420798
112  43.82108775  013.02418533  43.82105990  013.02418698
111  43.82103883  013.02421030
111  43.82101969  013.02418575
111  43.82128038  013.02255293
112  43.82136162  013.02244319  43.82142607  013.02241563
113  43.82151520  013.02246501
130 Airport Boundary 1
111  43.81907488  013.01727776
111  43.81880490  013.01733777
111  43.81858076  013.01754604
111  43.81854765  013.01814614
111  43.81882881  013.01940195
111  43.82097421  013.02879984
111  43.82188516  013.02791007
111  43.82489870  013.03263006
111  43.82451240  013.03310960
111  43.82489997  013.03374647
111  43.82489112  013.03389112
111  43.82484513  013.03396467
111  43.82453337  013.03431386
111  43.82488359  013.03488754
111  43.82529544  013.03473493
111  43.82548249  013.03489761
111  43.82584939  013.03457499
111  43.82612002  013.03450634
111  43.82700888  013.03424153
111  43.82762441  013.03392084
111  43.82865849  013.03378601
111  43.82927283  013.03387074
111  43.82937981  013.03389192
111  43.82955493  013.03362982
111  43.82951418  013.03301903
111  43.82948639  013.03115376
111  43.82949861  013.03027676
111  43.82947742  013.02926609
111  43.82931971  013.02846790
111  43.82884915  013.02712808
111  43.82815727  013.02612513
111  43.82219503  013.01679002
111  43.82086585  013.01702085
113  43.81982539  013.01721849
120 Linear Feature 6
111  43.82317471  013.02543101 4
111  43.82318419  013.02552816 4
115  43.82319300  013.02561835
120 Linear Feature 5
111  43.82113464  013.02259546 4
111  43.82120111  013.02261599 4
115  43.82126492  013.02263569
120 Linear Feature 11
111  43.82101822  013.02419758 20
111  43.82100578  013.02427464 20
111  43.82110047  013.02441918 20
111  43.82118224  013.02454398 20
111  43.82126877  013.02467606 20
111  43.82135082  013.02480130 20
111  43.82143389  013.02492810 20
111  43.82165228  013.02526145 20
111  43.82173664  013.02539021 20
111  43.82182236  013.02552105 20
111  43.82192399  013.02567618 20
115  43.82198612  013.02566384
120 Linear Feature 10
111  43.82206443  013.02585474 20
115  43.82244206  013.02643082
120 Linear Feature 9
111  43.82264183  013.02621622 20
111  43.82282240  013.02648987 20
111  43.82262310  013.02673986 20
113  43.82244227  013.02646593 20
120 Linear Feature 8
112  43.82259448  013.02652916  43.82258213  013.02650968 1
112  43.82259927  013.02642273  43.82262773  013.02638662 1
112  43.82267743  013.02643176  43.82269046  013.02645543 1
114  43.82266612  013.02653819  43.82263698  013.02656907 1
120 Linear Feature 12
111  43.82131730  013.02493600 20
111  43.82123599  013.02516113 20
111  43.82140792  013.02507428 20
111  43.82132378  013.02529944 20
111  43.82149769  013.02521123 20
111  43.82141379  013.02543497 20
111  43.82158812  013.02534913 20
111  43.82150423  013.02557057 20
111  43.82167911  013.02548783 20
111  43.82159223  013.02571000 20
115  43.82176776  013.02562284
120 Linear Feature 7
111  43.82318419  013.02552816 1
112  43.82208462  013.02574661  43.82200712  013.02576098 1
112  43.82190709  013.02576059  43.82187453  013.02575489 1
112  43.82181101  013.02568847  43.82177947  013.02564144
111  43.82181101  013.02568847
112  43.82181101  013.02568847  43.82180704  013.02568255 1
112  43.82176776  013.02562284  43.82174385  013.02558647
111  43.82176776  013.02562284
112  43.82176776  013.02562284  43.82174507  013.02558833 1
112  43.82167911  013.02548783  43.82164351  013.02543359
111  43.82167911  013.02548783
112  43.82167911  013.02548783  43.82165153  013.02544581 1
112  43.82158812  013.02534913  43.82155541  013.02529926
111  43.82158812  013.02534913
112  43.82158812  013.02534913  43.82155927  013.02530514 1
112  43.82149769  013.02521123  43.82146652  013.02516369
111  43.82149769  013.02521123
112  43.82149769  013.02521123  43.82146824  013.02516630 1
112  43.82140792  013.02507428  43.82137775  013.02502825
111  43.82140792  013.02507428
112  43.82140792  013.02507428  43.82137752  013.02502789 1
112  43.82131730  013.02493600  43.82128752  013.02489055
111  43.82131730  013.02493600
112  43.82131730  013.02493600  43.82115460  013.02468769 1
112  43.82099774  013.02444760  43.82098418  013.02442642
111  43.82099774  013.02444760
112  43.82099774  013.02444760  43.82097820  013.02441707 1
112  43.82094321  013.02432253  43.82093250  013.02426978
111  43.82094321  013.02432253
112  43.82094321  013.02432253  43.82093644  013.02428919 1
112  43.82094281  013.02420832  43.82094966  013.02416416
111  43.82094281  013.02420832
112  43.82094281  013.02420832  43.82096050  013.02409429 1
115  43.82120111  013.02261599
14  43.82086711  013.02493108  32.81 0 Tower
1300  43.82182236  013.02552105 -222.26 tie_down turboprops|props Tie Down 06
1301 A general_aviation 
1300  43.82110047  013.02441918 137.87 tie_down turboprops|props Tie Down 13
1301 A general_aviation 
1300  43.82118224  013.02454398 137.87 tie_down turboprops|props Tie Down 12
1301 A general_aviation 
1300  43.82126877  013.02467606 137.87 tie_down turboprops|props Tie Down 11
1301 A general_aviation 
1300  43.82135082  013.02480130 137.87 tie_down turboprops|props Tie Down 10
1301 A general_aviation 
1300  43.82143389  013.02492810 137.87 tie_down turboprops|props Tie Down 09
1301 A general_aviation 
1300  43.82165228  013.02526145 137.87 tie_down turboprops|props Tie Down 08
1301 A general_aviation 
1300  43.82173664  013.02539021 137.87 tie_down turboprops|props Tie Down 07
1301 A general_aviation 
1300  43.82159223  013.02571000 138.15 tie_down turboprops|props Tie Down 05
1301 A general_aviation 
1300  43.82150423  013.02557057 138.15 tie_down turboprops|props Tie Down 04
1301 A general_aviation 
1300  43.82141379  013.02543497 138.15 tie_down turboprops|props Tie Down 03
1301 A general_aviation 
1300  43.82132378  013.02529944 138.15 tie_down turboprops|props Tie Down 02
1301 A general_aviation 
1300  43.82123599  013.02516113 138.15 tie_down turboprops|props Tie Down 01
1301 A general_aviation 
18  43.82086711  013.02493108 1 New Airport Beacon 1
51 11965 AFIS
99
