I
1000 Generated by WorldEditor

1     75 1 0 EBOT [X] Oud Turnhout
100 18.29 2 0 0.25 0 2 0 05  51.31807505  005.01032608    0    0 2 0 0 0 23  51.32265477  005.01809497    0    0 2 0 0 0
100 30.48 3 0 0.25 0 2 0 10  51.32343257  005.00899951    0   61 1 0 0 0 28  51.32342216  005.01586503    0   61 1 0 0 0
130 Airport Boundary 285
111  51.32406754  005.00717705
111  51.31769484  005.00949415
112  51.31814544  005.01145081  51.31820981  005.01155379
111  51.32281231  005.01871106
113  51.32419628  005.01737229
99
