A
1000 Generated by Infinite Flight Airport Editing (World Parser)/AB

1      830 0 1 4B7  SCHROON LAKE
100   18.29   1   0 0.25 0 0 0 16   43.86595300 -073.74585000   30.48    0.00 2  0 0 0 34   43.85916900 -073.73941400    0.00    0.00 2  0 0 0
110   1 0.30 145.63 Default taxiway for RWY 16
111  43.86590781 -073.74594163   3 
111  43.86567423 -073.74641523   3 
111  43.85889041 -073.73997844   3 
111  43.85912399 -073.73950489 
112  43.85925983 -073.73963377  43.85919064 -073.73957190   3 
111  43.85913489 -073.73968494   3 
112  43.85906055 -073.73983565  43.85900479 -073.73994868   3 
111  43.85907271 -073.74001312   3 
111  43.86229482 -073.74307041   3 
111  43.86248194 -073.74269103 
111  43.86254986 -073.74275548   3 
111  43.86236274 -073.74313486   3 
112  43.86558485 -073.74619213  43.86565277 -073.74625658   3 
111  43.86570853 -073.74614354   3 
112  43.86578287 -073.74599281  43.86583862 -073.74587976   3 
113  43.86577197 -073.74581274 
120 Default hold RWY 16 (near)
111  43.86581362 -073.74613261   4 
115  43.86574570 -073.74606817 
120 Default hold RWY 16 (centre)
111  43.86245567 -073.74294646   4 
115  43.86238775 -073.74288201 
120 Default hold RWY 16 (far)
111  43.85909772 -073.73976029   4 
115  43.85902980 -073.73969585 
19   43.86622822 -073.74569627 1 WS
19   43.85889379 -073.73956774 1 WS
51 12290 CTAF


130 Airport Boundary
111  043.85889053 -073.73997498
111  043.86567307 -073.74641418
111  043.86590958 -073.74594116
111  043.86595154 -073.74584961
111  043.85916901 -073.73941040
113  043.85912323 -073.73950195
99
