A
1000 Generated by Infinite Flight Airport Editing (World Parser)/AB

1     2582 1 1 HBBA BUJUMBURA INTL
100   45.11   1   0 0.25 0 3 0 17  -03.30798900  029.31600600    0.00   18.29 3 10 0 0 35  -03.34004700  029.32103600    0.00   18.29 2 10 0 0
21  -03.31076625  029.31682090  1 171.10   3.00 17  VASI
21  -03.33832670  029.32038690  1 351.10   3.00 35  VASI
10  -03.31996940  029.31806180 xxx  40.00   100 0.0 0.0   100 161161  1 0 0 0.25 0
10  -03.33150740  029.32240100 xxx 108.00   300 0.0 0.0   200 101101  1 0 0 0.25 0
10  -03.33972930  029.32128720 xxx 171.10   300 0.0 0.0   100 161161  1 0 0 0.25 0
10  -03.32467460  029.31898500 xxx 143.00   135 0.0 0.0   110 161161  1 0 0 0.25 0
10  -03.32183910  029.31835560 xxx  30.00   100 0.0 0.0   100 161161  1 0 0 0.25 0
10  -03.32178240  029.31880000 xxx  40.00   101 0.0 0.0   100 161161  1 0 0 0.25 0
10  -03.32369070  029.32379530 xxx 150.00   114 0.0 0.0    90 101101  1 0 0 0.25 0
10  -03.32485410  029.31915280 xxx 127.00   100 0.0 0.0   110 161161  1 0 0 0.25 0
10  -03.32501390  029.31938930 xxx 119.00   120 0.0 0.0   100 161161  1 0 0 0.25 0
10  -03.32854870  029.31952100 xxx 164.00   124 0.0 0.0   100 161161  1 0 0 0.25 0
10  -03.32451320  029.31926540 xxx  30.00   140 0.0 0.0   100 161161  1 0 0 0.25 0
10  -03.32832600  029.31939890 xxx 140.00   140 0.0 0.0   100 161161  1 0 0 0.25 0
10  -03.32883210  029.31950000 xxx  20.00   140 0.0 0.0   100 161161  1 0 0 0.25 0
10  -03.32588290  029.32122990 xxx 115.00  1400 0.0 0.0   100 161161  1 0 0 0.25 0
10  -03.33930020  029.31868550 xxx 198.00   161 0.0 0.0    80 101101  1 0 0 0.25 0
10  -03.32476830  029.31925580 xxx 180.00   150 0.0 0.0   100 161161  1 0 0 0.25 0
10  -03.32345440  029.32379530 xxx 198.00   161 0.0 0.0    90 101101  1 0 0 0.25 0
10  -03.30874820  029.31594470 xxx 120.00   200 0.0 0.0   100 161161  1 0 0 0.25 0
10  -03.33924320  029.32106210 xxx 130.00   200 0.0 0.0   100 161161  1 0 0 0.25 0
10  -03.32439660  029.31900020 xxx 260.00   200 0.0 0.0   120 161161  1 0 0 0.25 0
10  -03.31814360  029.31804660 xxx 260.00   200 0.0 0.0   140 161161  1 0 0 0.25 0
10  -03.32013540  029.31830020 xxx 260.00   200 0.0 0.0   148 161161  1 0 0 0.25 0
10  -03.32199600  029.31860350 xxx 260.00   200 0.0 0.0   160 161161  1 0 0 0.25 0
10  -03.33127120  029.32196430 xxx 108.00   300 0.0 0.0    90 161161  1 0 0 0.25 0
10  -03.30831100  029.31572150 xxx 171.10   290 0.0 0.0   100 161161  1 0 0 0.25 0
10  -03.32500430  029.31945420 xxx 130.00   140 0.0 0.0   100 161161  1 0 0 0.25 0
10  -03.31990310  029.31852720 xxx  40.00   100 0.0 0.0   100 161161  1 0 0 0.25 0
10  -03.32424880  029.31874470 xxx  40.00   100 0.0 0.0   100 161161  1 0 0 0.25 0
10  -03.33911110  029.31881900 xxx  70.00   101 0.0 0.0    90 101101  1 0 0 0.25 0
10  -03.32420130  029.31917950 xxx  40.00   100 0.0 0.0   100 161161  1 0 0 0.25 0
10  -03.32224560  029.31845090 xxx  40.00   100 0.0 0.0   100 161161  1 0 0 0.25 0
10  -03.32216020  029.31889530 xxx  40.00   100 0.0 0.0   100 161161  1 0 0 0.25 0
10  -03.32029060  029.31858440 xxx  40.00   100 0.0 0.0   100 161161  1 0 0 0.25 0
10  -03.32034730  029.31810950 xxx  40.00   100 0.0 0.0   100 161161  1 0 0 0.25 0
10  -03.31828740  029.31826210 xxx  36.00   100 0.0 0.0   100 161161  1 0 0 0.25 0
10  -03.31839160  029.31780820 xxx  29.00   100 0.0 0.0   100 161161  1 0 0 0.25 0
10  -03.32109500  029.31954380 xxx 171.16  2440 0.0 0.0   600 101101  2 0 0 0.25 0
14  -03.32596920  029.32265470   30 0 ATC Tower
15  -03.32203100  029.31980130  90.00 Ramp
18  -03.32379569  029.31992665 1 BCN
19  -03.30749370  029.31654568 1 WS
19  -03.34054231  029.32049630 1 WS
53 12190 GND
54 11810 TWR
55 11970 APP


130 Airport Boundary
111 -003.34004688  029.32103539
111 -003.33930016  029.31868553
111 -003.30831099  029.31572151
111 -003.30798888  029.31600571
111 -003.32345438  029.32379532
111 -003.32369065  029.32379532
113 -003.33972931  029.32128716
99
