A
1000 Generated by Infinite Flight Airport Editing (World Parser)/AB

1      129 0 1 VEPU PURNEA
100   45.72   2   0 0.25 0 0 0 09   25.75956400  087.39678900    0.00  152.40 2  0 0 0 27   25.75962500  087.42323100    0.00  182.88 2  0 0 0
21   25.75997250  087.39878625  2  89.85   3.00 09  PAPI-4L
21   25.75921686  087.42123366  2 269.86   3.00 27  PAPI-4L
110   2 0.30  89.85 Default taxiway for RWY 09
111  25.75936053  087.39678960  53 
111  25.75832966  087.39679265  53 
111  25.75839305  087.42323464  53 
111  25.75942392  087.42323159 
112  25.75942282  087.42277474  25.75942112  087.42300317  53 
111  25.75917425  087.42300390  53 
112  25.75884509  087.42300487  25.75859823  087.42300560  53 
111  25.75859768  087.42277718  53 
111  25.75856736  087.41012724  53 
111  25.75939250  087.41012480 
111  25.75939195  087.40989638  53 
111  25.75856681  087.40989882  53 
112  25.75853649  087.39724888  25.75853594  087.39702046  53 
111  25.75878280  087.39701973  53 
112  25.75911196  087.39701876  25.75935883  087.39701803  53 
113  25.75936163  087.39724644 
120 Default hold RWY 09 (near)
111  25.75894683  087.39679082  54 
115  25.75894738  087.39701924 
120 Default hold RWY 09 (centre)
111  25.75897825  087.40989760  54 
115  25.75897880  087.41012602 
120 Default hold RWY 09 (far)
111  25.75900967  087.42300438  54 
115  25.75901022  087.42323281 
19   25.76018007  087.39633034 1 WS
19   25.75900884  087.42368953 1 WS


130 Airport Boundary
111  025.75832939  087.39678955
111  025.75956345  087.39678955
111  025.75962448  087.42323303
113  025.75839233  087.42323303
99
