I
1050 Generated by WorldEditor 2.2.0r2

1   2460 0 0 SCAN San Rafael
100 10.00 1 0 0.00 0 0 0 05 -32.81593049 -070.65008299    0    0 1 0 0 0 23 -32.81202516 -070.64350671    0    0 1 0 0 0
110 1 0.00 0.0000 New Taxiway 2
111 -32.81379616 -070.64658172
111 -32.81366180 -070.64669550
112 -32.81366180 -070.64669550 -32.81363459 -070.64669001
111 -32.81353079 -070.64650504
111 -32.81350975 -070.64652265
111 -32.81353036 -070.64655871
111 -32.81356902 -070.64662636
111 -32.81358960 -070.64666238
111 -32.81363016 -070.64673336
111 -32.81365075 -070.64676939
111 -32.81369050 -070.64683896
111 -32.81371111 -070.64687502
111 -32.81375243 -070.64694733
111 -32.81377302 -070.64698336
111 -32.81381354 -070.64705427
111 -32.81383412 -070.64709029
111 -32.81388293 -070.64717581
111 -32.81390351 -070.64721174
111 -32.81392757 -070.64719266
112 -32.81368265 -070.64673789 -32.81369594 -070.64671664
111 -32.81368265 -070.64673789
113 -32.81382073 -070.64662307
110 2 0.00 0.0000 New Taxiway 39
111 -32.81418541 -070.64848744
111 -32.81421878 -070.64850072
111 -32.81424227 -070.64852100
111 -32.81429029 -070.64841251
111 -32.81429739 -070.64839648
111 -32.81427262 -070.64837324
111 -32.81424053 -070.64835954
113 -32.81420267 -070.64844623
110 2 0.00 0.0000 New Taxiway 31
111 -32.81414676 -070.64751527
111 -32.81415043 -070.64768616
111 -32.81420174 -070.64777513
113 -32.81419588 -070.64748130
110 2 0.00 0.0000 New Taxiway 19
111 -32.81093923 -070.64298178
111 -32.81100201 -070.64293359
111 -32.81102800 -070.64290675
111 -32.81108795 -070.64284791
111 -32.81089496 -070.64253150
111 -32.81082334 -070.64260794
113 -32.81074337 -070.64267840
110 2 0.00 0.0000 New Taxiway 30
111 -32.81117583 -070.64278061
111 -32.81119802 -070.64276080
111 -32.81130459 -070.64266564
111 -32.81127583 -070.64262000
113 -32.81114833 -070.64273451
110 2 0.00 0.0000 New Taxiway 30
111 -32.81104665 -070.64256251
111 -32.81117549 -070.64244749
111 -32.81114673 -070.64240185
113 -32.81101929 -070.64251635
110 2 0.00 0.0000 New Taxiway 30
111 -32.81111361 -070.64267552
111 -32.81124180 -070.64256104
111 -32.81121304 -070.64251540
113 -32.81108622 -070.64262930
110 1 0.00 0.0000 New Taxiway 20
111 -32.81129964 -070.64288028
111 -32.81123312 -070.64276893
111 -32.81121308 -070.64278582
111 -32.81119802 -070.64276080
111 -32.81117583 -070.64278061
111 -32.81111361 -070.64267552
111 -32.81108622 -070.64262930
111 -32.81104665 -070.64256251
111 -32.81101929 -070.64251635
111 -32.81098171 -070.64245291
111 -32.81093618 -070.64249227
111 -32.81088877 -070.64241641
111 -32.81084842 -070.64245296
111 -32.81089496 -070.64253150
111 -32.81082334 -070.64260794
111 -32.81074337 -070.64267840
111 -32.81093923 -070.64298178
111 -32.81100201 -070.64293359
111 -32.81121491 -070.64330566
111 -32.81144939 -070.64311484
111 -32.81146362 -070.64314018
111 -32.81153630 -070.64308325
111 -32.81153168 -070.64307545
111 -32.81160308 -070.64302022
111 -32.81164351 -070.64298889
112 -32.81164351 -070.64298889 -32.81166584 -070.64298142
111 -32.81169268 -070.64300148
111 -32.81200893 -070.64352036
111 -32.81204433 -070.64349061
111 -32.81156477 -070.64269983
111 -32.81145956 -070.64277965
111 -32.81139337 -070.64282988
111 -32.81138778 -070.64282147
111 -32.81138362 -070.64282523
111 -32.81133206 -070.64287175
113 -32.81132420 -070.64285824
112 -32.81149745 -070.64301152 -32.81148028 -070.64299165
111 -32.81149745 -070.64301152
111 -32.81141791 -070.64287772
111 -32.81148586 -070.64282461
111 -32.81151767 -070.64280021
112 -32.81151767 -070.64280021 -32.81155883 -070.64278734
111 -32.81157895 -070.64281037
112 -32.81163571 -070.64293966 -32.81161096 -070.64296418
111 -32.81163571 -070.64293966
113 -32.81153826 -070.64301836
110 2 0.00 0.0000 New Taxiway 8
111 -32.81414042 -070.64836939
111 -32.81428521 -070.64824793
111 -32.81426438 -070.64820083
111 -32.81430292 -070.64817852
111 -32.81427375 -070.64812027
111 -32.81429250 -070.64810788
111 -32.81434250 -070.64812151
111 -32.81426750 -070.64798642
111 -32.81426021 -070.64804591
111 -32.81423938 -070.64806450
111 -32.81420917 -070.64802236
111 -32.81417792 -070.64805211
111 -32.81414668 -070.64801741
111 -32.81406751 -070.64808309
111 -32.81409147 -070.64811779
111 -32.81402481 -070.64817233
111 -32.81405293 -070.64820083
111 -32.81402585 -070.64822438
111 -32.81403731 -070.64823925
111 -32.81401126 -070.64825908
111 -32.81405293 -070.64833096
111 -32.81407168 -070.64832105
111 -32.81408730 -070.64834212
113 -32.81411647 -070.64832229
110 2 0.00 0.0000 New Taxiway 6
111 -32.81396916 -070.64799028
111 -32.81411311 -070.64788442
111 -32.81409503 -070.64785344
111 -32.81412396 -070.64783192
111 -32.81417170 -070.64783881
111 -32.81411239 -070.64772003
111 -32.81409864 -070.64776995
111 -32.81406826 -070.64779405
111 -32.81405307 -070.64776048
113 -32.81390913 -070.64786463
110 2 0.00 0.0000 New Taxiway 7
111 -32.81382255 -070.64781609
111 -32.81394045 -070.64773088
111 -32.81392671 -070.64766724
111 -32.81392117 -070.64764156
111 -32.81391005 -070.64762273
111 -32.81390398 -070.64761245
111 -32.81386522 -070.64755358
111 -32.81373791 -070.64764396
113 -32.81379650 -070.64772572
110 1 0.00 0.0000 New Taxiway 38
111 -32.81427135 -070.64743033
112 -32.81427135 -070.64743033 -32.81428450 -070.64742615
111 -32.81430310 -070.64743536
111 -32.81427470 -070.64738754
111 -32.81424532 -070.64733808
112 -32.81423948 -070.64737284 -32.81423044 -070.64738373
111 -32.81423948 -070.64737284
112 -32.81404821 -070.64750070 -32.81402580 -070.64749298
111 -32.81401857 -070.64747401
111 -32.81399190 -070.64749352
111 -32.81394154 -070.64753037
111 -32.81389010 -070.64756800
111 -32.81391094 -070.64760621
111 -32.81390398 -070.64761245
111 -32.81386522 -070.64755358
111 -32.81373791 -070.64764396
111 -32.81379650 -070.64772572
111 -32.81382255 -070.64781609
111 -32.81374993 -070.64786403
112 -32.81387074 -070.64816382 -32.81391715 -070.64825275
112 -32.81406695 -070.64842504 -32.81412602 -070.64846951
111 -32.81420267 -070.64844623
111 -32.81424053 -070.64835954
111 -32.81427262 -070.64837324
111 -32.81429739 -070.64839648
111 -32.81429029 -070.64841251
111 -32.81431271 -070.64843046
112 -32.81439167 -070.64834321 -32.81443437 -070.64833090
111 -32.81439167 -070.64834321
112 -32.81449732 -070.64834901 -32.81451582 -070.64837570
111 -32.81449732 -070.64834901
111 -32.81454522 -070.64843100
111 -32.81456899 -070.64841407
111 -32.81420174 -070.64777513
111 -32.81415043 -070.64768616
111 -32.81414676 -070.64751527
113 -32.81419588 -070.64748130
111 -32.81390913 -070.64786463
111 -32.81405307 -070.64776048
111 -32.81406826 -070.64779405
111 -32.81409864 -070.64776995
111 -32.81411239 -070.64772003
111 -32.81417170 -070.64783881
111 -32.81412396 -070.64783192
111 -32.81409503 -070.64785344
111 -32.81411311 -070.64788442
113 -32.81396916 -070.64799028
111 -32.81414668 -070.64801741
111 -32.81417792 -070.64805211
111 -32.81420917 -070.64802236
111 -32.81423938 -070.64806450
111 -32.81426021 -070.64804591
111 -32.81426750 -070.64798642
111 -32.81434250 -070.64812151
111 -32.81429250 -070.64810788
111 -32.81427375 -070.64812027
111 -32.81430292 -070.64817852
111 -32.81426438 -070.64820083
111 -32.81428521 -070.64824793
111 -32.81414042 -070.64836939
111 -32.81411647 -070.64832229
111 -32.81408730 -070.64834212
111 -32.81407168 -070.64832105
111 -32.81405293 -070.64833096
111 -32.81401126 -070.64825908
111 -32.81403731 -070.64823925
111 -32.81402585 -070.64822438
111 -32.81405293 -070.64820083
111 -32.81402481 -070.64817233
111 -32.81409147 -070.64811779
113 -32.81406751 -070.64808309
110 2 0.00 0.0000 New Taxiway 5
111 -32.81358960 -070.64666238
111 -32.81356902 -070.64662636
111 -32.81348832 -070.64669331
113 -32.81351008 -070.64672954
110 2 0.00 0.0000 New Taxiway 5
111 -32.81353036 -070.64655871
111 -32.81350975 -070.64652265
111 -32.81342907 -070.64658952
113 -32.81345084 -070.64662576
110 2 0.00 0.0000 New Taxiway 5
111 -32.81390351 -070.64721174
111 -32.81388293 -070.64717581
111 -32.81380238 -070.64724272
113 -32.81382414 -070.64727895
110 2 0.00 0.0000 New Taxiway 5
111 -32.81383412 -070.64709029
111 -32.81381354 -070.64705427
111 -32.81373272 -070.64712129
113 -32.81375449 -070.64715752
110 2 0.00 0.0000 New Taxiway 5
111 -32.81377302 -070.64698336
111 -32.81375243 -070.64694733
111 -32.81367188 -070.64701416
113 -32.81369364 -070.64705039
110 2 0.00 0.0000 New Taxiway 5
111 -32.81371111 -070.64687502
111 -32.81369050 -070.64683896
111 -32.81360991 -070.64690581
113 -32.81363168 -070.64694205
110 2 0.00 0.0000 New Taxiway 5
111 -32.81365075 -070.64676939
111 -32.81363016 -070.64673336
111 -32.81354987 -070.64679996
113 -32.81357164 -070.64683619
130 Airport Boundary 1
111 -32.80993697 -070.64225471
111 -32.81060310 -070.64309417
111 -32.81169855 -070.64385938
111 -32.81258082 -070.64605831
111 -32.81350953 -070.64741742
111 -32.81388102 -070.64846718
111 -32.81480096 -070.64923429
111 -32.81523694 -070.65069929
111 -32.81589632 -070.65194795
111 -32.81583948 -070.65274735
111 -32.81734511 -070.65335139
111 -32.81911894 -070.65190380
111 -32.81139951 -070.63967271
113 -32.81016893 -070.64176847
120 Linear Feature 46
111 -32.81146362 -070.64314018 20
115 -32.81153630 -070.64308325
120 Linear Feature 44
111 -32.81153630 -070.64308325 20
111 -32.81153168 -070.64307545 20
111 -32.81152143 -070.64305813 20
111 -32.81140313 -070.64285822 20
115 -32.81138362 -070.64282523
120 Linear Feature 43
111 -32.81145956 -070.64277965 4
115 -32.81148586 -070.64282461
120 Linear Feature 40
111 -32.81158136 -070.64298354 4
115 -32.81160308 -070.64302022
120 Linear Feature 29
111 -32.81165040 -070.64295547 1
115 -32.81152143 -070.64305813
120 Linear Feature 14
111 -32.81391005 -070.64762273 20
115 -32.81398139 -070.64756992
120 Linear Feature 15
111 -32.81392117 -070.64764156 1
111 -32.81406622 -070.64753738 1
115 -32.81427470 -070.64738754
120 Linear Feature 32
111 -32.81404821 -070.64750070 20
111 -32.81406622 -070.64753738 20
115 -32.81408116 -070.64756782
120 Linear Feature 13
111 -32.81392671 -070.64766724 20
115 -32.81400303 -070.64761268
120 Linear Feature 28
111 -32.81166322 -070.64290807 1
116 -32.81165040 -070.64295547 -32.81162712 -070.64298502
120 Linear Feature 27
111 -32.81169481 -070.64296029 1
116 -32.81165040 -070.64295547 -32.81162209 -070.64297125
120 Linear Feature 26
111 -32.81202516 -070.64350671 1
111 -32.81169481 -070.64296029 1
111 -32.81166322 -070.64290807 1
111 -32.81158678 -070.64278104 1
112 -32.81151571 -070.64276771 -32.81147871 -070.64279087
111 -32.81151571 -070.64276771 1
115 -32.81140313 -070.64285822
14 -32.81294347 -070.64604105  26.25 0 New Tower Viewpoint 4
1300 -32.81388155 -070.64720366 144.64 tie_down props GA Aero SantaMaria 07
1301 A general_aviation 
1300 -32.81381021 -070.64708233 143.81 tie_down props GA Aero SantaMaria 06
1301 A general_aviation 
1300 -32.81374642 -070.64697654 144.90 tie_down props GA Aero SantaMaria 05
1301 A general_aviation 
1300 -32.81368162 -070.64687194 143.45 tie_down props GA Aero SantaMaria 04
1301 A general_aviation 
1300 -32.81362034 -070.64676794 146.82 tie_down props GA Aero SantaMaria 03
1301 A general_aviation 
1300 -32.81356056 -070.64666096 145.68 tie_down props GA Aero SantaMaria 02
1301 A general_aviation 
1300 -32.81349928 -070.64655517 145.81 tie_down props GA Aero SantaMaria 01
1301 A general_aviation 
1300 -32.81104710 -070.64252216 324.36 tie_down props GA Club Aereo 01
1301 A general_aviation 
1300 -32.81111509 -070.64263318 323.13 tie_down props GA Club Aereo 02
1301 A general_aviation 
1300 -32.81118237 -070.64273990 323.13 tie_down props GA Club Aereo 03
1301 A general_aviation 
1300 -32.81390278 -070.64765279 150.11 hangar turboprops|props Rafael reyes 01
1301 A none 
1300 -32.81423349 -070.64811135 145.95 hangar turboprops|props Rafael Reyes 03
1301 A none 
1300 -32.81405222 -070.64784170 147.36 tie_down props Rafael Reyes 02
1301 A general_aviation 
1300 -32.81089690 -070.64259255 142.00 hangar turboprops|props Hangar 01
1301 A none 
1300 -32.81095836 -070.64269046 140.87 hangar turboprops|props Hangar 02
1301 A none 
1300 -32.81103023 -070.64280448 143.39 hangar turboprops|props Hangar 03
1301 A none 
19 -32.81153280 -070.64229281 0 New Windsock 1
51 12880 San Rafael
99
