I
1050 Generated by WorldEditor 2.2.0r2

1     42 0 0 NWWK Koumac
100 24.99 1 0 0.00 0 1 0 06 -20.54829568  164.25075179    0    0 2 0 0 0 24 -20.54444691  164.26049216    0    0 2 0 0 0
110 2 0.00 0.0000 New Taxiway 1
111 -20.54285332  164.25846761
111 -20.54268182  164.25838844
111 -20.54272905  164.25827176
113 -20.54290055  164.25835093
110 2 0.00 0.0000 New Taxiway 1
111 -20.54292501  164.25828802
111 -20.54283455  164.25824627
111 -20.54287712  164.25814111
113 -20.54296757  164.25818287
110 1 1.00 0.0000 New Taxiway 7
111 -20.54261146  164.26016000
111 -20.54210451  164.25993429
111 -20.54217078  164.25976286
111 -20.54237865  164.25922511
111 -20.54257843  164.25931252
112 -20.54257843  164.25931252 -20.54260856  164.25930229
111 -20.54263072  164.25927499
111 -20.54289937  164.25865977
112 -20.54289937  164.25865977 -20.54291653  164.25859406
111 -20.54289185  164.25855497
111 -20.54282967  164.25852791
111 -20.54285332  164.25846761
111 -20.54290055  164.25835093
111 -20.54292501  164.25828802
111 -20.54296757  164.25818287
111 -20.54297766  164.25815766
111 -20.54316764  164.25824649
111 -20.54302268  164.25858678
112 -20.54302268  164.25858678 -20.54298439  164.25863881
112 -20.54292836  164.25868951 -20.54289632  164.25874524
111 -20.54292836  164.25868951
111 -20.54267621  164.25926969
112 -20.54267621  164.25926969 -20.54266497  164.25931771
111 -20.54267972  164.25935684
111 -20.54288958  164.25944866
111 -20.54287068  164.25950657
112 -20.54287068  164.25950657 -20.54284761  164.25964684 102
111 -20.54295810  164.25971894 102
111 -20.54385991  164.26011957 102
111 -20.54426507  164.26029955
112 -20.54426507  164.26029955 -20.54437600  164.26032061 102
111 -20.54443704  164.26022698
111 -20.54435073  164.26044395 102
111 -20.54382258  164.26020933 102
111 -20.54293826  164.25981648
112 -20.54293826  164.25981648 -20.54276929  164.25976795 102
111 -20.54270281  164.25991707
113 -20.54267593  164.25998855
110 1 1.00 67.1200 New Taxiway 6
111 -20.54838756  164.25079514 102
111 -20.54842025  164.25080979
112 -20.54842025  164.25080979 -20.54853527  164.25092898 102
111 -20.54845146  164.25106120 102
113 -20.54817652  164.25132644
130 Airport Boundary
111 -20.54820286  164.25459071
111 -20.54781561  164.25456629
111 -20.54674478  164.25716879
111 -20.54706685  164.25837472
111 -20.54807856  164.25931865
111 -20.54371356  164.26233005
111 -20.54126110  164.26113289
111 -20.54207725  164.25874530
111 -20.54271503  164.25771813
111 -20.54337346  164.25799922
111 -20.54512625  164.25439588
111 -20.54536271  164.25443287
111 -20.54722620  164.24970765
113 -20.54971542  164.25086552
120 Linear Feature 10
111 -20.54797954  164.25156201 1
111 -20.54808833  164.25128741
112 -20.54808833  164.25128741 -20.54812633  164.25121940 1
111 -20.54819035  164.25116148 1
111 -20.54842589  164.25096744
112 -20.54842589  164.25096744 -20.54843115  164.25096090 1
111 -20.54843381  164.25095269
112 -20.54843381  164.25095269 -20.54841737  164.25072543 1
116 -20.54818667  164.25101242 -20.54826674  164.25121945
120 Linear Feature 9
111 -20.54252948  164.25956646 2
115 -20.54254965  164.25951196
120 Linear Feature 9
111 -20.54239660  164.25990586 2
115 -20.54241678  164.25985136
120 Linear Feature 9
111 -20.54243645  164.25979792 1
115 -20.54245581  164.25975395
120 Linear Feature 9
111 -20.54256771  164.25947090 1
115 -20.54259549  164.25940781
120 Linear Feature 9
111 -20.54243848  164.25974700 2
115 -20.54239671  164.25972805
120 Linear Feature 9
111 -20.54257322  164.25940828 2
115 -20.54253145  164.25938933
120 Linear Feature 9
111 -20.54240876  164.25950141 1
115 -20.54236699  164.25948246
120 Linear Feature 9
111 -20.54227492  164.25984003 1
115 -20.54223315  164.25982108
120 Linear Feature 8
111 -20.54251196  164.25934001 1
111 -20.54244226  164.25951656 1
111 -20.54230914  164.25985378 1
115 -20.54229382  164.25989261
120 Linear Feature 7
111 -20.54281891  164.25972561 2
115 -20.54251956  164.25959122
120 Linear Feature 6
112 -20.54273298  164.25976123 -20.54269326  164.25979780 1
111 -20.54262671  164.25978751 1
115 -20.54246934  164.25971934
120 Linear Feature 5
111 -20.54382258  164.26020933 4
115 -20.54385991  164.26011957
120 Linear Feature 4
112 -20.54286958  164.25973281 -20.54285158  164.25972646 1
111 -20.54281891  164.25972561
112 -20.54281891  164.25972561 -20.54276790  164.25973015 1
111 -20.54273298  164.25976123 2
111 -20.54270560  164.25979840 2
111 -20.54265974  164.25990853
112 -20.54265974  164.25990853 -20.54261369  164.25999735 2
112 -20.54248807  164.25997667 -20.54243800  164.25995695
111 -20.54248807  164.25997667 2
115 -20.54238788  164.25993327
120 Linear Feature 3
111 -20.54217078  164.25976286 20
115 -20.54267593  164.25998855
120 Linear Feature 2
111 -20.54474165  164.25972954 1
111 -20.54451837  164.26029400
112 -20.54451837  164.26029400 -20.54443956  164.26041682 1
111 -20.54431570  164.26037321 1
111 -20.54286958  164.25973281
112 -20.54286958  164.25973281 -20.54272179  164.25964183 1
112 -20.54269164  164.25941952 -20.54251549  164.25930320
111 -20.54269164  164.25941952 1
115 -20.54260702  164.25938286
21 -20.54703467  164.25299796 2 67.1200 3.50 06 PAPI-4L
21 -20.54572111  164.25824296 2 247.1200 3.50 24 PAPI-4L
14 -20.54209688  164.25974879  25.00 0 Tower
1300 -20.54292657  164.25822547 156.56 hangar props GA Hangar 2
1301 A none 
1300 -20.54284888  164.25839624 156.56 hangar props GA Hangar 1
1301 A none 
1300 -20.54244226  164.25951656  67.16 gate turboprops Stand 2
1301 B airline 
1300 -20.54230914  164.25985378  67.16 gate turboprops Stand 1
1301 B airline 
19 -20.54559482  164.25996351 1 WS
19 -20.54717070  164.25129536 1 WS
99
