A
1000 Generated by Infinite Flight Airport Editing (World Parser)/AB

1      460 0 0 YHEL HELENVALE
100   49.99   3   0 0.25 0 0 0 10  -15.68465270  145.20917756    0.00    0.00 0  0 0 0 28  -15.68771083  145.22338808    0.00    0.00 0  0 0 0
110   4 0.25   0.00 New Taxiway 20
111 -15.68623719  145.21886794 
112 -15.68648167  145.21886024 -15.68648908  145.21892180 
112 -15.68661502  145.21946813 -15.68662984  145.21952969 
112 -15.68671133  145.22029148 -15.68670392  145.22039151 
112 -15.68678247  145.22127179 -15.68682192  145.22145614 
112 -15.68710787  145.22302313 -15.68714731  145.22310507 
112 -15.68710787  145.22334063 -15.68710787  145.22336111 
111 -15.68701913  145.22359667 
112 -15.68817908  145.22451892 -15.68834207  145.22459510 
112 -15.68921524  145.22509893 -15.68941211  145.22518072 
112 -15.69048830  145.22590320 -15.69069829  145.22603952 
112 -15.69132407  145.22632951 -15.69161988  145.22639469 
112 -15.69282107  145.22650642 -15.69301828  145.22646918 
111 -15.69386091  145.22635745 
111 -15.69409397  145.22636676 
111 -15.69351131  145.22651573 
112 -15.69206809  145.22664609 -15.69178124  145.22660884 
112 -15.69099805  145.22633594 -15.69066468  145.22615126 
112 -15.68967937  145.22548949 -15.68952380  145.22541254 
112 -15.68827244  145.22473528 -15.68812902  145.22466079 
112 -15.68490442  145.22193007 -15.68453455  145.22155829 
111 -15.68332835  145.22049332 
112 -15.68269311  145.21988689 -15.68256295  145.21966157 
112 -15.68195555  145.21904195 -15.68174946  145.21903068 
111 -15.67959057  145.21919011 
111 -15.67943176  145.21914513 
112 -15.67982155  145.21902517 -15.67999480  145.21901018 
111 -15.68175608  145.21887523 
112 -15.68221805  145.21904017 -15.68233355  145.21914513 
112 -15.68298320  145.21999982 -15.68309870  145.22007480 
111 -15.68507653  145.22187415 
111 -15.68695394  145.22353193 
112 -15.68703966  145.22344290 -15.68703966  145.22342382 
112 -15.68709707  145.22323096 -15.68709079  145.22319506 
111 -15.68674166  145.22128598 
112 -15.68667475  145.22070829 -15.68667475  145.22065617 
112 -15.68664130  145.22008282 -15.68664548  145.22004373 
112 -15.68658172  145.21953375 -15.68658172  145.21947641 
111 -15.68648052  145.21907985 
113 -15.68623212  145.21907985 
110   3 0.25 102.60 New Taxiway 19
111 -15.68646476  145.21664106 
111 -15.68819533  145.22417474 
111 -15.68809771  145.22425360 
111 -15.68705644  145.22334106 
111 -15.68711067  145.22323966 
111 -15.68660690  145.22048806 
112 -15.68650829  145.22032419 -15.68647871  145.22029347 
112 -15.68639983  145.22015008 -15.68639983  145.22009887 
112 -15.68628150  145.21945364 -15.68628150  145.21941267 
111 -15.68608429  145.21938195 
111 -15.68613359  145.21918735 
111 -15.68579834  145.21861381 
111 -15.68549266  145.21860357 
111 -15.68548280  145.21820414 
112 -15.68581806  145.21797882 -15.68582792  145.21797882 
112 -15.68600541  145.21780471 -15.68613359  145.21774325 
112 -15.68613359  145.21791737 -15.68613359  145.21792761 
113 -15.68634066  145.21793785 
14  -15.68643680  145.21931936    6 0 New Tower Viewpoint 13
15  -15.68638114  145.21870655 213.15 New Ramp Start 11
19  -15.68624199  145.21824405 0 New Windsock 12


130 Airport Boundary
111 -015.69409370  145.22636414
111 -015.68465233  145.20918274
111 -015.67943192  145.21914673
111 -015.68827248  145.22473145
111 -015.69099808  145.22633362
111 -015.69206810  145.22663879
113 -015.69351101  145.22651672
99
