A
1000 Generated by Infinite Flight Airport Editing (World Parser)/AB

1       60 0 1 X06  ARCADIA MUNI
100   22.86   1   0 0.25 0 2 0 05   27.19027800 -081.83972200    0.00    0.00 2  0 0 0 23   27.19666700 -081.83083300    0.00    0.00 2  0 0 0
100   42.67   3   0 0.25 0 0 0 13   27.19500000 -081.84111100  236.22    0.00 1  0 0 0 31   27.18972200 -081.83444400  236.22    0.00 1  0 0 0
110   1 0.30  51.06 Default taxiway for RWY 05
111  27.19019975 -081.83965090   3 102 
111  27.18979798 -081.83928589   3 102 
111  27.19618726 -081.83039737   3 102 
111  27.19658903 -081.83076241 
112  27.19645972 -081.83094229  27.19652263 -081.83085076   3 102 
111  27.19642662 -081.83076353   3 102 
112  27.19629862 -081.83064723  27.19620261 -081.83056000   3 102 
111  27.19613795 -081.83064994   3 102 
111  27.19310495 -081.83486934   3 102 
111  27.19342672 -081.83516168 
111  27.19336206 -081.83525163   3 102 
111  27.19304029 -081.83495929   3 102 
112  27.19000729 -081.83917868  27.18994263 -081.83926863   3 102 
111  27.19003864 -081.83935586   3 102 
112  27.19016664 -081.83947215  27.19026265 -081.83955937   3 102 
113  27.19032906 -081.83947101 
120 Default hold RWY 05 (near)
111  27.19003799 -081.83950394   4 
115  27.19010264 -081.83941400 
120 Default hold RWY 05 (centre)
111  27.19320030 -081.83510467   4 
115  27.19326496 -081.83501472 
120 Default hold RWY 05 (far)
111  27.19636262 -081.83070538   4 
115  27.19642727 -081.83061544 
19   27.19038763 -081.84011897 1 WS
19   27.19568559 -081.84100296 1 WS
19   27.19655733 -081.83043601 1 WS
19   27.18903641 -081.83455207 1 WS
51 12300 CTAF/UNICOM


130 Airport Boundary
111  027.18972206 -081.83444214
111  027.18979836 -081.83928680
111  027.19019890 -081.83965302
111  027.19027710 -081.83972168
111  027.19499969 -081.84111023
111  027.19666672 -081.83083344
111  027.19642639 -081.83061218
113  027.19618797 -081.83039856
99
