I
1050 Generated by WorldEditor 2.3.0r2

1     44 0 0 OIBV Lavan Island
1302 flatten 1
100 45.72 1 0 0.25 0 2 0 11  26.81541023  053.34062164    0   61 3 7 0 0 29  26.80681870  053.36601668    0   61 3 7 0 0
110 2 0.00 0.0000 New Taxiway 68
111  26.81045776  053.34627805
111  26.81027579  053.34681130
111  26.81075640  053.34701514
113  26.81093837  053.34648190
110 2 0.00 0.0000 New Taxiway 67
111  26.80953508  053.34586797
111  26.80931844  053.34652665
111  26.80986256  053.34677093
111  26.80996283  053.34646608
111  26.81001183  053.34631710
113  26.81007921  053.34611226
110 1 0.00 0.0000 New Taxiway 66
111  26.81525773  053.34047763
111  26.81493104  053.34033649
111  26.81475893  053.34085230
111  26.81491767  053.34123759
111  26.81317565  053.34639301
111  26.81297934  053.34631544
111  26.81284438  053.34675535
111  26.81296357  053.34703914
111  26.81292536  053.34714145
112  26.81263795  053.34728954  26.81247894  053.34724146
111  26.81263795  053.34728954
111  26.81096513  053.34658625
111  26.81100530  053.34646597
111  26.81043904  053.34623471
111  26.81036244  053.34646204
111  26.81001183  053.34631710
111  26.80996283  053.34646608
111  26.81031263  053.34660985
111  26.81023748  053.34683286
111  26.81079409  053.34706967
111  26.81084668  053.34694712
111  26.81114009  053.34706495
112  26.81125892  053.34736189  26.81121601  053.34754571
111  26.81125892  053.34736189
111  26.81031184  053.35017096
111  26.81036953  053.35020206
111  26.81024935  053.35056858
112  26.81003829  053.35074288  26.80992085  053.35076939
111  26.81003829  053.35074288
111  26.80990756  053.35115528
111  26.80999520  053.35118883
111  26.80992464  053.35140210
111  26.80995921  053.35141936
111  26.80993867  053.35146974
111  26.80976164  053.35139217
112  26.80965911  053.35110054  26.80967517  053.35092461
111  26.80965911  053.35110054
111  26.80983175  053.35060860
111  26.80927154  053.35037247
111  26.80912215  053.35082213
111  26.80904121  053.35078530
111  26.80881983  053.35145167
111  26.80890077  053.35148849
111  26.80871966  053.35203365
111  26.80926827  053.35225373
111  26.80942675  053.35176850
112  26.80942675  053.35176850  26.80949742  053.35160448
111  26.80971563  053.35162690
111  26.81017274  053.35181869
111  26.81016138  053.35184859
111  26.81014442  053.35184133
111  26.81013033  053.35188086
111  26.81100043  053.35224434
112  26.81111728  053.35248573  26.81109961  053.35264692
111  26.81111728  053.35248573
111  26.80681445  053.36519678
111  26.80646524  053.36537057
111  26.80629172  053.36589392
111  26.80704014  053.36621107
111  26.81570433  053.34063136
113  26.81561203  053.34059158
111  26.81252268  053.34766176
112  26.81263485  053.34798776  26.81259068  053.34819562
111  26.81263485  053.34798776
111  26.81136107  053.35176741
112  26.81136107  053.35176741  26.81128409  053.35193285
111  26.81112075  053.35189116
111  26.81031032  053.35154668
111  26.81034077  053.35150774
112  26.81034077  053.35150774  26.81027723  053.35146928
111  26.81028904  053.35133499
111  26.81157377  053.34749670
112  26.81157377  053.34749670  26.81165454  053.34733268
113  26.81182573  053.34735350
130 Airport Boundary 7
111  26.81513585  053.33509138
111  26.81449861  053.33691633
111  26.81478975  053.33705776
111  26.81450676  053.33782424
111  26.81422784  053.33772159
111  26.81133912  053.34629308
111  26.80952760  053.34556006
111  26.80917197  053.34660380
111  26.80891765  053.34650831
111  26.80782690  053.35396638
111  26.80862726  053.35427843
111  26.80336889  053.36994319
111  26.80626885  053.37113660
111  26.80639589  053.37081361
111  26.80746352  053.37090393
113  26.81900599  053.33673648
120 Linear Feature 6
111  26.81498544  053.34122670 20
111  26.81483217  053.34085911 20
111  26.81496955  053.34043524 20
115  26.81521793  053.34053984
120 Linear Feature 5
111  26.80662501  053.36593900 20
111  26.80638226  053.36583625 20
111  26.80651859  053.36541982 20
115  26.80686110  053.36524176
120 Linear Feature 4
112  26.80963706  053.35146147  26.80957324  053.35144497 1
111  26.80947858  053.35146435 1
111  26.80918403  053.35158755
112  26.80918403  053.35158755  26.80907407  053.35169646 1
112  26.80933916  053.35170746  26.80947564  053.35160955
111  26.80933916  053.35170746 1
111  26.80946091  053.35157985
112  26.80946091  053.35157985  26.80955320  053.35151385 1
115  26.80970553  053.35149058
120 Linear Feature 3
111  26.80970553  053.35149058 1
112  26.80955880  053.35123846  26.80954326  053.35110921
111  26.80955880  053.35123846 1
111  26.80956289  053.35109087 1
111  26.80959726  053.35092036
112  26.80959726  053.35092036  26.80960020  053.35065085 1
112  26.80939517  053.35093961  26.80945015  053.35117283
111  26.80939517  053.35093961 1
115  26.80955880  053.35123846
120 Linear Feature 2
111  26.81123187  053.35213946 1
112  26.81136880  053.35254225  26.81134491  053.35283005
111  26.81136880  053.35254225 1
115  26.81101096  053.35359803
120 Linear Feature 1
111  26.81195761  053.35080835 1
111  26.81159024  053.35188369
112  26.81159024  053.35188369  26.81149353  053.35211940 1
111  26.81123187  053.35213946 1
111  26.80970553  053.35149058 1
111  26.80963706  053.35146147 1
115  26.80926179  053.35130194
120 Linear Feature 71
112  26.81118653  053.35245588  26.81118565  053.35229877 3
111  26.81105795  053.35219614 3
111  26.81091773  053.35213635 3
115  26.81017274  053.35181869
120 Linear Feature 70
112  26.81138234  053.35187608  26.81128517  053.35199769 3
111  26.81112200  053.35196085 3
111  26.81099327  053.35190742 3
115  26.80993867  053.35146974
21  26.81481917  053.34384112 2 110.7600 3.00 New Light Fixture 5
21  26.80742412  053.36279666 2 290.7600 3.00 New Light Fixture 2
1300  26.80992086  053.34636455  20.30 hangar jets|turboprops|props Hangar
1301 C none 
1300  26.80918403  053.35158755 159.44 gate jets|turboprops|props Gate 1
1301 C airline 
1300  26.80939517  053.35093961 -121.62 gate jets|turboprops|props Gate 2
1301 C airline 
19  26.81277605  053.34967389 1 New Windsock 4
19  26.80731771  053.36296704 1 New Windsock 3
54 12210 Lavan Island Tower
99
