A
1000 Generated by Infinite Flight Airport Editing (World Parser)

1       49 0 0 TJCP Benjamin Rivera Noriega
100   14.94   1   0 0.00 0 2 0 13   18.31501793 -065.30760962    0.00    0.00 2  0 0 0 31   18.31156039 -065.30103928   29.87    0.00 2  0 0 0
110   1 0.00 119.00 Taxiway
111  18.31457076 -065.30762191 102 
112  18.31443065 -065.30749906  18.31437927 -065.30740032 
111  18.31443065 -065.30749906 102 
111  18.31289680 -065.30457178 
111  18.31210151 -065.30306057 102 
111  18.31152999 -065.30198579 102 
111  18.31158777 -065.30195380 
111  18.31170376 -065.30217384 102 
111  18.31224096 -065.30318513 
111  18.31243566 -065.30356536 102 
111  18.31336638 -065.30533263 
111  18.31353224 -065.30564912 102 
113  18.31449135 -065.30747121 
110   1 0.00  29.00 Taxiway
111  18.31232155 -065.30146893 102 
111  18.31225262 -065.30132301 102 
112  18.31216479 -065.30122235  18.31212116 -065.30118199 
111  18.31216479 -065.30122235 102 
111  18.31191555 -065.30103918 102 
112  18.31177257 -065.30102901  18.31172111 -065.30105968 
111  18.31177257 -065.30102901 
112  18.31177257 -065.30102901  18.31169334 -065.30108108 102 
111  18.31175132 -065.30124677 102 
111  18.31174720 -065.30124767 
111  18.31162795 -065.30102224 102 
111  18.31172814 -065.30096999 
112  18.31172814 -065.30096999  18.31181685 -065.30091649 102 
111  18.31196772 -065.30098627 102 
111  18.31219184 -065.30115926 
112  18.31219184 -065.30115926  18.31225529 -065.30120208 102 
111  18.31231163 -065.30128340 102 
113  18.31238299 -065.30143319 
110   1 0.00  29.00 Taxiway
111  18.31166391 -065.30137568 102 
111  18.31165801 -065.30137925 102 
112  18.31147123 -065.30135540  18.31138590 -065.30140176 
111  18.31147123 -065.30135540 102 
111  18.31140884 -065.30138699 102 
111  18.31130447 -065.30117849 102 
111  18.31150052 -065.30107788 102 
113  18.31150321 -065.30107620 
110   1 0.00  29.00 Taxiway
111  18.31195934 -065.30193525 102 
111  18.31195335 -065.30193904 102 
112  18.31181298 -065.30190618  18.31175590 -065.30193271 
111  18.31181298 -065.30190618 102 
111  18.31170861 -065.30196305 102 
112  18.31170376 -065.30217384  18.31176110 -065.30231276 
111  18.31170376 -065.30217384 
111  18.31158777 -065.30195380 102 
111  18.31176763 -065.30185016 
112  18.31176763 -065.30185016  18.31183871 -065.30180654 102 
111  18.31182002 -065.30168765 102 
113  18.31182546 -065.30168403 
110   1 0.00  29.00 Taxiway
111  18.31270796 -065.30335733 102 
111  18.31269876 -065.30336069 102 
112  18.31254054 -065.30332003  18.31249006 -065.30334857 
111  18.31254054 -065.30332003 102 
111  18.31247188 -065.30336055 
112  18.31247188 -065.30336055  18.31238076 -065.30341762 102 
111  18.31243566 -065.30356536 
111  18.31224096 -065.30318513 102 
112  18.31243210 -065.30326146  18.31253368 -065.30321153 
111  18.31243210 -065.30326146 102 
111  18.31249527 -065.30323053 
112  18.31249527 -065.30323053  18.31255376 -065.30319875 102 
111  18.31255371 -065.30308498 102 
113  18.31255984 -065.30307981 
110   1 0.00  29.00 Taxiway
111  18.31381583 -065.30546380 102 
111  18.31380936 -065.30546886 102 
112  18.31363517 -065.30542292  18.31356487 -065.30545805 
111  18.31363517 -065.30542292 102 
111  18.31358081 -065.30545136 
112  18.31358081 -065.30545136  18.31349067 -065.30550263 102 
111  18.31353224 -065.30564912 
111  18.31336638 -065.30533263 102 
112  18.31355203 -065.30538684  18.31364217 -065.30533842 
111  18.31355203 -065.30538684 102 
111  18.31360878 -065.30535765 
112  18.31360878 -065.30535765  18.31366827 -065.30532063 102 
111  18.31365892 -065.30518668 102 
113  18.31366472 -065.30518233 
110   1 0.00  29.00 Taxiway
111  18.31495756 -065.30763535 102 
111  18.31494964 -065.30764172 102 
111  18.31476313 -065.30776438 102 
111  18.31470040 -065.30764878 102 
112  18.31467702 -065.30763311  18.31466416 -065.30763525 
111  18.31467702 -065.30763311 
112  18.31467702 -065.30763311  18.31464181 -065.30763881 102 
111  18.31457076 -065.30762191 
111  18.31449135 -065.30747121 102 
112  18.31467055 -065.30754548  18.31476536 -065.30750268 
111  18.31467055 -065.30754548 102 
111  18.31477691 -065.30747335 102 
111  18.31479160 -065.30733994 102 
113  18.31479961 -065.30733413 
110   1 0.00  29.00 Taxiway
111  18.31319927 -065.30312972   3 102 
112  18.31301340 -065.30304034  18.31291500 -065.30307549 
111  18.31301340 -065.30304034   3 102 
111  18.31289689 -065.30310236 
112  18.31289689 -065.30310236  18.31280534 -065.30315914   3 102 
111  18.31284678 -065.30332668 
111  18.31284177 -065.30333118 
111  18.31265041 -065.30296857 
111  18.31265637 -065.30296512   3 102 
112  18.31282298 -065.30303110  18.31287774 -065.30300496 
111  18.31282298 -065.30303110   3 102 
111  18.31296280 -065.30296396 
112  18.31296280 -065.30296396  18.31303724 -065.30291800   3 102 
113  18.31300451 -065.30274918 
110   1 0.00 119.00 Apron
111  18.31335153 -065.30373525 
111  18.31307513 -065.30319758 
111  18.31319927 -065.30312972 
111  18.31300451 -065.30274918 
111  18.31288548 -065.30281506 
111  18.31220252 -065.30153906 
111  18.31232155 -065.30146893 
111  18.31238299 -065.30143319 
111  18.31250716 -065.30136055 
111  18.31310435 -065.30249538 
111  18.31303575 -065.30253363 
111  18.31331417 -065.30305734 
111  18.31347961 -065.30296048 
113  18.31376261 -065.30349602 
110   1 0.00 119.00 Apron
111  18.31289680 -065.30457047 
112  18.31275585 -065.30452417  18.31269220 -065.30455556 
111  18.31275585 -065.30452417 
111  18.31252845 -065.30466297 
111  18.31240093 -065.30442343 
111  18.31235205 -065.30444960 
111  18.31227808 -065.30430254 
111  18.31232442 -065.30428016 
111  18.31207772 -065.30377325 
111  18.31200288 -065.30361432 
111  18.31182985 -065.30369701 
111  18.31178030 -065.30359305 
111  18.31180509 -065.30358060 
111  18.31182881 -065.30362969 
112  18.31182881 -065.30362969  18.31184305 -065.30365970 
111  18.31188408 -065.30363943 
111  18.31196072 -065.30360197 
111  18.31193296 -065.30354767 
111  18.31195081 -065.30348246 
111  18.31190520 -065.30337594 
112  18.31191809 -065.30325270  18.31196480 -065.30322249 
111  18.31191809 -065.30325270 
111  18.31207177 -065.30315759 
112  18.31207177 -065.30315759  18.31211298 -065.30313455 
113  18.31210151 -065.30305926 
111  18.31257408 -065.30440932 
111  18.31256233 -065.30441580 
111  18.31257326 -065.30443647 
111  18.31255364 -065.30444647 
111  18.31254330 -065.30442877 
111  18.31253189 -065.30443467 
111  18.31255979 -065.30448594 
111  18.31257096 -065.30447979 
111  18.31256009 -065.30445884 
111  18.31258024 -065.30444764 
111  18.31259199 -065.30446945 
113  18.31260291 -065.30446269 
110   2 0.00  29.00 Pad
111  18.31207772 -065.30377455 
111  18.31206608 -065.30377990 
111  18.31205438 -065.30375772 
112  18.31201375 -065.30378197  18.31201081 -065.30383025 
111  18.31201375 -065.30378197 
111  18.31202255 -065.30380337 
111  18.31200875 -065.30381092 
111  18.31195967 -065.30370700 
111  18.31185745 -065.30375818 
111  18.31182985 -065.30369832 
113  18.31200288 -065.30361563 
111  18.31198193 -065.30370999 
111  18.31200001 -065.30367633 
111  18.31198361 -065.30364134 
113  18.31195670 -065.30365861 
110  14 0.00   0.00 Helo
111  18.31260291 -065.30446400 
111  18.31259199 -065.30447076 
111  18.31258024 -065.30444894 
111  18.31256009 -065.30446015 
111  18.31257096 -065.30448110 
111  18.31255979 -065.30448725 
111  18.31253189 -065.30443598 
111  18.31254330 -065.30443008 
111  18.31255364 -065.30444778 
111  18.31257326 -065.30443777 
111  18.31256233 -065.30441711 
113  18.31257408 -065.30441063 
110   1 0.00  29.00 H Pad
111  18.31183371 -065.30357938 
111  18.31177758 -065.30343676 
111  18.31186239 -065.30340158 
113  18.31191954 -065.30354183 
110   1 0.00  29.00 H Pad
111  18.31205721 -065.30388119 
111  18.31200313 -065.30390777 
111  18.31200831 -065.30392202 
112  18.31199728 -065.30395240  18.31197899 -065.30396167 
111  18.31196167 -065.30394195 
111  18.31194949 -065.30391371 
111  18.31194026 -065.30391822 
111  18.31193103 -065.30389353 
111  18.31190759 -065.30390303 
111  18.31184428 -065.30376441 
111  18.31195967 -065.30370700 
111  18.31200875 -065.30381092 
113  18.31202255 -065.30380337 
130 Airport Boundary
111  18.31643748 -065.30931278 
111  18.31585706 -065.30903557 
111  18.31492335 -065.30831786 
112  18.31440783 -065.30764192  18.31427444 -065.30734193 
111  18.31440783 -065.30764192 
111  18.31329594 -065.30552445 
111  18.31213677 -065.30457271 
111  18.31098565 -065.30284409 
111  18.31146755 -065.30269120 
111  18.31109625 -065.30092528 
111  18.31112321 -065.30018992 
112  18.31112321 -065.30018992  18.31114288 -065.30009671 
111  18.31122950 -065.30007372 
111  18.31259391 -065.30129684 
111  18.31347061 -065.30288690 
111  18.31391187 -065.30343730 
111  18.31355190 -065.30366969 
113  18.31556943 -065.30741915 
120 RH
111  18.31461759 -065.30762845   4 
111  18.31461787 -065.30755613 
111  18.31353767 -065.30549552   4 
111  18.31349775 -065.30546357   4 
111  18.31349054 -065.30540047 
111  18.31242633 -065.30341576   4 
111  18.31234765 -065.30326816 
111  18.31168703 -065.30200430   4 
115  18.31164275 -065.30192380 
120 TL
111  18.31241668 -065.30332360   1 
111  18.31251162 -065.30326915   1 
111  18.31281789 -065.30309366   1 
111  18.31299389 -065.30299284   1 
112  18.31300720 -065.30268968  18.31290815 -065.30250405 
111  18.31300720 -065.30268968   1 
115  18.31239484 -065.30149036 
120 TL
111  18.31408728 -065.30586114   1 
111  18.31388781 -065.30548209   1 
112  18.31363121 -065.30538483  18.31346250 -065.30544166 
111  18.31363121 -065.30538483 
112  18.31363121 -065.30538483  18.31376099 -065.30527115   1 
111  18.31369976 -065.30512559   1 
115  18.31350028 -065.30474654 
120 TL
111  18.31299054 -065.30373667   1 
111  18.31279106 -065.30335762   1 
112  18.31281789 -065.30309366  18.31290848 -065.30300121 
111  18.31281789 -065.30309366 
112  18.31281789 -065.30309366  18.31268997 -065.30313097   1 
111  18.31260291 -065.30299984   1 
115  18.31240344 -065.30262079 
120 TL
111  18.31297476 -065.30374696   1 
111  18.31277528 -065.30336790   1 
112  18.31251162 -065.30326915  18.31234291 -065.30332599 
111  18.31251162 -065.30326915 
112  18.31251162 -065.30326915  18.31264140 -065.30315547   1 
111  18.31258655 -065.30301038   1 
115  18.31238707 -065.30263132 
120 TL
111  18.31224280 -065.30235689   1 
111  18.31204332 -065.30197783   1 
112  18.31179075 -065.30187924  18.31162204 -065.30193608 
111  18.31179075 -065.30187924 
112  18.31179075 -065.30187924  18.31192053 -065.30176556   1 
111  18.31185571 -065.30162119   1 
115  18.31165624 -065.30124214 
120 TL
111  18.31277675 -065.30444222   1 
111  18.31269427 -065.30449107 
112  18.31269427 -065.30449107  18.31259387 -065.30453352   1 
111  18.31254441 -065.30442181   1 
111  18.31229601 -065.30394723 
111  18.31232124 -065.30380593   1 
111  18.31241017 -065.30375202 
111  18.31220540 -065.30377656   1 
111  18.31202765 -065.30343712   1 
112  18.31203812 -065.30324712  18.31213394 -065.30318317 
111  18.31203812 -065.30324712   1 
111  18.31212094 -065.30319844 
112  18.31212094 -065.30319844  18.31218194 -065.30316684   1 
115  18.31222983 -065.30323969 
120 TL
111  18.31204008 -065.30344297   1 
112  18.31194338 -065.30341424  18.31191362 -065.30335939   1 
111  18.31196900 -065.30331238   1 
114  18.31206653 -065.30334111  18.31209876 -065.30339770   1 
120 TL
111  18.31213930 -065.30363544   1 
112  18.31204260 -065.30360671  18.31201285 -065.30355186   1 
111  18.31206822 -065.30350485   1 
114  18.31216575 -065.30353358  18.31219798 -065.30359017   1 
120 TL
111  18.31223611 -065.30382663   1 
112  18.31213941 -065.30379790  18.31210966 -065.30374305   1 
111  18.31216503 -065.30369604   1 
114  18.31226256 -065.30372477  18.31229479 -065.30378136   1 
120 TL
111  18.31242246 -065.30418225   1 
112  18.31232576 -065.30415352  18.31229601 -065.30409867   1 
111  18.31235138 -065.30405166   1 
114  18.31244891 -065.30408039  18.31248114 -065.30413698   1 
120 TL
111  18.31251255 -065.30434766   1 
112  18.31241585 -065.30431893  18.31238609 -065.30426408   1 
111  18.31244147 -065.30421707   1 
114  18.31253900 -065.30424580  18.31257123 -065.30430239   1 
120 TL
111  18.31260098 -065.30451568   1 
112  18.31250428 -065.30448695  18.31247453 -065.30443210   1 
111  18.31252990 -065.30438509   1 
114  18.31262743 -065.30441382  18.31265966 -065.30447041   1 
120 TL
112  18.31277675 -065.30444222  18.31272090 -065.30448911 
111  18.31277675 -065.30444222 
112  18.31277675 -065.30444222  18.31284397 -065.30441719   1 
111  18.31287095 -065.30446116   1 
113  18.31280489 -065.30433489   1 
120 TL
112  18.31241017 -065.30375202  18.31234910 -065.30380013 
111  18.31241017 -065.30375202 
112  18.31241017 -065.30375202  18.31248202 -065.30372607   1 
111  18.31252320 -065.30379841   1 
113  18.31243507 -065.30363020   1 
120 TL
112  18.31232124 -065.30380593  18.31240420 -065.30378243 
111  18.31232124 -065.30380593 
112  18.31232124 -065.30380593  18.31226173 -065.30387274   1 
111  18.31229601 -065.30394723 
113  18.31220540 -065.30377656   1 
120 TL
112  18.31241668 -065.30332360  18.31252137 -065.30329225 
111  18.31241668 -065.30332360 
112  18.31241668 -065.30332360  18.31233047 -065.30339171   1 
111  18.31237469 -065.30351568   1 
113  18.31224533 -065.30326961   1 
120 TL
112  18.31353013 -065.30544722  18.31363482 -065.30541587 
111  18.31353013 -065.30544722 
112  18.31353013 -065.30544722  18.31344391 -065.30551533   1 
111  18.31348759 -065.30563546   1 
113  18.31335823 -065.30538969   1 
120 TL
111  18.31482318 -065.30725880   1 
112  18.31479456 -065.30749179  18.31471717 -065.30757173 
111  18.31479456 -065.30749179   1 
111  18.31469159 -065.30756887   1 
112  18.31446160 -065.30749102  18.31439258 -065.30735902 
111  18.31446160 -065.30749102   1 
111  18.31348759 -065.30563546 
111  18.31335823 -065.30538969   1 
111  18.31287095 -065.30446116 
111  18.31280489 -065.30433489   1 
111  18.31252320 -065.30379841 
111  18.31243507 -065.30363020   1 
111  18.31237469 -065.30351568 
111  18.31224533 -065.30326961   1 
111  18.31222983 -065.30323969   1 
111  18.31165347 -065.30214190 
112  18.31165347 -065.30214190  18.31158359 -065.30200973   1 
111  18.31170038 -065.30193272   1 
115  18.31179075 -065.30187924 
15   18.31297792 -065.30239280 208.69 Gen Avia Ramp
15   18.31455164 -065.30756950 342.77 Hold Short Rwy 13
15   18.31163307 -065.30203346  77.65 Hold Short Rwy 31
15   18.31201012 -065.30338437  79.23 Terminal
18   18.31155468 -065.30346948 1 BCN
19   18.31459087 -065.30729488 1 WS
19   18.31209330 -065.30139199 1 WS
51 12290 CTAF

99
