A
1000 Generated by Infinite Flight Airport Editing (World Parser)/AB

1      597 0 1 SPGB GALILEA
100   29.87   1   0 0.25 0 0 0 17  -04.02518100 -077.75990000    0.00    0.00 2  0 0 0 35  -04.03857800 -077.75765300    0.00    0.00 2  0 0 0
110   1 0.30 170.50 Default taxiway for RWY 17
111 -04.02520281 -077.76003067   3 
111 -04.02531407 -077.76069735   3 
111 -04.03871107 -077.75845040   3 
111 -04.03859981 -077.75778371 
112 -04.03833469 -077.75782817 -04.03846762 -077.75780816   3 
111 -04.03849423 -077.75796764   3 
112 -04.03852972 -077.75818027 -04.03855633 -077.75833974   3 
111 -04.03842377 -077.75836197   3 
111 -04.03205667 -077.75942986   3 
111 -04.03196759 -077.75889607 
111 -04.03183503 -077.75891831   3 
111 -04.03192411 -077.75945210   3 
112 -04.02555702 -077.76051999 -04.02542445 -077.76054223   3 
111 -04.02539784 -077.76038276   3 
112 -04.02536235 -077.76017013 -04.02533574 -077.76001066   3 
113 -04.02546794 -077.75998620 
120 Default hold RWY 17 (near)
111 -04.02524754 -077.76029867   4 
115 -04.02538010 -077.76027644 
120 Default hold RWY 17 (centre)
111 -04.03187976 -077.75918632   4 
115 -04.03201232 -077.75916408 
120 Default hold RWY 17 (far)
111 -04.03851198 -077.75807395   4 
115 -04.03864454 -077.75805172 
19  -04.02484933 -077.75954580 1 WS
19  -04.03890967 -077.75800721 1 WS


130 Airport Boundary
111 -004.03871107 -077.75845337
111 -004.02531385 -077.76069641
111 -004.02518082 -077.75990295
111 -004.03857803 -077.75765228
111 -004.03859997 -077.75778198
113 -004.03864431 -077.75804901
99
