I
1050 Generated by WorldEditor 1.6.1r1

1   7011 1 0 KFLG Flagstaff Pulliam
100 45.72 1 0 0.25 0 3 1 03  35.13123911 -111.67892026    0   65 2 0 0 0 21  35.14941865 -111.65956844  550   61 3 8 0 0
110 1 0.00 0.0000 New Taxiway 1
111  35.14141498 -111.67157090
111  35.14139088 -111.67160037
111  35.14137729 -111.67158073
111  35.14129636 -111.67166383
111  35.14125002 -111.67159735
113  35.14136061 -111.67149309
110 2 0.00 0.0000 New Taxiway 25
111  35.13893046 -111.67678370
111  35.13831623 -111.67692530
111  35.13829475 -111.67677310
113  35.13891032 -111.67662569
110 2 0.00 0.0000 New Taxiway 21
111  35.13908402 -111.67388967
111  35.13877987 -111.67420244
111  35.13877664 -111.67424994
111  35.13886555 -111.67426614
111  35.13882243 -111.67459534
111  35.13877697 -111.67458822
111  35.13872686 -111.67491600
111  35.13869539 -111.67491030
111  35.13866154 -111.67516842
111  35.13866116 -111.67517134
111  35.13859237 -111.67524194
111  35.13766851 -111.67396074
111  35.13849537 -111.67306109
113  35.13864221 -111.67327144
110 1 0.00 0.0000 New Taxiway 20
111  35.13665707 -111.67648540
111  35.13678117 -111.67667680
112  35.13666580 -111.67673523  35.13659102 -111.67678511
111  35.13658545 -111.67686542
111  35.13662740 -111.67721428
112  35.13652598 -111.67730468  35.13652714 -111.67737451
111  35.13653081 -111.67761200
111  35.13640031 -111.67763564
111  35.13630848 -111.67723671
113  35.13612373 -111.67704660
110 2 0.00 0.0000 GA Apron - Concrete
112  35.13697664 -111.67474637  35.13703025 -111.67468937
112  35.13740126 -111.67437289  35.13742689 -111.67435310
111  35.13748657 -111.67436434
111  35.13748512 -111.67429074
111  35.13751059 -111.67426103
111  35.13812382 -111.67513528
111  35.13792612 -111.67512761
111  35.13665707 -111.67648540
111  35.13612373 -111.67704660
111  35.13587098 -111.67730223
111  35.13585146 -111.67726415
111  35.13568083 -111.67738868
111  35.13570182 -111.67743405
111  35.13561156 -111.67754887
111  35.13543283 -111.67776260
111  35.13535768 -111.67770993
111  35.13530582 -111.67777270
111  35.13514665 -111.67793022
111  35.13521732 -111.67803294
111  35.13517939 -111.67807678
111  35.13503814 -111.67822043
111  35.13488240 -111.67836496
111  35.13477567 -111.67821721
111  35.13460716 -111.67839115
111  35.13455239 -111.67831562
111  35.13435893 -111.67852225
111  35.13409304 -111.67815874
111  35.13404448 -111.67820904
111  35.13402506 -111.67818173
113  35.13391230 -111.67802314
110 1 0.00 0.0000 Main Apron - Asphalt
111  35.14959046 -111.65970480
111  35.14999890 -111.66030687
112  35.14997071 -111.66094970  35.14971293 -111.66122802
112  35.14460650 -111.66664733  35.14451910 -111.66674135
112  35.14430019 -111.66709132  35.14426290 -111.66717684
112  35.14428927 -111.66745945  35.14429859 -111.66762478
111  35.14420341 -111.66775381
111  35.14389892 -111.66805880
112  35.14365532 -111.66810490  35.14348866 -111.66808495
112  35.14340030 -111.66806738  35.14332478 -111.66805712
111  35.14290931 -111.66843990
112  35.13895688 -111.67265339  35.13886318 -111.67275600
111  35.13895688 -111.67265339
112  35.13895688 -111.67265339  35.13891655 -111.67269755
112  35.13865635 -111.67306960  35.13857664 -111.67323784
111  35.13865635 -111.67306960
112  35.13865635 -111.67306960  35.13861420 -111.67315855
111  35.13864221 -111.67327144
111  35.13849537 -111.67306109
111  35.13766851 -111.67396074
111  35.13859237 -111.67524194
111  35.13909094 -111.67593334
111  35.13930869 -111.67590723
111  35.14062251 -111.67659919
111  35.14055520 -111.67681856
111  35.14075348 -111.67677073
111  35.14086158 -111.67686838
111  35.14092524 -111.67728024
112  35.14030994 -111.67741614  35.14020635 -111.67743890
111  35.14028337 -111.67760939
111  35.14115345 -111.67882090
111  35.14118533 -111.67878602
111  35.14129609 -111.67897688
112  35.14123163 -111.67932088  35.14106977 -111.67949309
111  35.14000998 -111.68061241
112  35.13966521 -111.68058747  35.13952358 -111.68039547
111  35.13850178 -111.67896914
111  35.13825318 -111.67915779
111  35.13831360 -111.67929639
111  35.13822274 -111.67937141
111  35.13816185 -111.67920647
111  35.13805291 -111.67910868
111  35.13798338 -111.67904627
111  35.13801135 -111.67900066
111  35.13790180 -111.67889663
111  35.13818850 -111.67865151
111  35.13822812 -111.67869569
111  35.13827707 -111.67866006
111  35.13748513 -111.67753918
112  35.13752205 -111.67705692  35.13773350 -111.67683324
112  35.13858697 -111.67591728  35.13863621 -111.67586120
111  35.13858837 -111.67579757
111  35.13812382 -111.67513528
111  35.13751059 -111.67426103
111  35.13748512 -111.67429074
111  35.13748657 -111.67436434
112  35.13740126 -111.67437289  35.13737563 -111.67439268
112  35.13697664 -111.67474637  35.13692303 -111.67480337
111  35.13391230 -111.67802314
111  35.13402506 -111.67818173
111  35.13318265 -111.67907666
111  35.13315220 -111.67904174
111  35.13301874 -111.67922685
112  35.13281091 -111.67927708  35.13270182 -111.67937798
111  35.13258858 -111.67949575
112  35.13223333 -111.67985625  35.13202356 -111.68006430
111  35.13181683 -111.67981954
113  35.13132051 -111.67915085
111  35.14081358 -111.67694722
111  35.14020459 -111.67710042
111  35.14023213 -111.67724475
113  35.14083642 -111.67709272
111  35.13891032 -111.67662569
111  35.13829475 -111.67677310
111  35.13831623 -111.67692530
113  35.13893046 -111.67678370
111  35.13919439 -111.67697739
111  35.13835340 -111.67717833
111  35.13838482 -111.67735860
113  35.13922097 -111.67716060
111  35.13792370 -111.67728271
111  35.13782769 -111.67739277
111  35.13780771 -111.67741569
111  35.13833936 -111.67816924
113  35.13846503 -111.67803331
111  35.13962747 -111.67759110
111  35.13878165 -111.67779550
111  35.13880783 -111.67793341
113  35.13964761 -111.67772655
111  35.14005769 -111.67818354
111  35.13920985 -111.67838794
111  35.13924006 -111.67854309
113  35.14008588 -111.67835100
111  35.14048330 -111.67877814
111  35.13965963 -111.67898255
111  35.13968984 -111.67916725
113  35.14051351 -111.67897023
111  35.14074824 -111.67936780
111  35.14071055 -111.67917631
111  35.13988406 -111.67938199
113  35.13991886 -111.67956639
111  35.13986634 -111.67997786
111  35.13988871 -111.67995734
111  35.13980760 -111.67984617
111  35.13978662 -111.67987012
111  35.13933237 -111.67923767
111  35.13920366 -111.67937032
111  35.13985861 -111.68028592
113  35.13998797 -111.68014483
111  35.14611237 -111.66350489
112  35.14608471 -111.66388710  35.14621342 -111.66406512
111  35.14629931 -111.66416728
112  35.14649941 -111.66419565  35.14661983 -111.66410182
112  35.14700246 -111.66373092  35.14727909 -111.66344491
111  35.14700246 -111.66373092
112  35.14700246 -111.66373092  35.14767566 -111.66303490
112  35.14943955 -111.66114070  35.15000996 -111.66053748
111  35.14943955 -111.66114070
112  35.14943955 -111.66114070  35.14960717 -111.66096344
112  35.14973452 -111.66077513  35.14975581 -111.66075253
111  35.14973452 -111.66077513
112  35.14973452 -111.66077513  35.14985805 -111.66064400
111  35.14975540 -111.66048998
112  35.14951696 -111.66016664  35.14940392 -111.66002125
113  35.14926803 -111.66013585
111  35.14451609 -111.66518383
111  35.14471244 -111.66546500
111  35.14461175 -111.66556761
112  35.14452050 -111.66545968  35.14446857 -111.66540030
111  35.14441707 -111.66539522
111  35.14436505 -111.66532954
111  35.14360178 -111.66614360
111  35.14382218 -111.66645923
111  35.14372358 -111.66655852
112  35.14358728 -111.66648050  35.14355086 -111.66643201
111  35.14345388 -111.66631028
111  35.14265639 -111.66716141
112  35.14259550 -111.66750185  35.14268513 -111.66764894
112  35.14278399 -111.66777847  35.14293453 -111.66797325
112  35.14311169 -111.66780330  35.14313500 -111.66777598
112  35.14333991 -111.66761873  35.14342441 -111.66753322
111  35.14333991 -111.66761873
112  35.14333991 -111.66761873  35.14340588 -111.66755197
112  35.14569584 -111.66510539  35.14641198 -111.66430957
111  35.14569584 -111.66510539
112  35.14569584 -111.66510539  35.14589692 -111.66488195
112  35.14604386 -111.66465510  35.14605735 -111.66463058
111  35.14604386 -111.66465510
112  35.14604386 -111.66465510  35.14610537 -111.66454325
111  35.14602453 -111.66442753
112  35.14577803 -111.66411130  35.14567484 -111.66398593
113  35.14550254 -111.66414086
111  35.14113869 -111.66879187
112  35.14104304 -111.66916333  35.14115072 -111.66932580
111  35.14126120 -111.66947733
112  35.14149112 -111.66952248  35.14162223 -111.66941163
111  35.14149112 -111.66952248
112  35.14149112 -111.66952248  35.14155609 -111.66946754
112  35.14209108 -111.66895118  35.14234099 -111.66867821
111  35.14209108 -111.66895118
112  35.14209108 -111.66895118  35.14234546 -111.66867333
112  35.14256416 -111.66836630  35.14258043 -111.66835000
112  35.14259941 -111.66814876  35.14252831 -111.66804614
112  35.14232082 -111.66778140  35.14223108 -111.66766738
113  35.14210769 -111.66776909
111  35.13922150 -111.67081631
112  35.13922821 -111.67118981  35.13937622 -111.67141783
112  35.13944784 -111.67148756  35.13951777 -111.67157022
111  35.13969614 -111.67144516
111  35.14001198 -111.67118346
112  35.14071886 -111.67042199  35.14079752 -111.67033055
112  35.14101007 -111.67002908  35.14101846 -111.67001710
112  35.14105762 -111.66983583  35.14102265 -111.66977882
112  35.14078527 -111.66946785  35.14066290 -111.66930253
113  35.14051955 -111.66943364
111  35.13728824 -111.67289753
112  35.13724751 -111.67328034  35.13738848 -111.67345478
112  35.13747131 -111.67353021  35.13756397 -111.67362961
111  35.13772949 -111.67352426
112  35.13806375 -111.67324449  35.13816948 -111.67313367
111  35.13918193 -111.67196935
112  35.13920409 -111.67175757  35.13913556 -111.67163956
112  35.13894956 -111.67140148  35.13881391 -111.67126124
113  35.13865821 -111.67141145
111  35.13614138 -111.67411075
112  35.13612628 -111.67450949  35.13628361 -111.67473751
111  35.13632247 -111.67478071
112  35.13652060 -111.67481349  35.13662548 -111.67471848
111  35.13652060 -111.67481349
112  35.13652060 -111.67481349  35.13657073 -111.67476808
112  35.13683345 -111.67454556  35.13695666 -111.67441525
111  35.13683345 -111.67454556
112  35.13683345 -111.67454556  35.13696801 -111.67440325
112  35.13708477 -111.67422405  35.13713372 -111.67417104
112  35.13715330 -111.67395385  35.13709503 -111.67380897
112  35.13694799 -111.67356295  35.13683630 -111.67341806
113  35.13663725 -111.67358447
112  35.13446341 -111.67588033  35.13432006 -111.67602997
111  35.13448882 -111.67628619
111  35.13465431 -111.67651563
112  35.13492401 -111.67652627  35.13509800 -111.67638147
112  35.13526190 -111.67624023  35.13543683 -111.67606653
111  35.13526190 -111.67624023
112  35.13526190 -111.67624023  35.13550281 -111.67600101
112  35.13582590 -111.67562891  35.13587024 -111.67558325
111  35.13582590 -111.67562891
112  35.13582590 -111.67562891  35.13590243 -111.67555010
111  35.13607059 -111.67528219
112  35.13608038 -111.67506501  35.13600695 -111.67495528
112  35.13584210 -111.67474451  35.13572556 -111.67460081
113  35.13556046 -111.67472907
111  35.13162184 -111.67893077
112  35.13164359 -111.67917899  35.13175771 -111.67930826
111  35.13192150 -111.67948039
112  35.13216075 -111.67947152  35.13228661 -111.67936208
112  35.13249000 -111.67917372  35.13264926 -111.67901039
111  35.13249000 -111.67917372
112  35.13249000 -111.67917372  35.13302021 -111.67862993
112  35.13417279 -111.67739563  35.13423732 -111.67731830
111  35.13417279 -111.67739563
112  35.13417279 -111.67739563  35.13425670 -111.67729507
111  35.13441563 -111.67704638
112  35.13442542 -111.67684630  35.13436249 -111.67673002
112  35.13418382 -111.67650092  35.13406914 -111.67637267
113  35.13389153 -111.67648895
111  35.13868494 -111.67622649
112  35.13862255 -111.67620467  35.13859746 -111.67623338
111  35.13823625 -111.67661982
114  35.13831666 -111.67662837  35.13835512 -111.67659132
112  35.13778647 -111.67711865  35.13770419 -111.67721185
111  35.13776801 -111.67731361
111  35.13798618 -111.67708377
111  35.13825134 -111.67744085
112  35.13833861 -111.67734850  35.13831763 -111.67718603
111  35.13822985 -111.67671908
114  35.13815566 -111.67671359  35.13809389 -111.67678484
111  35.13925662 -111.67712370
112  35.13932543 -111.67717706  35.13937695 -111.67716274
111  35.13940431 -111.67714833
112  35.13945450 -111.67702415  35.13941937 -111.67695083
111  35.13937410 -111.67688975
112  35.13928642 -111.67688150  35.13922815 -111.67690288
113  35.13923449 -111.67697470
111  35.14014714 -111.67707762
112  35.14004485 -111.67705218  35.13995493 -111.67707968
111  35.13999314 -111.67719583
111  35.14006171 -111.67729549
112  35.14014939 -111.67732160  35.14019266 -111.67729686
113  35.14018255 -111.67724669
111  35.13934149 -111.67731135
111  35.13842873 -111.67752222
112  35.13838211 -111.67761200  35.13841708 -111.67768896
111  35.13853245 -111.67766758
112  35.13954488 -111.67741859  35.13960607 -111.67739959
112  35.13963078 -111.67725308  35.13958354 -111.67717587
114  35.13946641 -111.67725066  35.13941770 -111.67729820
111  35.13980820 -111.67748821
112  35.13971659 -111.67747309  35.13965758 -111.67749371
111  35.13966713 -111.67754938
111  35.13968961 -111.67772120
112  35.13981382 -111.67775419  35.13991611 -111.67772120
113  35.13987508 -111.67758306
112  35.13881076 -111.67812545  35.13876544 -111.67812545
111  35.13873403 -111.67811239
112  35.13882921 -111.67823828  35.13885754 -111.67827885
111  35.13897877 -111.67825134
112  35.14000760 -111.67800313  35.14003795 -111.67799076
112  35.14006012 -111.67785183  35.14002584 -111.67776730
111  35.13995282 -111.67781786
114  35.13976052 -111.67790194  35.13969214 -111.67791741
112  35.13927333 -111.67885921  35.13929896 -111.67889137
111  35.13945234 -111.67885921
112  35.14044021 -111.67861221  35.14046691 -111.67860534
112  35.14047129 -111.67841388  35.14040244 -111.67833255
112  35.14030779 -111.67843561  35.14025103 -111.67848716
111  35.14017081 -111.67850932
111  35.13921991 -111.67874037
111  35.13917135 -111.67840883
112  35.13909851 -111.67832471  35.13903841 -111.67833616
112  35.13899087 -111.67836429  35.13895028 -111.67839484
113  35.13898278 -111.67845535
111  35.14068848 -111.67871211
112  35.14058591 -111.67867946  35.14052175 -111.67869378
111  35.14053627 -111.67876365
111  35.14055828 -111.67893777
112  35.14062432 -111.67897843  35.14067396 -111.67896411
111  35.14069879 -111.67894865
114  35.14074562 -111.67882494  35.14071939 -111.67874303
112  35.14085826 -111.67909152  35.14077530 -111.67912369
111  35.14079959 -111.67922843
112  35.14089131 -111.67932328  35.14095336 -111.67929523
111  35.14099045 -111.67924080
113  35.14099652 -111.67909152
112  35.14034202 -111.67980019  35.14030549 -111.67983730
111  35.13988165 -111.68028704
112  35.14000192 -111.68028704  35.14006127 -111.68023096
113  35.14043018 -111.67984821
111  35.13912362 -111.67926557
111  35.13932369 -111.67904943
111  35.13931704 -111.67904022
111  35.13854148 -111.67796562
113  35.13834814 -111.67817111
111  35.14023535 -111.67809445
112  35.14013788 -111.67806880  35.14008730 -111.67809445
111  35.14010951 -111.67818648
111  35.14013048 -111.67831019
112  35.14024768 -111.67832830  35.14033281 -111.67825739
113  35.14028716 -111.67817441
110 1 0.00 0.0000 New Taxiway 17
111  35.14051720 -111.67272852
111  35.14040415 -111.67284538
111  35.14038097 -111.67281620
111  35.14035637 -111.67284395
111  35.14040599 -111.67291094
111  35.14037152 -111.67294799
111  35.14032858 -111.67288746
111  35.14030392 -111.67291806
111  35.14031908 -111.67294229
111  35.14023516 -111.67303207
111  35.14021535 -111.67301212
111  35.14019554 -111.67303350
111  35.14010697 -111.67290666
111  35.14012678 -111.67289098
111  35.14010580 -111.67285820
111  35.14018971 -111.67277270
111  35.14017689 -111.67275417
111  35.14020370 -111.67272424
111  35.14019321 -111.67269859
111  35.14022934 -111.67266296
111  35.14025148 -111.67269004
111  35.14027945 -111.67265298
111  35.14029227 -111.67266866
111  35.14039133 -111.67255750
111  35.14040796 -111.67258247
111  35.14042629 -111.67256320
111  35.14051370 -111.67268576
113  35.14049745 -111.67270286
110 1 0.00 0.0000 New Taxiway 16
111  35.13590474 -111.67736807
111  35.13573006 -111.67749507
111  35.13570182 -111.67743405
111  35.13568083 -111.67738868
111  35.13585146 -111.67726415
113  35.13587098 -111.67730223
110 1 0.00 0.0000 New Taxiway 15
111  35.13559020 -111.67772480
111  35.13549409 -111.67783682
111  35.13543283 -111.67776260
111  35.13561156 -111.67754887
111  35.13569193 -111.67764577
113  35.13560819 -111.67774954
110 1 0.00 0.0000 New Taxiway 14
111  35.13541036 -111.67793352
111  35.13525389 -111.67808609
111  35.13521732 -111.67803294
111  35.13514665 -111.67793022
113  35.13530582 -111.67777270
110 1 0.00 0.0000 New Taxiway 13
111  35.13522134 -111.67847181
111  35.13503814 -111.67822043
111  35.13517939 -111.67807678
113  35.13535700 -111.67833158
110 2 0.00 0.0000 New Taxiway 12
111  35.13804175 -111.67952536
111  35.13785994 -111.67939026
111  35.13789770 -111.67931672
111  35.13786134 -111.67927568
111  35.13798338 -111.67904627
111  35.13805291 -111.67910868
111  35.13816185 -111.67920647
111  35.13803616 -111.67941420
113  35.13807951 -111.67944669
110 2 0.00 0.0000 New Taxiway 11
111  35.13792370 -111.67728271
111  35.13846503 -111.67803331
111  35.13833936 -111.67816924
111  35.13780771 -111.67741569
113  35.13782769 -111.67739277
110 2 0.00 0.0000 New Taxiway 10
111  35.13998797 -111.68014483
111  35.13985861 -111.68028592
111  35.13920366 -111.67937032
111  35.13933237 -111.67923767
111  35.13978662 -111.67987012
111  35.13980760 -111.67984617
111  35.13988871 -111.67995734
113  35.13986634 -111.67997786
110 2 0.00 0.0000 New Taxiway 9
111  35.14074824 -111.67936780
111  35.13991886 -111.67956639
111  35.13988406 -111.67938199
113  35.14071055 -111.67917631
110 2 0.00 0.0000 New Taxiway 8
111  35.14051351 -111.67897023
111  35.13968984 -111.67916725
111  35.13965963 -111.67898255
113  35.14048330 -111.67877814
110 2 0.00 0.0000 New Taxiway 7
111  35.14008588 -111.67835100
111  35.13924006 -111.67854309
111  35.13920985 -111.67838794
113  35.14005769 -111.67818354
110 2 0.00 0.0000 New Taxiway 6
111  35.13964761 -111.67772655
111  35.13880783 -111.67793341
111  35.13878165 -111.67779550
113  35.13962747 -111.67759110
110 2 0.00 0.0000 New Taxiway 5
111  35.13922097 -111.67716060
111  35.13838482 -111.67735860
111  35.13835340 -111.67717833
113  35.13919439 -111.67697739
110 2 0.00 0.0000 New Taxiway 3
111  35.13690850 -111.67716982
111  35.13662740 -111.67721428
111  35.13658545 -111.67686542
113  35.13687074 -111.67683122
110 2 0.00 0.0000 New Taxiway 2
111  35.14083642 -111.67709272
111  35.14023213 -111.67724475
111  35.14020459 -111.67710042
113  35.14081358 -111.67694722
110 1 0.00 0.0000 New Taxiway 1
111  35.13899143 -111.67523044
111  35.13866116 -111.67517134
111  35.13866154 -111.67516842
111  35.13869539 -111.67491030
111  35.13872686 -111.67491600
111  35.13877697 -111.67458822
111  35.13882243 -111.67459534
111  35.13886555 -111.67426614
111  35.13910329 -111.67430176
111  35.13909938 -111.67434475
111  35.13911844 -111.67434737
111  35.13912464 -111.67426558
111  35.13916437 -111.67427073
111  35.13915690 -111.67435877
111  35.13918021 -111.67436447
111  35.13915108 -111.67462527
111  35.13912614 -111.67461873
111  35.13908581 -111.67494165
111  35.13910679 -111.67494593
111  35.13907649 -111.67519675
111  35.13905543 -111.67519291
111  35.13904342 -111.67527348
111  35.13900540 -111.67526801
111  35.13901589 -111.67519268
113  35.13899724 -111.67518963
130 Airport Boundary 1
111  35.15041207 -111.65653975
111  35.15129464 -111.65658719
111  35.15199294 -111.65769027
111  35.15179897 -111.65907802
111  35.15038096 -111.66178162
111  35.14277057 -111.67208324
111  35.14211029 -111.67335791
111  35.14270107 -111.67543986
111  35.14294433 -111.67858404
111  35.14019895 -111.68211061
111  35.13825285 -111.68240803
111  35.13453091 -111.68107662
111  35.13198025 -111.68097353
111  35.13023450 -111.68195538
111  35.12953621 -111.68205499
111  35.12868661 -111.68078855
111  35.12886119 -111.68023359
111  35.13074948 -111.67839073
113  35.13143325 -111.67701379
120 Linear Feature 102
111  35.13973323 -111.68041328 2
112  35.13968665 -111.68035891  35.13966240 -111.68032555 2
115  35.13762397 -111.67745685
120 Linear Feature 101
111  35.13779297 -111.67734672 3
111  35.13791947 -111.67719826 3
112  35.13803369 -111.67720983  35.13809261 -111.67728367 3
115  35.13934203 -111.67901439
120 Linear Feature 100
111  35.13776801 -111.67731361 20
111  35.13779297 -111.67734672 20
115  35.13782769 -111.67739277
120 Linear Feature 99
111  35.13931704 -111.67904022 20
111  35.13934203 -111.67901439 20
115  35.13936618 -111.67898942
120 Linear Feature 98
111  35.13852687 -111.67414086 20
111  35.13859234 -111.67415687 20
111  35.13864938 -111.67402840 20
111  35.13866829 -111.67403197 20
111  35.13871281 -111.67399354 20
111  35.13868226 -111.67392735 20
111  35.13866189 -111.67392023 20
111  35.13866043 -111.67377789 20
115  35.13859932 -111.67376294
120 Linear Feature 97
111  35.13884226 -111.67400953 20
111  35.13855443 -111.67361328 20
111  35.13790720 -111.67430590 20
111  35.13858434 -111.67524603 20
115  35.13866154 -111.67516842
120 Linear Feature 96
111  35.14453263 -111.66665070 2
112  35.14426965 -111.66691219  35.14421206 -111.66697447 2
112  35.14329876 -111.66795497  35.14324114 -111.66801689 2
115  35.14307080 -111.66821073
120 Linear Feature 95
111  35.13599948 -111.67604240 2
115  35.13641798 -111.67662956
120 Linear Feature 94
111  35.13589625 -111.67615280 2
115  35.13631864 -111.67674258
120 Linear Feature 93
111  35.13939240 -111.67917763 2
115  35.13999347 -111.68002243
120 Linear Feature 92
111  35.14049991 -111.67684189 2
111  35.14004930 -111.67694896 2
112  35.13972015 -111.67681662  35.13959648 -111.67664492 2
115  35.13932358 -111.67626219
120 Linear Feature 91
111  35.13888784 -111.67265693 2
112  35.13851206 -111.67304427  35.13848326 -111.67307454 2
115  35.13813573 -111.67344182
120 Linear Feature 89
111  35.13388579 -111.67798556 2
112  35.13697163 -111.67469313  35.13705159 -111.67461750 2
112  35.13736536 -111.67437216  35.13744532 -111.67430759 2
115  35.13755448 -111.67437960
120 Linear Feature 88
111  35.14336737 -111.66801746 56
115  35.14424537 -111.66708230
120 Linear Feature 87
111  35.13989932 -111.67157853 56
115  35.13978731 -111.67142587
120 Linear Feature 86
111  35.13861753 -111.67324286 55
111  35.13755448 -111.67437960 55
111  35.13599948 -111.67604240 55
111  35.13589625 -111.67615280 55
115  35.13401375 -111.67816580
120 Linear Feature 85
111  35.13180491 -111.67942183 54
111  35.13172773 -111.67950078 54
115  35.13167861 -111.67955103
120 Linear Feature 84
111  35.13455892 -111.67648655 54
111  35.13446535 -111.67658377 54
115  35.13437248 -111.67668024
120 Linear Feature 83
111  35.13620870 -111.67472609 54
111  35.13612099 -111.67481871 54
115  35.13602928 -111.67491557
120 Linear Feature 81
111  35.13931951 -111.67139996 54
111  35.13922976 -111.67149271 54
115  35.13913702 -111.67158856
120 Linear Feature 78
111  35.14617103 -111.66411414 54
111  35.14608456 -111.66420505 54
115  35.14599162 -111.66430276
120 Linear Feature 77
111  35.14985738 -111.66019223 54
111  35.14980635 -111.66024823 54
115  35.14971992 -111.66034310
120 Linear Feature 76
111  35.13820339 -111.67886130 1
115  35.13804969 -111.67911261
120 Linear Feature 73
111  35.14326645 -111.66788725 1
112  35.14345150 -111.66784675  35.14354491 -111.66787771 1
112  35.14367358 -111.66793184  35.14377615 -111.66796921 1
111  35.14387344 -111.66789925 1
112  35.14407923 -111.66768742  35.14415416 -111.66758956 1
111  35.14413401 -111.66742671 1
112  35.14410144 -111.66721669  35.14407828 -111.66709055 1
115  35.14413768 -111.66696074
120 Linear Feature 72
111  35.14980635 -111.66024823 57
112  35.14994177 -111.66045206  35.14999939 -111.66055242 57
115  35.14995390 -111.66069917
120 Linear Feature 71
111  35.14620820 -111.66438154 57
112  35.14638671 -111.66446066  35.14648553 -111.66446659 57
115  35.14653185 -111.66441464
120 Linear Feature 79
111  35.14271378 -111.66778537 54
111  35.14262804 -111.66787740 54
115  35.14253722 -111.66797487
120 Linear Feature 70
111  35.14608456 -111.66420505 57
111  35.14620820 -111.66438154 57
112  35.14625175 -111.66457974  35.14624884 -111.66469007 57
115  35.14619410 -111.66477382
120 Linear Feature 69
111  35.14275749 -111.66805925 57
112  35.14291739 -111.66813710  35.14300224 -111.66813326 57
115  35.14307551 -111.66809031
120 Linear Feature 80
111  35.14116174 -111.66944067 54
111  35.14107412 -111.66953300 54
115  35.14098585 -111.66962602
120 Linear Feature 68
111  35.14262804 -111.66787740 57
111  35.14275749 -111.66805925 57
112  35.14279555 -111.66825704  35.14278822 -111.66837234 57
115  35.14273770 -111.66844956
120 Linear Feature 67
111  35.14120179 -111.66971084 57
112  35.14135354 -111.66978325  35.14143651 -111.66978325 57
115  35.14151772 -111.66974695
120 Linear Feature 66
111  35.14107412 -111.66953300 57
111  35.14120179 -111.66971084 57
112  35.14123887 -111.66991315  35.14123132 -111.67000846 57
115  35.14117933 -111.67010683
120 Linear Feature 65
111  35.13935308 -111.67166110 57
112  35.13952337 -111.67174317  35.13961329 -111.67173677 57
115  35.13967867 -111.67170271
120 Linear Feature 82
111  35.13736516 -111.67349520 54
111  35.13723625 -111.67363405 54
115  35.13711407 -111.67376564
120 Linear Feature 64
111  35.13922976 -111.67149271 57
111  35.13935308 -111.67166110 57
112  35.13939420 -111.67186603  35.13938373 -111.67198453 57
115  35.13934083 -111.67206200
120 Linear Feature 63
111  35.13759794 -111.67430343 1
112  35.13756094 -111.67411564  35.13755366 -111.67400088 1
115  35.13760899 -111.67391179
120 Linear Feature 62
111  35.13759794 -111.67430343 1
112  35.13743731 -111.67422382  35.13734827 -111.67421741 1
115  35.13727847 -111.67426350
120 Linear Feature 61
111  35.13767370 -111.67384293 57
112  35.13752151 -111.67387887  35.13743348 -111.67387976
111  35.13752151 -111.67387887
112  35.13752151 -111.67387887  35.13751680 -111.67387892 57
112  35.13750750 -111.67387838  35.13750288 -111.67387801
111  35.13750750 -111.67387838
112  35.13750750 -111.67387838  35.13742571 -111.67387185 57
115  35.13735887 -111.67380376
120 Linear Feature 60
111  35.13757991 -111.67392005 57
112  35.13755226 -111.67389395  35.13753507 -111.67388279 57
115  35.13750750 -111.67387838
120 Linear Feature 59
111  35.13740102 -111.67398135 57
112  35.13741462 -111.67403892  35.13742270 -111.67405498 57
115  35.13743512 -111.67407406
120 Linear Feature 58
111  35.13723625 -111.67363405 57
111  35.13735887 -111.67380376 57
112  35.13740102 -111.67398135  35.13740095 -111.67407873
111  35.13740102 -111.67398135
112  35.13740102 -111.67398135  35.13740101 -111.67398979 57
112  35.13739999 -111.67400701  35.13739930 -111.67401566
111  35.13739999 -111.67400701
112  35.13739999 -111.67400701  35.13739126 -111.67411554 57
115  35.13735134 -111.67418596
120 Linear Feature 57
111  35.13623979 -111.67498500 57
112  35.13628420 -111.67519138  35.13627373 -111.67531692 57
115  35.13622120 -111.67538922
120 Linear Feature 56
111  35.13612099 -111.67481871 57
111  35.13623979 -111.67498500 57
112  35.13640874 -111.67506103  35.13650423 -111.67507030 57
115  35.13658479 -111.67500166
120 Linear Feature 55
111  35.13458950 -111.67675993 57
112  35.13462912 -111.67694550  35.13462808 -111.67703645 57
115  35.13457637 -111.67714384
120 Linear Feature 54
111  35.13446535 -111.67658377 57
111  35.13458950 -111.67675993 57
112  35.13475315 -111.67682884  35.13483487 -111.67683909 57
115  35.13490162 -111.67679669
120 Linear Feature 53
111  35.13172773 -111.67950078 57
112  35.13186845 -111.67967756  35.13193235 -111.67974929 57
115  35.13206996 -111.67973539
120 Linear Feature 52
111  35.13801420 -111.67452687 1
112  35.13814169 -111.67461991  35.13819989 -111.67463147
111  35.13814169 -111.67461991
112  35.13814169 -111.67461991  35.13818847 -111.67462920 1
112  35.13854133 -111.67470093  35.13863951 -111.67472089
111  35.13854133 -111.67470093
112  35.13854133 -111.67470093  35.13856531 -111.67470580 1
115  35.13857995 -111.67470878
120 Linear Feature 51
111  35.13782149 -111.67417091 1
112  35.13789552 -111.67419958  35.13794091 -111.67421132
111  35.13789552 -111.67419958
112  35.13789552 -111.67419958  35.13793239 -111.67420912 1
112  35.13856191 -111.67433316  35.13873279 -111.67436678
111  35.13856191 -111.67433316
112  35.13856191 -111.67433316  35.13860140 -111.67434093 1
115  35.13862552 -111.67434567
120 Linear Feature 50
111  35.13833482 -111.67388736 1
111  35.13862907 -111.67396892 1
115  35.13866793 -111.67397969
120 Linear Feature 49
111  35.13930717 -111.67599772 1
115  35.13932918 -111.67593412
120 Linear Feature 49
111  35.13942200 -111.67606175 1
115  35.13944401 -111.67599815
120 Linear Feature 49
111  35.13953445 -111.67612141 1
115  35.13955646 -111.67605781
120 Linear Feature 49
111  35.13965012 -111.67617816 1
115  35.13967212 -111.67611456
120 Linear Feature 49
111  35.13976407 -111.67623369 1
115  35.13978607 -111.67617009
120 Linear Feature 49
111  35.13987711 -111.67629735 1
115  35.13989912 -111.67623375
120 Linear Feature 49
111  35.13999135 -111.67635672 1
115  35.14001335 -111.67629312
120 Linear Feature 49
111  35.14010416 -111.67641609 1
115  35.14012616 -111.67635249
120 Linear Feature 49
111  35.14021910 -111.67647459 1
115  35.14024111 -111.67641099
120 Linear Feature 49
111  35.14033309 -111.67653285 1
115  35.14035509 -111.67646925
120 Linear Feature 49
111  35.14044465 -111.67659096 1
115  35.14046665 -111.67652736
120 Linear Feature 49
111  35.14055831 -111.67665280 1
115  35.14058032 -111.67658920
120 Linear Feature 49
111  35.13978837 -111.67671842 1
115  35.13981037 -111.67665482
120 Linear Feature 49
111  35.13989975 -111.67678041 1
115  35.13992175 -111.67671680
120 Linear Feature 48
111  35.13933620 -111.67601344 1
111  35.13930717 -111.67599772 1
115  35.13927464 -111.67598010
120 Linear Feature 48
111  35.13945103 -111.67607747 1
111  35.13942200 -111.67606175 1
115  35.13938947 -111.67604412
120 Linear Feature 48
111  35.13956348 -111.67613713 1
111  35.13953445 -111.67612141 1
115  35.13950192 -111.67610378
120 Linear Feature 48
111  35.13967915 -111.67619388 1
111  35.13965012 -111.67617816 1
115  35.13961758 -111.67616054
120 Linear Feature 48
111  35.13979310 -111.67624941 1
111  35.13976407 -111.67623369 1
115  35.13973153 -111.67621607
120 Linear Feature 48
111  35.13990614 -111.67631307 1
111  35.13987711 -111.67629735 1
115  35.13984458 -111.67627973
120 Linear Feature 48
111  35.14002038 -111.67637244 1
111  35.13999135 -111.67635672 1
115  35.13995881 -111.67633910
120 Linear Feature 48
111  35.14013318 -111.67643182 1
111  35.14010416 -111.67641609 1
115  35.14007162 -111.67639847
120 Linear Feature 48
111  35.14024813 -111.67649031 1
111  35.14021910 -111.67647459 1
115  35.14018657 -111.67645697
120 Linear Feature 48
111  35.14036212 -111.67654858 1
111  35.14033309 -111.67653285 1
115  35.14030055 -111.67651523
120 Linear Feature 48
111  35.14047367 -111.67660668 1
111  35.14044465 -111.67659096 1
115  35.14041211 -111.67657333
120 Linear Feature 48
111  35.14058734 -111.67666852 1
111  35.14055831 -111.67665280 1
115  35.14052578 -111.67663517
120 Linear Feature 48
111  35.13981739 -111.67673414 1
111  35.13978837 -111.67671842 1
115  35.13975583 -111.67670079
120 Linear Feature 48
111  35.13992877 -111.67679613 1
111  35.13989975 -111.67678041 1
115  35.13986721 -111.67676278
120 Linear Feature 47
111  35.13980502 -111.67657939 1
111  35.13977340 -111.67656350 1
115  35.13974247 -111.67654795
120 Linear Feature 47
111  35.13991554 -111.67664120 1
111  35.13988392 -111.67662531 1
115  35.13985299 -111.67660977
120 Linear Feature 47
111  35.14002863 -111.67670092 1
111  35.13999702 -111.67668503 1
115  35.13996609 -111.67666949
120 Linear Feature 47
111  35.14014601 -111.67675959 1
111  35.14011439 -111.67674370 1
115  35.14008346 -111.67672816
120 Linear Feature 46
111  35.13977340 -111.67656350 1
115  35.13975190 -111.67662758
120 Linear Feature 46
111  35.13988392 -111.67662531 1
115  35.13986242 -111.67668939
120 Linear Feature 46
111  35.13999702 -111.67668503 1
115  35.13997551 -111.67674912
120 Linear Feature 46
111  35.14011439 -111.67674370 1
115  35.14009289 -111.67680779
120 Linear Feature 45
111  35.14050768 -111.67678714 1
112  35.13920308 -111.67611143  35.13913084 -111.67607560 1
115  35.13908103 -111.67601954
120 Linear Feature 44
111  35.13977574 -111.67698710 1
112  35.13987981 -111.67702996  35.13992881 -111.67702131 1
115  35.14073992 -111.67682498
120 Linear Feature 43
111  35.14005603 -111.67737747 1
112  35.14015773 -111.67740550  35.14019774 -111.67739660 1
115  35.14081053 -111.67725274
120 Linear Feature 42
111  35.13984613 -111.67744504 1
112  35.13991712 -111.67746322  35.13994490 -111.67746322 1
115  35.13997796 -111.67745059
120 Linear Feature 41
111  35.13952152 -111.67699273 1
112  35.13960635 -111.67705230  35.13964298 -111.67706826 1
115  35.13969963 -111.67706859
120 Linear Feature 40
111  35.14086642 -111.67850615 1
112  35.14087945 -111.67858635  35.14087945 -111.67863219 1
115  35.14086652 -111.67868153
120 Linear Feature 40
111  35.14060770 -111.67814581 1
112  35.14062028 -111.67823100  35.14062028 -111.67827683 1
115  35.14060735 -111.67832618
120 Linear Feature 40
111  35.14040552 -111.67786422 1
112  35.14041876 -111.67794811  35.14041876 -111.67799395 1
115  35.14040584 -111.67804330
120 Linear Feature 40
111  35.14017473 -111.67754279 1
112  35.14018781 -111.67763093  35.14018781 -111.67767676 1
115  35.14017488 -111.67772611
120 Linear Feature 40
111  35.14001147 -111.67731541 1
112  35.14002434 -111.67740210  35.14002434 -111.67744794 1
115  35.14001141 -111.67749729
120 Linear Feature 40
111  35.13976328 -111.67696974 1
112  35.13977739 -111.67705450  35.13977739 -111.67710034 1
115  35.13976447 -111.67714969
120 Linear Feature 40
111  35.13956875 -111.67669880 1
112  35.13958019 -111.67677642  35.13958019 -111.67682226 1
115  35.13956726 -111.67687161
120 Linear Feature 40
111  35.13932066 -111.67635328 1
112  35.13933324 -111.67644186  35.13933324 -111.67648769 1
115  35.13932032 -111.67653704
120 Linear Feature 40
111  35.13910928 -111.67605888 1
112  35.13912360 -111.67614423  35.13912360 -111.67619006 1
115  35.13911068 -111.67623941
120 Linear Feature 40
111  35.13874151 -111.67554667 1
112  35.13875613 -111.67563568  35.13875613 -111.67568152 1
115  35.13874320 -111.67573087
120 Linear Feature 39
111  35.13873403 -111.67811239 3
115  35.13825134 -111.67744085
120 Linear Feature 38
111  35.13898278 -111.67845535 3
115  35.13882921 -111.67823828
120 Linear Feature 37
111  35.13927333 -111.67885921 3
115  35.13936618 -111.67898942
120 Linear Feature 36
111  35.13933237 -111.67923767 3
111  35.13944258 -111.67912139 3
115  35.13976280 -111.67956422
120 Linear Feature 35
111  35.13949421 -111.67925752 1
111  35.13976794 -111.67964028 1
115  35.13998455 -111.67994316
120 Linear Feature 34
111  35.14056058 -111.67844047 1
112  35.14047729 -111.67865305  35.14034947 -111.67868580 1
115  35.13969197 -111.67884379
120 Linear Feature 33
111  35.14034909 -111.67814583 1
112  35.14033839 -111.67829972  35.14029502 -111.67839107
111  35.14033839 -111.67829972
112  35.14033839 -111.67829972  35.14031212 -111.67835505 1
112  35.14016942 -111.67846895  35.14010145 -111.67849263
111  35.14016942 -111.67846895
112  35.14016942 -111.67846895  35.13998923 -111.67853173 1
115  35.13931781 -111.67867455
120 Linear Feature 32
111  35.14011531 -111.67782010 1
112  35.14001415 -111.67804633  35.13985287 -111.67809009 1
115  35.13924637 -111.67823359
120 Linear Feature 31
111  35.13994026 -111.67757620 1
112  35.13977749 -111.67784974  35.13955139 -111.67790953 1
115  35.13888328 -111.67806499
120 Linear Feature 30
111  35.13968760 -111.67722414 1
112  35.13961096 -111.67745036  35.13946388 -111.67748879 1
115  35.13881284 -111.67764317
120 Linear Feature 25
111  35.13888740 -111.67620848 3
111  35.13881291 -111.67610568 3
112  35.13866721 -111.67607961  35.13859165 -111.67615309 3
112  35.13763039 -111.67719668  35.13753544 -111.67730494 3
115  35.13762397 -111.67745685
120 Linear Feature 24
111  35.13945575 -111.67698915 3
115  35.13932271 -111.67680675
120 Linear Feature 23
111  35.13963682 -111.67724350 3
115  35.13956761 -111.67714581
120 Linear Feature 22
111  35.13988462 -111.67758939 3
115  35.13976612 -111.67742023
120 Linear Feature 21
111  35.14006219 -111.67783460 3
115  35.13999278 -111.67773880
120 Linear Feature 20
111  35.14029506 -111.67816244 3
115  35.14018856 -111.67801110
120 Linear Feature 19
111  35.14050178 -111.67844417 3
115  35.14041742 -111.67832698
120 Linear Feature 18
111  35.14077000 -111.67882093 3
115  35.14063429 -111.67862782
120 Linear Feature 17
111  35.14088598 -111.67935804 3
112  35.14103526 -111.67926299  35.14108214 -111.67913324 3
115  35.14098467 -111.67906384
120 Linear Feature 15
111  35.13998797 -111.68014483 3
111  35.14033276 -111.67976751 3
112  35.14044277 -111.67978511  35.14049572 -111.67984914 3
111  35.14042837 -111.67993095 3
112  35.13994314 -111.68044559  35.13984890 -111.68054337 3
115  35.13973323 -111.68041328
120 Linear Feature 14
111  35.14034363 -111.67959036 1
112  35.14050322 -111.67971799  35.14055979 -111.67983585 1
115  35.14048821 -111.67993958
120 Linear Feature 13
111  35.14099727 -111.67940249 1
112  35.14088562 -111.67945289  35.14082298 -111.67947204 1
111  35.14034363 -111.67959036 1
112  35.13996122 -111.67968735  35.13985185 -111.67971502 1
115  35.13976794 -111.67964028
120 Linear Feature 12
111  35.14082802 -111.67881296 1
112  35.14075474 -111.67903542  35.14063252 -111.67906122 1
115  35.13970747 -111.67928683
120 Linear Feature 11
111  35.13743512 -111.67407406 1
112  35.13747384 -111.67413211  35.13749712 -111.67416769
111  35.13747384 -111.67413211
112  35.13747384 -111.67413211  35.13747801 -111.67413849 1
112  35.13759794 -111.67430343  35.13767036 -111.67440494
111  35.13759794 -111.67430343
112  35.13759794 -111.67430343  35.13784657 -111.67465194 1
112  35.13867292 -111.67580926  35.13893819 -111.67618077
111  35.13867292 -111.67580926
112  35.13867292 -111.67580926  35.13876147 -111.67593328 1
111  35.13881706 -111.67601113 1
112  35.13897869 -111.67623634  35.13907937 -111.67637663
111  35.13897869 -111.67623634
112  35.13897869 -111.67623634  35.13905469 -111.67634226 1
112  35.13926553 -111.67663603  35.13937771 -111.67679234
111  35.13926553 -111.67663603
112  35.13926553 -111.67663603  35.13934107 -111.67674130 1
112  35.13950776 -111.67697356  35.13959278 -111.67709203
111  35.13950776 -111.67697356
112  35.13950776 -111.67697356  35.13951234 -111.67697994 1
112  35.13952152 -111.67699273  35.13952611 -111.67699913
111  35.13952152 -111.67699273
112  35.13952152 -111.67699273  35.13957582 -111.67706840 1
112  35.13968760 -111.67722414  35.13974377 -111.67730241
111  35.13968760 -111.67722414
112  35.13968760 -111.67722414  35.13974013 -111.67729734 1
112  35.13984613 -111.67744504  35.13989908 -111.67751882
111  35.13984613 -111.67744504
112  35.13984613 -111.67744504  35.13987758 -111.67748886 1
112  35.13994026 -111.67757620  35.13997153 -111.67761976
111  35.13994026 -111.67757620
112  35.13994026 -111.67757620  35.13999944 -111.67765865 1
112  35.14011531 -111.67782010  35.14017256 -111.67789986
111  35.14011531 -111.67782010
112  35.14011531 -111.67782010  35.14019684 -111.67793370 1
112  35.14034909 -111.67814583  35.14042262 -111.67824826
111  35.14034909 -111.67814583
112  35.14034909 -111.67814583  35.14042625 -111.67825333 1
112  35.14056058 -111.67844047  35.14062349 -111.67852811
111  35.14056058 -111.67844047
112  35.14056058 -111.67844047  35.14071197 -111.67865138 1
112  35.14082802 -111.67881296  35.14084200 -111.67883236
111  35.14082802 -111.67881296
112  35.14082802 -111.67881296  35.14089262 -111.67890264 1
112  35.14108486 -111.67903005  35.14112233 -111.67905888 1
115  35.14113936 -111.67909099
120 Linear Feature 10
111  35.13774036 -111.67413530 1
112  35.13759555 -111.67406627  35.13751437 -111.67405240 1
115  35.13742837 -111.67410399
120 Linear Feature 9
111  35.13772139 -111.67410861 1
112  35.13769616 -111.67395509  35.13769717 -111.67385748 1
115  35.13775313 -111.67375841
120 Linear Feature 8
111  35.14049991 -111.67684189 3
111  35.14054577 -111.67683229 3
111  35.14061766 -111.67660290 3
111  35.13930746 -111.67591416 3
111  35.13908690 -111.67594326 3
115  35.13866485 -111.67535867
120 Linear Feature 7
111  35.14005760 -111.67729983 3
115  35.13998835 -111.67719506
120 Linear Feature 6
111  35.13812575 -111.67513258 3
112  35.13859783 -111.67579757  35.13867779 -111.67590671 3
111  35.13857393 -111.67601934 3
111  35.13754760 -111.67712628 3
112  35.13748385 -111.67732953  35.13748214 -111.67744058 3
111  35.13754451 -111.67752733 3
111  35.13967611 -111.68051689 3
112  35.13998948 -111.68054556  35.14013341 -111.68039783 3
112  35.14118136 -111.67928167  35.14135152 -111.67908813 3
111  35.14114637 -111.67881980 3
115  35.14027965 -111.67761240
120 Linear Feature 29
111  35.13950776 -111.67697356 1
112  35.13938508 -111.67724235  35.13921285 -111.67729615 1
115  35.13846208 -111.67746771
120 Linear Feature 28
111  35.13926553 -111.67663603 1
112  35.13917739 -111.67685554  35.13904016 -111.67689141 1
115  35.13838899 -111.67704628
120 Linear Feature 27
111  35.13897869 -111.67623634 1
112  35.13891314 -111.67649835  35.13877989 -111.67653524 1
115  35.13837869 -111.67663594
120 Linear Feature 26
111  35.13863435 -111.67603175 1
112  35.13873004 -111.67599422  35.13878703 -111.67599422 1
115  35.13881706 -111.67601113
120 Linear Feature 5
111  35.13757991 -111.67392005 1
112  35.13761968 -111.67396610  35.13762757 -111.67397504
111  35.13761968 -111.67396610
112  35.13761968 -111.67396610  35.13762112 -111.67396774 1
112  35.13772139 -111.67410861  35.13778323 -111.67419559
111  35.13772139 -111.67410861
112  35.13772139 -111.67410861  35.13772749 -111.67411719 1
112  35.13774036 -111.67413530  35.13774691 -111.67414450
111  35.13774036 -111.67413530
112  35.13774036 -111.67413530  35.13781469 -111.67423988 1
112  35.13801420 -111.67452687  35.13812486 -111.67468284
111  35.13801420 -111.67452687
112  35.13801420 -111.67452687  35.13833506 -111.67497909 1
111  35.13874151 -111.67554667 1
111  35.13908103 -111.67601954 1
111  35.13910928 -111.67605888 1
111  35.13932066 -111.67635328 1
111  35.13956875 -111.67669880 1
111  35.13976328 -111.67696974 1
111  35.13977574 -111.67698710 1
111  35.14001147 -111.67731541 1
111  35.14005603 -111.67737747 1
111  35.14017473 -111.67754279 1
111  35.14040552 -111.67786422 1
111  35.14060770 -111.67814581 1
111  35.14086642 -111.67850615 1
112  35.14100908 -111.67870483  35.14105056 -111.67876786
111  35.14100908 -111.67870483
112  35.14100908 -111.67870483  35.14104825 -111.67876434 1
112  35.14113936 -111.67909099  35.14116934 -111.67920045
111  35.14113936 -111.67909099
112  35.14113936 -111.67909099  35.14114113 -111.67909746 1
112  35.14114434 -111.67910921  35.14114588 -111.67911487
111  35.14114434 -111.67910921
112  35.14114434 -111.67910921  35.14117199 -111.67921067 1
111  35.14108251 -111.67931256 1
111  35.14099727 -111.67940249 1
111  35.14048821 -111.67993958 1
112  35.13994284 -111.68051497  35.13983389 -111.68062643 1
111  35.13969708 -111.68045342 1
112  35.13757036 -111.67747271  35.13746853 -111.67732821 1
111  35.13759538 -111.67714762 1
111  35.13863435 -111.67603175 1
112  35.13868628 -111.67592981  35.13869885 -111.67587344 1
115  35.13867292 -111.67580926
120 Linear Feature 4
111  35.13753042 -111.67538717 1
111  35.13750123 -111.67534694 1
115  35.13747505 -111.67531088
120 Linear Feature 4
111  35.13745150 -111.67528106 1
111  35.13742231 -111.67524084 1
115  35.13739614 -111.67520477
120 Linear Feature 4
111  35.13737624 -111.67517697 1
111  35.13734705 -111.67513675 1
115  35.13732088 -111.67510068
120 Linear Feature 4
111  35.13729975 -111.67506533 1
111  35.13727056 -111.67502511 1
115  35.13724439 -111.67498904
120 Linear Feature 4
111  35.13701769 -111.67592126 1
111  35.13698850 -111.67588104 1
115  35.13696232 -111.67584497
120 Linear Feature 4
111  35.13694315 -111.67581440 1
111  35.13691396 -111.67577418 1
115  35.13688778 -111.67573811
120 Linear Feature 4
111  35.13686090 -111.67570230 1
111  35.13683171 -111.67566208 1
115  35.13680553 -111.67562601
120 Linear Feature 4
111  35.13674617 -111.67624020 1
111  35.13671698 -111.67619998 1
115  35.13669080 -111.67616392
120 Linear Feature 4
111  35.13666823 -111.67612743 1
111  35.13663903 -111.67608721 1
115  35.13661286 -111.67605115
120 Linear Feature 4
111  35.13659420 -111.67601932 1
111  35.13656501 -111.67597909 1
115  35.13653884 -111.67594303
120 Linear Feature 4
111  35.13651504 -111.67590994 1
111  35.13648584 -111.67586972 1
115  35.13645967 -111.67583365
120 Linear Feature 4
111  35.13557537 -111.67732911 1
111  35.13554618 -111.67728889 1
115  35.13552000 -111.67725282
120 Linear Feature 4
111  35.13547855 -111.67720759 1
111  35.13544936 -111.67716736 1
115  35.13542319 -111.67713130
120 Linear Feature 4
111  35.13539373 -111.67708082 1
111  35.13536454 -111.67704060 1
115  35.13533837 -111.67700453
120 Linear Feature 4
111  35.13530367 -111.67695259 1
111  35.13527448 -111.67691237 1
115  35.13524830 -111.67687630
120 Linear Feature 4
111  35.13513099 -111.67747697 1
111  35.13510180 -111.67743674 1
115  35.13507563 -111.67740068
120 Linear Feature 4
111  35.13503723 -111.67734873 1
111  35.13500804 -111.67730851 1
115  35.13498186 -111.67727244
120 Linear Feature 4
111  35.13477380 -111.67773863 1
111  35.13474461 -111.67769841 1
115  35.13471843 -111.67766234
120 Linear Feature 4
111  35.13468298 -111.67761187 1
111  35.13465379 -111.67757164 1
115  35.13462761 -111.67753558
120 Linear Feature 3
111  35.13750123 -111.67534694 1
115  35.13744985 -111.67540283
120 Linear Feature 3
111  35.13742231 -111.67524084 1
115  35.13737093 -111.67529673
120 Linear Feature 3
111  35.13734705 -111.67513675 1
115  35.13729567 -111.67519263
120 Linear Feature 3
111  35.13727056 -111.67502511 1
115  35.13721918 -111.67508099
120 Linear Feature 3
111  35.13698850 -111.67588104 1
115  35.13693712 -111.67593692
120 Linear Feature 3
111  35.13691396 -111.67577418 1
115  35.13686258 -111.67583006
120 Linear Feature 3
111  35.13683171 -111.67566208 1
115  35.13678033 -111.67571796
120 Linear Feature 3
111  35.13671698 -111.67619998 1
115  35.13666560 -111.67625587
120 Linear Feature 3
111  35.13663903 -111.67608721 1
115  35.13658765 -111.67614310
120 Linear Feature 3
111  35.13656501 -111.67597909 1
115  35.13651363 -111.67603498
120 Linear Feature 3
111  35.13648584 -111.67586972 1
115  35.13643447 -111.67592560
120 Linear Feature 3
111  35.13554618 -111.67728889 1
115  35.13549480 -111.67734478
120 Linear Feature 3
111  35.13544936 -111.67716736 1
115  35.13539798 -111.67722325
120 Linear Feature 3
111  35.13536454 -111.67704060 1
115  35.13531316 -111.67709648
120 Linear Feature 3
111  35.13527448 -111.67691237 1
115  35.13522310 -111.67696825
120 Linear Feature 3
111  35.13510180 -111.67743674 1
115  35.13505043 -111.67749263
120 Linear Feature 3
111  35.13500804 -111.67730851 1
115  35.13495666 -111.67736440
120 Linear Feature 3
111  35.13474461 -111.67769841 1
115  35.13469323 -111.67775429
120 Linear Feature 3
111  35.13465379 -111.67757164 1
115  35.13460241 -111.67762753
120 Linear Feature 2
111  35.13741142 -111.67548663 1
111  35.13743211 -111.67551562 1
115  35.13745358 -111.67554572
120 Linear Feature 2
111  35.13733003 -111.67537837 1
111  35.13735071 -111.67540736 1
115  35.13737218 -111.67543746
120 Linear Feature 2
111  35.13717753 -111.67516674 1
111  35.13719821 -111.67519573 1
115  35.13721968 -111.67522583
120 Linear Feature 2
111  35.13725721 -111.67527151 1
111  35.13727789 -111.67530050 1
115  35.13729936 -111.67533060
120 Linear Feature 2
111  35.13690755 -111.67602391 1
111  35.13692823 -111.67605290 1
115  35.13694970 -111.67608300
120 Linear Feature 2
111  35.13682616 -111.67593311 1
111  35.13684684 -111.67596210 1
115  35.13686831 -111.67599220
120 Linear Feature 2
111  35.13674685 -111.67581049 1
111  35.13676753 -111.67583948 1
115  35.13678901 -111.67586958
120 Linear Feature 2
111  35.13666994 -111.67570940 1
111  35.13669062 -111.67573839 1
115  35.13671209 -111.67576849
120 Linear Feature 2
111  35.13662036 -111.67633213 1
111  35.13664104 -111.67636112 1
115  35.13666251 -111.67639121
120 Linear Feature 2
111  35.13654410 -111.67623365 1
111  35.13656479 -111.67626264 1
115  35.13658626 -111.67629273
120 Linear Feature 2
111  35.13646528 -111.67612364 1
111  35.13648596 -111.67615263 1
115  35.13650743 -111.67618273
120 Linear Feature 2
111  35.13638646 -111.67601678 1
111  35.13640714 -111.67604577 1
115  35.13642861 -111.67607587
120 Linear Feature 2
111  35.13630673 -111.67590401 1
111  35.13632741 -111.67593300 1
115  35.13634889 -111.67596310
120 Linear Feature 1
111  35.13748398 -111.67545760 1
115  35.13743211 -111.67551562
120 Linear Feature 1
111  35.13740259 -111.67534934 1
115  35.13735071 -111.67540736
120 Linear Feature 1
111  35.13725008 -111.67513771 1
115  35.13719821 -111.67519573
120 Linear Feature 1
111  35.13732976 -111.67524248 1
115  35.13727789 -111.67530050
120 Linear Feature 1
111  35.13698011 -111.67599488 1
115  35.13692823 -111.67605290
120 Linear Feature 1
111  35.13689872 -111.67590408 1
115  35.13684684 -111.67596210
120 Linear Feature 1
111  35.13681941 -111.67578146 1
115  35.13676753 -111.67583948
120 Linear Feature 1
111  35.13674250 -111.67568037 1
115  35.13669062 -111.67573839
120 Linear Feature 1
111  35.13669291 -111.67630310 1
115  35.13664104 -111.67636112
120 Linear Feature 1
111  35.13661666 -111.67620462 1
115  35.13656479 -111.67626264
120 Linear Feature 1
111  35.13653784 -111.67609461 1
115  35.13648596 -111.67615263
120 Linear Feature 1
111  35.13645902 -111.67598775 1
115  35.13640714 -111.67604577
120 Linear Feature 1
111  35.13637929 -111.67587498 1
115  35.13632741 -111.67593300
120 Linear Feature 22
111  35.13580525 -111.67703626 1
115  35.13588908 -111.67693998
120 Linear Feature 22
111  35.13568180 -111.67686399 1
115  35.13576563 -111.67676772
120 Linear Feature 22
111  35.13554984 -111.67668825 1
115  35.13563368 -111.67659198
120 Linear Feature 21
111  35.13585126 -111.67710014 1
111  35.13580525 -111.67703626 1
115  35.13575811 -111.67697082
120 Linear Feature 21
111  35.13572781 -111.67692788 1
111  35.13568180 -111.67686399 1
115  35.13563466 -111.67679855
120 Linear Feature 21
111  35.13559586 -111.67675213 1
111  35.13554984 -111.67668825 1
115  35.13550270 -111.67662281
120 Linear Feature 20
111  35.13545439 -111.67738593 1
111  35.13542827 -111.67735050 1
115  35.13540089 -111.67731337
120 Linear Feature 20
111  35.13533578 -111.67724682 1
111  35.13530966 -111.67721139 1
115  35.13528228 -111.67717426
120 Linear Feature 20
111  35.13523802 -111.67711954 1
111  35.13521190 -111.67708411 1
115  35.13518452 -111.67704698
120 Linear Feature 20
111  35.13497646 -111.67751702 1
111  35.13495033 -111.67748159 1
115  35.13492296 -111.67744446
120 Linear Feature 20
111  35.13488932 -111.67738974 1
111  35.13486319 -111.67735431 1
115  35.13483581 -111.67731718
120 Linear Feature 20
111  35.13462063 -111.67778192 1
111  35.13459451 -111.67774649 1
115  35.13456713 -111.67770936
120 Linear Feature 20
111  35.13471261 -111.67790919 1
111  35.13468649 -111.67787376 1
115  35.13465911 -111.67783664
120 Linear Feature 19
111  35.13548260 -111.67729077 1
115  35.13542827 -111.67735050
120 Linear Feature 19
111  35.13536399 -111.67715166 1
115  35.13530966 -111.67721139
120 Linear Feature 19
111  35.13526623 -111.67702438 1
115  35.13521190 -111.67708411
120 Linear Feature 19
111  35.13500467 -111.67742186 1
115  35.13495033 -111.67748159
120 Linear Feature 19
111  35.13491753 -111.67729458 1
115  35.13486319 -111.67735431
120 Linear Feature 19
111  35.13464884 -111.67768676 1
115  35.13459451 -111.67774649
120 Linear Feature 19
111  35.13474083 -111.67781403 1
115  35.13468649 -111.67787376
120 Linear Feature 18
112  35.13440443 -111.67834704  35.13436913 -111.67838712 1
111  35.13433047 -111.67834190 1
112  35.13433636 -111.67825351  35.13437334 -111.67821241 1
113  35.13440443 -111.67825968 1
120 Linear Feature 18
112  35.13426744 -111.67816102  35.13423214 -111.67820110 1
111  35.13419347 -111.67815588 1
112  35.13419936 -111.67806750  35.13423634 -111.67802639 1
113  35.13426744 -111.67807366 1
120 Linear Feature 17
111  35.13451475 -111.67797117 1
112  35.13450025 -111.67815486  35.13445078 -111.67821891 1
115  35.13430526 -111.67837067
120 Linear Feature 16
111  35.13437989 -111.67778330 1
112  35.13436330 -111.67796733  35.13431511 -111.67802626 1
115  35.13417246 -111.67817952
120 Linear Feature 15
111  35.13432254 -111.67770339 1
112  35.13428439 -111.67754005  35.13429068 -111.67746831 1
115  35.13432799 -111.67740902
120 Linear Feature 14
111  35.13407564 -111.67767853 1
112  35.13420506 -111.67764321  35.13427316 -111.67765090 1
111  35.13432254 -111.67770339 1
111  35.13437989 -111.67778330 1
111  35.13451475 -111.67797117 1
111  35.13456324 -111.67803872 1
112  35.13478140 -111.67806858  35.13490292 -111.67796738 1
115  35.13502509 -111.67782135
120 Linear Feature 75
111  35.13648200 -111.67646159 1
115  35.13611492 -111.67594816
120 Linear Feature 74
111  35.13580299 -111.67628540 1
115  35.13625346 -111.67690541
120 Linear Feature 13
111  35.13435600 -111.67643283 1
112  35.13400653 -111.67624638  35.13377422 -111.67623716 1
111  35.13365868 -111.67636300 1
115  35.13320694 -111.67684785
120 Linear Feature 12
111  35.13601595 -111.67467687 1
112  35.13572257 -111.67449040  35.13550100 -111.67442930 1
111  35.13532006 -111.67459830 1
111  35.13439521 -111.67557152 1
112  35.13425072 -111.67603683  35.13426593 -111.67632105 1
111  35.13435600 -111.67643283 1
115  35.13446535 -111.67658377
120 Linear Feature 11
111  35.13712156 -111.67347521 1
112  35.13686838 -111.67331345  35.13667868 -111.67323366 1
111  35.13641732 -111.67341674 1
111  35.13604209 -111.67382975 1
112  35.13590702 -111.67426130  35.13590963 -111.67450674 1
111  35.13601595 -111.67467687 1
115  35.13612099 -111.67481871
120 Linear Feature 10
111  35.13723625 -111.67363405 1
111  35.13712156 -111.67347521 1
112  35.13702705 -111.67307874  35.13702094 -111.67284602 1
111  35.13714743 -111.67265139 1
115  35.13762410 -111.67213823
120 Linear Feature 9
111  35.13911114 -111.67132870 1
112  35.13881098 -111.67116544  35.13861547 -111.67112825 1
111  35.13845196 -111.67125921 1
115  35.13797120 -111.67176375
120 Linear Feature 8
111  35.13962793 -111.67000261 1
111  35.13918496 -111.67046882 1
112  35.13901847 -111.67091373  35.13902064 -111.67114218 1
111  35.13911114 -111.67132870 1
115  35.13922976 -111.67149271
120 Linear Feature 7
111  35.14096001 -111.66937293 1
112  35.14068748 -111.66920830  35.14047676 -111.66914189 1
111  35.14028140 -111.66931486 1
115  35.13981420 -111.66980546
120 Linear Feature 6
111  35.14251563 -111.66772309 1
112  35.14216987 -111.66753986  35.14197871 -111.66752392 1
111  35.14183069 -111.66765750 1
111  35.14100695 -111.66853489 1
112  35.14086275 -111.66896355  35.14086057 -111.66919732 1
111  35.14096001 -111.66937293 1
115  35.14107412 -111.66953300
120 Linear Feature 5
111  35.14262804 -111.66787740 1
111  35.14251563 -111.66772309 1
112  35.14241726 -111.66730245  35.14241726 -111.66706337 1
111  35.14258056 -111.66685930 1
115  35.14301927 -111.66639017
120 Linear Feature 4
111  35.14608456 -111.66420505 1
112  35.14587957 -111.66392936  35.14581797 -111.66385249 1
115  35.14573030 -111.66383068
120 Linear Feature 3
111  35.14980635 -111.66024823 1
111  35.14956794 -111.65992992 1
112  35.14934403 -111.65983815  35.14917691 -111.65982902 1
111  35.14906408 -111.65996055 1
115  35.14868082 -111.66037377
120 Linear Feature 2
111  35.13206996 -111.67973539 1
112  35.13216172 -111.67971025  35.13222231 -111.67968586
111  35.13216172 -111.67971025
112  35.13216172 -111.67971025  35.13218914 -111.67969921 1
112  35.13407564 -111.67767853  35.13506193 -111.67662502
111  35.13407564 -111.67767853
112  35.13407564 -111.67767853  35.13415932 -111.67758914 1
112  35.13432799 -111.67740902  35.13441238 -111.67731891
111  35.13432799 -111.67740902
112  35.13432799 -111.67740902  35.13441084 -111.67732056 1
112  35.13457637 -111.67714384  35.13465895 -111.67705569
111  35.13457637 -111.67714384
112  35.13457637 -111.67714384  35.13468579 -111.67702703 1
112  35.13490162 -111.67679669  35.13500867 -111.67668246
111  35.13490162 -111.67679669
112  35.13490162 -111.67679669  35.13542585 -111.67623725 1
112  35.13622120 -111.67538922  35.13653396 -111.67505579
111  35.13622120 -111.67538922
112  35.13622120 -111.67538922  35.13644742 -111.67514804 1
111  35.13658479 -111.67500166 1
111  35.13727847 -111.67426350 1
111  35.13735134 -111.67418596 1
111  35.13742837 -111.67410399 1
111  35.13760899 -111.67391179 1
111  35.13767370 -111.67384293 1
111  35.13775313 -111.67375841 1
111  35.13934083 -111.67206200 1
111  35.13967867 -111.67170271 1
111  35.14117933 -111.67010683 1
111  35.14151772 -111.66974695 1
111  35.14273770 -111.66844956 1
111  35.14307551 -111.66809031 1
111  35.14326645 -111.66788725 1
111  35.14413768 -111.66696074 1
111  35.14619410 -111.66477382 1
111  35.14653185 -111.66441464 1
112  35.14986274 -111.66087238  35.14992734 -111.66080191 1
115  35.14995390 -111.66069917
120 Linear Feature 1
111  35.13145721 -111.67902404 1
112  35.13148522 -111.67916249  35.13152451 -111.67922031 1
115  35.13172773 -111.67950078
120 Linear Feature 10
111  35.13136656 -111.67912343 53
111  35.13167861 -111.67955103 53
111  35.13179500 -111.67971051 53
112  35.13221605 -111.67976169  35.13244517 -111.67954007 53
111  35.13388579 -111.67798556 53
111  35.13401375 -111.67816580 53
115  35.13402506 -111.67818173
120 Linear Feature 9
111  35.13390972 -111.67641734 53
112  35.13420041 -111.67644870  35.13429787 -111.67656788
111  35.13420041 -111.67644870
112  35.13420041 -111.67644870  35.13424961 -111.67650887 53
112  35.13437248 -111.67668024  35.13442756 -111.67675810
111  35.13437248 -111.67668024
112  35.13437248 -111.67668024  35.13442651 -111.67675662 53
111  35.13446830 -111.67681793 53
112  35.13444778 -111.67709643  35.13433696 -111.67725735 53
112  35.13419745 -111.67743765  35.13411538 -111.67752128 53
112  35.13248887 -111.67926107  35.13243188 -111.67931915 53
111  35.13210049 -111.67957604 53
112  35.13192266 -111.67955304  35.13183360 -111.67945927
111  35.13192266 -111.67955304
112  35.13192266 -111.67955304  35.13188981 -111.67951845 53
112  35.13180491 -111.67942183  35.13176112 -111.67937177
111  35.13180491 -111.67942183
112  35.13180491 -111.67942183  35.13173000 -111.67933620 53
112  35.13158425 -111.67917656  35.13152130 -111.67911279
111  35.13158425 -111.67917656
112  35.13158425 -111.67917656  35.13148450 -111.67907550 53
115  35.13154007 -111.67893612
120 Linear Feature 8
111  35.13557588 -111.67464862 53
112  35.13584263 -111.67467162  35.13593525 -111.67478139
111  35.13584263 -111.67467162
112  35.13584263 -111.67467162  35.13589369 -111.67473214 53
112  35.13602928 -111.67491557  35.13608798 -111.67499591
111  35.13602928 -111.67491557
112  35.13602928 -111.67491557  35.13607705 -111.67498095 53
111  35.13611280 -111.67503125 53
112  35.13613673 -111.67527379  35.13605908 -111.67538975 53
112  35.13584776 -111.67568151  35.13580719 -111.67572265 53
112  35.13521099 -111.67636701  35.13517594 -111.67639558 53
111  35.13484561 -111.67665089 53
112  35.13466914 -111.67663082  35.13459322 -111.67654300
111  35.13466914 -111.67663082
112  35.13466914 -111.67663082  35.13462926 -111.67658469 53
112  35.13455892 -111.67648655  35.13451996 -111.67643178
111  35.13455892 -111.67648655
112  35.13455892 -111.67648655  35.13452372 -111.67643706 53
112  35.13442292 -111.67629963  35.13436350 -111.67622102
111  35.13442292 -111.67629963
112  35.13442292 -111.67629963  35.13429775 -111.67613403 53
115  35.13439419 -111.67590320
120 Linear Feature 7
111  35.13666800 -111.67348015 53
112  35.13698262 -111.67354706  35.13710829 -111.67373946
111  35.13698262 -111.67354706
112  35.13698262 -111.67354706  35.13703111 -111.67362130 53
112  35.13711407 -111.67376564  35.13715159 -111.67383263
111  35.13711407 -111.67376564
112  35.13711407 -111.67376564  35.13717379 -111.67387227 53
111  35.13721346 -111.67395270 53
112  35.13719294 -111.67415551  35.13712193 -111.67425705 53
112  35.13688003 -111.67458833  35.13682339 -111.67463952 53
111  35.13650000 -111.67489349 53
112  35.13634268 -111.67489558  35.13628797 -111.67483703
111  35.13634268 -111.67489558
112  35.13634268 -111.67489558  35.13631217 -111.67486293 53
112  35.13620870 -111.67472609  35.13615275 -111.67464985
111  35.13620870 -111.67472609
112  35.13620870 -111.67472609  35.13616432 -111.67466561 53
112  35.13606397 -111.67452131  35.13601329 -111.67444732
111  35.13606397 -111.67452131
112  35.13606397 -111.67452131  35.13594940 -111.67435404 53
115  35.13605200 -111.67413659
120 Linear Feature 6
111  35.13869831 -111.67131795 53
112  35.13897455 -111.67136937  35.13908142 -111.67150127
111  35.13897455 -111.67136937
112  35.13897455 -111.67136937  35.13902420 -111.67143065 53
112  35.13913702 -111.67158856  35.13918848 -111.67166174
111  35.13913702 -111.67158856
112  35.13913702 -111.67158856  35.13919633 -111.67167289 53
111  35.13924250 -111.67174187 53
112  35.13922469 -111.67199743  35.13912257 -111.67212957 53
112  35.13895998 -111.67235455  35.13888020 -111.67244488 53
112  35.13803971 -111.67333972  35.13799221 -111.67338619 53
111  35.13768160 -111.67363455 53
112  35.13746886 -111.67360420  35.13736009 -111.67349443
111  35.13746886 -111.67360420
112  35.13746886 -111.67360420  35.13741828 -111.67355315 53
112  35.13736516 -111.67349520  35.13733736 -111.67346485
111  35.13736516 -111.67349520
112  35.13736516 -111.67349520  35.13733318 -111.67346029 53
112  35.13721712 -111.67333972  35.13713632 -111.67325770
111  35.13721712 -111.67333972
112  35.13721712 -111.67333972  35.13706608 -111.67318639 53
115  35.13719428 -111.67292753
120 Linear Feature 5
111  35.14054140 -111.66935663 53
112  35.14081225 -111.66940682  35.14093622 -111.66955144
111  35.14081225 -111.66940682
112  35.14081225 -111.66940682  35.14088015 -111.66948603 53
112  35.14098585 -111.66962602  35.14103459 -111.66969372
111  35.14098585 -111.66962602
112  35.14098585 -111.66962602  35.14102610 -111.66968192 53
112  35.14109131 -111.66978570  35.14112187 -111.66983670
111  35.14109131 -111.66978570
112  35.14109131 -111.66978570  35.14115888 -111.66989845 53
111  35.14104926 -111.67006201 53
112  35.14080336 -111.67039628  35.14076061 -111.67045273 53
112  35.13997810 -111.67127085  35.13996264 -111.67128571
111  35.13997810 -111.67127085
112  35.13997810 -111.67127085  35.13997033 -111.67127831 53
112  35.13978731 -111.67142587  35.13969701 -111.67149853
111  35.13978731 -111.67142587
112  35.13978731 -111.67142587  35.13969793 -111.67149779 53
111  35.13961088 -111.67156752 53
112  35.13941709 -111.67153093  35.13933279 -111.67142203
111  35.13941709 -111.67153093
112  35.13941709 -111.67153093  35.13938112 -111.67148447 53
112  35.13931951 -111.67139996  35.13928825 -111.67135626
111  35.13931951 -111.67139996
112  35.13931951 -111.67139996  35.13927749 -111.67134123 53
112  35.13917253 -111.67118737  35.13911125 -111.67109745
111  35.13917253 -111.67118737
112  35.13917253 -111.67118737  35.13906566 -111.67103055 53
115  35.13916634 -111.67082015
120 Linear Feature 4
111  35.14209031 -111.66770659 53
112  35.14233968 -111.66771879  35.14242626 -111.66781358
111  35.14233968 -111.66771879
112  35.14233968 -111.66771879  35.14239567 -111.66778009 53
112  35.14253722 -111.66797487  35.14260459 -111.66806906
111  35.14253722 -111.66797487
112  35.14253722 -111.66797487  35.14257403 -111.66802634 53
112  35.14263748 -111.66811609  35.14266615 -111.66815628
111  35.14263748 -111.66811609
112  35.14263748 -111.66811609  35.14271863 -111.66822984 53
111  35.14262836 -111.66836771 53
112  35.14231411 -111.66878568  35.14226138 -111.66883970 53
112  35.14180114 -111.66933144  35.14178258 -111.66934824 53
111  35.14146820 -111.66960241 53
112  35.14126472 -111.66958150  35.14118635 -111.66946824
111  35.14126472 -111.66958150
112  35.14126472 -111.66958150  35.14122793 -111.66952833 53
112  35.14116174 -111.66944067  35.14112676 -111.66939397
111  35.14116174 -111.66944067
112  35.14116174 -111.66944067  35.14112220 -111.66938789 53
112  35.14101507 -111.66923439  35.14095233 -111.66914102
111  35.14101507 -111.66923439
112  35.14101507 -111.66923439  35.14089681 -111.66905840 53
115  35.14101507 -111.66884964
120 Linear Feature 3
111  35.14553115 -111.66404788 53
112  35.14580473 -111.66406043  35.14589577 -111.66417176
111  35.14580473 -111.66406043
112  35.14580473 -111.66406043  35.14586187 -111.66413030 53
112  35.14599162 -111.66430276  35.14605426 -111.66438868
111  35.14599162 -111.66430276
112  35.14599162 -111.66430276  35.14602879 -111.66435375 53
112  35.14609542 -111.66445147  35.14612644 -111.66449841
111  35.14609542 -111.66445147
112  35.14609542 -111.66445147  35.14617870 -111.66457752 53
111  35.14607466 -111.66472331 53
112  35.14573914 -111.66515194  35.14567644 -111.66521293 53
112  35.14334172 -111.66769744  35.14331423 -111.66772433 53
111  35.14300193 -111.66796543 53
112  35.14282218 -111.66792026  35.14273194 -111.66781571
111  35.14282218 -111.66792026
112  35.14282218 -111.66792026  35.14278303 -111.66787490 53
112  35.14271378 -111.66778537  35.14267882 -111.66773835
111  35.14271378 -111.66778537
112  35.14271378 -111.66778537  35.14266816 -111.66772402 53
112  35.14256118 -111.66756194  35.14250096 -111.66746889
111  35.14256118 -111.66756194
112  35.14256118 -111.66756194  35.14245481 -111.66739757 53
115  35.14256118 -111.66720061
120 Linear Feature 2
111  35.14955614 -111.65975841 53
111  35.14985738 -111.66019223 53
111  35.14996180 -111.66034262 53
112  35.14992950 -111.66090812  35.14968014 -111.66117679 53
111  35.14453263 -111.66665070 53
112  35.14424537 -111.66708230  35.14423220 -111.66716633 53
112  35.14423306 -111.66749131  35.14423210 -111.66762962
111  35.14423306 -111.66749131
112  35.14423306 -111.66749131  35.14423275 -111.66753571 53
112  35.14415524 -111.66771315  35.14410641 -111.66778585
111  35.14415524 -111.66771315
112  35.14415524 -111.66771315  35.14405197 -111.66786690 53
111  35.14388420 -111.66800280 53
112  35.14369953 -111.66805299  35.14356347 -111.66805702 53
112  35.14336737 -111.66801746  35.14327617 -111.66803662
111  35.14336737 -111.66801746
112  35.14336737 -111.66801746  35.14329632 -111.66803239 53
112  35.14307080 -111.66821073  35.14297138 -111.66829916
111  35.14307080 -111.66821073
112  35.14307080 -111.66821073  35.14304261 -111.66823580 53
112  35.14299453 -111.66828386  35.14297250 -111.66830696
111  35.14299453 -111.66828386
112  35.14299453 -111.66828386  35.14292715 -111.66835449 53
112  35.13989932 -111.67157853  35.13870517 -111.67285053
111  35.13989932 -111.67157853
112  35.13989932 -111.67157853  35.13932575 -111.67218950 53
112  35.13888784 -111.67265693  35.13887596 -111.67267028
111  35.13888784 -111.67265693
112  35.13888784 -111.67265693  35.13885123 -111.67269807 53
112  35.13861183 -111.67304307  35.13857126 -111.67311083 53
115  35.13861753 -111.67324286
120 Linear Feature 1
111  35.14924306 -111.66009146 53
112  35.14951596 -111.66009397  35.14962619 -111.66020369
111  35.14951596 -111.66009397
112  35.14951596 -111.66009397  35.14958960 -111.66016726 53
112  35.14971992 -111.66034310  35.14978247 -111.66043117
111  35.14971992 -111.66034310
112  35.14971992 -111.66034310  35.14975100 -111.66038687 53
112  35.14980938 -111.66047290  35.14983796 -111.66051508
111  35.14980938 -111.66047290
112  35.14980938 -111.66047290  35.14989547 -111.66059997 53
111  35.14980733 -111.66073137 53
112  35.14953853 -111.66110528  35.14951626 -111.66113251 53
112  35.14685071 -111.66397342  35.14676462 -111.66405208 53
111  35.14649873 -111.66426151 53
112  35.14627713 -111.66425248  35.14618651 -111.66413747
111  35.14627713 -111.66425248
112  35.14627713 -111.66425248  35.14623962 -111.66420487 53
112  35.14617103 -111.66411414  35.14613673 -111.66406744
111  35.14617103 -111.66411414
112  35.14617103 -111.66411414  35.14612247 -111.66404802 53
112  35.14601613 -111.66388210  35.14595837 -111.66378762
111  35.14601613 -111.66388210
112  35.14601613 -111.66388210  35.14591757 -111.66372090 53
115  35.14602105 -111.66352376
21  35.14364390 -111.66630634 3 221.6000 3.00 New Light Fixture 2
21  35.13380494 -111.67679145 2 44.2700 3.00 New Light Fixture 1
14  35.14127165 -111.67160037  82.02 0 New Tower Viewpoint 2
1300  35.14011439 -111.67674370  67.00 tie_down turboprops|props GA Apron 04
1301 A general_aviation 
1300  35.13999702 -111.67668503  67.42 tie_down turboprops|props GA Apron 03
1301 A general_aviation 
1300  35.13988392 -111.67662531  67.43 tie_down turboprops|props GA Apron 02
1301 A general_aviation 
1300  35.13977340 -111.67656350  68.00 tie_down turboprops|props GA Apron 01
1301 A general_aviation 
1300  35.13692823 -111.67605290 222.00 tie_down turboprops|props Wiseman Aviation 09
1301 A general_aviation 
1300  35.13684684 -111.67596210 222.00 tie_down turboprops|props Wiseman Aviation 08
1301 A general_aviation 
1300  35.13676753 -111.67583948 222.00 tie_down turboprops|props Wiseman Aviation 07
1301 A general_aviation 
1300  35.13669062 -111.67573839 222.00 tie_down turboprops|props Wiseman Aviation 06
1301 A general_aviation 
1300  35.13664104 -111.67636112 222.00 tie_down turboprops|props Wiseman Aviation 05
1301 A general_aviation 
1300  35.13656479 -111.67626264 222.00 tie_down turboprops|props Wiseman Aviation 04
1301 A general_aviation 
1300  35.13648596 -111.67615263 222.00 tie_down turboprops|props Wiseman Aviation 03
1301 A general_aviation 
1300  35.13640714 -111.67604577 222.00 tie_down turboprops|props Wiseman Aviation 02
1301 A general_aviation 
1300  35.13632741 -111.67593300 222.00 tie_down turboprops|props Wiseman Aviation 01
1301 A general_aviation 
1300  35.13495033 -111.67748159 222.00 tie_down turboprops|props Guardian Air Transport Apron 04
1301 A general_aviation 
1300  35.13486319 -111.67735431 222.00 tie_down turboprops|props Guardian Air Transport Apron 03
1301 A general_aviation 
1300  35.13465379 -111.67757164  40.00 tie_down turboprops|props Guardian Air Transport Apron 02
1301 A general_aviation 
1300  35.13474461 -111.67769841  40.00 tie_down turboprops|props Guardian Air Transport Apron 01
1301 A general_aviation 
1300  35.13554984 -111.67668825 224.00 tie_down turboprops|props US Airways Facility Apron 07
1301 A general_aviation 
1300  35.13568180 -111.67686399 224.00 tie_down turboprops|props US Airways Facility Apron 06
1301 A general_aviation 
1300  35.13580525 -111.67703626 224.00 tie_down turboprops|props US Airways Facility Apron 05
1301 A general_aviation 
1300  35.13527448 -111.67691237  41.00 tie_down turboprops|props US Airways Facility Apron 04
1301 A general_aviation 
1300  35.13536454 -111.67704060  41.00 tie_down turboprops|props US Airways Facility Apron 03
1301 A general_aviation 
1300  35.13544936 -111.67716736  41.00 tie_down turboprops|props US Airways Facility Apron 02
1301 A general_aviation 
1300  35.13554618 -111.67728889  41.00 tie_down turboprops|props US Airways Facility Apron 01
1301 A general_aviation 
1300  35.13854133 -111.67470093 351.00 gate jets|turboprops Gate 03
1301 B airline 
1300  35.13856191 -111.67433316 351.00 gate jets|turboprops Gate 02
1301 C airline 
1300  35.13862907 -111.67396892 347.00 gate jets|turboprops Gate 01
1301 B airline 
18  35.14128339 -111.67160566 1 New Airport Beacon 3
50 12580 ATIS
51 13455 CTAF
51 12295 UNICOM
53 12190 GND
54 13455 TWR
55 12637 PHX APP/DEP
99
