A
1000 Generated by Infinite Flight Airport Editing (World Parser)/AB

1      253 0 0 NZCB Center Bush
100   68.58   3   0 0.25 0 2 0 34  -46.34081713  168.29476084    0.00    0.00 1  0 0 0 16  -46.33467487  168.29563316    0.00    0.00 1  0 0 0
14  -46.33784900  168.29356400    5 0 ATC Tower
15  -46.33865000  168.29373200  94.00 Ramp
18  -46.33753535  168.29208519 1 BCN
19  -46.34134114  168.29334100 1 WS
19  -46.33415084  168.29705280 1 WS


130 Airport Boundary
111 -046.34081650  168.29475403
113 -046.33467484  168.29563904
99
