A
1000 Generated by Infinite Flight Airport Editing (World Parser)/AB

1     3215 0 0 HUMW Mweya
100   29.87   3   0 0.00 1 2 1 6   -00.19653800  029.88866300    0.00    0.00 2  9 0 0 24  -00.19171000  029.89887700    0.00    0.00 2  9 0 0
110   3 0.00   0.00 New Taxiway 17
111 -00.19170801  029.89877717 
111 -00.19163449  029.89887169 
111 -00.19128790  029.89906075 
111 -00.19117237  029.89867214 
111 -00.19137192  029.89860912 
111 -00.19176052  029.89768487 
113 -00.19209661  029.89783191 
18  -00.19327382  029.89336706 1 BCN
19  -00.19628834  029.88824765 1 WS
19  -00.19195966  029.89929235 1 WS


130 Airport Boundary
111 -000.19653800  029.88866234
111 -000.19117230  029.89867210
111 -000.19128790  029.89906120
113 -000.19171000  029.89887619
99
