A
1000 Generated by Infinite Flight Airport Editing (World Parser)

1      598 0 0 89D  Kelleys Island Land Fld
100   14.94   1   0 0.00 0 1 0 09   41.60332204 -082.68909026    0.00    0.00 2  0 0 0 27   41.60307954 -082.68101560    0.00    0.00 2  0 0 0
100   10.97   1   0 0.00 0 1 0 18   41.60545136 -082.68703014    0.00    0.00 2  0 0 0 36   41.59923120 -082.68740784    0.00    0.00 2  0 0 0
110   3 0.00   0.00 Grass Parking E
111  41.60288958 -082.68605359 
111  41.60288327 -082.68596190 
111  41.60281837 -082.68596966 
111  41.60279182 -082.68521631 
111  41.60315467 -082.68519140 
113  41.60318050 -082.68603714 
110   3 0.00   0.00 Grass Parking W
111  41.60380969 -082.68718104 
111  41.60464045 -082.68711873 
111  41.60467215 -082.68779036 
113  41.60383870 -082.68787841 
110   3 0.00   0.00 Grass Taxiway S
111  41.60089594 -082.68794083 
111  41.60087644 -082.68735873 
111  41.60112825 -082.68734445 
111  41.60115122 -082.68820279 
111  41.60110132 -082.68820789 
111  41.60110334 -082.68810281 
111  41.60104289 -082.68809473 
113  41.60097439 -082.68793845 
110   2 0.00   0.00 Hold 18
111  41.60507222 -082.68700829 
112  41.60514759 -082.68692219  41.60517306 -082.68688884 
112  41.60517523 -082.68677295  41.60517842 -082.68670838 
112  41.60539313 -082.68679317  41.60540480 -082.68694359 
113  41.60540612 -082.68699012 
110   2 0.00   0.00 Hold 27
111  41.60313987 -082.68101250 
112  41.60326065 -082.68101173  41.60336421 -082.68101144 
112  41.60329501 -082.68130392  41.60322543 -082.68134657 
112  41.60321073 -082.68135377  41.60317159 -082.68137315 
113  41.60315849 -082.68154348 
110   2 0.00   0.00 Hold 36
111  41.59924735 -082.68747115 
111  41.59919296 -082.68747329 
112  41.59918048 -082.68718917  41.59917831 -082.68715137 
112  41.59923117 -082.68709048  41.59925980 -082.68708951 
112  41.59937474 -082.68709002  41.59938634 -082.68709195 
112  41.59942483 -082.68726283  41.59944258 -082.68732098 
113  41.59957000 -082.68733756 
110   2 0.00   0.00 Hold 9
111  41.60335806 -082.68841944 
112  41.60341998 -082.68854287  41.60341912 -082.68851201 
112  41.60340121 -082.68771084  41.60339864 -082.68766284 
112  41.60347093 -082.68756738  41.60351280 -082.68756510 
112  41.60365061 -082.68755631  41.60367453 -082.68755402 
112  41.60371046 -082.68744383  41.60371046 -082.68739583 
111  41.60370313 -082.68718936 
111  41.60380969 -082.68718104 
111  41.60383870 -082.68787841 
111  41.60367997 -082.68789435 
111  41.60372379 -082.68902285 
113  41.60337933 -082.68906735 
110   2 0.00   0.00 Parking
112  41.60018054 -082.68860935  41.60016240 -082.68850157 
112  41.60009591 -082.68815939  41.60006972 -082.68806240 
112  41.60019867 -082.68796271  41.60030949 -082.68796001 
111  41.60097439 -082.68793845 
111  41.60104289 -082.68809473 
111  41.60110334 -082.68810281 
111  41.60110132 -082.68820789 
111  41.60102476 -082.68821867 
111  41.60102073 -082.68830758 
112  41.60053918 -082.68833453  41.60048679 -082.68834261 
112  41.60042635 -082.68850966  41.60041426 -082.68858241 
111  41.60041023 -082.68904045 
113  41.60018658 -082.68903506 
130 Airport Boundary
111  41.60282089 -082.69297932 
111  41.59911044 -082.68932435 
111  41.59897456 -082.68475401 
111  41.60289406 -082.68471895 
111  41.60280522 -082.67960323 
111  41.60408558 -082.67958229 
111  41.60425804 -082.68671778 
111  41.60788331 -082.68644311 
111  41.60791868 -082.68786429 
111  41.60404991 -082.68799056 
113  41.60439718 -082.69281424 
14   41.59923206 -082.68615333   82 0 Observation Tower
15   41.60457598 -082.68768819  90.00 NW Parking 1
15   41.60403475 -082.68774036  90.00 NW Parking 2
15   41.60290110 -082.68582656   0.00 SE Parking 1
15   41.60030711 -082.68892378  90.00 SW Parking 1
18   41.60084438 -082.68853773 1 BCN
19   41.60354277 -082.68667376 1 WS

99
