A
1000 Generated by Infinite Flight Airport Editing (World Parser)/AB

1      979 0 1 KBGF WINCHESTER MUNI
100   22.86   1   0 0.25 0 2 0 18   35.18440300 -086.06591700    0.00    0.00 2  0 0 1 36   35.17066700 -086.06641400    0.00    0.00 2  0 0 1
21   35.18259504 -086.06561418  2 181.69   3.00 18  PAPI-4L
21   35.17247496 -086.06671680  2   1.69   3.00 36  PAPI-4L
110   1 0.30 181.69 Default taxiway for RWY 18
111  35.18440597 -086.06604005   3 102 
111  35.18442125 -086.06667180   3 102 
111  35.17068525 -086.06716875   3 102 
111  35.17066997 -086.06653711 
112  35.17087560 -086.06652967  35.17077286 -086.06653614   3 102 
111  35.17077651 -086.06668707   3 102 
112  35.17078138 -086.06688832  35.17078502 -086.06703926   3 102 
111  35.17088783 -086.06703554   3 102 
111  35.17749879 -086.06679635   3 102 
111  35.17748656 -086.06629044 
111  35.17758938 -086.06628672   3 102 
111  35.17760161 -086.06679263   3 102 
112  35.18421257 -086.06655344  35.18431538 -086.06654972   3 102 
111  35.18431174 -086.06639876   3 102 
112  35.18430687 -086.06619748  35.18430322 -086.06604652   3 102 
113  35.18420034 -086.06604749 
120 Default hold RWY 18 (near)
111  35.18441212 -086.06629440   4 
115  35.18430930 -086.06629812 
120 Default hold RWY 18 (centre)
111  35.17759553 -086.06654105   4 
115  35.17749271 -086.06654477 
120 Default hold RWY 18 (far)
111  35.17077894 -086.06678770   4 
115  35.17067612 -086.06679142 
18   35.17751633 -086.06528660 1 BCN
19   35.18459955 -086.06553384 1 WS
19   35.17047045 -086.06679710 1 WS
50 12167 AWOS 3
51 12280 CTAF/UNICOM


130 Airport Boundary
111  035.17066574 -086.06641388
111  035.17068481 -086.06716919
111  035.18442154 -086.06667328
111  035.18441391 -086.06629181
111  035.18440628 -086.06604004
113  035.18440247 -086.06591797
99
