A
1000 Generated by Infinite Flight Airport Editing (World Parser)/AB

1     1403 0 1 KMSV SULLIVAN CO INTL
100   45.72   1   0 0.25 0 3 0 15   41.70854700 -074.80196400   91.44    0.00 3  0 0 1 33   41.69475300 -074.78806400   91.44    0.00 2  0 0 1
21   41.70641899 -074.79914229  2 143.04   3.00 15  PAPI-4L
21   41.69660627 -074.79060757  2 323.05   3.00 33  PAPI-4L
110   1 0.30 143.04 Default taxiway for RWY 15
111  41.70842466 -074.80218179   3 102 
111  41.70780483 -074.80328516   3 102 
111  41.69401167 -074.78938190   3 102 
111  41.69463150 -074.78827876 
112  41.69496026 -074.78861014  41.69479452 -074.78844686   3 102 
111  41.69464609 -074.78871103   3 102 
112  41.69444818 -074.78906327  41.69429974 -074.78932744   3 102 
111  41.69446412 -074.78949313   3 102 
111  41.70094975 -074.79603051   3 102 
111  41.70144589 -074.79514742 
111  41.70161027 -074.79531311   3 102 
111  41.70111413 -074.79619620   3 102 
112  41.70759975 -074.80273358  41.70776414 -074.80289927   3 102 
111  41.70791258 -074.80263504   3 102 
112  41.70811049 -074.80228273  41.70825892 -074.80201850   3 102 
113  41.70809589 -074.80185040 
120 Default hold RWY 15 (near)
111  41.70817591 -074.80262458   4 
115  41.70801153 -074.80245889 
120 Default hold RWY 15 (centre)
111  41.70136152 -074.79575586   4 
115  41.70119714 -074.79559017 
120 Default hold RWY 15 (far)
111  41.69454713 -074.78888715   4 
115  41.69438275 -074.78872146 
18   41.70251756 -074.79347260 1 BCN
19   41.70924686 -074.80163480 1 WS
19   41.69405318 -074.78839327 1 WS
50 13402 AWOS 3
51 12280 CTAF/UNICOM
52 12160 CLNC DEL
55 13275 NEW YORK APP/DEP


130 Airport Boundary
111  041.69401169 -074.78938293
111  041.70780563 -074.80328369
111  041.70817566 -074.80262756
111  041.70842361 -074.80218506
111  041.70854568 -074.80196381
111  041.69475174 -074.78806305
111  041.69462967 -074.78827667
113  041.69438171 -074.78871918
99
