A
1000 Generated by Infinite Flight Airport Editing (World Parser)/AB

1      310 1 1 79J  ANDALUSIA OPP
100   30.48   1   0 0.25 0 2 0 11   31.31070300 -086.40143300    0.00    0.00 2  0 0 0 29   31.30677800 -086.38609400    0.00    0.00 2  0 0 0
21   31.31048192 -086.39931141  1 106.67   3.00 11  VASI
21   31.30699934 -086.38821547  1 286.68   3.00 29  VASI
110   1 0.30 106.67 Default taxiway for RWY 11
111  31.31057377 -086.40147829   3 102 
111  31.30991468 -086.40170927   3 102 
111  31.30599059 -086.38636962   3 102 
111  31.30664968 -086.38613865 
112  31.30672836 -086.38644622  31.30668686 -086.38629318   3 102 
111  31.30652920 -086.38634844   3 102 
112  31.30631898 -086.38642211  31.30616132 -086.38647736   3 102 
111  31.30620066 -086.38663115   3 102 
111  31.30806436 -086.39391651   3 102 
111  31.30859206 -086.39373158 
111  31.30863140 -086.39388536   3 102 
111  31.30810370 -086.39407029   3 102 
112  31.30996739 -086.40135567  31.31000673 -086.40150945   3 102 
111  31.31016439 -086.40145419   3 102 
112  31.31037461 -086.40138052  31.31053227 -086.40132527   3 102 
113  31.31049509 -086.40117073 
120 Default hold RWY 11 (near)
111  31.31030884 -086.40157114   4 
115  31.31026950 -086.40141736 
120 Default hold RWY 11 (centre)
111  31.30836647 -086.39397820   4 
115  31.30832713 -086.39382442 
120 Default hold RWY 11 (far)
111  31.30642409 -086.38638527   4 
115  31.30638475 -086.38623149 
18   31.30966123 -086.39344310 1 BCN
19   31.31117584 -086.40160242 1 WS
19   31.30630514 -086.38592466 1 WS
50 13487 ASOS
51 11955 CTAF
51 12280 UNICOM
53 12190 GND
54 11955 TWR
55 13345 CAIRNS APP/DEP


130 Airport Boundary
111  031.30599022 -086.38636780
111  031.30991554 -086.40171051
111  031.31057358 -086.40148163
111  031.31070328 -086.40143585
113  031.30677795 -086.38609314
99
