A
1000 Generated by Infinite Flight Airport Editing (World Parser)

1     1500 0 0 CJL4 La Loche
100   22.86   1   0 0.00 0 1 0 11   56.47675416 -109.41073134    0.00    0.00 0  0 0 0 29   56.46991584 -109.39648866    0.00    0.00 0  0 0 0
21   56.47063106 -109.39895979  2 311.00   3.00 API PAPI-4L
21   56.47579848 -109.40786851  2 130.00   3.00 API PAPI-4L
110   5 0.00  41.00 taxi
111  56.47639313 -109.40972070 
112  56.47639313 -109.40972070  56.47655965 -109.40990161 
112  56.47663232 -109.40904139  56.47651245 -109.40846556 
111  56.47663232 -109.40904139 
111  56.47692842 -109.40974607 
112  56.47692842 -109.40974607  56.47683083 -109.40971809 
112  56.47666827 -109.41008440  56.47669862 -109.41013238 
111  56.47666827 -109.41008440 
112  56.47681008 -109.41039423  56.47684699 -109.41048026 
112  56.47679891 -109.41056624  56.47676492 -109.41062242 
113  56.47679891 -109.41056624 
110   5 0.00 131.00 apron
112  56.47706735 -109.40999302  56.47704233 -109.40998698 
111  56.47706735 -109.40999302 
112  56.47706735 -109.40999302  56.47695058 -109.40994168 
112  56.47624731 -109.40812419  56.47611720 -109.40787652 
111  56.47624731 -109.40812419 
112  56.47624731 -109.40812419  56.47624397 -109.40800639 
111  56.47635829 -109.40780641 
111  56.47665106 -109.40834344 
112  56.47665106 -109.40834344  56.47667775 -109.40838875 
111  56.47701055 -109.40814653 
112  56.47715913 -109.40875894  56.47700823 -109.40897359 
111  56.47715913 -109.40875894 
112  56.47715913 -109.40875894  56.47726045 -109.40899396 
113  56.47728080 -109.40958606 
110   5 0.00 121.00 road
112  56.47816853 -109.41363540  56.47840453 -109.41287337 
111  56.47816853 -109.41363540 
112  56.47816853 -109.41363540  56.47833373 -109.41307990 
112  56.47816910 -109.41246920  56.47811796 -109.41224842 
111  56.47816910 -109.41246920 
112  56.47816910 -109.41246920  56.47785798 -109.41139867 
112  56.47756780 -109.41051764  56.47747340 -109.41021852 
111  56.47756780 -109.41051764 
112  56.47756780 -109.41051764  56.47730820 -109.41010457 
111  56.47722775 -109.40952965 
112  56.47740927 -109.40963416  56.47744851 -109.40964404 
111  56.47740927 -109.40963416 
112  56.47740927 -109.40963416  56.47743083 -109.40950379 
112  56.47719439 -109.40865747  56.47706183 -109.40865030 
111  56.47719439 -109.40865747 
111  56.47719636 -109.40855356 
112  56.47719636 -109.40855356  56.47736003 -109.40860959 
112  56.47745740 -109.40970294  56.47745170 -109.40996224 
111  56.47745740 -109.40970294 
112  56.47745740 -109.40970294  56.47752808 -109.41018217 
112  56.47823005 -109.41241532  56.47833625 -109.41283551 
111  56.47823005 -109.41241532 
112  56.47823005 -109.41241532  56.47841308 -109.41311375 
112  56.47823620 -109.41364082  56.47818084 -109.41384147 
111  56.47823620 -109.41364082 
112  56.47823620 -109.41364082  56.47798473 -109.41453707 
112  56.47794442 -109.41483225  56.47805061 -109.41508864 
111  56.47794442 -109.41483225 
111  56.47771752 -109.41431301 
114  56.47771752 -109.41431301  56.47788666 -109.41452666 
130 Airport Boundary 1
111  56.46556761 -109.38995654 
111  56.46689376 -109.38780843 
112  56.47475201 -109.40355133  56.47548526 -109.40598484 
111  56.47475201 -109.40355133 
111  56.47449401 -109.40382172 
111  56.47625926 -109.40768091 
111  56.47719619 -109.40807421 
111  56.47820103 -109.41276914 
111  56.47818745 -109.41335908 
113  56.47787513 -109.41434232 
15   56.47695459 -109.40888015 212.95 Ramp Start
18   56.47743448 -109.40816367 1 BCN
19   56.47586788 -109.40731219 1 WS

99
