A
1000 Generated by Infinite Flight Airport Editing (World Parser)/AB

1      109 0 0 YYNR YANREY
100   49.99   4   0 0.25 0 0 0 17  -22.50818507  114.79775889    0.00    0.00 0  0 0 0 35  -22.51482900  114.79881400    0.00    0.00 0  0 0 0
110   4 0.25   0.00 New Taxiway 61
111 -22.51474512  114.79874326 
112 -22.51542508  114.79887315 -22.51550508  114.79887315 
112 -22.51567840  114.79894531 -22.51571840  114.79895974 
112 -22.51599838  114.79904633 -22.51606504  114.79908963 
111 -22.51737164  114.80230797 
112 -22.51711832  114.80191831 -22.51710499  114.80184615 
111 -22.51659835  114.80080704 
111 -22.51171862  114.80008544 
112 -22.51137197  114.79996998 -22.51127865  114.79991225 
112 -22.50887533  114.79860261 -22.50876514  114.79853756 
112 -22.50857482  114.79816890 -22.50848467  114.79809300 
112 -22.50839451  114.79814722 -22.50836446  114.79822312 
112 -22.50830436  114.79874357 -22.50823424  114.79886284 
112 -22.50809401  114.79884116 -22.50796378  114.79864598 
112 -22.50760317  114.79830986 -22.50742287  114.79824480 
112 -22.50721251  114.79804963 -22.50735275  114.79800626 
112 -22.50777346  114.79822312 -22.50792372  114.79827733 
112 -22.50807397  114.79827733 -22.50810402  114.79823396 
112 -22.50810402  114.79790867 -22.50806395  114.79785446 
112 -22.50763322  114.79772435 -22.50741285  114.79771350 
111 -22.50698212  114.79764845 
112 -22.50667160  114.79736653 -22.50664154  114.79714968 
111 -22.50661550  114.79672211 
112 -22.50680590  114.79674900 -22.50679763  114.79687445 
112 -22.50677279  114.79722392 -22.50677279  114.79725081 
112 -22.50692180  114.79745691 -22.50704598  114.79747483 
112 -22.50794834  114.79761820 -22.50800628  114.79760028 
112 -22.50814702  114.79742106 -22.50815530  114.79734042 
111 -22.50815530  114.79708951 
112 -22.50775258  114.79689946 -22.50767808  114.79687258 
112 -22.50750423  114.79646934 -22.50753734  114.79629908 
112 -22.50762013  114.79532234 -22.50762013  114.79529546 
111 -22.50761185  114.79519689 
111 -22.50694129  114.79533130 
111 -22.50693301  114.79525065 
111 -22.50825757  114.79496390 
111 -22.51210247  114.79430864 
111 -22.51758033  114.79404994 
111 -22.51843828  114.79408253 
111 -22.51739971  114.79419658 
111 -22.51267198  114.79444003 
111 -22.51434820  114.79533617 
112 -22.51427294  114.79486958 -22.51429347  114.79482515 
112 -22.51441662  114.79489921 -22.51441662  114.79498808 
111 -22.51592096  114.79875371 
112 -22.51574065  114.79859106 -22.51571060  114.79846095 
111 -22.51450857  114.79556581 
111 -22.51253522  114.79456824 
112 -22.51218463  114.79444897 -22.51202436  114.79447065 
111 -22.50780850  114.79522842 
111 -22.50778426  114.79584505 
112 -22.50784486  114.79676342 -22.50803879  114.79682902 
111 -22.51342696  114.79790626 
112 -22.51355114  114.79781665 -22.51355942  114.79781665 
112 -22.51362565  114.79797795 -22.51364221  114.79803172 
112 -22.51374983  114.79811237 -22.51374983  114.79819302 
112 -22.51371671  114.79825575 -22.51369188  114.79830056 
112 -22.51360909  114.79830056 -22.51359253  114.79835433 
111 -22.51352631  114.79845290 
112 -22.51352631  114.79829160 -22.51352631  114.79824679 
112 -22.51342696  114.79815718 -22.51338557  114.79815718 
112 -22.51327795  114.79808549 -22.51326140  114.79799588 
111 -22.51324484  114.79797795 
111 -22.50851937  114.79704046 
111 -22.50852765  114.79765876 
112 -22.50896641  114.79826811 -22.50899952  114.79833083 
111 -22.50933894  114.79863551 
112 -22.51159536  114.79994547 -22.51169470  114.79997236 
111 -22.51654330  114.80062535 
111 -22.51589333  114.79911699 
112 -22.51545295  114.79902362 -22.51538283  114.79905615 
112 -22.51507230  114.79907784 -22.51498215  114.79907784 
113 -22.51469166  114.79890435 
14  -22.50808339  114.79716215    6 0 New Tower Viewpoint 39
15  -22.50832639  114.79727849  88.15 New Ramp Start 37
19  -22.50848527  114.79833061 0 New Windsock 38


130 Airport Boundary
111 -022.51843834  114.79408264
111 -022.51758003  114.79405212
111 -022.51210213  114.79431152
111 -022.50825691  114.79496765
111 -022.50693321  114.79524994
111 -022.50661469  114.79672241
111 -022.50667191  114.79736328
111 -022.50721169  114.79804993
111 -022.50809479  114.79884338
113 -022.51737213  114.80230713
99
