A
1000 Generated by Infinite Flight Airport Editing (World Parser)/AB

1      450 0 1 TX40 Echo Lake
100   12.19   1   0 0.25 0 0 0 16   32.25777689 -095.65681452    0.00    0.00 2  0 0 0 34   32.25085699 -095.65477438    0.00    0.00 2  0 0 0
110   1 0.30 166.00 Default taxiway for RWY 16
111  32.25776416 -095.65687488   3 
111  32.25769726 -095.65719219   3 
111  32.25077738 -095.65515186   3 
111  32.25084428 -095.65483458 
112  32.25095074 -095.65486597  32.25089697 -095.65485286   3 
111  32.25088104 -095.65492839   3 
112  32.25085981 -095.65502909  32.25084388 -095.65510462   3 
111  32.25089711 -095.65512031   3 
111  32.25422397 -095.65610123   3 
111  32.25427760 -095.65584688 
111  32.25433083 -095.65586258   3 
111  32.25427720 -095.65611693   3 
112  32.25760407 -095.65709786  32.25765730 -095.65711356   3 
111  32.25767323 -095.65703802   3 
112  32.25769446 -095.65693731  32.25771039 -095.65686178   3 
113  32.25765770 -095.65684349 
120 Default hold RWY 16 (near)
111  32.25773707 -095.65700336   4 
115  32.25768384 -095.65698767 
120 Default hold RWY 16 (centre)
111  32.25430374 -095.65599105   4 
115  32.25425051 -095.65597535 
120 Default hold RWY 16 (far)
111  32.25087042 -095.65497874   4 
115  32.25081719 -095.65496304 
19   32.25792317 -095.65665707 1 WS
19   32.25071072 -095.65493182 1 WS


130 Airport Boundary
111  032.25077820 -095.65515137
111  032.25769806 -095.65718842
111  032.25777817 -095.65681458
111  032.25085831 -095.65477753
111  032.25084305 -095.65483093
113  032.25081635 -095.65496063
99
