A
1000 Generated by Infinite Flight Airport Editing (World Parser)/AB

1      810 0 1 0WI4 SNOW CREST RANCH
100   12.19   1   0 0.25 0 0 0 08   43.82888900 -089.35861100    0.00    0.00 2  0 0 0 26   43.83000300 -089.34638900    0.00    0.00 2  0 0 0
110   1 0.30  82.80 Default taxiway for RWY 08
111  43.82883681 -089.35860185   3 
111  43.82856244 -089.35855377   3 
111  43.82967709 -089.34633200   3 
111  43.82995146 -089.34638008 
112  43.82993770 -089.34653097  43.82994234 -089.34645513   3 
111  43.82987703 -089.34644369   3 
112  43.82978995 -089.34642843  43.82972464 -089.34641698   3 
111  43.82971776 -089.34649243   3 
111  43.82917764 -089.35241470   3 
111  43.82939758 -089.35245324 
111  43.82939070 -089.35252869   3 
111  43.82917076 -089.35249015   3 
112  43.82863063 -089.35841242  43.82862375 -089.35848787   3 
111  43.82868906 -089.35849932   3 
112  43.82877614 -089.35851458  43.82884145 -089.35852602   3 
113  43.82885057 -089.35845096 
120 Default hold RWY 08 (near)
111  43.82872572 -089.35858239   4 
115  43.82873260 -089.35850695 
120 Default hold RWY 08 (centre)
111  43.82927961 -089.35250923   4 
115  43.82928649 -089.35243378 
120 Default hold RWY 08 (far)
111  43.82983349 -089.34643606   4 
115  43.82984037 -089.34636062 
19   43.82903852 -089.35879050 1 WS
19   43.82985347 -089.34620953 1 WS


130 Airport Boundary
111  043.82856369 -089.35855103
111  043.82883835 -089.35860443
111  043.82888794 -089.35861206
111  043.83000183 -089.34638977
111  043.82984161 -089.34635925
113  043.82967758 -089.34632874
99
