A
1000 Generated by Infinite Flight Airport Editing (World Parser)/AB

1      145 0 0 WT57 Waimiha (YMST)
100   24.99   3   0 0.25 0 0 0 09  -01.87677529  124.71173580    0.00    0.00 0  0 0 0 27  -01.87659071  124.71749620    0.00    0.00 0  0 0 0
100   34.14   3   0 0.00 0 0 0 10  -01.89998984  124.72317841    0.00    0.00 0  0 0 0 28  -01.89922392  124.71842034    0.00    0.00 0  0 0 0
14  -01.89932039  124.72038168    5 0 Waimiha Viewpoint
15  -01.89954870  124.72044311 280.00 Waimiha Start
19  -01.89975851  124.72050603 0 Waimiha Windsock


130 Airport Boundary
111 -001.89998984  124.72317505
111 -001.89922392  124.71842194
111 -001.87677515  124.71173859
113 -001.87659073  124.71749878
99
