A
1000 Generated by Infinite Flight Airport Editing (World Parser)/AB

1     1010 0 1 28KS Highland Farm
100   22.86   3   0 0.25 0 0 0 09   38.54277630 -095.15992468    0.00    0.00 1  0 0 0 27   38.54225036 -095.15223866    0.00    0.00 1  0 0 0
100   22.86   3   0 0.25 0 0 0 01   38.54065867 -095.15671704    0.00    0.00 1  0 0 0 19   38.54436799 -095.15544630    0.00    0.00 1  0 0 0
19   38.54053947 -095.15716450 1 WS
19   38.54310027 -095.16015249 1 WS
19   38.54192638 -095.15201089 1 WS
19   38.54448719 -095.15499881 1 WS


130 Airport Boundary
111  038.54065704 -095.15671539
111  038.54277802 -095.15992737
111  038.54436874 -095.15544891
113  038.54225159 -095.15223694
99
