I
1050 Generated by WorldEditor 2.1.0r1

1   2091 0 0 OEHW Hawtah
100 30.48 1 0 0.25 0 2 0 15  22.97729269  046.89325401    0  150 2 0 0 0 33  22.95694349  046.90577545    0  147 2 0 0 0
102 H1  22.97773201  046.89909219   0.88 18.19 18.16 2 0 0 0.00 1
110 1 0.00 0.0000 New Taxiway 258
111  22.97836290  046.89232080
111  22.97715282  046.89306845
111  22.97730756  046.89337615
111  22.97643264  046.89391695
111  22.97658512  046.89386061
112  22.97658512  046.89386061  22.97679518  046.89382197 3
111  22.97689024  046.89398095 3
111  22.97703773  046.89426093 3
111  22.97865822  046.89733716 3
111  22.97865475  046.89795012
112  22.97865475  046.89795012  22.97863469  046.89802449 3
111  22.97857058  046.89803251 3
111  22.97764898  046.89802500 3
111  22.97763365  046.89919619 3
111  22.97844794  046.89920361
111  22.97845529  046.89857826
111  22.97917349  046.89858305 3
111  22.97918524  046.89789228 3
111  22.97723018  046.89417852
112  22.97723018  046.89417852  22.97724300  046.89416062
111  22.97724747  046.89412775
111  22.97724225  046.89399214
111  22.97749711  046.89356504
111  22.97742854  046.89343071
113  22.97857200  046.89272241
110 1 0.00 0.0000 New Taxiway 262
111  22.95684246  046.90558301
111  22.95568823  046.90629342
111  22.95588448  046.90666854
111  22.95703838  046.90597593
111  22.95726348  046.90639554
111  22.95768037  046.90613394
111  22.95766209  046.90561622
111  22.95776645  046.90541565
113  22.95689559  046.90568260
110 2 0.00 0.0000 New Taxiway 260
111  22.97917349  046.89858305
111  22.97845529  046.89857826
111  22.97844794  046.89920361 3
113  22.97916697  046.89920713 3
130 Airport Boundary
111  22.98080598  046.88857033
111  22.97708755  046.89170141
111  22.95581079  046.90479013
111  22.95150938  046.90657760
111  22.95357369  046.91040932
111  22.95717372  046.90730855
111  22.97707157  046.89507577
111  22.97733105  046.89556798
111  22.97728267  046.89946926
111  22.97952295  046.89949281
111  22.97953622  046.89778322
111  22.97785718  046.89458954
111  22.97842954  046.89423153
113  22.98281766  046.89240658
120 Linear Feature 273
111  22.95746443  046.90572108 4
115  22.95761440  046.90563042
120 Linear Feature 273
111  22.95707980  046.90595783 4
115  22.95721790  046.90587254
120 Linear Feature 272
111  22.95704194  046.90588606 3
111  22.95707980  046.90595783 3
111  22.95727537  046.90632864 3
111  22.95763006  046.90611013 3
111  22.95761440  046.90563042 3
111  22.95761391  046.90561537 3
115  22.95767620  046.90549580
120 Linear Feature 271
111  22.95711025  046.90584470 1
111  22.95721862  046.90605162
112  22.95721862  046.90605162  22.95736753  046.90622995 1
112  22.95754732  046.90593923  22.95754630  046.90584065
111  22.95754732  046.90593923 1
111  22.95753090  046.90547241
112  22.95753090  046.90547241  22.95754011  046.90543934 1
111  22.95758685  046.90539549 1
115  22.95808512  046.90508886
120 Linear Feature 270
112  22.97799475  046.89876300  22.97799485  046.89866614 1
112  22.97783345  046.89858746  22.97774427  046.89858735 1
112  22.97767179  046.89876265  22.97767169  046.89885952 1
114  22.97783308  046.89893824  22.97792226  046.89893835 1
120 Linear Feature 270
112  22.97800005  046.89837054  22.97800015  046.89827368 1
112  22.97783875  046.89819500  22.97774957  046.89819489 1
112  22.97767709  046.89837019  22.97767699  046.89846705 1
114  22.97783838  046.89854578  22.97792756  046.89854588 1
120 Linear Feature 270
112  22.97890427  046.89900201  22.97890437  046.89890514 1
112  22.97874297  046.89882646  22.97865379  046.89882635 1
112  22.97858132  046.89900166  22.97858122  046.89909852 1
114  22.97874261  046.89917724  22.97883179  046.89917735 1
120 Linear Feature 270
112  22.97890949  046.89859179  22.97890959  046.89849492 1
112  22.97874820  046.89841620  22.97865902  046.89841609 1
112  22.97858655  046.89859139  22.97858645  046.89868826 1
114  22.97874784  046.89876698  22.97883702  046.89876709 1
120 Linear Feature 268
111  22.97827193  046.89816115 1
115  22.97854423  046.89816441
120 Linear Feature 267
112  22.97839974  046.89832443  22.97839093  046.89819521 1
111  22.97827193  046.89816115 1
111  22.97799785  046.89815831
112  22.97799785  046.89815831  22.97784217  046.89817585 1
111  22.97784132  046.89832756 1
111  22.97783305  046.89894369
112  22.97783305  046.89894369  22.97784215  046.89906790 1
111  22.97796054  046.89907319 1
111  22.97823384  046.89907756
112  22.97823384  046.89907756  22.97838187  046.89905832 1
111  22.97839397  046.89891917 1
115  22.97839561  046.89884919
120 Linear Feature 266
111  22.97840013  046.89844675 1
111  22.97839561  046.89884919
112  22.97839561  046.89884919  22.97840741  046.89896192 1
111  22.97852243  046.89899654 1
111  22.97892157  046.89900225
112  22.97892157  046.89900225  22.97905620  046.89897899 1
111  22.97907309  046.89882293 1
115  22.97907265  046.89845503
120 Linear Feature 265
111  22.97703773  046.89426093 4
115  22.97721562  046.89415250
120 Linear Feature 264
112  22.97709347  046.89414305  22.97707222  046.89408212 1
111  22.97709927  046.89400164 1
111  22.97730491  046.89364680
112  22.97730491  046.89364680  22.97734061  046.89350389 1
115  22.97724032  046.89343705
120 Linear Feature 263
111  22.97601887  046.89405754 1
111  22.97654268  046.89373311
112  22.97654268  046.89373311  22.97682467  046.89367089 1
111  22.97698065  046.89392905 1
111  22.97709347  046.89414305 1
111  22.97890712  046.89758313 1
111  22.97906912  046.89789040
112  22.97906912  046.89789040  22.97907629  046.89791205 1
111  22.97907847  046.89795964 1
111  22.97907265  046.89845503
112  22.97907265  046.89845503  22.97904361  046.89857812 1
111  22.97894020  046.89859197 1
111  22.97852179  046.89858963
112  22.97852179  046.89858963  22.97842388  046.89856437 1
111  22.97840013  046.89844675 1
111  22.97839974  046.89832443
112  22.97839974  046.89832443  22.97841443  046.89818883 1
111  22.97854423  046.89816441 1
111  22.97866788  046.89816539
112  22.97866788  046.89816539  22.97891463  046.89813667 1
111  22.97892093  046.89788217 1
111  22.97891821  046.89762382
112  22.97891821  046.89762382  22.97891775  046.89761306 1
115  22.97890712  046.89758313
120 Linear Feature 261
111  22.97723018  046.89417852 3
111  22.97721562  046.89415250 3
111  22.97720673  046.89413659 3
111  22.97720057  046.89398299 3
111  22.97744734  046.89356559 3
115  22.97738926  046.89345404
21  22.97508625  046.89510400 2 150.5300 3.00 15  PAPI-4L
21  22.95918019  046.90391417 2 330.5300 3.00 33  PAPI-4L
14  22.97894735  046.89938574  50.00 0 Tower
1300  22.97890949  046.89859179   0.28 tie_down jets|turboprops|props Ramp 1
1301 C general_aviation 
1300  22.97890427  046.89900201   0.69 tie_down jets|turboprops|props Ramp 2
1301 C general_aviation 
1300  22.97783838  046.89854578  90.88 tie_down jets|turboprops|props Ramp 3
1301 C general_aviation 
1300  22.97783308  046.89893824  90.88 tie_down jets|turboprops|props Ramp 4
1301 C general_aviation 
18  22.97894735  046.89938574 1 BCN
51 12280 Hawtah Unicom
99
