I
1050 Generated by WorldEditor 2.1.0r1

1   1045 0 0 SMTB Tafelberg Strp
1302 country Surinam
1302 datum_lat 3.7875
1302 datum_lon -56.15
1302 icao_code SMTB
100 80.00 4 0 0.00 0 0 0 09  03.78810614 -056.15454489    0    0 0 0 0 0 27  03.78768352 -056.14446263    0    0 0 0 0 0
110 4 0.00 272.4788 Dirt
112  03.78848583 -056.15451826  03.78848302 -056.15456334
112  03.78841656 -056.15466578  03.78840251 -056.15471649
112  03.78831536 -056.15515317  03.78834909 -056.15524614
112  03.78842219 -056.15591103  03.78842219 -056.15599837
112  03.78830412 -056.15608852  03.78826195 -056.15609979
112  03.78790774 -056.15603217  03.78790774 -056.15599273
112  03.78796397 -056.15565747  03.78798927 -056.15558704
112  03.78794429 -056.15531658  03.78793585 -056.15527714
112  03.78792461 -056.15493061  03.78792461 -056.15487426
112  03.78770907 -056.15458996  03.78769502 -056.15449981
112  03.78730334 -056.14444458  03.78730334 -056.14440514
112  03.78734832 -056.14437415  03.78741017 -056.14437415
111  03.78803706 -056.14435724
112  03.78807360 -056.14447839  03.78807641 -056.14451783
112  03.78832661 -056.15027923  03.78834066 -056.15031304
112  03.78855712 -056.15036375  03.78867800 -056.15035248
112  03.78904907 -056.15017499  03.78912779 -056.15014118
112  03.78939485 -056.15006511  03.78943420 -056.15007638
112  03.78957195 -056.15043981  03.78957757 -056.15051870
112  03.78973219 -056.15070746  03.78987837 -056.15071028
112  03.78985025 -056.15060885  03.78985025 -056.15054969
112  03.79003579 -056.15040319  03.79010045 -056.15039474
112  03.79019040 -056.15027359  03.79019040 -056.15024260
112  03.79003860 -056.15019189  03.78998238 -056.15021725
112  03.78978279 -056.15027641  03.78974062 -056.15028204
112  03.78958882 -056.15023978  03.78958882 -056.15021443
112  03.78957476 -056.15006793  03.78961974 -056.15004539
112  03.78977154 -056.14998341  03.78980528 -056.14996650
112  03.78985025 -056.14990452  03.78986431 -056.14983691
112  03.79003860 -056.14974957  03.79008639 -056.14975802
112  03.79058678 -056.14970731  03.79063176 -056.14970731
112  03.79072171 -056.14961152  03.79076107 -056.14955236
112  03.79089038 -056.14950728  03.79096347 -056.14950165
112  03.79103937 -056.14946221  03.79106467 -056.14942276
112  03.79113214 -056.14931007  03.79116025 -056.14931007
112  03.79131768 -056.14935233  03.79132049 -056.14941713
112  03.79132330 -056.14954391  03.79132330 -056.14957208
111  03.79134579 -056.14958335
111  03.79145261 -056.14957490
112  03.79151446 -056.14959180  03.79151446 -056.14961716
112  03.79138234 -056.14973830  03.79134860 -056.14974112
112  03.79074139 -056.14983691  03.79070204 -056.14986508
112  03.79056148 -056.15004257  03.79055023 -056.15008483
112  03.79046028 -056.15016653  03.79043779 -056.15021161
112  03.79057272 -056.15031022  03.79062895 -056.15034966
112  03.79074701 -056.15058631  03.79074420 -056.15067083
112  03.79066549 -056.15081170  03.79065987 -056.15085396
112  03.79046590 -056.15093566  03.79040686 -056.15094130
112  03.79025225 -056.15102863  03.79024663 -056.15108498
112  03.79020727 -056.15113569  03.79017073 -056.15116105
112  03.79012013 -056.15122866  03.79006390 -056.15121739
112  03.78984463 -056.15123430  03.78981933 -056.15120894
112  03.78981090 -056.15111597  03.78981090 -056.15106526
112  03.78976873 -056.15095257  03.78968721 -056.15091031
112  03.78952135 -056.15088495  03.78950167 -056.15087368
112  03.78920088 -056.15077789  03.78914746 -056.15071873
112  03.78884105 -056.15061167  03.78874547 -056.15060885
112  03.78841937 -056.15058631  03.78838564 -056.15060322
114  03.78831255 -056.15076099  03.78831817 -056.15087086
130 Airport Boundary by Major Tom
111  03.78912242 -056.15512870
111  03.78887638 -056.15581868
111  03.78904560 -056.15595193
111  03.78892473 -056.15689681
111  03.78862254 -056.15765999
111  03.78861046 -056.15907730
111  03.78735336 -056.15902885
111  03.78728083 -056.15796283
111  03.78734127 -056.15699372
111  03.78743797 -056.15602462
111  03.78759511 -056.15474055
111  03.78711917 -056.14453474
111  03.78605826 -056.14388628
111  03.78523051 -056.14384539
111  03.78475834 -056.14336635
111  03.78486909 -056.14302168
111  03.78483412 -056.14254848
111  03.78495653 -056.14204607
111  03.78526548 -056.14191171
111  03.78586589 -056.14202271
111  03.78611072 -056.14188250
111  03.78662952 -056.14197013
111  03.78725325 -056.14181240
111  03.78743395 -056.14167803
111  03.78804019 -056.14172476
111  03.78845406 -056.14099451
111  03.78917689 -056.14090104
111  03.78933428 -056.14275879
111  03.78959076 -056.14400897
111  03.78940423 -056.14509557
111  03.78951498 -056.14614128
111  03.79030193 -056.14749662
111  03.79068666 -056.14791724
111  03.79070414 -056.14876433
111  03.79105390 -056.14893374
111  03.79147360 -056.14929595
111  03.79172426 -056.14979836
111  03.79133370 -056.14995609
111  03.79097229 -056.14995609
111  03.79091982 -056.15068050
111  03.79098978 -056.15112449
111  03.79096646 -056.15173789
111  03.79032524 -056.15195989
111  03.79075078 -056.15242141
111  03.79073912 -056.15325097
111  03.79054093 -056.15399290
111  03.79023198 -056.15469393
113  03.78941589 -056.15494514
14  03.78962185 -056.15053247 265.75 0 Hut Viewpoint
1300  03.79120830 -056.14956570 147.76 tie_down jets|turboprops|props|fighters Rear Ramp 4
1301 A general_aviation 
1300  03.78990955 -056.15105663  94.24 tie_down jets|turboprops|props|fighters Rear Ramp 1
1301 A general_aviation 
1300  03.79058085 -056.15062051 248.96 tie_down jets|turboprops|props|fighters Rear Ramp 2
1301 B general_aviation 
1300  03.78976786 -056.15006606  15.42 tie_down jets|turboprops|props|fighters Rear Ramp 3
1301 A general_aviation 
1300  03.78939679 -056.15031285  92.66 gate jets|turboprops|props|fighters Front Ramp
1301 B general_aviation 
99
