A
1000 Generated by Infinite Flight Airport Editing (World Parser)/AB

1      919 0 1 SB03 FAZENDA SAO SEBASTIAO
100    9.14   1   0 0.25 0 0 0 16  -12.73229700 -061.11282500    0.00    0.00 2  0 0 0 34  -12.74037500 -061.10766700    0.00    0.00 2  0 0 0
110   1 0.30 148.09 Default taxiway for RWY 16
111 -12.73231756 -061.11285885   3 
111 -12.73242751 -061.11303983   3 
111 -12.74050556 -061.10788200   3 
111 -12.74039561 -061.10770101 
112 -12.74032576 -061.10774561 -12.74036187 -061.10772527   3 
111 -12.74038797 -061.10776823   3 
112 -12.74042278 -061.10782553 -12.74044888 -061.10786849   3 
111 -12.74041396 -061.10789079   3 
111 -12.73646225 -061.11041396   3 
111 -12.73637405 -061.11026878 
111 -12.73633912 -061.11029108   3 
111 -12.73642732 -061.11043626   3 
112 -12.73247561 -061.11295943 -12.73244069 -061.11298173   3 
111 -12.73241459 -061.11293876   3 
112 -12.73237978 -061.11288147 -12.73235368 -061.11283851   3 
113 -12.73238741 -061.11281425 
120 Default hold RWY 16 (near)
111 -12.73236225 -061.11293242   4 
115 -12.73239718 -061.11291012 
120 Default hold RWY 16 (centre)
111 -12.73638381 -061.11036465   4 
115 -12.73641874 -061.11034235 
120 Default hold RWY 16 (far)
111 -12.74040537 -061.10779688   4 
115 -12.74044030 -061.10777458 
19  -12.73216190 -061.11276218 1 WS
19  -12.74051011 -061.10772982 1 WS


130 Airport Boundary
111 -012.74050522 -061.10788345
111 -012.73242760 -061.11304092
111 -012.73236179 -061.11293411
111 -012.73229694 -061.11282349
111 -012.74037457 -061.10766602
113 -012.74044037 -061.10777283
99
