A
1000 Generated by Infinite Flight Airport Editing (World Parser)/AB

1      141 0 1 MP24 CHAME
100   24.99   1   0 0.25 0 0 0 18   08.59387200 -079.88935600    0.00    0.00 2  0 0 0 36   08.58304700 -079.89008100    0.00    0.00 2  0 0 0
110   1 0.30 183.79 Default taxiway for RWY 18
111  08.59387928 -079.88946722   3 
111  08.59391659 -079.89003694   3 
111  08.58309159 -079.89076194   3 
111  08.58305428 -079.89019224 
112  08.58327871 -079.89017721  08.58316665 -079.89018699   3 
111  08.58317557 -079.89032317   3 
112  08.58318746 -079.89050475  08.58319638 -079.89064094   3 
111  08.58330859 -079.89063343   3 
111  08.58844055 -079.89028971   3 
111  08.58841067 -079.88983349 
111  08.58852289 -079.88982597   3 
111  08.58855277 -079.89028220   3 
112  08.59368473 -079.88993848  08.59379694 -079.88993097   3 
111  08.59378802 -079.88979478   3 
112  08.59377613 -079.88961320  08.59376721 -079.88947701   3 
113  08.59365485 -079.88948225 
120 Default hold RWY 18 (near)
111  08.59389429 -079.88969647   4 
115  08.59378207 -079.88970399 
120 Default hold RWY 18 (centre)
111  08.58853790 -079.89005522   4 
115  08.58842568 -079.89006274 
120 Default hold RWY 18 (far)
111  08.58318151 -079.89041396   4 
115  08.58306929 -079.89042148 
19   08.59407414 -079.88900050 1 WS
19   08.58284486 -079.89043649 1 WS


130 Airport Boundary
111  008.58304691 -079.89008331
111  008.58306885 -079.89041901
111  008.58309174 -079.89076233
111  008.59391689 -079.89003754
113  008.59387207 -079.88935852
99
