A
1000 Generated by Infinite Flight Airport Editing (World Parser)/AB

1      750 0 1 30A  Meadowlake
100   12.19   1   0 0.25 0 1 0 05   35.82129923 -084.54209102    0.00    0.00 2  0 0 0 23   35.82607131 -084.53555454    0.00    0.00 2  0 0 0
110   1 0.30  48.00 Default taxiway for RWY 05
111  35.82126013 -084.54204760   3 102 
111  35.82105463 -084.54181938   3 102 
111  35.82582689 -084.53528327   3 102 
111  35.82603239 -084.53551151 
112  35.82595897 -084.53561207  35.82599401 -084.53555993   3 102 
111  35.82594509 -084.53550560   3 102 
112  35.82587986 -084.53543316  35.82583094 -084.53537883   3 102 
111  35.82579423 -084.53542911   3 102 
111  35.82349987 -084.53857147   3 102 
111  35.82366461 -084.53875442 
111  35.82362790 -084.53880470   3 102 
111  35.82346316 -084.53862175   3 102 
112  35.82116881 -084.54176409  35.82113210 -084.54181437   3 102 
111  35.82118102 -084.54186870   3 102 
112  35.82124625 -084.54194114  35.82129517 -084.54199547   3 102 
113  35.82133355 -084.54194704 
120 Default hold RWY 05 (near)
111  35.82117693 -084.54195520   4 
115  35.82121364 -084.54190492 
120 Default hold RWY 05 (centre)
111  35.82354470 -084.53871230   4 
115  35.82358141 -084.53866202 
120 Default hold RWY 05 (far)
111  35.82591248 -084.53546938   4 
115  35.82594919 -084.53541910 
18   35.82397065 -084.53913979 1 BCN
19   35.82134811 -084.54232740 1 WS
19   35.82602241 -084.53531815 1 WS


130 Airport Boundary
111  035.82105637 -084.54181671
111  035.82125854 -084.54204559
111  035.82130051 -084.54209137
111  035.82607269 -084.53555298
111  035.82595062 -084.53541565
113  035.82582855 -084.53528595
99
