A
1000 Generated by Infinite Flight Airport Editing (World Parser)/AB

1      635 0 1 X33  Doniphan Municipal
100   17.37   1   0 0.25 0 2 0 07   36.69264125 -090.78903070    0.00    0.00 2  0 0 0 25   36.69469429 -090.78065598    0.00    0.00 2  0 0 0
110   1 0.30  73.00 Default taxiway for RWY 07
111  36.69256864 -090.78900301   3 102 
111  36.69219270 -090.78885965   3 102 
111  36.69424603 -090.78048515   3 102 
111  36.69462197 -090.78062851 
112  36.69457625 -090.78081498  36.69459696 -090.78072093   3 102 
111  36.69450725 -090.78068672   3 102 
112  36.69438764 -090.78064111  36.69429793 -090.78060690   3 102 
111  36.69427507 -090.78070013   3 102 
111  36.69330556 -090.78465430   3 102 
111  36.69360674 -090.78476915 
111  36.69358388 -090.78486238   3 102 
111  36.69328270 -090.78474753   3 102 
112  36.69231318 -090.78870170  36.69229032 -090.78879493   3 102 
111  36.69238003 -090.78882914   3 102 
112  36.69249964 -090.78887475  36.69258935 -090.78890896   3 102 
113  36.69261436 -090.78881655 
120 Default hold RWY 07 (near)
111  36.69241698 -090.78894518   4 
115  36.69243984 -090.78885195 
120 Default hold RWY 07 (centre)
111  36.69343222 -090.78480454   4 
115  36.69345508 -090.78471131 
120 Default hold RWY 07 (far)
111  36.69444745 -090.78066391   4 
115  36.69447031 -090.78057067 
18   36.69418977 -090.78504243 1 BCN
19   36.69281849 -090.78930218 1 WS
19   36.69451703 -090.78038451 1 WS


130 Airport Boundary
111  036.69219208 -090.78885651
111  036.69241714 -090.78894806
111  036.69264221 -090.78903198
111  036.69469452 -090.78065491
113  036.69424438 -090.78048706
99
