A
1000 Generated by Infinite Flight Airport Editing (World Parser)

1     8530 1 0 SKLA Malaga
100   50.90   5   0 0.00 1 2 1 15   06.70985111 -072.73233966    0.00    0.00 2  9 0 0 33   06.70197743 -072.72844866    0.00    0.00 2  9 0 0
110   5 0.00   0.00 KLM700 parkingplace
112  06.70216494 -072.72899702  06.70164586 -072.72900542 
112  06.70184323 -072.72962128  06.70168093 -072.73006651 
112  06.70186203 -072.73016075  06.70186203 -072.73018915 
111  06.70190903 -072.73056772 
112  06.70163643 -072.73067183  06.70161763 -072.73067183 
112  06.70125104 -072.73070022  06.70120404 -072.73070022 
112  06.70077165 -072.73049200  06.70076225 -072.73046361 
112  06.70066826 -072.73021754  06.70067766 -072.73005664 
112  06.70069646 -072.72985789  06.70080925 -072.72951718 
112  06.70099725 -072.72920485  06.70101605 -072.72919539 
112  06.70128864 -072.72897771  06.70129804 -072.72896824 
111  06.70143904 -072.72882628 
113  06.70187825 -072.72865901 
130 Airport Boundary 1
111  06.69571530 -072.73073551 
111  06.69668389 -072.72585839 
111  06.69844513 -072.72079531 
111  06.70321301 -072.72277982 
112  06.70864360 -072.72458967  06.70872965 -072.72444371 
111  06.71765747 -072.72626279 
112  06.71577334 -072.73403850  06.71554394 -072.73489406 
111  06.71493090 -072.73944786 
111  06.70834905 -072.73663311 
114  06.69902813 -072.73327392  06.69874596 -072.73372716 
14   06.70469718 -072.73191096   82 0 New Tower Viewpoint 1
15   06.70095965 -072.72962128   0.00 KLM700 parking
15   06.70142024 -072.73037843 153.44 parking 2
18   06.70662200 -072.72894714 1 BCN
19   06.70111945 -072.72821110 0 New Windsock 3
19   06.70847799 -072.73236336 0 New Windsock 4
20   06.70209798 -072.72929388 180.00  0 2 {@L}A

99
