A
1000 Generated by Infinite Flight Airport Editing (World Parser)/AB

1     1560 0 0 YMBA Mareeba
100   29.87   1   0 0.25 0 1 0 10  -17.06780623  145.41727294    0.00    0.00 2  0 0 0 28  -17.07233903  145.43058915    0.00    0.00 2  0 0 0
110   5 0.25  98.00 New Taxiway 42
112 -17.06984676  145.42612514 -17.06989042  145.42611977  22 
112 -17.06992638  145.42620575 -17.06992830  145.42624269  22 
112 -17.06985575  145.42628232 -17.06981850  145.42628299  22 
114 -17.06977998  145.42621179 -17.06977933  145.42616880  22 
110   1 0.25 109.60 New Taxiway 37
111 -17.07221001  145.43005056 
112 -17.07210320  145.43030986 -17.07203469  145.43021078   1 102 
111 -17.07191176  145.43023607   1 102 
112 -17.07129795  145.43045699 -17.07105411  145.43055392   1 102 
111 -17.07109331  145.43093797 
111 -17.07113353  145.43104246 
111 -17.07167603  145.43257529 
111 -17.07034212  145.43307437 
111 -17.07030652  145.43257488 
111 -17.07103746  145.43229828 
111 -17.07085435  145.43178276 
111 -17.07060607  145.43188015 
111 -17.07049309  145.43158129 
111 -17.07072759  145.43149122 
111 -17.07064546  145.43125492 
111 -17.07065235  145.43119592 
111 -17.07050094  145.43076684 
112 -17.07026628  145.43085878 -17.07022873  145.43087561 
111 -17.07023141  145.43095698 
112 -17.07017825  145.43097687 -17.07016213  145.43093260 
111 -17.07010571  145.43093471 
111 -17.06998681  145.43100428 
111 -17.06997673  145.43090309 
112 -17.07008555  145.43084406 -17.07009563  145.43083985 
111 -17.07008757  145.43079979 
111 -17.07004928  145.43080401 
111 -17.07004051  145.43059368 
111 -17.07010096  145.43058736 
111 -17.07012313  145.43056628 
111 -17.07008887  145.43049249 
111 -17.07037705  145.43039341 
111 -17.07023195  145.42990645 
111 -17.07067898  145.42973016   1 
111 -17.07090082  145.43034154   1 102 
111 -17.07113954  145.43033873   1 102 
112 -17.07185236  145.43008325 -17.07195513  145.43003898   1 102 
113 -17.07196924  145.42991460 
110   4 0.25 109.60 New Taxiway 36
112 -17.07205767  145.43047313 -17.07205767  145.43046939 
112 -17.07198626  145.43033495 -17.07195413  145.43032001 
112 -17.07172208  145.43038723 -17.07167210  145.43040590 
112 -17.07129010  145.43053661 -17.07120799  145.43056649 
112 -17.07116872  145.43077563 -17.07115801  145.43087273 
112 -17.07124369  145.43118644 -17.07126868  145.43128727 
112 -17.07150431  145.43193336 -17.07152216  145.43198564 
112 -17.07162926  145.43218357 -17.07162926  145.43220225 
111 -17.07153287  145.43223586 
111 -17.07024922  145.42994134 
112 -17.07011820  145.42998154 -17.07010747  145.42998154 
112 -17.07006455  145.42991139 -17.07004846  145.42989455 
112 -17.07001380  145.42983867 -17.06999812  145.42982773 
111 -17.06990404  145.42983867 
111 -17.06988836  145.42975118 
112 -17.07010789  145.42979493 -17.07018106  145.42981680 
112 -17.07027515  145.42974571 -17.07033265  145.42969650 
112 -17.07056205  145.42966887 -17.07069557  145.42963190 
111 -17.07076128  145.42977249 
112 -17.07090859  145.43015524 -17.07093234  145.43022980 
112 -17.07114142  145.43024968 -17.07125071  145.43023974 
112 -17.07175915  145.43000612 -17.07180667  145.42998623 
111 -17.07185894  145.42994150 
111 -17.06683882  145.41497566 
111 -17.06724447  145.41492954 
111 -17.07310089  145.43209427 
111 -17.07249457  145.43234579 
112 -17.07235344  145.43193570 -17.07234299  145.43191930 
112 -17.07240571  145.43168418 -17.07242662  145.43159123 
113 -17.07241616  145.43147094 
120 Linear Feature 41
111 -17.07097836  145.43109727   1 
115 -17.07113353  145.43104246 
120 Linear Feature 40
111 -17.07039870  145.43045522   1 
111 -17.07048481  145.43070435   1 
111 -17.07061189  145.43107398   1 
115 -17.07078044  145.43101074 
120 Linear Feature 39
111 -17.07090082  145.43034154   2 
111 -17.07062648  145.43044247   2 
111 -17.07068422  145.43060911   2 
111 -17.07082327  145.43103073   2 
115 -17.07109331  145.43093797 
120 Linear Feature 38
111 -17.07191559  145.42937059   1 
111 -17.07209071  145.42989002   1 
112 -17.07196658  145.43012423 -17.07182470  145.43017988   1 
115 -17.07068422  145.43060911 
120 Linear Feature 43
111 -17.07159627  145.43034509   4 
115 -17.07154497  145.43019979 
14  -17.07054551  145.43098318    6 0 New Tower Viewpoint 19
15  -17.07111214  145.43117483  16.80 New Ramp Start 16
15  -17.07083001  145.43156272 269.29 New Ramp Start 17
15  -17.07071125  145.43006036  19.54 New Ramp Start 18
18  -17.06918642  145.42426076 1 BCN
19  -17.06985061  145.42620776 1 New Windsock 14
19  -17.06705981  145.41897511 0 New Windsock 15
51 12670 CTAF


130 Airport Boundary
111 -017.07310104  145.43209839
111 -017.06724358  145.41493225
111 -017.06683922  145.41497803
111 -017.07034302  145.43307495
113 -017.07249451  145.43234253
99
