A
1000 Generated by Infinite Flight Airport Editing (World Parser)/AB

1      558 1 1 UNCC Novosibirsk Severny
100   70.10   3   0 0.65 0 2 0 02R  55.08425465  082.90272937    0.00    0.00 1  0 0 0 20L  55.10421735  082.92050463    0.00    0.00 1  0 0 0
100   35.05   2   0 0.45 0 2 0 02   55.08521817  082.90188014    0.00    0.00 3  0 0 1 20   55.09883383  082.91312186    0.00    0.00 3  3 0 1
100   60.96   3   0 0.25 0 2 0 16   55.09649396  082.91334048    0.00    0.00 1  0 0 0 34   55.08839004  082.91583752    0.00    0.00 1  0 0 0
100   57.91   3   0 0.75 0 2 0 07   55.08770979  082.90585102    0.00    0.00 1  0 0 0 25   55.08894821  082.91812298    0.00    0.00 1  0 0 0
21   55.08698598  082.90270400  1  25.29   3.69 02  VASI
21   55.09610915  082.91150677  1 205.30   2.67 20  VASI
10   55.09042700  082.90619700 xxx  25.59  3400 0.0 0.0   230 101101  1 0 0 0.25 0
10   55.08385500  082.91250600 xxx  86.50  2200 0.0 0.0    60 101101  2 2 0 0.45 0
10   55.08692900  082.91777800 xxx  16.00  2200 0.0 0.0    50 101101  2 0 0 0.25 0
10   55.08624600  082.91318500 xxx  90.00  1400 0.0 0.0   350 161161  2 0 0 0.25 0
10   55.08533900  082.90796700 xxx  46.50  1240 0.0 0.0   180 161161  2 0 0 0.45 0
10   55.08398400  082.90978200 xxx  87.00  1100 0.0 0.0   240 161161  2 0 0 0.25 0
10   55.08454900  082.90465500 xxx 119.00  1250 0.0 0.0    60 161161  2 2 0 0.45 0
10   55.08242800  082.90845500 xxx 355.00   900 0.0 0.0   400 161161  2 0 0 0.25 0
10   55.08325600  082.90419000 xxx 125.00  1050 0.0 0.0    60 161161  2 2 0 0.45 0
10   55.08232900  082.91010300 xxx 358.00  1000 0.0 0.0    50 101101  2 0 0 0.25 0
10   55.08313000  082.90570800 xxx 124.00   655 0.0 0.0   240 161161  2 0 0 0.45 0
10   55.08232900  082.90680700 xxx  85.00   300 0.0 0.0   420 161161  2 0 0 0.25 0
10   55.08379700  082.90470900 xxx  47.00   500 0.0 0.0    60 161161  2 2 0 0.25 0
10   55.08466300  082.90210000 xxx 175.00   465 0.0 0.0    60 161161  2 2 0 0.45 0
10   55.08628500  082.91698500 xxx  89.00   200 0.0 0.0    60 101101  1 2 0 0.25 0
14   55.08241300  082.91230800   62 0 Tower Viewpoint
15   55.08309600  082.90609700 216.00 Ramp Large 7 (18m)
15   55.08327500  082.90553300 216.00 Ramp Large 8 (18m)
15   55.08346900  082.90499100 216.00 Ramp Large 9 (18m)
15   55.08283200  082.90895100 266.00 Ramp Medium 1 (14m)
15   55.08319900  082.90891300 266.00 Ramp Medium 2 (14m)
15   55.08401500  082.90873700 176.00 Ramp Medium 20 (14m)
15   55.08399200  082.90812700 176.00 Ramp Medium 21 (14m)
15   55.08265300  082.90788300  85.10 Ramp Medium 3 (14m)
15   55.08300000  082.90783700  86.00 Ramp Medium 4 (14m)
15   55.08285500  082.90693700 216.00 Ramp Small 5 (10m)
15   55.08298100  082.90659300 216.00 Ramp Small 6 (10m)
18   55.09277542  082.91789346 1 BCN
19   55.08705900  082.90119200 1 WS
53 12750 Severnyi Ground
54 12080 Severnyi Tower
55 12750 NOVOSIBIRSK APP
56 12400 Novosibirsk DEP


130 Airport Boundary
111  055.08232880  082.90680695
111  055.08325577  082.90419006
111  055.08466339  082.90209961
111  055.08521652  082.90187836
111  055.09883499  082.91312408
111  055.10421753  082.92050171
111  055.08894730  082.91812134
111  055.08692932  082.91777802
111  055.08628464  082.91698456
113  055.08232880  082.91010284
99
