A
1000 Generated by Infinite Flight Airport Editing (World Parser)/AB

1       22 1 0 YRN  Rivers Inlet
100   14.94   5   0 0.00 0 0 0 09   51.68486300 -127.18604000    0.00    0.00 0  0 0 0 27   51.68851800 -127.17543700    0.00    0.00 0  0 0 0
110   5 0.00  60.90 Ramp
111  51.68482919 -127.18598156 
112  51.68479377 -127.18586255  51.68475927 -127.18583395 
112  51.68471057 -127.18584796  51.68469067 -127.18583045 
112  51.68466535 -127.18564666  51.68466716 -127.18554747 
112  51.68475760 -127.18534616  51.68478167 -127.18532370 
112  51.68484804 -127.18533449  51.68488550 -127.18534544 
112  51.68497646 -127.18530824  51.68502766 -127.18533899 
113  51.68507308 -127.18526931 
14   51.68491686 -127.18493904   82 0 Tower Viewpoint
15   51.68479282 -127.18569303   0.00 Ramp Start 1
15   51.68487635 -127.18542628   0.00 Ramp Start 2
19   51.68499111 -127.18520171 0 Windsock


130 Airport Boundary
111  051.68466568 -127.18564606
111  051.68471146 -127.18584442
111  051.68486404 -127.18604279
111  051.68851852 -127.17543793
113  051.68475723 -127.18534851
99
