A
1000 Generated by InfiniteFlight-AirportParser

1       20 0 1 59FD BIG CYPRESS
100   15.24   1   0 0.25 0 0 0 10   26.32166700 -080.99611100    0.00    0.00 2  0 0 0 28   26.31888900 -080.97944400    0.00    0.00 2  0 0 0
110   1 0.30 100.53 Default taxiway for RWY 10
111  26.32160179 -080.99612452   3 
111  26.32126248 -080.99619489   3 
111  26.31848544 -080.97952749   3 
111  26.31882475 -080.97945712 
112  26.31884982 -080.97960756  26.31883508 -080.97953280   3 
111  26.31875418 -080.97954958   3 
112  26.31864631 -080.97957195  26.31856540 -080.97958873   3 
111  26.31857793 -080.97966395   3 
111  26.31993512 -080.98780960   3 
111  26.32020701 -080.98775321 
111  26.32021954 -080.98782843   3 
111  26.31994765 -080.98788482   3 
112  26.32130484 -080.99603047  26.32131737 -080.99610569   3 
111  26.32139828 -080.99608891   3 
112  26.32150615 -080.99606654  26.32158705 -080.99604976   3 
113  26.32157673 -080.99597408 
120 Default hold RWY 10 (near)
111  26.32146474 -080.99615295   4 
115  26.32145221 -080.99607773 
120 Default hold RWY 10 (centre)
111  26.32008249 -080.98785686   4 
115  26.32006996 -080.98778164 
120 Default hold RWY 10 (far)
111  26.31870024 -080.97956077   4 
115  26.31868770 -080.97948555 
19   26.32189432 -080.99621949 1 WS
19   26.31866167 -080.97933554 1 WS

