I
1050 Generated by WorldEditor 2.1.0r1

1    584 1 0 XWPO Penza Sosnovka
1302 city Penza
1302 country Russia
1302 datum_lat 53.26170
1302 datum_lon 45.27783
1302 local_code XWPO
1302 region_code UW
1302 state Penza Oblast
100 80.00 2 0 0.00 0 0 0 02  53.25784995  045.27381916    0    0 0 0 0 0 20  53.26550966  045.28167697    0    0 0 0 0 0
110 2 0.00 0.0000 New Taxiway 51
111  53.26305367  045.26930601
111  53.26297919  045.26957968
111  53.26311896  045.26968482
111  53.26313914  045.26960535
113  53.26318954  045.26940684
110 2 0.00 0.0000 New Taxiway 50
111  53.26329619  045.26979527
111  53.26344019  045.26989835
111  53.26352718  045.26955432
111  53.26339000  045.26945323
111  53.26337752  045.26950092
111  53.26323214  045.26940092
111  53.26317199  045.26963082
113  53.26331047  045.26973816
110 2 0.00 0.0000 New Taxiway 49
111  53.26411032  045.27162180
111  53.26414988  045.27169149
111  53.26417233  045.27165586
113  53.26413277  045.27158617
110 2 0.00 0.0000 New Taxiway 49
111  53.26464384  045.27076124
111  53.26468340  045.27083093
111  53.26470586  045.27079530
113  53.26466629  045.27072561
110 2 0.00 0.0000 New Taxiway 49
111  53.26423054  045.27139983
111  53.26427010  045.27146952
111  53.26429255  045.27143388
113  53.26425299  045.27136420
110 2 0.00 0.0000 New Taxiway 49
111  53.26438490  045.27117103
111  53.26442927  045.27124920
111  53.26445173  045.27121356
113  53.26440735  045.27113540
110 2 0.00 0.0000 New Taxiway 49
111  53.26451493  045.27096242
111  53.26455329  045.27103824
111  53.26457692  045.27100481
113  53.26453857  045.27092900
110 3 0.00 0.0000 New Taxiway 48
111  53.26161726  045.27700526
111  53.26207598  045.27747397
112  53.26207598  045.27747397  53.26201025  045.27735485
111  53.26205619  045.27718108
111  53.26339750  045.27380135
112  53.26339750  045.27380135  53.26341284  045.27376501
111  53.26343217  045.27372846
111  53.26382393  045.27302302
112  53.26382393  045.27302302  53.26385110  045.27298202
111  53.26388232  045.27300623
111  53.26394871  045.27310141
112  53.26394871  045.27310141  53.26396277  045.27312011
111  53.26398125  045.27310163
111  53.26502608  045.27148628
112  53.26502608  045.27148628  53.26506713  045.27138576
111  53.26500984  045.27122498
111  53.26476643  045.27065050
112  53.26476643  045.27065050  53.26471009  045.27053969
112  53.26441336  045.27059498  53.26432189  045.27053846
111  53.26441336  045.27059498
111  53.26344019  045.26989835
111  53.26329619  045.26979527
111  53.26331047  045.26973816
111  53.26317199  045.26963082
111  53.26313914  045.26960535
111  53.26311896  045.26968482
111  53.26297919  045.26957968
111  53.26294944  045.26959098
111  53.26290996  045.26980059
111  53.26271318  045.26965919
111  53.26227387  045.27083531
111  53.26358700  045.27259850
112  53.26358700  045.27259850  53.26362517  045.27266100
111  53.26358437  045.27274126
111  53.26317599  045.27346137
112  53.26317599  045.27346137  53.26315201  045.27350519
111  53.26312804  045.27356329
111  53.26181255  045.27691977
114  53.26181255  045.27691977  53.26174154  045.27707486
111  53.26250270  045.27038693
111  53.26254558  045.27043022
111  53.26253120  045.27047002
113  53.26248832  045.27042673
130 Boundary
111  53.25535388  045.26281649
111  53.25132027  045.27290330
111  53.25899945  045.28445894
111  53.26807763  045.28795920
111  53.27033441  045.28280348
111  53.26705646  045.27573572
111  53.26460566  045.26863415
113  53.25748608  045.26235393
14  53.26359826  045.26969811  14.00 0 Tower
1300  53.26307867  045.26954020 112.71 hangar props Hangar 1
1301 A none 
1300  53.26325542  045.26964732 112.71 hangar props Hangar 2
1301 A none 
1300  53.26339240  045.26974151 112.71 hangar props Hangar 3
1301 A none 
1300  53.26295075  045.27005797  31.59 tie_down turboprops|props Tie-Down 1
1301 B general_aviation 
1300  53.26284905  045.27034058  31.59 tie_down turboprops|props Tie-Down 2
1301 B general_aviation 
1300  53.26275284  045.27060711  31.59 tie_down turboprops|props Tie-Down 3
1301 B general_aviation 
1300  53.26265388  045.27087134  31.59 tie_down turboprops|props Tie-Down 4
1301 B general_aviation 
1300  53.26324761  045.27032909 211.59 tie_down turboprops|props Tie-Down 5
1301 B general_aviation 
1300  53.26314316  045.27061400 211.59 tie_down turboprops|props Tie-Down 6
1301 B general_aviation 
1300  53.26304008  045.27089202 211.59 tie_down turboprops|props Tie-Down 7
1301 B general_aviation 
1300  53.26293700  045.27116775 211.59 tie_down turboprops|props Tie-Down 8
1301 B general_aviation 
1300  53.26362228  045.27071139  31.59 tie_down turboprops|props Tie-Down 9
1301 B general_aviation 
1300  53.26352207  045.27099382  31.59 tie_down turboprops|props Tie-Down 10
1301 B general_aviation 
1300  53.26342185  045.27127466  31.59 tie_down turboprops|props Tie-Down 11
1301 B general_aviation 
1300  53.26331782  045.27155549  31.59 tie_down turboprops|props Tie-Down 12
1301 B general_aviation 
1300  53.26403542  045.27193013  45.72 tie_down turboprops|props Tie-Down 13
1301 B general_aviation 
1300  53.26417395  045.27170408  45.72 tie_down turboprops|props Tie-Down 14
1301 B general_aviation 
1300  53.26430054  045.27148689  45.72 tie_down turboprops|props Tie-Down 15
1301 B general_aviation 
1300  53.26444172  045.27124865  45.72 tie_down turboprops|props Tie-Down 16
1301 B general_aviation 
1300  53.26457891  045.27103589  45.72 tie_down turboprops|props Tie-Down 17
1301 B general_aviation 
1300  53.26470098  045.27083089  45.72 tie_down props Tie-Down 18
1301 A general_aviation 
1300  53.26393676  045.27282102 226.66 tie_down props Tie-Down 19
1301 A general_aviation 
1300  53.26404748  045.27264550 226.66 tie_down props Tie-Down 20
1301 A general_aviation 
1300  53.26417346  045.27245562 226.66 tie_down props Tie-Down 21
1301 A general_aviation 
1300  53.26429276  045.27226733 226.66 tie_down props Tie-Down 22
1301 A general_aviation 
1300  53.26437294  045.27200989 226.66 tie_down props Tie-Down 23
1301 A general_aviation 
1300  53.26450496  045.27179713 226.66 tie_down props Tie-Down 24
1301 A general_aviation 
1300  53.26464495  045.27159369 226.66 tie_down props Tie-Down 25
1301 A general_aviation 
1300  53.26476982  045.27140353 226.66 tie_down props Tie-Down 26
1301 A general_aviation 
1300  53.26490503  045.27120939 226.66 tie_down props Tie-Down 27
1301 A general_aviation 
54 12500 Dvina Tower
99
