I
1100 Generated by WorldEditor 1.6.0r1

1    100 1 0 KPSM Portsmouth Intl at Pease
100 46.00 2 2 0.00 1 2 1 16  43.09130769 -070.83422435  246  302 2 9 0 0 34  43.06463379 -070.81244815    1  304 2 9 0 0
110 1 0.00 0.0000 New Taxiway 50
111  43.08582376 -070.82023832
111  43.08577151 -070.82024087
111  43.08551584 -070.82000580
111  43.08552331 -070.81993425
111  43.08547665 -070.81989592
111  43.08556623 -070.81967362
111  43.08562594 -070.81970684
111  43.08566327 -070.81968384
111  43.08593199 -070.81989592
113  43.08593946 -070.81995214
110 1 0.00 0.0000 New Taxiway 16
111  43.08901000 -070.82242041
111  43.08903287 -070.82232751
111  43.08897213 -070.82227891
111  43.08896346 -070.82230375
111  43.08892875 -070.82228755
111  43.08890666 -070.82225406
111  43.08891534 -070.82223246
111  43.08888694 -070.82220762
111  43.08887195 -070.82224110
111  43.08864240 -070.82205099
111  43.08874652 -070.82180579
111  43.08876703 -070.82182200
111  43.08880332 -070.82173990
111  43.08878360 -070.82172586
111  43.08885617 -070.82156060
111  43.08902893 -070.82162757
111  43.08897450 -070.82187168
111  43.08895951 -070.82186628
111  43.08894610 -070.82197430
111  43.08900132 -070.82202291
111  43.08901394 -070.82200346
111  43.08904865 -070.82201427
111  43.08907074 -070.82204883
111  43.08906285 -070.82207475
111  43.08940205 -070.82234696
113  43.08927032 -070.82263644
110 1 0.00 0.0000 New Taxiway 15
111  43.08353785 -070.81817604
111  43.08366544 -070.81788488
111  43.08375868 -070.81796327
111  43.08376359 -070.81801702
111  43.08401876 -070.81820739
111  43.08399913 -070.81825890
111  43.08406456 -070.81831489
111  43.08397950 -070.81850750
113  43.08368144 -070.81828380
110 1 0.00 0.0000 New Taxiway 14
111  43.08838509 -070.82124072
111  43.08839835 -070.82120053
111  43.08827529 -070.82110073
111  43.08833871 -070.82095555
111  43.08849112 -070.82107740
111  43.08849679 -070.82106184
111  43.08852519 -070.82108647
111  43.08851951 -070.82110073
111  43.08868233 -070.82123683
113  43.08859714 -070.82143255
110 1 0.00 0.0000 New Taxiway 21
111  43.07083395 -070.80867406
111  43.07090246 -070.80852184
111  43.07105599 -070.80818651
111  43.07141176 -070.80848507
111  43.07126712 -070.80881947
113  43.07119926 -070.80897448
110 2 0.00 0.0000 MAIN
111  43.06459952 -070.81207009
111  43.06481575 -070.81160704
111  43.06460281 -070.81107339
112  43.06471205 -070.81004957  43.06495627 -070.80950639
111  43.06471205 -070.81004957
112  43.06471205 -070.81004957  43.06493931 -070.80958067
111  43.06529991 -070.80949577
111  43.06640600 -070.80927249
112  43.06691523 -070.80942758  43.06720071 -070.80965198
111  43.06818368 -070.81046876
112  43.06827522 -070.81041379  43.06831021 -070.81034639
111  43.06841569 -070.81010867
111  43.06819579 -070.80992513
111  43.06937759 -070.80728260
111  43.07090246 -070.80852184
111  43.07083395 -070.80867406
111  43.07119926 -070.80897448
111  43.07126712 -070.80881947
111  43.07202249 -070.80942949
111  43.07251974 -070.80913958
111  43.07253092 -070.80907429
111  43.07223638 -070.80883943
111  43.07260807 -070.80797857
111  43.07272137 -070.80769703
111  43.07311059 -070.80680360
111  43.07355063 -070.80718022
111  43.07396463 -070.80752648
111  43.07416635 -070.80768865
111  43.07413203 -070.80776387
111  43.07414749 -070.80778179
111  43.07412589 -070.80783428
111  43.07395434 -070.80824517
111  43.07369394 -070.80882928
111  43.07331127 -070.80970718
111  43.07296989 -070.80942634
111  43.07276941 -070.80986945
111  43.07280968 -070.81007876
111  43.07716996 -070.81362738
112  43.07733268 -070.81352582  43.07738666 -070.81340265
111  43.07744943 -070.81325497
111  43.07749855 -070.81329570
111  43.07756541 -070.81314996
111  43.07753801 -070.81312587
111  43.07757930 -070.81302583
111  43.07760749 -070.81305342
111  43.07839957 -070.81124454
112  43.07912114 -070.81185514  43.07914895 -070.81187753
111  43.07912114 -070.81185514
112  43.07912114 -070.81185514  43.07916858 -070.81179468
111  43.07919652 -070.81181356
111  43.07830589 -070.81384111
111  43.07788794 -070.81350475
112  43.07772312 -070.81387628  43.07766914 -070.81400616
111  43.07775325 -070.81409873
111  43.07898231 -070.81510667
112  43.07915671 -070.81501862  43.07920186 -070.81490037
111  43.07931705 -070.81465949
111  43.07894634 -070.81435698
111  43.07980868 -070.81240421
111  43.08051433 -070.81299083
111  43.08055314 -070.81291387
111  43.08099130 -070.81327428
111  43.08062571 -070.81409727
111  43.08018666 -070.81373767
111  43.07962484 -070.81502373
111  43.07966921 -070.81506811
112  43.07954219 -070.81537187  43.07950538 -070.81546332
111  43.07955311 -070.81556613
111  43.08174981 -070.81736902
111  43.08234831 -070.81785988
111  43.08340261 -070.81872456
112  43.08351604 -070.81865379  43.08356442 -070.81855077
111  43.08368144 -070.81828380
111  43.08397014 -070.81849744
112  43.08382704 -070.81884682  43.08377330 -070.81894248
111  43.08386297 -070.81909049
111  43.08531854 -070.82027601
111  43.08539657 -070.82023786
111  43.08551584 -070.82000580
111  43.08577151 -070.82024087
111  43.08568320 -070.82044258
111  43.08568769 -070.82057541
111  43.08646774 -070.82121385
112  43.08660855 -070.82117248  43.08665173 -070.82108648
112  43.08677279 -070.82078514  43.08678849 -070.82073408
111  43.08673900 -070.82067623
111  43.08649365 -070.82046777
111  43.08687331 -070.81959466
111  43.08696731 -070.81936411
111  43.08736494 -070.81847376
111  43.08844464 -070.81936364
111  43.08805296 -070.82023374
111  43.08795902 -070.82046988
111  43.08786915 -070.82068610
111  43.08773483 -070.82057292
111  43.08750256 -070.82110211
111  43.08752958 -070.82112402
111  43.08746760 -070.82126646
111  43.08723264 -070.82106962
112  43.08703134 -070.82152488  43.08700844 -070.82160999
111  43.08705913 -070.82170546
111  43.08947000 -070.82368255
111  43.08961511 -070.82333952
111  43.08962791 -070.82327668
111  43.08960736 -070.82315768
111  43.08958599 -070.82315360
111  43.08954271 -070.82304301
111  43.08936742 -070.82290209
111  43.08939282 -070.82283984
111  43.08934225 -070.82280273
111  43.09021878 -070.82082359
111  43.09054791 -070.82109189
111  43.09413415 -070.81802262
111  43.09456926 -070.81898493
111  43.09478281 -070.81882599
111  43.09587640 -070.82118041
111  43.09104891 -070.82528470
111  43.09097722 -070.82512150
111  43.09077061 -070.82495509
111  43.09050469 -070.82472908
112  43.08952201 -070.82562842  43.08947130 -070.82568218
111  43.08943556 -070.82576360
111  43.08895403 -070.82686768
112  43.08892294 -070.82721304  43.08895402 -070.82740791
111  43.08909833 -070.82752763
111  43.08999581 -070.82829846
111  43.09003961 -070.82828268
111  43.09020913 -070.82792091
112  43.09018959 -070.82782138  43.09014643 -070.82777783
111  43.09017231 -070.82773334
111  43.09043000 -070.82714964
112  43.09048432 -070.82714061  43.09052408 -070.82717328
112  43.09075410 -070.82736982  43.09079159 -070.82739626
111  43.09076489 -070.82744635
111  43.09051864 -070.82802705
112  43.09045500 -070.82804299  43.09040161 -070.82800566
111  43.09039208 -070.82805086
111  43.09023565 -070.82843213
111  43.09023989 -070.82849961
111  43.09234131 -070.83019584
112  43.09255393 -070.83076952  43.09264618 -070.83116195
111  43.09252807 -070.83148543
111  43.09275858 -070.83168427
112  43.09287558 -070.83246643  43.09285988 -070.83272985
111  43.09287558 -070.83246643
112  43.09287558 -070.83246643  43.09286773 -070.83278898
111  43.09275689 -070.83302626
111  43.09210225 -070.83247012
113  43.09144280 -070.83399498
111  43.07475121 -070.81341305
111  43.07502651 -070.81275834
111  43.07424715 -070.81209685
111  43.07418607 -070.81205761
111  43.07394780 -070.81261722
111  43.07400647 -070.81266851
111  43.07410961 -070.81274990
113  43.07406199 -070.81286807
111  43.07368483 -070.81242128
111  43.07381078 -070.81252876
111  43.07387798 -070.81237108
111  43.07389161 -070.81237885
111  43.07422330 -070.81162776
111  43.07426420 -070.81164953
111  43.07428692 -070.81157178
112  43.07426306 -070.81148780  43.07422785 -070.81145204
113  43.07413584 -070.81137584
111  43.07506710 -070.81304108
111  43.07536317 -070.81238496
111  43.07519796 -070.81223493
112  43.07515379 -070.81225284  43.07513744 -070.81228867
111  43.07515870 -070.81231106
111  43.07526012 -070.81238944
112  43.07526830 -070.81249469  43.07524376 -070.81254843
113  43.07503766 -070.81300973
111  43.07420953 -070.81975086
112  43.07438730 -070.81968834  43.07446582 -070.81956966
111  43.07480876 -070.81893827
111  43.07519035 -070.81807925
111  43.07547866 -070.81719701
112  43.07542496 -070.81695710  43.07533008 -070.81687424
111  43.06734945 -070.81032855
111  43.06665129 -070.80989523
112  43.06621035 -070.81001905  43.06606054 -070.81023571
111  43.06565069 -070.81097855
112  43.06554328 -070.81208506  43.06563090 -070.81263058
113  43.06597574 -070.81302135
111  43.07130003 -070.81136638
111  43.07144888 -070.81104618
111  43.07120843 -070.81084242
113  43.07106285 -070.81117381
111  43.07102195 -070.81113351
111  43.07116426 -070.81080211
111  43.07092544 -070.81061178
113  43.07077986 -070.81092303
111  43.07072916 -070.81087824
111  43.07087637 -070.81056028
111  43.07065139 -070.81036909
113  43.07051160 -070.81069687
111  43.07014683 -070.81040578
111  43.07029568 -070.81009007
111  43.07006831 -070.80991318
113  43.06992110 -070.81021994
111  43.06986548 -070.81017515
111  43.07000288 -070.80986392
111  43.06977715 -070.80967807
113  43.06964138 -070.80998931
111  43.06925551 -070.80989974
111  43.06941363 -070.80953402
111  43.06906876 -070.80924853
111  43.06910011 -070.80917763
111  43.06883703 -070.80895558
111  43.06880023 -070.80902462
111  43.06874564 -070.80897604
111  43.06860169 -070.80931190
111  43.06918872 -070.80979338
113  43.06917509 -070.80982511
111  43.09133404 -070.83164632
111  43.09153661 -070.83246558
112  43.09164025 -070.83255267  43.09171092 -070.83251719
111  43.09174625 -070.83242365
111  43.09180985 -070.83226561
111  43.09212783 -070.83130764
112  43.09216081 -070.83091736  43.09211606 -070.83069480
111  43.09202419 -070.83061094
111  43.09139999 -070.82997231
111  43.09099485 -070.82964009
112  43.09086530 -070.82961106  43.09081348 -070.82963686
111  43.09084410 -070.82972717
111  43.09095481 -070.83022389
111  43.09127515 -070.83045290
111  43.09138115 -070.83087866
111  43.09129635 -070.83118508
113  43.09140235 -070.83161406
111  43.09017312 -070.83278701
112  43.09060182 -070.83301924  43.09087034 -070.83305795
111  43.09099283 -070.83303214
112  43.09112238 -070.83292570  43.09116478 -070.83285604
111  43.09114829 -070.83266445
111  43.09092923 -070.83183875
111  43.09087270 -070.83186778
111  43.09075257 -070.83142590
112  43.09054529 -070.83125496  43.09053115 -070.83120851
112  43.09044824 -070.83086985  43.09043976 -070.83079631
111  43.09054764 -070.83045829
111  43.09055000 -070.83029379
112  43.09031681 -070.82943263  43.09020657 -070.82904945
111  43.08991402 -070.82877465
111  43.08987398 -070.82877465
111  43.08984807 -070.82885851
111  43.08973029 -070.82877788
111  43.08976562 -070.82866176
111  43.08890267 -070.82794036
112  43.08884300 -070.82799143  43.08883122 -070.82804519
111  43.08863179 -070.82929499
111  43.08851167 -070.83038513
111  43.08847162 -070.83055607
111  43.08843629 -070.83056253
111  43.08842687 -070.83053027
111  43.08847162 -070.83036901
111  43.08858469 -070.82938261
111  43.08879197 -070.82804411
111  43.08876135 -070.82783070
111  43.08799582 -070.82720178
112  43.08780973 -070.82762107  43.08779207 -070.82766945
111  43.08778147 -070.82776298
112  43.08764014 -070.82777266  43.08755574 -070.82763289
111  43.08764014 -070.82777266
112  43.08764014 -070.82777266  43.08759107 -070.82765171
111  43.08769432 -070.82761139
111  43.08776969 -070.82758559
112  43.08780031 -070.82755334  43.08781602 -070.82751840
111  43.08795106 -070.82717598
111  43.08450569 -070.82434473
112  43.08432510 -070.82441998  43.08426622 -070.82451674
111  43.08392271 -070.82511876
111  43.08358902 -070.82586859
112  43.08322196 -070.82692210  43.08319448 -070.82704573
113  43.08326121 -070.82716398
111  43.08262834 -070.82664637
112  43.08278662 -070.82659606  43.08287114 -070.82650087
111  43.08322757 -070.82581818
111  43.08361763 -070.82489324
111  43.08389746 -070.82405731
112  43.08384659 -070.82382898  43.08376207 -070.82375433
111  43.08230061 -070.82257118
111  43.08198851 -070.82330755
112  43.08184662 -070.82338659  43.08174250 -070.82331660
111  43.08184662 -070.82338659
112  43.08184662 -070.82338659  43.08179456 -070.82334900
111  43.08181619 -070.82322256
112  43.08192374 -070.82316511  43.08200041 -070.82318585
111  43.08192374 -070.82316511
112  43.08192374 -070.82316511  43.08195119 -070.82317678
111  43.08198655 -070.82316242
112  43.08203562 -070.82310867  43.08205171 -070.82306590
111  43.08225939 -070.82253893
111  43.08120197 -070.82167015
111  43.08102139 -070.82205176
112  43.08070732 -070.82208132  43.08053066 -070.82191739
111  43.08061114 -070.82168896
111  43.08076228 -070.82130466
111  43.07971672 -070.82045098
111  43.07941993 -070.82111207
112  43.07929745 -070.82143778  43.07927972 -070.82148257
111  43.07925269 -070.82172156
111  43.07904305 -070.82238587
112  43.07883813 -070.82242457  43.07875225 -070.82232379
111  43.07879337 -070.82219561
112  43.07889937 -070.82207952  43.07898252 -070.82206832
112  43.07903599 -070.82207307  43.07906598 -070.82205254
111  43.07915847 -070.82175059
112  43.07917496 -070.82149260  43.07920086 -070.82143475
111  43.07927154 -070.82135393
111  43.07931393 -070.82126686
111  43.07939873 -070.82106693
111  43.07967903 -070.82041874
111  43.07771184 -070.81882027
111  43.07767415 -070.81890734
111  43.07754224 -070.81878804
112  43.07735380 -070.81882028  43.07731018 -070.81881655
111  43.07675551 -070.81882996
112  43.07660998 -070.81886221  43.07656636 -070.81888460
111  43.07644695 -070.81898474
111  43.07643517 -070.81892992
112  43.07656943 -070.81882996  43.07663214 -070.81878704
111  43.07672960 -070.81878481
112  43.07733967 -070.81877190  43.07740101 -070.81877377
111  43.07750691 -070.81873643
111  43.07755166 -070.81872676
112  43.07755873 -070.81869451  43.07754264 -070.81868285
111  43.07645349 -070.81779785
111  43.07629706 -070.81813047
111  43.07626762 -070.81810897
111  43.07629117 -070.81804179
112  43.07622640 -070.81803641  43.07620731 -070.81804388
111  43.07619106 -070.81807941
112  43.07600263 -070.81854162  43.07599445 -070.81856028
111  43.07602422 -070.81860074
111  43.07598103 -070.81870822
111  43.07591626 -070.81865179
111  43.07593589 -070.81858999
111  43.07590056 -070.81857118
111  43.07592215 -070.81849325
111  43.07596141 -070.81852549
112  43.07615197 -070.81804732  43.07618741 -070.81796707
111  43.07623817 -070.81797999
112  43.07629117 -070.81797192  43.07632389 -070.81797006
111  43.07633828 -070.81793430
111  43.07641287 -070.81777844
112  43.07640895 -070.81775694  43.07640077 -070.81774388
111  43.07608703 -070.81750704
112  43.07592215 -070.81755003  43.07586562 -070.81763516
111  43.07548246 -070.81831858
111  43.07510166 -070.81918655
112  43.07480330 -070.82009482  43.07477221 -070.82019542
113  43.07485630 -070.82031248
112  43.07885368 -070.82233319  43.07890684 -070.82240224
111  43.07896545 -070.82235745
111  43.07901043 -070.82225295
112  43.07897772 -070.82219323  43.07893410 -070.82218576
113  43.07888230 -070.82218016
111  43.08096930 -070.82205464
111  43.08063261 -070.82177284
112  43.08073076 -070.82205838  43.08086980 -070.82219275
111  43.08073076 -070.82205838
114  43.08073076 -070.82205838  43.08085753 -070.82215542
112  43.08116423 -070.82165526  43.08116423 -070.82165153
111  43.08116150 -070.82162913
111  43.08079210 -070.82132866
111  43.08067214 -070.82162727
112  43.08069668 -070.82176164  43.08075257 -070.82182136
111  43.08096113 -070.82198746
114  43.08102110 -070.82196693  43.08102928 -070.82194080
112  43.08185976 -070.82333185  43.08190078 -070.82337613
111  43.08195127 -070.82331457
112  43.08194733 -070.82322277  43.08191025 -070.82319145
113  43.08186292 -070.82322925
111  43.08190596 -070.81964404
112  43.08187063 -070.81945055  43.08180232 -070.81937315
111  43.08154322 -070.81916998
112  43.08138069 -070.81921513  43.08133594 -070.81930542
111  43.08088369 -070.82033740
112  43.08101088 -070.82085661  43.08125821 -070.82104043
113  43.08143016 -070.82074374
111  43.08230772 -070.81979733
111  43.08177501 -070.82101602
112  43.08185642 -070.82151999  43.08202523 -070.82167586
112  43.08229115 -070.82187182  43.08241285 -070.82195245
111  43.08253356 -070.82184293
111  43.08259883 -070.82169094
111  43.08185140 -070.82108977
113  43.08240134 -070.81986078
111  43.07959299 -070.81924249
112  43.07968524 -070.81976115  43.07989331 -070.81996002
111  43.08015437 -070.82015351
112  43.08054303 -070.82001108  43.08068828 -070.81970741
111  43.08108282 -070.81879638
111  43.08099449 -070.81871844
113  43.08044881 -070.81996003
111  43.07828259 -070.81818724
112  43.07837877 -070.81869783  43.07859076 -070.81887788
112  43.07888127 -070.81910899  43.07907559 -070.81923261
113  43.07923655 -070.81896119
111  43.07646474 -070.81670926
112  43.07654718 -070.81721553  43.07674504 -070.81740579
112  43.07758595 -070.81805718  43.07774376 -070.81815070
113  43.07792985 -070.81790884
111  43.08850439 -070.82618222
111  43.08825789 -070.82672973
112  43.08845648 -070.82670961  43.08854850 -070.82665828
111  43.08859186 -070.82658197
111  43.08867932 -070.82639687
114  43.08867137 -070.82632688  43.08864752 -070.82630510
111  43.08877617 -070.82556994
111  43.08892502 -070.82582976
111  43.08910168 -070.82543331
112  43.08909677 -070.82536388  43.08907224 -070.82533476
113  43.08892665 -070.82522053
111  43.08937563 -070.82471392
111  43.08951140 -070.82503646
111  43.09017387 -070.82446754
113  43.08992197 -070.82426147
111  43.07282099 -070.81371903
111  43.07156980 -070.81269932
112  43.07164397 -070.81318048  43.07182455 -070.81335706
114  43.07247917 -070.81387353  43.07267588 -070.81398389
111  43.07013701 -070.81151912
111  43.07001758 -070.81176435
112  43.07004184 -070.81187164  43.07008103 -070.81190485
112  43.07072858 -070.81243876  43.07094879 -070.81257671
113  43.07108875 -070.81229826
111  43.06874011 -070.81037554
111  43.06863374 -070.81063099
112  43.06865800 -070.81074338  43.06871212 -070.81079703
111  43.06961721 -070.81152506
112  43.06968999 -070.81149185  43.06971238 -070.81144076
113  43.06979449 -070.81123640
111  43.06976064 -070.80928866
111  43.06984080 -070.80911625
111  43.06928791 -070.80867962
113  43.06921267 -070.80884084
111  43.06992585 -070.80889906
111  43.07000437 -070.80872217
111  43.06946621 -070.80828106
113  43.06938606 -070.80844452
111  43.07010088 -070.80850273
111  43.07017939 -070.80833704
111  43.06963469 -070.80788474
113  43.06955781 -070.80805715
111  43.07333889 -070.81214527
111  43.07349361 -070.81178021
111  43.07242069 -070.81090045
113  43.07226993 -070.81127382
111  43.07782882 -070.81644033
111  43.07820169 -070.81558581
111  43.07818237 -070.81557336
111  43.07782323 -070.81640268
111  43.07748114 -070.81612417
111  43.07784028 -070.81529017
111  43.07782550 -070.81527773
113  43.07745272 -070.81613350
110 1 0.00 0.0000 New Taxiway 12
111  43.07106285 -070.81117381
111  43.07120843 -070.81084242
111  43.07144888 -070.81104618
113  43.07130003 -070.81136638
110 1 0.00 0.0000 New Taxiway 11
111  43.07077986 -070.81092303
111  43.07092544 -070.81061178
111  43.07116426 -070.81080211
113  43.07102195 -070.81113351
110 1 0.00 0.0000 New Taxiway 10
111  43.07051160 -070.81069687
111  43.07065139 -070.81036909
111  43.07087637 -070.81056028
113  43.07072916 -070.81087824
110 1 0.00 0.0000 New Taxiway 9
111  43.06992110 -070.81021994
111  43.07006831 -070.80991318
111  43.07029568 -070.81009007
113  43.07014683 -070.81040578
110 1 0.00 0.0000 New Taxiway 8
111  43.06964138 -070.80998931
111  43.06977715 -070.80967807
111  43.07000288 -070.80986392
113  43.06986548 -070.81017515
110 1 0.00 0.0000 New Taxiway 7
111  43.06880023 -070.80902462
111  43.06883703 -070.80895558
111  43.06910011 -070.80917763
111  43.06906876 -070.80924853
111  43.06941363 -070.80953401
111  43.06925551 -070.80989974
111  43.06917509 -070.80982510
111  43.06918872 -070.80979338
111  43.06860169 -070.80931190
113  43.06874564 -070.80897604
110 1 0.00 0.0000 New Taxiway 6
111  43.06955781 -070.80805715
111  43.06963469 -070.80788474
111  43.07017939 -070.80833704
113  43.07010088 -070.80850273
110 1 0.00 0.0000 New Taxiway 5
111  43.06938606 -070.80844452
111  43.06946621 -070.80828106
111  43.07000437 -070.80872217
113  43.06992585 -070.80889906
110 1 0.00 0.0000 New Taxiway 4
111  43.06921267 -070.80884084
111  43.06928791 -070.80867962
111  43.06984080 -070.80911625
113  43.06976064 -070.80928866
110 1 0.00 0.0000 New Taxiway 18
111  43.08696733 -070.81936412
111  43.08688300 -070.81928817
111  43.08692144 -070.81921191
111  43.08679731 -070.81909213
111  43.08694260 -070.81875609
111  43.08684934 -070.81867013
111  43.08690262 -070.81855357
111  43.08699268 -070.81863432
111  43.08713579 -070.81830206
111  43.08726417 -070.81840965
111  43.08730048 -070.81833494
111  43.08739684 -070.81840091
113  43.08736496 -070.81847377
110 1 0.00 0.0000 New Taxiway 17
111  43.08649367 -070.82046778
111  43.08644963 -070.82056319
111  43.08635361 -070.82048634
111  43.08639333 -070.82040128
111  43.08627842 -070.82029574
111  43.08642097 -070.81996377
111  43.08632945 -070.81988227
111  43.08638848 -070.81975068
111  43.08647758 -070.81982504
111  43.08662848 -070.81949509
111  43.08674871 -070.81960189
111  43.08678121 -070.81952646
113  43.08687333 -070.81959467
110 1 0.00 0.0000 New Taxiway 16
111  43.08856049 -070.82006483
111  43.08847527 -070.82000074
111  43.08836600 -070.82022598
111  43.08831614 -070.82033442
111  43.08829969 -070.82031713
111  43.08828750 -070.82034414
111  43.08824727 -070.82030524
111  43.08822971 -070.82034604
111  43.08817394 -070.82029721
111  43.08815906 -070.82032997
111  43.08805298 -070.82023375
111  43.08844466 -070.81936365
111  43.08848154 -070.81927627
111  43.08857923 -070.81935721
111  43.08854528 -070.81944079
111  43.08866928 -070.81954083
111  43.08852075 -070.81986890
113  43.08861355 -070.81994358
110 1 0.00 0.0000 New Taxiway 15
111  43.08773485 -070.82057293
111  43.08786917 -070.82068611
111  43.08795904 -070.82046989
111  43.08806021 -070.82054779
111  43.08802011 -070.82062914
111  43.08814201 -070.82073156
111  43.08799658 -070.82106460
111  43.08808692 -070.82114020
111  43.08803471 -070.82126100
111  43.08829479 -070.82146650
111  43.08808259 -070.82195230
111  43.08811805 -070.82197946
111  43.08804961 -070.82214054
111  43.08733922 -070.82156156
111  43.08746762 -070.82126647
111  43.08752960 -070.82112403
113  43.08750258 -070.82110211
110 1 0.00 0.0000 New Taxiway 62
111  43.07226993 -070.81127382
111  43.07242069 -070.81090045
111  43.07261937 -070.81106397
111  43.07291367 -070.81130714
111  43.07317140 -070.81151486
111  43.07339489 -070.81170642
111  43.07349361 -070.81178021
111  43.07342054 -070.81194614
111  43.07334047 -070.81214024
111  43.07333889 -070.81214527
111  43.07328609 -070.81210793
111  43.07319581 -070.81203763
111  43.07293849 -070.81182018
111  43.07275585 -070.81168162
113  43.07256963 -070.81151537
110 1 0.00 0.0000 New Taxiway 58
111  43.08174981 -070.81736902
111  43.08181838 -070.81721592
111  43.08178742 -070.81719170
111  43.08186192 -070.81703846
111  43.08188991 -070.81706136
111  43.08189969 -070.81704239
111  43.08195498 -070.81708819
111  43.08198387 -070.81708032
111  43.08199252 -070.81711930
111  43.08220994 -070.81729942
111  43.08219298 -070.81734005
111  43.08227649 -070.81740837
111  43.08226081 -070.81744495
111  43.08246007 -070.81760705
111  43.08243887 -070.81765349
111  43.08246855 -070.81768251
111  43.08239030 -070.81785217
111  43.08236256 -070.81783301
113  43.08234831 -070.81785988
110 1 0.00 0.0000 New Taxiway 27
111  43.08439259 -070.81913246
111  43.08435265 -070.81915911
111  43.08430408 -070.81911886
111  43.08430769 -070.81905634
111  43.08434271 -070.81903271
113  43.08439229 -070.81907338
110 1 0.00 0.0000 New Taxiway 50
111  43.07475123 -070.81341306
111  43.07406201 -070.81286808
111  43.07410963 -070.81274991
111  43.07400649 -070.81266852
111  43.07424717 -070.81209686
113  43.07502653 -070.81275835
110 1 0.00 0.0000 New Taxiway 11
111  43.07346694 -070.80981414
111  43.07343210 -070.80990235
111  43.07327715 -070.80978549
111  43.07331127 -070.80970718
111  43.07369394 -070.80882928
111  43.07378613 -070.80891852
111  43.07375604 -070.80900140
111  43.07387042 -070.80908520
111  43.07372549 -070.80940852
111  43.07381854 -070.80947904
111  43.07376367 -070.80960917
111  43.07366996 -070.80953759
113  43.07352810 -070.80986413
110 1 0.00 0.0000 New Taxiway 11
111  43.08079579 -070.81421267
111  43.08076095 -070.81429417
111  43.08059482 -070.81416291
111  43.08062573 -070.81409728
111  43.08099132 -070.81327429
111  43.08101573 -070.81321934
111  43.08112867 -070.81331607
111  43.08109080 -070.81339724
111  43.08119723 -070.81348933
111  43.08105911 -070.81381316
111  43.08113921 -070.81387758
111  43.08109476 -070.81399080
111  43.08100551 -070.81392941
113  43.08085695 -070.81426796
110 1 0.00 0.0000 New Taxiway 47
111  43.07219521 -070.80893067
111  43.07210678 -070.80885462
111  43.07214407 -070.80877694
111  43.07203064 -070.80865508
111  43.07210381 -070.80849278
111  43.07217038 -070.80832564
111  43.07208325 -070.80825248
111  43.07213343 -070.80813664
111  43.07222371 -070.80821665
111  43.07236672 -070.80788297
111  43.07248436 -070.80798595
111  43.07251943 -070.80789784
111  43.07260807 -070.80797857
113  43.07223638 -070.80883943
110 1 0.00 0.0000 New Taxiway 47
111  43.07272137 -070.80769703
111  43.07261819 -070.80760151
111  43.07264577 -070.80752912
111  43.07255265 -070.80743910
111  43.07262582 -070.80727680
111  43.07269239 -070.80710966
111  43.07260250 -070.80703272
111  43.07265544 -070.80692066
111  43.07274572 -070.80699309
111  43.07289358 -070.80664422
111  43.07300984 -070.80675289
111  43.07304731 -070.80667153
111  43.07313459 -070.80674894
111  43.07311059 -070.80680360
113  43.07292263 -070.80723400
110 1 0.00 0.0000 New Taxiway 48
111  43.07415756 -070.80840655
111  43.07395434 -070.80824517
111  43.07412589 -070.80783428
113  43.07433372 -070.80800367
110 1 0.00 0.0000 New Taxiway 49
111  43.07396463 -070.80752648
111  43.07355063 -070.80718022
111  43.07370065 -070.80685045
113  43.07411401 -070.80718517
110 1 0.00 0.0000 New Taxiway 28
111  43.07869323 -070.81442730
111  43.07859187 -070.81467401
111  43.07836435 -070.81447972
111  43.07836210 -070.81442730
111  43.07840379 -070.81432857
113  43.07844545 -070.81422993
110 1 0.00 0.0000 New Taxiway 9
111  43.07887356 -070.81452603
111  43.07884366 -070.81450222
111  43.07890445 -070.81437075
111  43.07831490 -070.81389600
111  43.07826537 -070.81401332
111  43.07823779 -070.81399138
111  43.07830591 -070.81384112
111  43.07919654 -070.81181357
111  43.07922399 -070.81184132
111  43.07917644 -070.81195525
111  43.07975124 -070.81244761
111  43.07980925 -070.81231329
111  43.07983882 -070.81233601
111  43.07980870 -070.81240422
113  43.07894636 -070.81435698
110 1 0.00 0.0000 New Taxiway 151
111  43.07748114 -070.81612417
111  43.07782323 -070.81640268
111  43.07818237 -070.81557336
111  43.07820169 -070.81558581
111  43.07782882 -070.81644033
111  43.07745272 -070.81613350
111  43.07782550 -070.81527773
113  43.07784028 -070.81529017
130 Airport Boundary 65
111  43.09502130 -070.83681504
111  43.09317716 -070.83775698
111  43.08827432 -070.83357334
111  43.08718860 -070.83437374
111  43.08617954 -070.83514492
111  43.08248962 -070.83337383
111  43.08197775 -070.82998445
111  43.08218668 -070.82894563
111  43.07702775 -070.82432671
111  43.07601900 -070.82323188
111  43.07441969 -070.82183954
111  43.07297791 -070.82079972
111  43.07190648 -070.82094638
111  43.07017076 -070.81936244
111  43.06904145 -070.81840559
111  43.06772127 -070.81728174
111  43.06683579 -070.81728174
111  43.06567661 -070.81706137
111  43.06323380 -070.81687805
111  43.06267031 -070.81619494
111  43.06255761 -070.81480668
111  43.06221952 -070.81344045
111  43.06197769 -070.81150667
112  43.06175005 -070.81017140  43.06170669 -070.80996369
111  43.06190181 -070.80935540
111  43.06246549 -070.80850973
111  43.06441668 -070.80848006
111  43.06550068 -070.80862842
111  43.06737224 -070.80874148
111  43.06855380 -070.80758420
111  43.06939738 -070.80509117
111  43.07127742 -070.80471532
111  43.07458422 -070.80665098
111  43.07912755 -070.81032433
111  43.08644457 -070.81668741
112  43.09038550 -070.81948652  43.09101944 -070.81973445
111  43.09278541 -070.81731712
111  43.09415268 -070.81614560
111  43.09581009 -070.81950263
111  43.09627416 -070.82149871
111  43.09240293 -070.82438465
111  43.09187410 -070.82530940
111  43.09144021 -070.82598866
111  43.09312643 -070.83025848
111  43.09349145 -070.83173616
111  43.09415803 -070.83238807
113  43.09448525 -070.83479061
120 Linear Feature 190
111  43.08453284 -070.82404929 51 101
112  43.08409911 -070.82422993  43.08394036 -070.82446745
111  43.08409911 -070.82422993
112  43.08409911 -070.82422993  43.08418094 -070.82386692 51 101
115  43.08400379 -070.82362182
120 Linear Feature 189
111  43.08391386 -070.82423460 52
115  43.08416658 -070.82444143
120 Linear Feature 188
111  43.08305365 -070.82612139 54 104
115  43.08338260 -070.82639028
120 Linear Feature 185
111  43.07927913 -070.81900724 55
115  43.07951933 -070.81919956
120 Linear Feature 184
111  43.07614498 -070.81644897 55
115  43.07639485 -070.81665643
120 Linear Feature 183
111  43.07938015 -070.81914875 51
115  43.07941144 -070.81908229
120 Linear Feature 182
111  43.07946570 -070.81991477 51
112  43.07938015 -070.81914875  43.07955494 -070.81864864
111  43.07938015 -070.81914875
112  43.07938015 -070.81914875  43.07918572 -070.81959239 51
115  43.07884216 -070.81940807
120 Linear Feature 172
111  43.07325002 -070.81405557 21
115  43.07289943 -070.81377028
120 Linear Feature 146
111  43.08158351 -070.81907048 21
115  43.08117282 -070.81874103
120 Linear Feature 145
111  43.08229138 -070.81965730 21
115  43.08188281 -070.81931892
120 Linear Feature 51
111  43.07419329 -070.81984979 53 102
111  43.07444410 -070.81975169 53 102
111  43.07490542 -070.81894237 53 102
111  43.07531746 -070.81799509 53 102
111  43.07557051 -070.81717349 53 102
112  43.07551901 -070.81691904  43.07545453 -070.81685400 53 102
111  43.06738358 -070.81022512 53 102
112  43.06668041 -070.80977146  43.06643183 -070.80960594 53 102
111  43.06613624 -070.80991859 53 102
111  43.06564357 -070.81082282 53 102
112  43.06543979 -070.81180061  43.06545322 -070.81240139 53 102
115  43.06570403 -070.81281212
120 Linear Feature 38
111  43.08258929 -070.82674744 53 102
112  43.08283302 -070.82666458  43.08291782 -070.82654848 53 102
111  43.08326976 -070.82588744 53 102
111  43.08361654 -070.82511029 53 102
111  43.08391386 -070.82423460 53 102
111  43.08396154 -070.82409678 53 102
112  43.08392197 -070.82375621  43.08382869 -070.82365172 53 102
111  43.07610782 -070.81738569 53 102
112  43.07581273 -070.81751571  43.07568044 -070.81771537 53 102
111  43.07543962 -070.81818436 53 102
111  43.07509365 -070.81897374 53 102
112  43.07472054 -070.81998600  43.07466966 -070.82016245 53 102
115  43.07476463 -070.82033426
120 Linear Feature 31
111  43.09031069 -070.83298888 53 102
112  43.09067579 -070.83311789  43.09087365 -070.83314692 53 102
111  43.09103382 -070.83311144 53 102
112  43.09119635 -070.83291792  43.09124346 -070.83277277 53 102
111  43.09119164 -070.83260505 53 102
111  43.09055110 -070.83002183 53 102
111  43.09046144 -070.82966026 53 102
112  43.09024945 -070.82908937  43.09012696 -070.82888294 53 102
111  43.08993853 -070.82868942 53 102
111  43.08453507 -070.82426770 53 102
112  43.08426184 -070.82430962  43.08410873 -070.82449668
111  43.08426184 -070.82430962
112  43.08426184 -070.82430962  43.08422874 -070.82435006 53 102
112  43.08416658 -070.82444143  43.08413554 -070.82448753
111  43.08416658 -070.82444143
112  43.08416658 -070.82444143  43.08405405 -070.82460861 53 102
111  43.08396269 -070.82478694 53 102
111  43.08329845 -070.82631561 53 102
112  43.08312414 -070.82687999  43.08308174 -070.82705091 53 102
115  43.08317361 -070.82719282
120 Linear Feature 30
111  43.09076384 -070.82495046 53 102
111  43.09082600 -070.82489222 53 102
111  43.09050703 -070.82462568 53 102
112  43.08947651 -070.82555075  43.08942580 -070.82560451 53 102
111  43.08938982 -070.82568738 53 102
111  43.08890235 -070.82681783 53 102
112  43.08885514 -070.82723347  43.08888732 -070.82747426
111  43.08885514 -070.82723347
112  43.08885514 -070.82723347  43.08888459 -070.82744625 53 102
111  43.08904032 -070.82759536 53 102
111  43.09223928 -070.83022977 53 102
112  43.09248137 -070.83077183  43.09254844 -070.83116159 53 102
111  43.09245684 -070.83144829 53 102
115  43.09137725 -070.83392340
120 Linear Feature 29
112  43.09179131 -070.83244804  43.09184548 -070.83234160 53 102
111  43.09185255 -070.83232225 53 102
111  43.09219645 -070.83127398 53 102
112  43.09210929 -070.83060308  43.09191143 -070.83033859 53 102
111  43.09143563 -070.82989026 53 102
111  43.09093862 -070.82949677 53 102
112  43.09079480 -070.82954636  43.09073356 -070.82962377 53 102
111  43.09075490 -070.82972577 53 102
111  43.09079986 -070.82990519 53 102
112  43.09146389 -070.83252867  43.09149564 -070.83266180
111  43.09146389 -070.83252867
112  43.09146389 -070.83252867  43.09150158 -070.83268672 53 102
113  43.09162642 -070.83265124 53 102
120 Linear Feature 70
111  43.08378407 -070.82283159 51
111  43.08387566 -070.82262235 51
111  43.08413072 -070.82203963 51
111  43.08438440 -070.82146008 51
111  43.08462855 -070.82090227 51
112  43.08456636 -070.82049669  43.08441416 -070.82031518
111  43.08456636 -070.82049669
112  43.08456636 -070.82049669  43.08456473 -070.82048548 51
115  43.08413430 -070.82014264
120 Linear Feature 69
111  43.08325777 -070.82300515 51
112  43.08378142 -070.82283384  43.08401905 -070.82243050
111  43.08378142 -070.82283384
112  43.08378142 -070.82283384  43.08362823 -070.82329902 51
115  43.08392471 -070.82355370
120 Linear Feature 68
111  43.08267877 -070.82184082 55
115  43.08291972 -070.82203844
120 Linear Feature 67
111  43.08277221 -070.82200715 51
115  43.08282295 -070.82189249
120 Linear Feature 66
111  43.08226560 -070.82219525 51
112  43.08277221 -070.82200715  43.08300297 -070.82162174
111  43.08277221 -070.82200715
112  43.08277221 -070.82200715  43.08262165 -070.82243737 51
115  43.08289248 -070.82271152
120 Linear Feature 65
111  43.08881060 -070.82759358 51 101
111  43.08820631 -070.82705617 51 101
111  43.08745032 -070.82643529 51 101
111  43.08679516 -070.82589961 51 101
111  43.08655713 -070.82569955 51 101
111  43.08590904 -070.82517679 51 101
111  43.08566159 -070.82497027 51 101
111  43.08502528 -070.82445397 51 101
111  43.08477783 -070.82424745 51 101
111  43.08459165 -070.82409579 51 101
111  43.08416980 -070.82375376 51 101
111  43.08400379 -070.82362182 51 101
111  43.08392471 -070.82355370 51 101
111  43.08325777 -070.82300515 51 101
111  43.08289248 -070.82271152 51 101
115  43.08226560 -070.82219525
120 Linear Feature 64
111  43.08435679 -070.81971261 52
115  43.08322708 -070.82228421
120 Linear Feature 63
111  43.08322708 -070.82228421 52
111  43.08831800 -070.82644558 52
111  43.08944685 -070.82387692 52
115  43.08435679 -070.81971261
120 Linear Feature 181
111  43.08153564 -070.82101946 51
111  43.08209428 -070.81972948 51
112  43.08200680 -070.81911428  43.08177874 -070.81891914 51
111  43.08170951 -070.81885781 51
112  43.08120047 -070.81902508  43.08101721 -070.81940978 51
115  43.08064481 -070.82029026
120 Linear Feature 180
111  43.08172774 -070.82094527 52
115  43.08149867 -070.82075798
120 Linear Feature 180
111  43.08083880 -070.82022882 52
115  43.08060425 -070.82003671
120 Linear Feature 62
111  43.07952691 -070.81917081 53 102
112  43.07951933 -070.81919956  43.07951484 -070.81921789
111  43.07951933 -070.81919956
112  43.07951933 -070.81919956  43.07949435 -070.81930148 53 102
112  43.07960326 -070.81980191  43.07978065 -070.81995616
111  43.07960326 -070.81980191
112  43.07960326 -070.81980191  43.07961740 -070.81979804 53 102
112  43.08017453 -070.82026265  43.08021695 -070.82029750
111  43.08017453 -070.82026265
112  43.08017453 -070.82026265  43.08040642 -070.82039816 53 102
111  43.08057893 -070.82010003 53 102
111  43.08060425 -070.82003671 53 102
111  43.08104854 -070.81903498 53 102
111  43.08117282 -070.81874103 53 102
111  43.08090699 -070.81851904 53 102
111  43.08033761 -070.81983159 53 102
113  43.08010058 -070.81963840 53 102
120 Linear Feature 61
112  43.08158351 -070.81907048  43.08140205 -070.81893819 53 102
111  43.08127243 -070.81921890 53 102
111  43.08083880 -070.82022882 53 102
112  43.08094014 -070.82092576  43.08120409 -070.82126778
111  43.08094014 -070.82092576
112  43.08094014 -070.82092576  43.08133370 -070.82119680 53 102
111  43.08149867 -070.82075798 53 102
112  43.08193702 -070.81977065  43.08206428 -070.81947703 53 102
113  43.08188281 -070.81931892 53 102
120 Linear Feature 179
111  43.08104854 -070.81903498 55
115  43.08127243 -070.81921890
120 Linear Feature 179
111  43.08193702 -070.81977065 55
115  43.08215854 -070.81996085
120 Linear Feature 60
111  43.08270773 -070.82178420 53 102
111  43.08197127 -070.82117114 53 102
111  43.08255062 -070.81987779 53 102
111  43.08229138 -070.81965730 53 102
111  43.08215854 -070.81996085 53 102
111  43.08172774 -070.82094527 53 102
112  43.08179255 -070.82157447  43.08199876 -070.82181377
111  43.08179255 -070.82157447
112  43.08179255 -070.82157447  43.08181023 -070.82157984 53 102
111  43.08225996 -070.82196973
112  43.08225996 -070.82196973  43.08246474 -070.82210084 53 102
112  43.08267877 -070.82184082  43.08274070 -070.82174769
111  43.08267877 -070.82184082
114  43.08267877 -070.82184082  43.08269940 -070.82180980 53 102
120 Linear Feature 59
111  43.08312244 -070.82224601 53 102
111  43.08315517 -070.82216310 53 102
111  43.08294078 -070.82198384 53 102
112  43.08291972 -070.82203844  43.08291025 -070.82207381
111  43.08291972 -070.82203844
112  43.08291972 -070.82203844  43.08288951 -070.82215133 53 102
112  43.08304552 -070.82262246  43.08323868 -070.82283062
111  43.08304552 -070.82262246
112  43.08304552 -070.82262246  43.08305370 -070.82262470 53 102
112  43.08327628 -070.82280620  43.08331229 -070.82282861
111  43.08327628 -070.82280620
112  43.08327628 -070.82280620  43.08351195 -070.82292944 53 102
113  43.08367397 -070.82268968 53 102
120 Linear Feature 58
111  43.08392338 -070.82289450 53 102
112  43.08410013 -070.82349055  43.08436525 -070.82370791
111  43.08410013 -070.82349055
112  43.08410013 -070.82349055  43.08437180 -070.82368550 53 102
113  43.08455837 -070.82341436 53 102
120 Linear Feature 57
111  43.08480751 -070.82362244 53 102
112  43.08497444 -070.82419789  43.08523171 -070.82442645 53 102
113  43.08544381 -070.82413604 53 102
120 Linear Feature 56
111  43.08569166 -070.82434417 53 102
112  43.08586134 -070.82491854  43.08612529 -070.82513474 53 102
113  43.08632325 -070.82485401 53 102
120 Linear Feature 55
111  43.08657636 -070.82506427 53 102
112  43.08674321 -070.82564511  43.08700905 -070.82587357 53 102
113  43.08720418 -070.82557928 53 102
120 Linear Feature 54
111  43.08931990 -070.82477565 53 102
111  43.08948393 -070.82518225 53 102
111  43.09031678 -070.82445360 53 102
111  43.08999627 -070.82419866 53 102
115  43.08992793 -070.82425029
120 Linear Feature 53
111  43.08873982 -070.82566558 53 102
111  43.08894046 -070.82602555 53 102
111  43.08916631 -070.82550117 53 102
112  43.08913881 -070.82529679  43.08906418 -070.82522418 53 102
115  43.08896992 -070.82515427
120 Linear Feature 52
111  43.08835794 -070.82652372 53 102
111  43.08746005 -070.82578798 53 102
112  43.08762737 -070.82636237  43.08786775 -070.82654308 53 102
112  43.08810578 -070.82674637  43.08846400 -070.82702712 53 102
111  43.08866937 -070.82662953 53 102
111  43.08874208 -070.82647531 53 102
112  43.08870438 -070.82624620  43.08861954 -070.82616875 53 102
113  43.08854460 -070.82611075 53 102
120 Linear Feature 75
111  43.08825853 -070.82272578 20
111  43.08941968 -070.82367125 20
112  43.08946893 -070.82367773  43.08950113 -070.82366995 20
111  43.08956743 -070.82365050 20
111  43.08966403 -070.82355842 20
111  43.08970097 -070.82344429 20
111  43.08971328 -070.82331331 20
111  43.08970293 -070.82235103 20
115  43.08969055 -070.82200606
120 Linear Feature 74
111  43.08702700 -070.82168406 20
112  43.08707909 -070.82176446  43.08713781 -070.82181503
111  43.08707909 -070.82176446
112  43.08707909 -070.82176446  43.08708572 -070.82176835 20
115  43.08810011 -070.82259843
120 Linear Feature 73
111  43.08531156 -070.82032367 20
111  43.08646246 -070.82125706 20
112  43.08653293 -070.82126173  43.08658634 -070.82123994
111  43.08653293 -070.82126173
112  43.08653293 -070.82126173  43.08657952 -070.82124150 20
115  43.08662157 -070.82120104
120 Linear Feature 72
111  43.08431830 -070.81950757 20
115  43.08504946 -070.82010928
120 Linear Feature 71
111  43.08978451 -070.82181426 20
111  43.08979270 -070.82349054 20
111  43.08974033 -070.82364293 20
111  43.08960940 -070.82377066 20
112  43.08947683 -070.82384462  43.08947115 -070.82384332
111  43.08947683 -070.82384462
112  43.08947683 -070.82384462  43.08944463 -070.82386277 20
111  43.08943756 -070.82383789 20
115  43.08427385 -070.81962237
120 Linear Feature 86
111  43.08863946 -070.82336405 22
115  43.08756128 -070.82581809
120 Linear Feature 86
111  43.08821271 -070.82301894 22
115  43.08713452 -070.82547298
120 Linear Feature 86
111  43.08687242 -070.82192019 22
115  43.08579424 -070.82437424
120 Linear Feature 86
111  43.08644915 -070.82157581 22
115  43.08537096 -070.82402986
120 Linear Feature 86
111  43.08510746 -070.82047824 22
115  43.08402928 -070.82293229
120 Linear Feature 86
111  43.08468195 -070.82012868 22
115  43.08360377 -070.82258272
120 Linear Feature 85
111  43.08941802 -070.82393489 22
115  43.08425616 -070.81972025
120 Linear Feature 84
111  43.08428425 -070.81967684 20
115  43.08943791 -070.82388820
120 Linear Feature 83
111  43.08357927 -070.82256713 20
111  43.08465707 -070.82011101 20
115  43.08423361 -070.81976419
120 Linear Feature 82
111  43.08400350 -070.82291347 20
111  43.08508153 -070.82045579 20
111  43.08470458 -070.82014845 20
115  43.08362742 -070.82260495
120 Linear Feature 81
111  43.08534582 -070.82400818 20
111  43.08642524 -070.82155576 20
111  43.08513055 -070.82049758 20
115  43.08405086 -070.82295107
120 Linear Feature 80
111  43.08576841 -070.82435884 20
111  43.08684792 -070.82190088 20
111  43.08647192 -070.82159483 20
115  43.08539412 -070.82404838
120 Linear Feature 79
111  43.08711145 -070.82545558 20
111  43.08819148 -070.82299566 20
111  43.08689698 -070.82194211 20
115  43.08581728 -070.82439930
120 Linear Feature 78
111  43.08753663 -070.82580098 20
111  43.08861639 -070.82334433 20
111  43.08823944 -070.82303698 20
115  43.08715880 -070.82549319
120 Linear Feature 77
111  43.08939513 -070.82398182 20
111  43.08866269 -070.82338279 20
115  43.08758209 -070.82584118
120 Linear Feature 87
111  43.08438440 -070.82146008 51
112  43.08432898 -070.82109530  43.08421601 -070.82090334
111  43.08432898 -070.82109530
112  43.08432898 -070.82109530  43.08432244 -070.82108858 51
115  43.08387241 -070.82072201
120 Linear Feature 87
111  43.08413072 -070.82203963 51
112  43.08407543 -070.82167790  43.08396697 -070.82147682
111  43.08407543 -070.82167790
112  43.08407543 -070.82167790  43.08406888 -070.82167118 51
115  43.08362201 -070.82130462
120 Linear Feature 90
111  43.08791550 -070.82435084 51
111  43.08813486 -070.82386158 51
112  43.08809245 -070.82338016  43.08790813 -070.82315427
111  43.08809245 -070.82338016
112  43.08809245 -070.82338016  43.08808836 -070.82337642 51
112  43.08757393 -070.82295551  43.08757613 -070.82295512
111  43.08757393 -070.82295551
112  43.08757393 -070.82295551  43.08737795 -070.82286562 51
115  43.08727691 -070.82307130
120 Linear Feature 90
111  43.08702969 -070.82363342 51
111  43.08727691 -070.82307130 51
112  43.08720891 -070.82265448  43.08706844 -070.82249389
111  43.08720891 -070.82265448
112  43.08720891 -070.82265448  43.08720482 -070.82265074 51
112  43.08668984 -070.82223388  43.08668711 -070.82223575
111  43.08668984 -070.82223388
112  43.08668984 -070.82223388  43.08652891 -070.82213491 51
115  43.08640133 -070.82233654
120 Linear Feature 90
111  43.08614798 -070.82291811 51
111  43.08640133 -070.82233654 51
112  43.08632829 -070.82194167  43.08618781 -070.82178107
111  43.08632829 -070.82194167
112  43.08632829 -070.82194167  43.08632419 -070.82193793 51
112  43.08581079 -070.82151753  43.08580807 -070.82151939
111  43.08581079 -070.82151753
112  43.08581079 -070.82151753  43.08564986 -070.82141856 51
115  43.08551757 -070.82161374
120 Linear Feature 90
111  43.08526423 -070.82219531 51
111  43.08551757 -070.82161374 51
112  43.08544611 -070.82121562  43.08530563 -070.82105503
111  43.08544611 -070.82121562
112  43.08544611 -070.82121562  43.08544201 -070.82121189 51
112  43.08492703 -070.82079472  43.08492431 -070.82079659
111  43.08492703 -070.82079472
112  43.08492703 -070.82079472  43.08476610 -070.82069576 51
115  43.08463043 -070.82089503
120 Linear Feature 90
111  43.08766641 -070.82491836 51
111  43.08780923 -070.82460130 51
111  43.08791550 -070.82435084 51
112  43.08783943 -070.82396088  43.08769896 -070.82380028
111  43.08783943 -070.82396088
112  43.08783943 -070.82396088  43.08783125 -070.82395901 51
112  43.08732360 -070.82354080  43.08732087 -070.82354267
111  43.08732360 -070.82354080
112  43.08732360 -070.82354080  43.08716267 -070.82344183 51
115  43.08702969 -070.82363342
120 Linear Feature 90
111  43.08677748 -070.82421012 51
111  43.08702969 -070.82363342 51
112  43.08695475 -070.82323672  43.08681427 -070.82307613
111  43.08695475 -070.82323672
112  43.08695475 -070.82323672  43.08694656 -070.82323485 51
112  43.08643513 -070.82281470  43.08643240 -070.82281657
111  43.08643513 -070.82281470
112  43.08643513 -070.82281470  43.08627420 -070.82271573 51
115  43.08614798 -070.82291811
120 Linear Feature 90
111  43.08589890 -070.82348563 51
111  43.08614798 -070.82291811 51
112  43.08607570 -070.82252037  43.08593523 -070.82235977
111  43.08607570 -070.82252037
112  43.08607570 -070.82252037  43.08606752 -070.82251850 51
112  43.08555608 -070.82209835  43.08555336 -070.82210021
111  43.08555608 -070.82209835
112  43.08555608 -070.82209835  43.08539515 -070.82199938 51
115  43.08526423 -070.82219531
120 Linear Feature 90
111  43.08501514 -070.82276283 51
111  43.08526423 -070.82219531 51
112  43.08519194 -070.82179757  43.08505147 -070.82163697
111  43.08519194 -070.82179757
112  43.08519194 -070.82179757  43.08518376 -070.82179570 51
112  43.08467233 -070.82137555  43.08466960 -070.82137741
111  43.08467233 -070.82137555
112  43.08467233 -070.82137555  43.08451140 -070.82127658 51
115  43.08438440 -070.82146008
120 Linear Feature 90
111  43.08739582 -070.82553384 51
111  43.08749687 -070.82530659 51
111  43.08766641 -070.82491836 51
112  43.08758530 -070.82454406  43.08744483 -070.82438347
111  43.08758530 -070.82454406
112  43.08758530 -070.82454406  43.08758121 -070.82454033 51
112  43.08706622 -070.82412723  43.08706349 -070.82412910
111  43.08706622 -070.82412723
112  43.08706622 -070.82412723  43.08690529 -070.82402826 51
115  43.08677748 -070.82421012
120 Linear Feature 90
111  43.08652471 -070.82478245 51
111  43.08677748 -070.82421012 51
112  43.08670157 -070.82381732  43.08656109 -070.82365672
111  43.08670157 -070.82381732
112  43.08670157 -070.82381732  43.08669748 -070.82381358 51
112  43.08618059 -070.82339530  43.08617786 -070.82339716
111  43.08618059 -070.82339530
112  43.08618059 -070.82339530  43.08601965 -070.82329633 51
115  43.08589890 -070.82348563
120 Linear Feature 90
111  43.08564566 -070.82406609 51
111  43.08589890 -070.82348563 51
112  43.08582252 -070.82310096  43.08568205 -070.82294037
111  43.08582252 -070.82310096
112  43.08582252 -070.82310096  43.08581843 -070.82309722 51
112  43.08530154 -070.82267894  43.08529881 -070.82268081
111  43.08530154 -070.82267894
112  43.08530154 -070.82267894  43.08514061 -070.82257997 51
115  43.08501514 -070.82276283
120 Linear Feature 90
111  43.08476190 -070.82334329 51
111  43.08501514 -070.82276283 51
112  43.08493876 -070.82237816  43.08479829 -070.82221757
111  43.08493876 -070.82237816
112  43.08493876 -070.82237816  43.08493467 -070.82237442 51
112  43.08441778 -070.82195614  43.08441505 -070.82195801
111  43.08441778 -070.82195614
112  43.08441778 -070.82195614  43.08425685 -070.82185717 51
115  43.08413072 -070.82203963
120 Linear Feature 89
111  43.08652471 -070.82478245 51
112  43.08681094 -070.82471126  43.08696020 -070.82481613
111  43.08681094 -070.82471126
112  43.08681094 -070.82471126  43.08694449 -070.82481344 51
112  43.08732307 -070.82512493  43.08732896 -070.82513568
111  43.08732307 -070.82512493
112  43.08732307 -070.82512493  43.08748219 -070.82530547 51
111  43.08739582 -070.82553384 51
115  43.08731332 -070.82572298
120 Linear Feature 89
111  43.08564566 -070.82406609 51
112  43.08593161 -070.82398113  43.08608086 -070.82408600
111  43.08593161 -070.82398113
112  43.08593161 -070.82398113  43.08606515 -070.82408331 51
112  43.08646383 -070.82442482  43.08646972 -070.82443557
111  43.08646383 -070.82442482
112  43.08646383 -070.82442482  43.08657773 -070.82455657 51
111  43.08652471 -070.82478245 51
115  43.08643387 -070.82499522
120 Linear Feature 89
111  43.08476190 -070.82334329 51
112  43.08505256 -070.82326477  43.08520182 -070.82336964
111  43.08505256 -070.82326477
112  43.08505256 -070.82326477  43.08518611 -070.82336695 51
112  43.08558478 -070.82370846  43.08559067 -070.82371922
111  43.08558478 -070.82370846
112  43.08558478 -070.82370846  43.08569869 -070.82384022 51
111  43.08564566 -070.82406609 51
115  43.08555207 -070.82427456
120 Linear Feature 89
111  43.08387566 -070.82262235 51
112  43.08416880 -070.82254197  43.08431806 -070.82264684
111  43.08416880 -070.82254197
112  43.08416880 -070.82254197  43.08430235 -070.82264415 51
112  43.08470102 -070.82298566  43.08470691 -070.82299642
111  43.08470102 -070.82298566
112  43.08470102 -070.82298566  43.08481493 -070.82311742 51
111  43.08476190 -070.82334329 51
115  43.08466205 -070.82356745
120 Linear Feature 88
111  43.08416980 -070.82375376 51
112  43.08466205 -070.82356745  43.08487153 -070.82321341
111  43.08466205 -070.82356745
112  43.08466205 -070.82356745  43.08453112 -070.82400217 51
115  43.08477783 -070.82424745
120 Linear Feature 87
111  43.08387566 -070.82262235 51
112  43.08382328 -070.82225827  43.08371522 -070.82206463
111  43.08382328 -070.82225827
112  43.08382328 -070.82225827  43.08381673 -070.82225154 51
115  43.08336670 -070.82188498
120 Linear Feature 76
111  43.08973689 -070.82191466 22
111  43.08974868 -070.82234973 22
112  43.08975259 -070.82338127  43.08975100 -070.82347040
111  43.08975259 -070.82338127
112  43.08975259 -070.82338127  43.08974975 -070.82354079 22
111  43.08969339 -070.82360648 22
111  43.08956723 -070.82372476 22
112  43.08947177 -070.82378234  43.08945472 -070.82379142 22
111  43.08944222 -070.82377300 22
115  43.08427631 -070.81955313
120 Linear Feature 98
111  43.08866937 -070.82662953 52
115  43.08890235 -070.82681783
120 Linear Feature 97
111  43.08854460 -070.82611075 55
115  43.08873982 -070.82566558
120 Linear Feature 96
111  43.08896992 -070.82515427 55
111  43.08902058 -070.82503882 55
115  43.08931990 -070.82477565
120 Linear Feature 95
111  43.08931811 -070.82552147 51
112  43.08942119 -070.82539925  43.08951938 -070.82531320
111  43.08942119 -070.82539925
112  43.08942119 -070.82539925  43.08942512 -070.82539118 51
115  43.09040511 -070.82453871
120 Linear Feature 94
111  43.08934266 -070.82513863 51
111  43.08910399 -070.82437760 51
112  43.08902252 -070.82425729  43.08898069 -070.82422379 51
112  43.08843334 -070.82377342  43.08843192 -070.82377442
111  43.08843334 -070.82377342
112  43.08843334 -070.82377342  43.08823840 -070.82366967 51
115  43.08813486 -070.82386158
120 Linear Feature 93
111  43.08891768 -070.82642771 51
111  43.08931811 -070.82552147 51
112  43.08934266 -070.82513863  43.08927106 -070.82492231
111  43.08934266 -070.82513863
112  43.08934266 -070.82513863  43.08926993 -070.82495500 51
111  43.08911718 -070.82496571 51
111  43.08870765 -070.82492032 51
112  43.08857827 -070.82487493  43.08852372 -070.82482513 51
112  43.08811798 -070.82449885  43.08811609 -070.82449755
111  43.08811798 -070.82449885
112  43.08811798 -070.82449885  43.08791909 -070.82438343 51
115  43.08780923 -070.82460130
120 Linear Feature 92
111  43.08871272 -070.82688667 51
111  43.08891768 -070.82642771 51
112  43.08889640 -070.82610501  43.08882439 -070.82596607
111  43.08889640 -070.82610501
112  43.08889640 -070.82610501  43.08883421 -070.82597951 51
111  43.08867710 -070.82593469 51
111  43.08781298 -070.82522880 51
116  43.08749687 -070.82530659  43.08734798 -070.82551979
120 Linear Feature 91
111  43.08820631 -070.82705617 51
112  43.08871272 -070.82688667  43.08891469 -070.82652971
111  43.08871272 -070.82688667
112  43.08871272 -070.82688667  43.08855441 -070.82733232 51
115  43.08881060 -070.82759358
120 Linear Feature 91
111  43.08679516 -070.82589961 51
112  43.08731332 -070.82572298  43.08756502 -070.82533577
111  43.08731332 -070.82572298
112  43.08731332 -070.82572298  43.08717475 -070.82618376 51
115  43.08745032 -070.82643529
120 Linear Feature 91
111  43.08590629 -070.82517463 51
112  43.08643387 -070.82499522  43.08668556 -070.82460801
111  43.08643387 -070.82499522
112  43.08643387 -070.82499522  43.08629529 -070.82545600 51
115  43.08655713 -070.82569955
120 Linear Feature 91
111  43.08502528 -070.82445397 51
112  43.08555207 -070.82427456  43.08580377 -070.82388735
111  43.08555207 -070.82427456
112  43.08555207 -070.82427456  43.08541350 -070.82473534 51
115  43.08566159 -070.82497027
120 Linear Feature 105
111  43.09073461 -070.82408843 51
112  43.09078739 -070.82338862  43.09066579 -070.82305946 51
112  43.09041692 -070.82257541  43.09030946 -070.82235855 51
115  43.09007706 -070.82250028
120 Linear Feature 104
111  43.09040511 -070.82453871 51
112  43.09041925 -070.82383628  43.09024957 -070.82343741 51
111  43.08997525 -070.82284880 51
112  43.09007706 -070.82250028  43.09021563 -070.82235700 51
112  43.09067378 -070.82199686  43.09074730 -070.82193103 51
111  43.09084628 -070.82205882 51
112  43.09129594 -070.82306179  43.09134967 -070.82322056 51
111  43.09126200 -070.82336771 51
113  43.09073461 -070.82408843 51
120 Linear Feature 99
111  43.09062705 -070.83357235 51 101
111  43.09089854 -070.83380083 51 101
112  43.09123790 -070.83379696  43.09142172 -070.83370014 51 101
111  43.09146697 -070.83345230 51 101
112  43.09163502 -070.83308605  43.09169158 -070.83296601
111  43.09163502 -070.83308605
112  43.09163502 -070.83308605  43.09165125 -070.83305160 51 101
111  43.09187424 -070.83252651 57 105
111  43.09208879 -070.83201555 51 101
111  43.09235215 -070.83139987 51 101
112  43.09212590 -070.83030781  43.09167908 -070.82990894 51 101
111  43.09030465 -070.82882081 51 101
112  43.09045737 -070.82911512  43.09050450 -070.82929583
111  43.09045737 -070.82911512
112  43.09045737 -070.82911512  43.09048177 -070.82920867 51 101
111  43.09096590 -070.83112847 57 105
111  43.09106511 -070.83151879 51 101
112  43.09143304 -070.83296048  43.09145103 -070.83302662
111  43.09143304 -070.83296048
112  43.09143304 -070.83296048  43.09148677 -070.83315798 51 101
115  43.09146697 -070.83345230
120 Linear Feature 114
111  43.07008705 -070.81147006 53 102
111  43.07007244 -070.81150368 53 102
111  43.06997903 -070.81171873 53 102
112  43.07001995 -070.81196964  43.07013451 -070.81206821 53 102
111  43.07073023 -070.81255659 53 102
112  43.07096663 -070.81254123  43.07111392 -070.81248298
111  43.07096663 -070.81254123
112  43.07096663 -070.81254123  43.07106476 -070.81250242 53 102
112  43.07114188 -070.81238300  43.07116619 -070.81233778
111  43.07114188 -070.81238300
112  43.07114188 -070.81238300  43.07115406 -070.81236035 53 102
111  43.07115909 -070.81234498 53 102
115  43.07008705 -070.81147006
120 Linear Feature 170
111  43.07797481 -070.81795404 55
115  43.07820749 -070.81814853
120 Linear Feature 169
111  43.07802806 -070.81818438 51
111  43.07856409 -070.81697235 51
111  43.07884123 -070.81632191 51
115  43.07922279 -070.81548531
120 Linear Feature 107
111  43.08226910 -070.82219179 51 101
111  43.08163307 -070.82167702 51 101
111  43.08105468 -070.82120684 51 101
111  43.08074268 -070.82094999 51 101
111  43.08014864 -070.82046974 51 101
111  43.07946570 -070.81991477 51 101
111  43.07884216 -070.81940807 51 101
111  43.07815244 -070.81884759 51 101
111  43.07755181 -070.81835690 51 101
111  43.07631306 -070.81735096 51 101
111  43.07614625 -070.81721539 51 101
111  43.07578551 -070.81692030 51 101
111  43.07565405 -070.81681277 51 101
111  43.07557829 -070.81675080 51 101
111  43.07514255 -070.81639075 51 101
111  43.07303646 -070.81465051 51 101
111  43.07259609 -070.81429082 51 101
111  43.07132721 -070.81325257 51 101
111  43.07084897 -070.81286186 51 101
111  43.06994971 -070.81213009 51 101
111  43.06952838 -070.81178694 51 101
111  43.06856234 -070.81099801 51 101
111  43.06813349 -070.81066930 51 101
112  43.06686633 -070.80967377  43.06677896 -070.80960994
111  43.06686633 -070.80967377
112  43.06686633 -070.80967377  43.06632470 -070.80927801 51 101
111  43.06596787 -070.80985384 51 101
111  43.06575879 -070.81030416 57 105
111  43.06554703 -070.81078353 51 101
112  43.06500540 -070.81202097  43.06496061 -070.81213803 51 101
115  43.06495654 -070.81232197
120 Linear Feature 110
111  43.06953512 -070.81158356 53 102
112  43.06973792 -070.81152130  43.06980157 -070.81138440
111  43.06973792 -070.81152130
112  43.06973792 -070.81152130  43.06977917 -070.81143258 53 102
111  43.06983439 -070.81130432 53 102
111  43.06985131 -070.81126634 53 102
111  43.06869653 -070.81033351 53 102
112  43.06869653 -070.81033351  43.06869653 -070.81033351
111  43.06869653 -070.81033351
112  43.06869653 -070.81033351  43.06869653 -070.81033351 53 102
111  43.06867692 -070.81037630 53 102
112  43.06859637 -070.81055933  43.06855978 -070.81064434
111  43.06859637 -070.81055933
112  43.06859637 -070.81055933  43.06853156 -070.81070987 53 102
111  43.06863986 -070.81084402 53 102
115  43.06953512 -070.81158356
120 Linear Feature 109
111  43.06471227 -070.81007590 54 104
115  43.06568625 -070.81087948
120 Linear Feature 108
111  43.06475115 -070.81214135 53 102
111  43.06494099 -070.81172693 53 102
111  43.06468752 -070.81107535 53 102
112  43.06474968 -070.81013083  43.06497055 -070.80960100
111  43.06474968 -070.81013083
112  43.06474968 -070.81013083  43.06494764 -070.80968389 53 102
111  43.06529080 -070.80959993 53 102
112  43.06645763 -070.80934855  43.06670704 -070.80931898 53 102
111  43.06685591 -070.80948403 53 102
111  43.06810718 -070.81052997 53 102
112  43.06832484 -070.81044260  43.06840804 -070.81027458
111  43.06832484 -070.81044260
112  43.06832484 -070.81044260  43.06837955 -070.81033211 53 102
111  43.06844067 -070.81017850 53 102
111  43.06845741 -070.81013345 53 102
111  43.06829817 -070.80999553 53 102
115  43.06860169 -070.80931190
120 Linear Feature 106
111  43.08640133 -070.82233654 51
115  43.08787392 -070.81894063
120 Linear Feature 103
111  43.09030465 -070.82882081 51 101
115  43.08881060 -070.82759358
120 Linear Feature 102
111  43.09055110 -070.83002183 52
115  43.09079986 -070.82990519
120 Linear Feature 101
111  43.09082602 -070.83163562 54 104
115  43.09132354 -070.83139359
120 Linear Feature 100
111  43.09175060 -070.83242193 54 104
115  43.09201427 -070.83264137
120 Linear Feature 118
111  43.07821632 -070.81811435 53 102
112  43.07820749 -070.81814853  43.07820240 -070.81817025
111  43.07820749 -070.81814853
112  43.07820749 -070.81814853  43.07818397 -070.81824899 53 102
112  43.07829098 -070.81872298  43.07845004 -070.81889872
111  43.07829098 -070.81872298
112  43.07829098 -070.81872298  43.07830795 -070.81873227 53 102
112  43.07882378 -070.81917364  43.07883057 -070.81917364
111  43.07882378 -070.81917364
112  43.07882378 -070.81917364  43.07908198 -070.81933861 53 102
112  43.07927913 -070.81900724  43.07932130 -070.81892596
111  43.07927913 -070.81900724
112  43.07927913 -070.81900724  43.07928684 -070.81899238 53 102
113  43.07929210 -070.81898316 53 102
120 Linear Feature 117
111  43.07640390 -070.81662990 53 102
112  43.07639485 -070.81665643  43.07638950 -070.81667343
111  43.07639485 -070.81665643
112  43.07639485 -070.81665643  43.07636500 -070.81675134 53 102
112  43.07650759 -070.81728162  43.07673145 -070.81748411
111  43.07650759 -070.81728162
112  43.07650759 -070.81728162  43.07651466 -070.81728162 53 102
111  43.07749504 -070.81808498
112  43.07749504 -070.81808498  43.07775053 -070.81825987 53 102
112  43.07797481 -070.81795404  43.07802786 -070.81786939
111  43.07797481 -070.81795404
112  43.07797481 -070.81795404  43.07798636 -070.81793562 53 102
113  43.07799230 -070.81792367 53 102
120 Linear Feature 116
111  43.07325002 -070.81405557 53 102
112  43.07323464 -070.81410949  43.07322612 -070.81414188
111  43.07323464 -070.81410949
112  43.07323464 -070.81410949  43.07320294 -070.81423008 53 102
112  43.07334036 -070.81469543  43.07353232 -070.81486073
111  43.07334036 -070.81469543
112  43.07334036 -070.81469543  43.07358388 -070.81490513 53 102
112  43.07502453 -070.81607021  43.07502339 -070.81607333
111  43.07502453 -070.81607021
112  43.07502453 -070.81607021  43.07527143 -070.81616940 53 102
112  43.07544577 -070.81588284  43.07548343 -070.81581102
111  43.07544577 -070.81588284
112  43.07544577 -070.81588284  43.07545301 -070.81586903 53 102
113  43.07545659 -070.81586051 53 102
120 Linear Feature 115
111  43.07151291 -070.81264115 53 102
112  43.07149781 -070.81268768  43.07148957 -070.81271719
111  43.07149781 -070.81268768
112  43.07149781 -070.81268768  43.07146692 -070.81279842 53 102
112  43.07163860 -070.81330787  43.07186034 -070.81353075
111  43.07163860 -070.81330787
112  43.07163860 -070.81330787  43.07188998 -070.81350412 53 102
112  43.07245951 -070.81397460  43.07265590 -070.81412515
111  43.07245951 -070.81397460
112  43.07245951 -070.81397460  43.07264305 -070.81408138 53 102
112  43.07287132 -070.81381152  43.07293510 -070.81372513
111  43.07287132 -070.81381152
112  43.07287132 -070.81381152  43.07288943 -070.81378698 53 102
113  43.07289943 -070.81377028 53 102
120 Linear Feature 121
111  43.06983439 -070.81130432 55
115  43.07006851 -070.81150001
120 Linear Feature 121
111  43.06844067 -070.81017850 55
115  43.06867692 -070.81037630
120 Linear Feature 120
111  43.06985262 -070.81163178 51
115  43.06996603 -070.81137092
120 Linear Feature 120
111  43.06846218 -070.81050807 51
115  43.06857558 -070.81024721
120 Linear Feature 119
111  43.07084897 -070.81286186 51
112  43.07123553 -070.81270411  43.07135336 -070.81246539
111  43.07123553 -070.81270411
112  43.07123553 -070.81270411  43.07113184 -070.81298799 51
115  43.07132721 -070.81325257
120 Linear Feature 119
111  43.06952838 -070.81178694 51
112  43.06985262 -070.81163178  43.06997046 -070.81139307
111  43.06985262 -070.81163178
112  43.06985262 -070.81163178  43.06974893 -070.81191566 51
115  43.06994971 -070.81213009
120 Linear Feature 119
111  43.06813349 -070.81066930 51
112  43.06846218 -070.81050807  43.06858001 -070.81026936
111  43.06846218 -070.81050807
112  43.06846218 -070.81050807  43.06835848 -070.81079195 51
115  43.06856234 -070.81099801
120 Linear Feature 122
111  43.07129746 -070.81143069 53 102
111  43.07150367 -070.81159872 53 102
111  43.07163951 -070.81127835 53 102
112  43.07160186 -070.81107672  43.07152167 -070.81102071 53 102
113  43.07148730 -070.81099383 53 102
120 Linear Feature 133
111  43.07031504 -070.80952927 51
115  43.07035823 -070.80956415
120 Linear Feature 133
111  43.07038134 -070.80938148 51
115  43.07042453 -070.80941636
120 Linear Feature 133
111  43.07044006 -070.80923497 51
115  43.07048325 -070.80926985
120 Linear Feature 133
111  43.07050446 -070.80909236 51
115  43.07054765 -070.80912724
120 Linear Feature 133
111  43.07056981 -070.80894456 51
115  43.07061300 -070.80897944
120 Linear Feature 133
111  43.07063137 -070.80880714 51
115  43.07067457 -070.80884202
120 Linear Feature 133
111  43.07069483 -070.80866064 51
115  43.07073802 -070.80869552
120 Linear Feature 133
111  43.07037944 -070.80849987 51
115  43.07042264 -070.80853475
120 Linear Feature 133
111  43.07031788 -070.80864767 51
115  43.07036108 -070.80868255
120 Linear Feature 133
111  43.07025348 -070.80879547 51
115  43.07029667 -070.80883035
120 Linear Feature 133
111  43.07019192 -070.80893808 51
115  43.07023511 -070.80897296
120 Linear Feature 133
111  43.07012846 -070.80908328 51
115  43.07017166 -070.80911816
120 Linear Feature 133
111  43.07006595 -070.80922201 51
115  43.07010915 -070.80925689
120 Linear Feature 133
111  43.07043593 -070.80951913 51
115  43.07039174 -070.80948668
120 Linear Feature 133
111  43.07049465 -070.80937263 51
115  43.07045046 -070.80934018
120 Linear Feature 133
111  43.07055905 -070.80923002 51
115  43.07051486 -070.80919757
120 Linear Feature 133
111  43.07062440 -070.80908222 51
115  43.07058021 -070.80904977
120 Linear Feature 133
111  43.07068596 -070.80894480 51
115  43.07064177 -070.80891234
120 Linear Feature 133
111  43.07074942 -070.80879830 51
115  43.07070523 -070.80876584
120 Linear Feature 133
111  43.07050317 -070.80849751 51
115  43.07045898 -070.80846506
120 Linear Feature 133
111  43.07043403 -070.80863753 51
115  43.07038984 -070.80860508
120 Linear Feature 133
111  43.07037247 -070.80878533 51
115  43.07032828 -070.80875288
120 Linear Feature 133
111  43.07030807 -070.80893313 51
115  43.07026388 -070.80890067
120 Linear Feature 133
111  43.07024651 -070.80907574 51
115  43.07020232 -070.80904329
120 Linear Feature 133
111  43.07018305 -070.80922094 51
115  43.07013886 -070.80918849
120 Linear Feature 133
111  43.07012054 -070.80935966 51
115  43.07007635 -070.80932721
120 Linear Feature 132
111  43.07033212 -070.80948725 51
111  43.07031504 -070.80952927 51
115  43.07029766 -070.80957203
120 Linear Feature 132
111  43.07039842 -070.80933945 51
111  43.07038134 -070.80938148 51
115  43.07036396 -070.80942424
120 Linear Feature 132
111  43.07045714 -070.80919295 51
111  43.07044006 -070.80923497 51
115  43.07042268 -070.80927773
120 Linear Feature 132
111  43.07052154 -070.80905034 51
111  43.07050446 -070.80909236 51
115  43.07048708 -070.80913512
120 Linear Feature 132
111  43.07058689 -070.80890254 51
111  43.07056981 -070.80894456 51
115  43.07055243 -070.80898732
120 Linear Feature 132
111  43.07064845 -070.80876511 51
111  43.07063137 -070.80880714 51
115  43.07061399 -070.80884990
120 Linear Feature 132
111  43.07071191 -070.80861861 51
111  43.07069483 -070.80866064 51
115  43.07067745 -070.80870340
120 Linear Feature 132
111  43.07039652 -070.80845785 51
111  43.07037944 -070.80849987 51
115  43.07036206 -070.80854263
120 Linear Feature 132
111  43.07033496 -070.80860565 51
111  43.07031788 -070.80864767 51
115  43.07030050 -070.80869043
120 Linear Feature 132
111  43.07027056 -070.80875344 51
111  43.07025348 -070.80879547 51
115  43.07023610 -070.80883823
120 Linear Feature 132
111  43.07020900 -070.80889606 51
111  43.07019192 -070.80893808 51
115  43.07017454 -070.80898084
120 Linear Feature 132
111  43.07014554 -070.80904126 51
111  43.07012846 -070.80908328 51
115  43.07011108 -070.80912604
120 Linear Feature 132
111  43.07008303 -070.80917998 51
111  43.07006595 -070.80922201 51
115  43.07004857 -070.80926477
120 Linear Feature 132
111  43.07042011 -070.80956207 51
111  43.07043593 -070.80951913 51
115  43.07045203 -070.80947545
120 Linear Feature 132
111  43.07047883 -070.80941557 51
111  43.07049465 -070.80937263 51
115  43.07051075 -070.80932894
120 Linear Feature 132
111  43.07054323 -070.80927296 51
111  43.07055905 -070.80923002 51
115  43.07057515 -070.80918633
120 Linear Feature 132
111  43.07060858 -070.80912516 51
111  43.07062440 -070.80908222 51
115  43.07064050 -070.80903853
120 Linear Feature 132
111  43.07067014 -070.80898774 51
111  43.07068596 -070.80894480 51
115  43.07070206 -070.80890111
120 Linear Feature 132
111  43.07073360 -070.80884123 51
111  43.07074942 -070.80879830 51
115  43.07076552 -070.80875461
120 Linear Feature 132
111  43.07048735 -070.80854045 51
111  43.07050317 -070.80849751 51
115  43.07051927 -070.80845382
120 Linear Feature 132
111  43.07041821 -070.80868047 51
111  43.07043403 -070.80863753 51
115  43.07045013 -070.80859384
120 Linear Feature 132
111  43.07035665 -070.80882827 51
111  43.07037247 -070.80878533 51
115  43.07038857 -070.80874164
120 Linear Feature 132
111  43.07029225 -070.80897607 51
111  43.07030807 -070.80893313 51
115  43.07032417 -070.80888944
120 Linear Feature 132
111  43.07023069 -070.80911868 51
111  43.07024651 -070.80907574 51
115  43.07026260 -070.80903205
120 Linear Feature 132
111  43.07016723 -070.80926388 51
111  43.07018305 -070.80922094 51
115  43.07019915 -070.80917725
120 Linear Feature 132
111  43.07010472 -070.80940260 51
111  43.07012054 -070.80935966 51
115  43.07013664 -070.80931598
120 Linear Feature 131
111  43.07016026 -070.80961065 51
115  43.07063160 -070.80850575
120 Linear Feature 130
111  43.07016756 -070.80975140 51
112  43.07016026 -070.80961065  43.07018383 -070.80954075
111  43.07016026 -070.80961065
112  43.07016026 -070.80961065  43.07013080 -070.80968861 51
115  43.07005757 -070.80966216
120 Linear Feature 129
111  43.07008508 -070.80863040 51
115  43.06948806 -070.80813844
120 Linear Feature 129
111  43.06991030 -070.80902558 51
115  43.06931327 -070.80853362
120 Linear Feature 128
111  43.06938920 -070.80815427 51
112  43.06948806 -070.80813844  43.06954305 -070.80816801
111  43.06948806 -070.80813844
112  43.06948806 -070.80813844  43.06944485 -070.80810618 51
115  43.06945649 -070.80800214
120 Linear Feature 128
111  43.06921665 -070.80854437 51
112  43.06931327 -070.80853362  43.06936826 -070.80856319
111  43.06931327 -070.80853362
112  43.06931327 -070.80853362  43.06927006 -070.80850136 51
115  43.06927988 -070.80840189
120 Linear Feature 127
111  43.07012453 -070.80875406 51
112  43.07008508 -070.80863040  43.07004384 -070.80857932
111  43.07008508 -070.80863040
112  43.07008508 -070.80863040  43.07014400 -070.80866535 51
115  43.07019111 -070.80860352
120 Linear Feature 127
111  43.06994751 -070.80915193 51
112  43.06991030 -070.80902558  43.06986905 -070.80897450
111  43.06991030 -070.80902558
112  43.06991030 -070.80902558  43.06996921 -070.80906053 51
115  43.07001579 -070.80899845
120 Linear Feature 126
111  43.06975807 -070.80941915 51
116  43.06985441 -070.80935719  43.06989040 -070.80927551
120 Linear Feature 125
111  43.07177904 -070.81105891 51
111  43.07016756 -070.80975140 51
111  43.07005757 -070.80966216 51
111  43.06986042 -070.80950220 51
111  43.06975807 -070.80941915 51
111  43.06913169 -070.80891093 51
112  43.06912383 -070.80876307  43.06916507 -070.80865285
111  43.06912383 -070.80876307
112  43.06912383 -070.80876307  43.06913480 -070.80873375 51
111  43.06921665 -070.80854437 51
111  43.06927988 -070.80840189 51
111  43.06938920 -070.80815427 51
111  43.06945649 -070.80800214 51
111  43.06955393 -070.80778184 51
112  43.06967962 -070.80774958  43.06975228 -070.80780603 51
111  43.07026290 -070.80822271 51
112  43.07028647 -070.80837326  43.07025897 -070.80845660
111  43.07028647 -070.80837326
112  43.07028647 -070.80837326  43.07027850 -070.80839740 51
111  43.07019111 -070.80860352 51
111  43.07012453 -070.80875406 51
111  43.07001579 -070.80899845 51
111  43.06994751 -070.80915193 51
112  43.06985441 -070.80935719  43.06985172 -070.80936086
111  43.06985441 -070.80935719
112  43.06985441 -070.80935719  43.06982888 -070.80940558 51
115  43.06986042 -070.80950220
120 Linear Feature 123
111  43.07123553 -070.81270411 51
111  43.07184329 -070.81133355 51
111  43.07199177 -070.81100772 51
115  43.07342935 -070.80772354
120 Linear Feature 124
111  43.07184329 -070.81133355 51
112  43.07177314 -070.81105622  43.07167298 -070.81094600
111  43.07177314 -070.81105622
112  43.07177314 -070.81105622  43.07188705 -070.81111268 51
115  43.07199177 -070.81100772
120 Linear Feature 136
111  43.07455715 -070.81995306 51 101
111  43.07480489 -070.81939557 57 105
111  43.07503226 -070.81887061 51 101
115  43.07568723 -070.81737933
120 Linear Feature 135
111  43.07479470 -070.82066385 51 101
112  43.07455715 -070.81995306  43.07464199 -070.81948384
111  43.07455715 -070.81995306
112  43.07455715 -070.81995306  43.07435693 -070.82034330 51 101
115  43.07389879 -070.81993912
120 Linear Feature 142
111  43.07287132 -070.81381152 55
115  43.07323464 -070.81410949
120 Linear Feature 141
111  43.07298140 -070.81409650 51
115  43.07306225 -070.81391906
120 Linear Feature 140
111  43.07303646 -070.81465051 51
112  43.07298140 -070.81409650  43.07307763 -070.81377657
111  43.07298140 -070.81409650
112  43.07298140 -070.81409650  43.07285178 -070.81433846 51
115  43.07259609 -070.81429082
120 Linear Feature 144
111  43.07614625 -070.81721539 51 101
112  43.07568723 -070.81737933  43.07555054 -070.81762776
111  43.07568723 -070.81737933
112  43.07568723 -070.81737933  43.07575557 -070.81697604 51 101
115  43.07557829 -070.81675080
120 Linear Feature 143
111  43.07609942 -070.81637753 53 102
112  43.07609311 -070.81641309  43.07609494 -070.81643170
111  43.07609311 -070.81641309
112  43.07609311 -070.81641309  43.07609418 -070.81642399 53 102
112  43.07610965 -070.81644443  43.07611972 -070.81645340
111  43.07610965 -070.81644443
112  43.07610965 -070.81644443  43.07612256 -070.81645593 53 102
112  43.07614498 -070.81644897  43.07615473 -070.81644386
111  43.07614498 -070.81644897
112  43.07614498 -070.81644897  43.07615582 -070.81644329 53 102
111  43.07616306 -070.81643354 53 102
111  43.07619389 -070.81636032 53 102
111  43.07725649 -070.81392853 53 102
111  43.07719512 -070.81387625 53 102
113  43.07612978 -070.81630859 53 102
120 Linear Feature 139
111  43.07114188 -070.81238300 55
115  43.07149781 -070.81268768
120 Linear Feature 137
111  43.07463954 -070.81926189 54 104
115  43.07496948 -070.81952967
120 Linear Feature 134
111  43.07250553 -070.81011321 53 102
111  43.07206483 -070.81109716 53 102
112  43.07198592 -070.81140531  43.07197683 -070.81144110 53 102
111  43.07199177 -070.81146494 53 102
115  43.07206718 -070.81152301
120 Linear Feature 156
111  43.08243589 -070.81842149 51
115  43.08221397 -070.81800203
120 Linear Feature 155
111  43.08224932 -070.81844031 51
115  43.08216290 -070.81795094
120 Linear Feature 154
111  43.08198615 -070.81836771 51
115  43.08198026 -070.81782726
120 Linear Feature 153
111  43.08168764 -070.81809614 51
115  43.08193313 -070.81771701
120 Linear Feature 150
111  43.07952691 -070.81917081 21
115  43.07929210 -070.81898316
120 Linear Feature 149
111  43.08256642 -070.81983161 22
111  43.08092001 -070.81848270 22
112  43.08075962 -070.81850511  43.08069907 -070.81862162 22
112  43.08029810 -070.81955150  43.08024737 -070.81965233 22
111  43.08013117 -070.81960752 22
111  43.07618433 -070.81639762 22
115  43.07153458 -070.81260009
120 Linear Feature 148
111  43.08258701 -070.81978925 20
111  43.08249735 -070.81971698 20
111  43.08232234 -070.81957481 21
111  43.08191395 -070.81924098 20
111  43.08161407 -070.81899585 21
111  43.08120988 -070.81866438 20
111  43.08093536 -070.81844106 20
112  43.08074604 -070.81846311  43.08069105 -070.81857873
111  43.08074604 -070.81846311
112  43.08074604 -070.81846311  43.08069105 -070.81857604 20
112  43.08027037 -070.81952350  43.08022128 -070.81961686 20
111  43.08014684 -070.81956729 20
111  43.07955631 -070.81908576 21
111  43.07932561 -070.81889764 20
111  43.07824428 -070.81802347 21
111  43.07802123 -070.81784124 20
111  43.07643134 -070.81655362 21
111  43.07619389 -070.81636032 20
111  43.07612978 -070.81630859 21
111  43.07548778 -070.81578142 20
111  43.07327853 -070.81397250 21
111  43.07293442 -070.81369074 20
115  43.07155284 -070.81255951
120 Linear Feature 147
111  43.08090699 -070.81851904 20
112  43.08078439 -070.81853888  43.08074197 -070.81863245 20
112  43.08032054 -070.81957567  43.08027576 -070.81971441
111  43.08032054 -070.81957567
112  43.08032054 -070.81957567  43.08025220 -070.81972409 20
115  43.08010058 -070.81963840
120 Linear Feature 176
111  43.07962058 -070.81502396 53
111  43.07952893 -070.81505309 53
111  43.07936527 -070.81542279 53
111  43.07941110 -070.81567150 53
111  43.08154358 -070.81741472 53
115  43.08105518 -070.81853468
120 Linear Feature 175
111  43.07789025 -070.81350245 53
111  43.07770878 -070.81357020 53
111  43.07754381 -070.81393478 53
111  43.07759331 -070.81418644 53
111  43.07900496 -070.81534472 53
111  43.07919114 -070.81527696 53
111  43.07935611 -070.81490915 53
115  43.07930898 -070.81468652
120 Linear Feature 174
111  43.07851431 -070.81823205 52
115  43.07957875 -070.81582027
120 Linear Feature 173
111  43.07978397 -070.81926284 52
115  43.08084957 -070.81685617
120 Linear Feature 166
111  43.07774789 -070.81602202 51
115  43.07804903 -070.81534761
120 Linear Feature 165
111  43.07801014 -070.81511411 51
112  43.07804903 -070.81534761  43.07802448 -070.81547308
111  43.07804903 -070.81534761
112  43.07804903 -070.81534761  43.07811613 -070.81523558 51
115  43.07821767 -070.81528648
120 Linear Feature 164
111  43.07751629 -070.81470627 51
111  43.07801014 -070.81511411 51
111  43.07821767 -070.81528648 51
111  43.07868546 -070.81567502 51
112  43.07922279 -070.81548531  43.07943998 -070.81510434
111  43.07922279 -070.81548531
112  43.07922279 -070.81548531  43.07922618 -070.81548066 51
115  43.08003443 -070.81362688
120 Linear Feature 171
111  43.07672700 -070.81553582 51
112  43.07686614 -070.81618161  43.07713763 -070.81643248
111  43.07686614 -070.81618161
112  43.07686614 -070.81618161  43.07714102 -070.81641390 51
112  43.07803015 -070.81712937  43.07834237 -070.81736167 51
115  43.07856409 -070.81697235
120 Linear Feature 163
111  43.07620544 -070.81672364 51
111  43.07672416 -070.81553142 51
111  43.07701972 -070.81486428 51
111  43.07738054 -070.81404035 51
112  43.07751629 -070.81470627  43.07779343 -070.81499277
111  43.07751629 -070.81470627
112  43.07751629 -070.81470627  43.07723348 -070.81455528 51
115  43.07701972 -070.81486428
120 Linear Feature 162
111  43.07578551 -070.81692030 51
112  43.07620299 -070.81673489  43.07638445 -070.81644129
111  43.07620299 -070.81673489
112  43.07620299 -070.81673489  43.07610636 -070.81708010 51
115  43.07631306 -070.81735096
120 Linear Feature 161
111  43.07640390 -070.81662990 21
115  43.07616306 -070.81643354
120 Linear Feature 160
111  43.07609942 -070.81637753 21
115  43.07545659 -070.81586051
120 Linear Feature 159
111  43.07544577 -070.81588284 55
115  43.07609311 -070.81641309
120 Linear Feature 158
111  43.07556868 -070.81621375 51
116  43.07565917 -070.81506779  43.07542445 -070.81439802
120 Linear Feature 157
111  43.07565405 -070.81681277 51
112  43.07556868 -070.81621375  43.07567897 -070.81590016
111  43.07556868 -070.81621375
112  43.07556868 -070.81621375  43.07540465 -070.81647314 51
115  43.07514255 -070.81639075
120 Linear Feature 168
111  43.07755181 -070.81835690 51
112  43.07802806 -070.81818438  43.07823591 -070.81786622
111  43.07802806 -070.81818438
112  43.07802806 -070.81818438  43.07794950 -070.81862801 51
115  43.07815244 -070.81884759
120 Linear Feature 167
111  43.07821632 -070.81811435 21
115  43.07799230 -070.81792367
120 Linear Feature 187
111  43.08296563 -070.82680868 51 101
111  43.08321337 -070.82625576 57 105
111  43.08344413 -070.82574930 51 101
115  43.08409911 -070.82422993
120 Linear Feature 186
111  43.08324391 -070.82753816 51 101
112  43.08296563 -070.82680868  43.08299618 -070.82635333
111  43.08296563 -070.82680868
112  43.08296563 -070.82680868  43.08275862 -070.82711534 51 101
115  43.08234460 -070.82682262
120 Linear Feature 178
111  43.08074268 -070.82094999 51
112  43.08064481 -070.82029026  43.08074144 -070.81986113
111  43.08064481 -070.82029026
112  43.08064481 -070.82029026  43.08042093 -070.82062905 51
115  43.08014864 -070.82046974
120 Linear Feature 178
111  43.08163307 -070.82167702 51
112  43.08153564 -070.82101946  43.08163227 -070.82059032
111  43.08153564 -070.82101946
112  43.08153564 -070.82101946  43.08131176 -070.82135825 51
115  43.08105468 -070.82120684
120 Linear Feature 177
111  43.08249735 -070.81971698 53
111  43.08298930 -070.81860135 53
111  43.08426780 -070.81964195 53
115  43.08315517 -070.82216310
21  43.08662671 -070.82967962 2 149.2800 3.00 16  PAPI-4L
21  43.06732710 -070.81526269 2 329.2900 3.00 34  PAPI-4L
14  43.08434657 -070.81909024 229.66 0 New Tower Viewpoint 1
1300  43.08221397 -070.81800203 126.03 gate jets GATE 01
1301 B airline 
1300  43.08216290 -070.81795094 103.08 gate jets GATE 02
1301 D airline 
1300  43.08198026 -070.81782726  90.00 gate jets GATE 03
1301 C airline 
1300  43.08193313 -070.81771701  45.10 gate jets GATE 04
1301 B airline 
1300  43.08803728 -070.82117781 330.31 hangar jets HANGAR 01
1301 C none 
1300  43.08855249 -070.81997591 330.91 hangar jets HANGAR 02
1301 C none 
1300  43.08691102 -070.81863994 147.97 hangar jets HANGAR 03
1301 C none 
1300  43.08639216 -070.81984072 149.16 hangar jets HANGAR 04
1301 C none 
1300  43.08786547 -070.82528677 149.25 tie_down heavy MIL A1
1301 E military 
1300  43.08820174 -070.82457415 148.17 tie_down heavy MIL A2
1301 E military 
1300  43.08850417 -070.82384027 147.84 tie_down heavy MIL A3
1301 E military 
1300  43.08727178 -070.82507963 331.06 tie_down jets MIL B1
1301 D military 
1300  43.08751180 -070.82448869 -30.14 tie_down jets MIL B2
1301 D military 
1300  43.08777561 -070.82391690 328.31 tie_down jets MIL B3
1301 D military 
1300  43.08801941 -070.82333564 -30.58 tie_down jets MIL B4
1301 D military 
1300  43.08430612 -070.82266540 149.23 tie_down jets MIL E1
1301 D military 
1300  43.08605131 -070.82407208 149.23 tie_down jets MIL C1
1301 D military 
1300  43.08456079 -070.82206678 148.24 tie_down jets MIL E2
1301 D military 
1300  43.08629190 -070.82349273 148.24 tie_down jets MIL C2
1301 D military 
1300  43.08481972 -070.82147812 149.59 tie_down jets MIL E3
1301 D military 
1300  43.08655083 -070.82290407 149.59 tie_down jets MIL C3
1301 D military 
1300  43.08508704 -070.82091188 150.64 tie_down jets MIL E4
1301 D military 
1300  43.08681815 -070.82233783 150.64 tie_down jets MIL C4
1301 D military 
1300  43.08376848 -070.82219519 329.85 tie_down jets MIL F1
1301 D military 
1300  43.08549959 -070.82362114 329.85 tie_down jets MIL D1
1301 D military 
1300  43.08399684 -070.82159538 -30.26 tie_down jets MIL F2
1301 D military 
1300  43.08572795 -070.82302133 -30.26 tie_down jets MIL D2
1301 D military 
1300  43.08426264 -070.82102628 329.38 tie_down jets MIL F3
1301 D military 
1300  43.08599375 -070.82245223 329.38 tie_down jets MIL D3
1301 D military 
1300  43.08453163 -070.82045696 329.54 tie_down jets MIL F4
1301 D military 
1300  43.08626274 -070.82188291 329.54 tie_down jets MIL D4
1301 D military 
1300  43.07774789 -070.81602202 -121.80 tie_down jets ENGINE TEST
1301 C none 
1300  43.07375526 -070.81343756 328.84 tie_down props FBO Planesense 02
1301 A general_aviation 
1300  43.07389779 -070.81311980 328.84 tie_down props FBO Planesense 01
1301 A general_aviation 
1300  43.07063137 -070.80880714 149.35 tie_down props GA 04
1301 A general_aviation 
1300  43.07044006 -070.80923497 148.63 tie_down props GA 03
1301 A general_aviation 
1300  43.07030807 -070.80893313 -31.76 tie_down props GA 02
1301 A general_aviation 
1300  43.07012054 -070.80935966 -31.76 tie_down props GA 01
1301 A general_aviation 
1300  43.07275743 -070.80704802 153.71 hangar jets|turboprops FBO Seacoast Helicopters
1301 B none 
1300  43.07370743 -070.80945624 331.51 hangar jets|turboprops FBO POC USA
1301 B none 
1300  43.07093953 -070.81096539 239.54 hangar jets|turboprops Hangar 02
1301 B none 
1300  43.06978230 -070.81003166 239.54 hangar jets|turboprops Hangar 01
1301 B none 
1300  43.06885244 -070.80940454 239.54 hangar jets|turboprops FBO Port City Air 02
1301 B none 
1300  43.06860233 -070.80962427 331.56 tie_down props FBO Port City Air 01
1301 A general_aviation 
18  43.07697513 -070.82183394 4 BCN
19  43.07909168 -070.82244247 1 WS
50 13205 ATIS
51 12295 UNICOM
53 12095 GND
54 12840 TWR
55 12705 GCA
55 12505 BOSTON APP
55 12582 BOSTON APP
56 12505 DEP
99
