A
1000 Generated by Infinite Flight Airport Editing (World Parser)

1       44 1 1 KCRP CORPUS CHRISTI INTL
100   45.72   1   0 0.25 0 3 0 13   27.77700000 -097.51338900    0.00    0.00 3  8 0 0 31   27.76219200 -097.49720800    0.00    0.00 2  8 0 0
100   45.72   1   0 0.25 0 3 0 17   27.77964700 -097.49632200    0.00    0.00 2 11 0 0 35   27.76292800 -097.49603100    0.00    0.00 3  8 0 0
21   27.77530689 -097.51094625  1 135.96   3.00 13  VASI
21   27.77785316 -097.49586495  1 179.12   3.00 17  VASI
21   27.76322419 -097.49892780  1 315.97   3.00 31  VASI
110   1 0.00 135.79 xxx
111  27.77645084 -097.50733130 
111  27.77448470 -097.50516957 
111  27.77524976 -097.50428070 
113  27.77721590 -097.50644243 
110   1 0.00 178.88 xxx
111  27.77523457 -097.49988970 
111  27.77194362 -097.49981698 
111  27.77195703 -097.49904210 
113  27.77524798 -097.49911482 
110   1 0.00  88.88 xxx
111  27.77188196 -097.50345281 
111  27.77194630 -097.49973341 
111  27.77276904 -097.49975159 
113  27.77270470 -097.50347099 
110   1 0.00  88.88 xxx
111  27.77067186 -097.50396623 
111  27.77077909 -097.49776731 
111  27.77105334 -097.49777337 
113  27.77094611 -097.50397229 
110   1 0.00 135.79 xxx
111  27.77874522 -097.50925634 
111  27.77441972 -097.50450048 
111  27.77461098 -097.50427826 
113  27.77893648 -097.50903412 
110   1 0.00 178.88 xxx
111  27.78083484 -097.49804190 
111  27.76492860 -097.49769045 
111  27.76493396 -097.49738050 
113  27.78084020 -097.49773195 
110   1 0.00 135.79 xxx
111  27.77710609 -097.51112279 
111  27.76491604 -097.49772062 
111  27.76510731 -097.49749841 
113  27.77729736 -097.51090058 
110   1 0.00  40.00 xxx
111  27.77126724 -097.49791444 
111  27.77162445 -097.49757568 
111  27.77180076 -097.49781316 
113  27.77144355 -097.49815192 
110   1 0.00   0.00 xxx
111  27.77193371 -097.50761169 
111  27.77357949 -097.50761169 
111  27.77357949 -097.50792171 
113  27.77193371 -097.50792171 
110   1 0.00   2.00 xxx
111  27.77352144 -097.50719950 
111  27.77396005 -097.50718219 
111  27.77397536 -097.50767790 
113  27.77353675 -097.50769521 
110   1 0.00  98.00 xxx
111  27.77106646 -097.50712601 
111  27.77068471 -097.50405613 
111  27.77095634 -097.50401299 
113  27.77133809 -097.50708287 
110   1 0.00   0.00 xxx
111  27.77075040 -097.50348420 
111  27.77129900 -097.50348420 
111  27.77129900 -097.50379420 
113  27.77075040 -097.50379420 
110   1 0.00 128.88 xxx
111  27.77934321 -097.49698935 
111  27.77899886 -097.49650666 
111  27.77921239 -097.49631205 
113  27.77955674 -097.49679474 
110   1 0.00   0.00 xxx
111  27.77692406 -097.51051089 
111  27.77736294 -097.51051089 
111  27.77736294 -097.51082091 
113  27.77692406 -097.51082091 
110   1 0.00  45.79 xxx
111  27.77679907 -097.51297669 
111  27.77718160 -097.51253225 
111  27.77747653 -097.51285651 
113  27.77709400 -097.51330095 
110   1 0.00  90.00 xxx
111  27.76523225 -097.49795919 
111  27.76523225 -097.49746321 
111  27.76550655 -097.49746321 
113  27.76550655 -097.49795919 
110   1 0.00   0.00 xxx
111  27.76630440 -097.49922461 
111  27.76685300 -097.49922461 
111  27.76685300 -097.49984459 
113  27.76630440 -097.49984459 
110   1 0.00 113.00 xxx
111  27.76694979 -097.49991613 
111  27.76654252 -097.49883180 
111  27.76679501 -097.49871067 
113  27.76720228 -097.49979500 
110   1 0.00 135.79 xxx
111  27.77495105 -097.50500007 
111  27.77445951 -097.50445965 
111  27.77491855 -097.50392633 
113  27.77541009 -097.50446675 
110   1 0.00  89.00 xxx
111  27.77932950 -097.49772576 
111  27.77934865 -097.49648583 
111  27.77962290 -097.49649124 
113  27.77960375 -097.49773117 
110   1 0.00  45.79 xxx
111  27.76219536 -097.49723111 
111  27.76296042 -097.49634234 
111  27.76315704 -097.49655849 
113  27.76239198 -097.49744726 
110   1 0.00  43.00 xxx
111  27.76610018 -097.49754325 
111  27.76670201 -097.49690901 
111  27.76726322 -097.49758915 
113  27.76666139 -097.49822339 
110   1 0.00  88.88 xxx
111  27.78052537 -097.49952830 
111  27.78055218 -097.49797844 
111  27.78082643 -097.49798450 
113  27.78079962 -097.49953436 
110   1 0.00  89.00 xxx
111  27.77755320 -097.49939894 
111  27.77757714 -097.49784905 
111  27.77785140 -097.49785446 
113  27.77782746 -097.49940435 
110   1 0.00  45.79 xxx
111  27.76548521 -097.50054877 
111  27.76653717 -097.49932668 
111  27.76673379 -097.49954283 
113  27.76568183 -097.50076492 
110   1 0.00  30.00 xxx
111  27.77078898 -097.49701957 
111  27.77221427 -097.49608955 
111  27.77235142 -097.49635803 
113  27.77092613 -097.49728805 
110   1 0.00  45.00 xxx
111  27.77057638 -097.49753570 
111  27.77092550 -097.49714113 
111  27.77127462 -097.49753570 
113  27.77092550 -097.49793027 
110   1 0.00  45.79 xxx
111  27.77085610 -097.50391545 
111  27.77200369 -097.50258219 
111  27.77220030 -097.50279835 
113  27.77105271 -097.50413161 
110   1 0.00  89.00 xxx
111  27.77078406 -097.49756786 
111  27.77079268 -097.49700993 
111  27.77106694 -097.49701534 
113  27.77105832 -097.49757327 
110   1 0.00 177.00 xxx
111  27.77088514 -097.50368051 
111  27.77033730 -097.50364807 
111  27.77035166 -097.50333849 
113  27.77089950 -097.50337093 
110   1 0.00  45.79 xxx
111  27.77336723 -097.50770533 
111  27.77374976 -097.50726090 
111  27.77394637 -097.50747707 
113  27.77356384 -097.50792150 
110   1 0.00  45.79 xxx
111  27.77407113 -097.50492063 
111  27.77445366 -097.50447620 
111  27.77465027 -097.50469237 
113  27.77426774 -097.50513680 
110   1 0.00  45.79 xxx
111  27.76946293 -097.50344813 
111  27.76984546 -097.50300371 
111  27.77004207 -097.50321987 
113  27.76965954 -097.50366429 
110   1 0.00  93.00 xxx
111  27.77832929 -097.50932801 
111  27.77830058 -097.50870881 
111  27.77857451 -097.50869259 
113  27.77860322 -097.50931179 
110   1 0.00  88.88 xxx
111  27.76294382 -097.49665999 
111  27.76295454 -097.49604015 
111  27.76322878 -097.49604621 
113  27.76321806 -097.49666605 
110   1 0.00  90.00 xxx
111  27.76654455 -097.49946956 
111  27.76654455 -097.49605964 
111  27.76681885 -097.49605964 
113  27.76681885 -097.49946956 
110   1 0.00  95.00 xxx
111  27.76960749 -097.50530398 
111  27.76946405 -097.50345104 
111  27.76973731 -097.50342402 
113  27.76988075 -097.50527696 
110   1 0.00 123.88 xxx
111  27.77200475 -097.49934599 
111  27.77102613 -097.49769882 
111  27.77125385 -097.49752601 
113  27.77223247 -097.49917318 
110   1 0.00  91.00 xxx
111  27.77697353 -097.51293602 
111  27.77694002 -097.51076619 
111  27.77721427 -097.51076078 
113  27.77724778 -097.51293061 
110   1 0.00 150.00 xxx
111  27.77511205 -097.49748007 
111  27.77344920 -097.49639501 
111  27.77358635 -097.49612653 
113  27.77524920 -097.49721159 
110   1 0.00  89.00 xxx
111  27.77496212 -097.49938079 
111  27.77499563 -097.49721100 
111  27.77526988 -097.49721641 
113  27.77523637 -097.49938620 
110   1 0.00  91.00 xxx
111  27.77719283 -097.51285982 
111  27.77715932 -097.51068999 
111  27.77743357 -097.51068458 
113  27.77746708 -097.51285441 
110   1 0.00  80.00 xxx
111  27.77372031 -097.50735890 
111  27.77410136 -097.50491647 
111  27.77437149 -097.50497030 
113  27.77399044 -097.50741273 
110   1 0.00  45.79 xxx
111  27.77702593 -097.51079820 
111  27.77855605 -097.50902042 
111  27.77875267 -097.50923660 
113  27.77722255 -097.51101438 
110   1 0.00 158.00 xxx
111  27.76500529 -097.49774752 
111  27.76286896 -097.49677209 
111  27.76297171 -097.49648468 
113  27.76510804 -097.49746011 
110   1 0.00 135.79 xxx
111  27.77407065 -097.50521764 
111  27.77239943 -097.50338021 
111  27.77262895 -097.50311356 
113  27.77430017 -097.50495099 
110   1 0.00  88.88 xxx
111  27.77248005 -097.50265611 
111  27.77253045 -097.49974257 
111  27.77307895 -097.49975469 
113  27.77302855 -097.50266823 
110   1 0.00   7.00 xxx
111  27.77091661 -097.50441210 
111  27.77129776 -097.50435921 
111  27.77133119 -097.50466690 
113  27.77095004 -097.50471979 
110   1 0.00   4.00 xxx
111  27.77354729 -097.50680321 
111  27.77393037 -097.50677293 
111  27.77394951 -097.50708219 
113  27.77356643 -097.50711247 
110   1 0.00   0.00 xxx
111  27.77513301 -097.49935307 
111  27.77787599 -097.49935307 
111  27.77787599 -097.50012813 
113  27.77513301 -097.50012813 
130 Airport Boundary 10
111  27.78272864 -097.51964949 
111  27.78029745 -097.51696425 
111  27.77957899 -097.51702362 
111  27.77865420 -097.51563120 
111  27.77813774 -097.51574557 
111  27.77757781 -097.51638610 
111  27.75893529 -097.49596877 
111  27.75960944 -097.49520703 
111  27.75644936 -097.49136942 
111  27.75689121 -097.49077941 
111  27.76032573 -097.49473094 
111  27.76206095 -097.49264635 
111  27.78408503 -097.49258763 
111  27.78400076 -097.51520415 
111  27.78075641 -097.51553745 
111  27.78012440 -097.51620404 
113  27.78301907 -097.51917964 
18   27.77131231 -097.49454918 1 BCN
19   27.77772480 -097.51321082 1 WS
19   27.78006790 -097.49563167 1 WS
19   27.76146723 -097.49738626 1 WS
19   27.76250710 -097.49672122 1 WS
50 12680 ATIS
51 12295 UNICOM
52 11855 CLNC DEL
53 12190 GND
54 11940 TWR
55 12480 APP/DEP
55 12090 APP/DEP
55 12540 APP/DEP

99
