A
1000 Generated by Infinite Flight Airport Editing (World Parser)/AB

1      990 0 1 KRQB ROBEN HOOD
100   22.86   1   0 0.25 0 2 0 09   43.72453900 -085.51653600    0.00    0.00 2  0 0 1 27   43.72447800 -085.50027200    0.00    0.00 2  0 0 1
100   22.86   1   0 0.25 0 2 0 14   43.72259700 -085.50022200    0.00    0.00 2  0 0 0 32   43.71668600 -085.49407200    0.00    0.00 2  0 0 0
21   43.72483068 -085.51404336  2  90.29   3.00 09  PAPI-4L
21   43.72418668 -085.50276472  2 270.30   3.00 27  PAPI-4L
110   1 0.30  90.29 Default taxiway for RWY 09
111  43.72443839 -085.51653671   3 102 
111  43.72392184 -085.51654035   3 102 
111  43.72386199 -085.50027633   3 102 
111  43.72437854 -085.50027269 
112  43.72437959 -085.50055736  43.72437682 -085.50041504   3 102 
111  43.72425339 -085.50041591   3 102 
112  43.72408881 -085.50041707  43.72396538 -085.50041794   3 102 
111  43.72396590 -085.50056027   3 102 
111  43.72399451 -085.50833644   3 102 
111  43.72440820 -085.50833353 
111  43.72440873 -085.50847587   3 102 
111  43.72399504 -085.50847878   3 102 
112  43.72402365 -085.51625495  43.72402418 -085.51639729   3 102 
111  43.72414761 -085.51639642   3 102 
112  43.72431219 -085.51639526  43.72443562 -085.51639439   3 102 
113  43.72443734 -085.51625204 
110   1 0.30 143.06 Default taxiway for RWY 14
111  43.72253653 -085.50033327   3 102 
111  43.72222606 -085.50090453   3 102 
111  43.71631522 -085.49475385   3 102 
111  43.71662569 -085.49418265 
112  43.71679011 -085.49435374  43.71670655 -085.49427068   3 102 
111  43.71663236 -085.49440718   3 102 
112  43.71653344 -085.49458917  43.71645926 -085.49472566   3 102 
111  43.71654147 -085.49481120   3 102 
111  43.71929137 -085.49767267   3 102 
111  43.71954001 -085.49721518 
111  43.71962222 -085.49730073   3 102 
111  43.71937358 -085.49775822   3 102 
112  43.72212347 -085.50061968  43.72220568 -085.50070523   3 102 
111  43.72227986 -085.50056873   3 102 
112  43.72237878 -085.50038672  43.72245297 -085.50025021   3 102 
113  43.72237211 -085.50016218 
120 Default hold RWY 09 (near)
111  43.72423042 -085.51653817   4 
115  43.72422990 -085.51639584 
120 Default hold RWY 14 (near)
111  43.72241153 -085.50056326   4 
115  43.72232932 -085.50047772 
120 Default hold RWY 09 (centre)
111  43.72420076 -085.50847733   4 
115  43.72420023 -085.50833499 
120 Default hold RWY 14 (centre)
111  43.71949722 -085.49753072   4 
115  43.71941501 -085.49744517 
120 Default hold RWY 09 (far)
111  43.72417110 -085.50041649   4 
115  43.72417057 -085.50027415 
120 Default hold RWY 14 (far)
111  43.71658290 -085.49449817   4 
115  43.71650069 -085.49441262 
18   43.72007376 -085.49635222 1 BCN
19   43.72484726 -085.51681851 1 WS
19   43.72294606 -085.50005334 1 WS
19   43.72416970 -085.49998958 1 WS
19   43.71633694 -085.49424067 1 WS
50 12112 AWOS 3
51 12280 CTAF/UNICOM


130 Airport Boundary
111  043.71631622 -085.49475098
111  043.72392273 -085.51654053
111  043.72423172 -085.51654053
111  043.72454071 -085.51653290
111  043.72447968 -085.50027466
113  043.71668625 -085.49407196
99
