A
1000 Generated by Infinite Flight Airport Editing (World Parser)

1     1320 0 0 CKN8 Nekweaga Bay
100   14.94  15   0 0.00 0 0 0 06   57.74161783 -103.95012322    0.00    0.00 0  0 0 0 24   57.74338217 -103.93931078    0.00    0.00 0  0 0 0
110  12 0.00  73.00 apron
112  57.74166598 -103.95010849  57.74156082 -103.95003930 
111  57.74166598 -103.95010849 
111  57.74191722 -103.94860013 
112  57.74191722 -103.94860013  57.74187032 -103.94888294 
111  57.74203751 -103.94907990 
112  57.74203751 -103.94907990  57.74206706 -103.94913694 
112  57.74189503 -103.95000747  57.74185921 -103.95002593 
113  57.74189503 -103.95000747 
110  12 1.00  73.00 rwy surface
112  57.74157241 -103.95006071  57.74160718 -103.94984691 
111  57.74157241 -103.95006071 
111  57.74339982 -103.93886200 
112  57.74339982 -103.93886200  57.74342677 -103.93871201 
112  57.74350348 -103.93893436  57.74348261 -103.93908278 
111  57.74350348 -103.93893436 
111  57.74166947 -103.95011044 
114  57.74166947 -103.95011044  57.74163665 -103.95030589 
130 Airport Boundary
111  57.74192138 -103.95017362 
111  57.74129691 -103.95048477 
111  57.74348258 -103.93755345 
113  57.74382139 -103.93770280 
15   57.74189996 -103.94950629 164.94 Ramp Start
18   57.74200000 -103.94900000 0 BCN
19   57.74202044 -103.94901744 0 WS

99
