A
1000 Generated by Infinite Flight Airport Editing (World Parser)

1     1026 1 0 LKTC Tocna
100   17.98   3   0 0.00 0 0 0 10L  49.98571704  014.42149351    0.00    0.00 1  0 0 0 28R  49.98583506  014.43263967    0.00    0.00 1  0 0 0
100   57.91   3   0 0.00 0 0 0 10R  49.98536004  014.42149437    0.00    0.00 1  0 0 0 28L  49.98545276  014.42985997    0.00    0.00 1  0 0 0
130 Airport Boundary 29
111  49.98712049  014.41956498 
111  49.98440425  014.41962071 
112  49.98460294  014.43389442  49.98463527  014.43389442 
114  49.98733728  014.43379285  49.98745045  014.43379285 
14   49.98666523  014.42252137   82 0 TWR
15   49.98632370  014.42256244 182.29 Stojanka
19   49.98625304  014.42039592 0 WS
54 12340 INFO

99
