I
1050 Generated by WorldEditor 2.2.0r2

1   2579 0 0 HAHU Humera
100 46.00 1 0 0.00 0 0 1 13  13.83996810  036.87215549    0    0 3 0 0 0 31  13.82171274  036.89116391    0    0 3 0 0 0
110 2 0.00 134.6900 New Taxiway 5
111  13.83936050  036.87234856
112  13.83936050  036.87234856  13.83936602  036.87245242
111  13.83930321  036.87255447
111  13.83982334  036.87201024
112  13.83982334  036.87201024  13.83964249  036.87181804
112  13.83933654  036.87222500  13.83934419  036.87249886
113  13.83933654  036.87222500
110 2 0.00 134.6900 New Taxiway 4
111  13.82185658  036.89130901
112  13.82185658  036.89130901  13.82210479  036.89150469
112  13.82233145  036.89112077  13.82233011  036.89094024
111  13.82233145  036.89112077
111  13.82231059  036.89097289
112  13.82231059  036.89097289  13.82231390  036.89087730
113  13.82236258  036.89077865
110 2 0.00 134.6900 New Taxiway 2
111  13.83504750  036.88123970
111  13.83581859  036.88202447
111  13.83708425  036.88070542
111  13.83631316  036.87992066
111  13.83593533  036.88031442
111  13.83567934  036.88058120
113  13.83540951  036.88086242
110 1 0.00 134.6900 New Taxiway 3
111  13.82114470  036.89135945
111  13.82152776  036.89175202
111  13.82186685  036.89139893
111  13.82195285  036.89143646
112  13.82195285  036.89143646  13.82236715  036.89153274
111  13.82239431  036.89111704
111  13.82237412  036.89096331
112  13.82237412  036.89096331  13.82237578  036.89089161
111  13.82242355  036.89081927
111  13.83363998  036.87914015
112  13.83363998  036.87914015  13.83381734  036.87899572
111  13.83400072  036.87912237
111  13.83532601  036.88046642
112  13.83532601  036.88046642  13.83547591  036.88065128
111  13.83534128  036.88082927
111  13.83495111  036.88123590
111  13.83582329  036.88212354
111  13.83719195  036.88069716
111  13.83632230  036.87981209
111  13.83589142  036.88026114
112  13.83589142  036.88026114  13.83571842  036.88035553
111  13.83558721  036.88023448
111  13.83423546  036.87886755
112  13.83423546  036.87886755  13.83410561  036.87871022
111  13.83421690  036.87853942
111  13.84054015  036.87195533
111  13.84016051  036.87155921
111  13.83983560  036.87189753
112  13.83983560  036.87189753  13.83981348  036.87189972
111  13.83978358  036.87189451
111  13.83965405  036.87186182
112  13.83965405  036.87186182  13.83928054  036.87182170
111  13.83927651  036.87222847
111  13.83930217  036.87235954
112  13.83930217  036.87235954  13.83929388  036.87244593
113  13.83925950  036.87249740
130 Airport Boundary
111  13.84048713  036.86501558
111  13.81474961  036.89180285
111  13.82119723  036.89831381
111  13.82456770  036.89479090
111  13.82666563  036.89691051
111  13.82715837  036.89627322
111  13.82803628  036.89645806
111  13.84184532  036.88210275
111  13.83925256  036.87951409
113  13.84692174  036.87153144
120 Linear Feature 9
111  13.83426878  036.87930789 4
115  13.83442123  036.87915323
120 Linear Feature 8
112  13.83593533  036.88031442  13.83571287  036.88044225 3
111  13.83553256  036.88027704 3
111  13.83442123  036.87915323 3
111  13.83427669  036.87900706 20
111  13.83419807  036.87891382
112  13.83419807  036.87891382  13.83401905  036.87867537 20
115  13.83417262  036.87849187
120 Linear Feature 7
111  13.83362123  036.87906661 20
112  13.83388793  036.87900233  13.83404216  036.87903334
111  13.83388793  036.87900233
112  13.83388793  036.87900233  13.83402478  036.87906789 20
111  13.83413214  036.87916972 3
111  13.83426878  036.87930789 3
111  13.83536278  036.88041418
112  13.83536278  036.88041418  13.83554180  036.88060265 3
115  13.83540951  036.88086242
120 Linear Feature 6
111  13.83325388  036.87916193 1
111  13.83363944  036.87876046
112  13.83363944  036.87876046  13.83373824  036.87866759 1
115  13.83386485  036.87874633
120 Linear Feature 6
111  13.83567934  036.88058120 1
111  13.83386485  036.87874633
112  13.83386485  036.87874633  13.83378970  036.87862342 1
111  13.83387655  036.87851357 1
115  13.83426804  036.87810593
14  13.83642745  036.88223435  25.00 0 Tower
1300  13.83644477  036.88099937 134.63 gate turboprops Stand 2
1301 C airline 
1300  13.83585861  036.88161948 134.63 gate turboprops Stand 1
1301 C airline 
19  13.82313566  036.88866328 0 WS
19  13.83868239  036.87467864 0 WS
99
