A
1000 Generated by Infinite Flight Airport Editing (World Parser)/AB

1      256 0 1 F43  DOWNTOWN
100   18.29   1   0 0.25 0 1 0 18   33.19537200 -092.66326700    0.00    0.00 2  0 0 0 36   33.18712800 -092.66318300    0.00    0.00 2  0 0 0
21   33.18892563 -092.66350398  1 359.51   3.00 36  VASI
110   1 0.30 179.51 Default taxiway for RWY 18
111  33.19537132 -092.66336265   3 102 
111  33.19536779 -092.66385700   3 102 
111  33.18712379 -092.66377294   3 102 
111  33.18712732 -092.66327863 
112  33.18729189 -092.66328031  33.18720959 -092.66328215   3 102 
111  33.18720875 -092.66340014   3 102 
112  33.18720762 -092.66355746  33.18720678 -092.66367545   3 102 
111  33.18728906 -092.66367629   3 102 
111  33.19120535 -092.66371622   3 102 
111  33.19120818 -092.66332022 
111  33.19129046 -092.66332106   3 102 
111  33.19128763 -092.66371707   3 102 
112  33.19520392 -092.66375699  33.19528620 -092.66375783   3 102 
111  33.19528704 -092.66363983   3 102 
112  33.19528817 -092.66348249  33.19528901 -092.66336449   3 102 
113  33.19520675 -092.66336096 
120 Default hold RWY 18 (near)
111  33.19536989 -092.66356200   4 
115  33.19528760 -092.66356116 
120 Default hold RWY 18 (centre)
111  33.19128903 -092.66352041   4 
115  33.19120675 -092.66351957 
120 Default hold RWY 18 (far)
111  33.18720818 -092.66347880   4 
115  33.18712589 -092.66347796 
18   33.19125710 -092.66253672 1 BCN
19   33.19553868 -092.66297368 1 WS
19   33.18696133 -092.66347629 1 WS
51 12280 UNICOM


130 Airport Boundary
111  033.18712234 -092.66377258
111  033.19536591 -092.66385651
111  033.19537354 -092.66326904
113  033.18712616 -092.66318512
99
