A
1000 Generated by Infinite Flight Airport Editing (World Parser)/AB

1     1555 0 1 SVEP EL PALMAR
100   14.94   1   0 0.25 0 0 0 08   10.19526100 -067.44942500    0.00    0.00 2  0 0 0 26   10.19992200 -067.43898900    0.00    0.00 2  0 0 0
110   1 0.30  65.59 Default taxiway for RWY 08
111  10.19520185 -067.44939773   3 
111  10.19489382 -067.44925570   3 
111  10.19955499 -067.43881984   3 
111  10.19986302 -067.43896188 
112  10.19980747 -067.43908624  10.19983319 -067.43902311   3 
111  10.19975976 -067.43898925   3 
112  10.19966184 -067.43894410  10.19958841 -067.43891024   3 
111  10.19956064 -067.43897242   3 
111  10.19729949 -067.44403490   3 
111  10.19754632 -067.44414872 
111  10.19751855 -067.44421090   3 
111  10.19727172 -067.44409708   3 
112  10.19501056 -067.44915955  10.19498279 -067.44922173   3 
111  10.19505622 -067.44925559   3 
112  10.19515414 -067.44930074  10.19522757 -067.44933460   3 
113  10.19525739 -067.44927337 
120 Default hold RWY 08 (near)
111  10.19507741 -067.44934035   4 
115  10.19510518 -067.44927817 
120 Default hold RWY 08 (centre)
111  10.19739411 -067.44415352   4 
115  10.19742188 -067.44409134 
120 Default hold RWY 08 (far)
111  10.19971080 -067.43896668   4 
115  10.19973858 -067.43890450 
19   10.19538780 -067.44963344 1 WS
19   10.19979520 -067.43878057 1 WS


130 Airport Boundary
111  010.19489384 -067.44925690
111  010.19507694 -067.44934082
111  010.19526100 -067.44942474
111  010.19992161 -067.43898773
111  010.19973850 -067.43890381
113  010.19955444 -067.43881989
99
