A
1000 Generated by Infinite Flight Airport Editing (World Parser)/AB

1     1635 0 1 W22  UPSHUR CO RGNL
100   22.86   1   0 0.25 0 2 0 11   39.00141900 -080.28226400    0.00    0.00 2  0 0 0 29   38.99976900 -080.26763900    0.00    0.00 2  0 0 1
21   38.99973000 -080.26998657  2 278.27   3.00 29  PAPI-4L
110   1 0.30  98.26 Default taxiway for RWY 11
111  39.00131943 -080.28228259   3 102 
111  39.00080822 -080.28237803   3 102 
111  38.99915913 -080.26775269   3 102 
111  38.99967034 -080.26765725 
112  38.99969988 -080.26791923  38.99968288 -080.26778866   3 102 
111  38.99956073 -080.26781146   3 102 
112  38.99939786 -080.26784187  38.99927570 -080.26786468   3 102 
111  38.99929047 -080.26799567   3 102 
111  39.00007809 -080.27498086   3 102 
111  39.00048750 -080.27490442 
111  39.00050227 -080.27503541   3 102 
111  39.00009286 -080.27511185   3 102 
112  39.00088048 -080.28209705  39.00089525 -080.28222804   3 102 
111  39.00101741 -080.28220523   3 102 
112  39.00118028 -080.28217482  39.00130243 -080.28215202   3 102 
113  39.00128989 -080.28202061 
120 Default hold RWY 11 (near)
111  39.00111361 -080.28232102   4 
115  39.00109884 -080.28219003 
120 Default hold RWY 11 (centre)
111  39.00029645 -080.27507384   4 
115  39.00028168 -080.27494285 
120 Default hold RWY 11 (far)
111  38.99947929 -080.26782667   4 
115  38.99946452 -080.26769568 
18   39.00130586 -080.27482026 1 BCN
19   39.00175257 -080.28246922 1 WS
19   38.99943541 -080.26743385 1 WS
50 11997 AWOS 3
51 12280 CTAF/UNICOM
55 12115 CLARKSBURG APP


130 Airport Boundary
111  038.99916077 -080.26775360
111  039.00080872 -080.28237915
111  039.00141907 -080.28226471
111  038.99976730 -080.26763916
111  038.99967194 -080.26765442
113  038.99946594 -080.26769257
99
