I
1050 Generated by WorldEditor 2.3.0r2

1   2424 0 0 OIAH Gachsaran
100 32.00 1 0 0.25 0 0 0 12  30.34232814  050.81999988  221    0 3 0 0 0 30  30.32761855  050.84455479   49    0 3 0 0 0
110 2 0.00 0.0000 New Taxiway 104
111  30.34304185  050.82252483
111  30.34319914  050.82265676
111  30.34326956  050.82254079
113  30.34311227  050.82240886
110 1 0.00 0.0000 New Taxiway 100
111  30.34318807  050.82088373
112  30.34318807  050.82088373  30.34316004  050.82090222
111  30.34303593  050.82087869
111  30.34237555  050.82035215
111  30.34249925  050.82014405
111  30.34237130  050.82003919
112  30.34237396  050.82000325  30.34238249  050.81998710
111  30.34237396  050.82000325
111  30.34446660  050.81652628
111  30.34438807  050.81646192
111  30.34229649  050.81993713
112  30.34229649  050.81993713  30.34228733  050.81994797
111  30.34226788  050.81995442
111  30.34216317  050.81986861
111  30.33927407  050.82469232
111  30.33923408  050.82469443
111  30.33850498  050.82413418
111  30.33846285  050.82420452
111  30.33919404  050.82476637
111  30.33920795  050.82480272
111  30.33031460  050.83965128
111  30.33025772  050.83966524
111  30.32979816  050.83930029
111  30.32975419  050.83937370
111  30.33021846  050.83974239
111  30.33023478  050.83978455
111  30.32744495  050.84444252
111  30.32756469  050.84453902
111  30.32756069  050.84457292
111  30.32518942  050.84848349
111  30.32526276  050.84854259
111  30.32762949  050.84463951
111  30.32766994  050.84462384
111  30.32777060  050.84470497
111  30.32799608  050.84432825
111  30.32826199  050.84453866
111  30.32848505  050.84413602
111  30.32840716  050.84364447
111  30.32852425  050.84344897
111  30.32856668  050.84347072
111  30.32919298  050.84398614
111  30.32924241  050.84390360
111  30.32862413  050.84339478
111  30.32858758  050.84334323
111  30.33038124  050.84034834
112  30.33065876  050.84028147  30.33081793  050.84035400
111  30.33065876  050.84028147
111  30.33108475  050.84061267
111  30.33126892  050.84028143
111  30.33083106  050.83992700
112  30.33083106  050.83992700  30.33076042  050.83982961
111  30.33079217  050.83965330
111  30.33517689  050.83233771
111  30.33525502  050.83235663
111  30.33598578  050.83296013
111  30.33603099  050.83288615
111  30.33528795  050.83227227
111  30.33525645  050.83220497
111  30.34097988  050.82265584
111  30.34143318  050.82255117
111  30.34165034  050.82219276
112  30.34163046  050.82210066  30.34158799  050.82207389
111  30.34163046  050.82210066
111  30.34152241  050.82205101
111  30.34138522  050.82197149
111  30.34219226  050.82062449
112  30.34219226  050.82062449  30.34228258  050.82059548
111  30.34239953  050.82065030
111  30.34295164  050.82109026
112  30.34296442  050.82125868  30.34293466  050.82131765
111  30.34296442  050.82125868
111  30.34243848  050.82219180
111  30.34298969  050.82261073
111  30.34304185  050.82252483
111  30.34311227  050.82240886
111  30.34340088  050.82193357
111  30.34343411  050.82195838
111  30.34397858  050.82100437
113  30.34341820  050.82053378
130 Airport Boundary 99
111  30.34368406  050.81579307
111  30.34161028  050.81864275
111  30.33152440  050.83545618
111  30.32982239  050.83892534
111  30.32430296  050.84808155
111  30.32608941  050.84951105
111  30.34233380  050.82257154
111  30.34319429  050.82328342
111  30.34471677  050.82060929
111  30.34386083  050.81993278
113  30.34526779  050.81704587
120 Linear Feature 103
112  30.34291399  050.82236129  30.34290575  050.82237314 1
112  30.34287463  050.82236153  30.34286145  050.82234626 1
112  30.34287211  050.82231739  30.34288035  050.82230843 1
112  30.34291200  050.82231531  30.34292619  050.82232981
111  30.34291200  050.82231531
114  30.34291200  050.82231531  30.34292269  050.82233068 1
120 Linear Feature 103
112  30.34270915  050.82220366  30.34270092  050.82221552 1
112  30.34266979  050.82220390  30.34265662  050.82218863 1
112  30.34266728  050.82215976  30.34267551  050.82215080 1
112  30.34270717  050.82215768  30.34272135  050.82217219
111  30.34270717  050.82215768
114  30.34270717  050.82215768  30.34271786  050.82217305 1
120 Linear Feature 101
111  30.34305793  050.82103650 1
111  30.34228877  050.82042870 1
112  30.34204829  050.82046336  30.34193755  050.82059168
111  30.34204829  050.82046336 1
115  30.34197042  050.82059185
14  30.34355555  050.82182175 177.17 0 New Tower Viewpoint 11
1300  30.34309042  050.82247950 215.31 hangar props|helos Hangar
1301 A none 
1300  30.34289486  050.82233757 -56.54 tie_down helos Helipad 2
1301 A military 
1300  30.34268901  050.82217792 -56.54 tie_down helos Helipad 1
1301 A military 
1300  30.34336007  050.82165571 -234.34 gate jets|turboprops|props Gate
1301 C airline 
18  30.34355555  050.82182175 1 New Airport Beacon 12
19  30.34370900  050.81978609 1 New Windsock 13
54 12900 INFO
54 12210 INFO
99
