A
1000 Generated by Infinite Flight Airport Editing (World Parser)

1     1098 1 1 KSUX SIOUX GATEWAY COL BUD DAY FLD
100   45.72   2   0 0.25 0 3 0 13   42.40918600 -096.39770300    0.00  304.80 3 10 0 0 31   42.39151400 -096.37442200    0.00  304.80 3  8 0 0
100   45.72   1   0 0.25 0 2 0 17   42.41472800 -096.38191900    0.00  243.84 2  0 0 1 35   42.39662200 -096.38220600    0.00  243.84 2  0 0 0
21   42.40738392 -096.39461607  1 135.78   3.00 13  VASI
21   42.41292386 -096.38143734  1 180.67   3.00 17  VASI
21   42.39315916 -096.37729994  1 315.80   3.00 31  VASI
21   42.39842614 -096.38268756  1   0.67   3.00 35  VASI
110   1 0.00 180.67 Default taxiway for RWY 17
111  42.41473038 -096.38219459   3 102 
111  42.41474245 -096.38359080   3 102 
111  42.39663645 -096.38387739   3 102 
111  42.39662438 -096.38248159 
112  42.39703580 -096.38247507  42.39683012 -096.38248137   3 102 
111  42.39683301 -096.38281564   3 102 
112  42.39683686 -096.38326132  42.39683975 -096.38359559   3 102 
111  42.39704546 -096.38359233   3 102 
111  42.40558419 -096.38345713   3 102 
111  42.40557453 -096.38233972 
111  42.40578024 -096.38233646   3 102 
111  42.40578990 -096.38345387   3 102 
112  42.41432862 -096.38331867  42.41453433 -096.38331542   3 102 
111  42.41453144 -096.38298106   3 102 
112  42.41452759 -096.38253525  42.41452470 -096.38220089   3 102 
113  42.41431896 -096.38220110 
110   2 0.00 135.78 Default taxiway for RWY 13
111  42.40904410 -096.39790050  53 102 
111  42.40832517 -096.39890112  53 102 
111  42.39065553 -096.37561322  53 102 
111  42.39137446 -096.37461289 
112  42.39166933 -096.37500152  42.39152032 -096.37480939  53 102 
111  42.39134815 -096.37504895  53 102 
112  42.39111860 -096.37536836  42.39094643 -096.37560791  53 102 
111  42.39109387 -096.37580223  53 102 
111  42.39956010 -096.38696035  53 102 
111  42.40013556 -096.38615953 
111  42.40028300 -096.38635386  53 102 
111  42.39970754 -096.38715467  53 102 
112  42.40817376 -096.39831280  42.40832120 -096.39850712  53 102 
111  42.40849337 -096.39826750  53 102 
112  42.40872292 -096.39794800  42.40889509 -096.39770838  53 102 
113  42.40874922 -096.39751187 
130 Airport Boundary 11
111  42.41544701 -096.40856216 
111  42.41210335 -096.40445262 
111  42.41144342 -096.40558422 
111  42.40070853 -096.39325569 
111  42.39732528 -096.39764695 
111  42.38906162 -096.38567929 
111  42.38495816 -096.38557269 
111  42.38447421 -096.36895597 
111  42.38553010 -096.36883685 
111  42.38326082 -096.36617876 
111  42.38570608 -096.36311275 
111  42.39014963 -096.36871773 
111  42.39472515 -096.36889641 
111  42.39771684 -096.37223166 
111  42.40919965 -096.37252946 
111  42.41134619 -096.36887737 
111  42.41592931 -096.36877532 
111  42.41601730 -096.37794548 
111  42.41971292 -096.37800799 
111  42.41971292 -096.38432195 
111  42.41569085 -096.38598023 
111  42.41227769 -096.38604935 
111  42.41232168 -096.39504376 
111  42.41434547 -096.39831986 
111  42.41447746 -096.40135771 
113  42.41817308 -096.40594426 
120 Default hold RWY 17 (near)
111  42.41473522 -096.38275490   4 
115  42.41452951 -096.38275816 
120 Default hold RWY 13 (near)
111  42.40875558 -096.39830206  54 
115  42.40860814 -096.39810775 
120 Default hold RWY 17 (centre)
111  42.40578508 -096.38289669   4 
115  42.40557937 -096.38289995 
120 Default hold RWY 13 (centre)
111  42.39999448 -096.38675536  54 
115  42.39984704 -096.38656104 
120 Default hold RWY 17 (far)
111  42.39683493 -096.38303848   4 
115  42.39662922 -096.38304174 
120 Default hold RWY 13 (far)
111  42.39123337 -096.37520865  54 
115  42.39108594 -096.37501433 
18   42.40565992 -096.38011236 1 BCN
19   42.40991130 -096.39749257 1 WS
19   42.41513220 -096.38107658 1 WS
19   42.39078876 -096.37463264 1 WS
19   42.39621780 -096.38304817 1 WS
50 11945 ATIS
51 11870 CTAF
51 12295 UNICOM
53 12190 GND
54 11870 SIOUX CITY TWR
55 12460 SIOUX CITY APP/DEP

99
