A
1000 Generated by Infinite Flight Airport Editing (World Parser)/AB

1      105 1 1 SVTC TUCUPITA
100   39.93   1   0 0.25 0 0 0 07   09.08577800 -062.10114700    0.00    0.00 2  0 0 0 25   09.09220800 -062.08720000    0.00    0.00 2  0 0 0
110   1 0.30  64.97 Default taxiway for RWY 07
111  09.08561724 -062.10107099   3 
111  09.08480124 -062.10068514   3 
111  09.09123150 -062.08673838   3 
111  09.09204750 -062.08712424 
112  09.09189548 -062.08745397  09.09196946 -062.08728813   3 
111  09.09177410 -062.08719576   3 
112  09.09151363 -062.08707259  09.09131828 -062.08698022   3 
111  09.09124227 -062.08714509   3 
111  09.08821717 -062.09370630   3 
111  09.08887038 -062.09401518 
111  09.08879437 -062.09418005   3 
111  09.08814116 -062.09387117   3 
112  09.08511605 -062.10043238  09.08504004 -062.10059725   3 
111  09.08523539 -062.10068963   3 
112  09.08549586 -062.10081279  09.08569122 -062.10090516   3 
113  09.08576926 -062.10074126 
120 Default hold RWY 07 (near)
111  09.08528962 -062.10091607   4 
115  09.08536563 -062.10075121 
120 Default hold RWY 07 (centre)
111  09.08846675 -062.09402513   4 
115  09.08854276 -062.09386026 
120 Default hold RWY 07 (far)
111  09.09164387 -062.08713417   4 
115  09.09171988 -062.08696931 
19   09.08611312 -062.10170707 1 WS
19   09.09187286 -062.08663993 1 WS


130 Airport Boundary
111  009.08480167 -062.10068512
111  009.08528996 -062.10091782
111  009.08577824 -062.10114670
111  009.09220791 -062.08720016
111  009.09171963 -062.08696747
113  009.09123135 -062.08673859
99
