A
1000 Generated by Infinite Flight Airport Editing (World Parser)/AB

1     1330 0 0 YBAN MOUNT BARNET
100   49.99   4   0 0.25 0 0 0 4   -16.74570362  125.90063894    0.00    0.00 0  0 0 0 22  -16.73630200  125.91163800    0.00    0.00 0  0 0 0
110   4 0.25   0.00 New Taxiway 3
111 -16.73772745  125.90967705 
112 -16.73772040  125.90966454 -16.73772226  125.90966292 
111 -16.73772745  125.90952682 
111 -16.73742371  125.90925973 
111 -16.73730605  125.90923948 
111 -16.73709365  125.90926905 
111 -16.73692373  125.90918033 
112 -16.73560896  125.90796486 -16.73551224  125.90785469 
111 -16.73540673  125.90801076 
112 -16.73554797  125.90759190 -16.73553983  125.90766630 
111 -16.73559530  125.90779895 
111 -16.73676557  125.90884988 
111 -16.73701132  125.90886210 
112 -16.73714005  125.90875212 -16.73717516  125.90870324 
111 -16.73736240  125.90875212 
113 -16.73798264  125.90937535 
14  -16.73688842  125.90904605    6 0 New Tower Viewpoint 9
15  -16.73727554  125.90886985 150.75 New Ramp Start 7
19  -16.73718124  125.90920153 0 New Windsock 8


130 Airport Boundary
111 -016.74570274  125.90064240
111 -016.73554802  125.90759277
111 -016.73540688  125.90801239
113 -016.73630142  125.91163635
99
