A
1000 Generated by Infinite Flight Airport Editing (World Parser)/AB

1      126 0 1 KIDL INDIANOLA MUNI
100   45.72   2   0 0.25 0 2 0 17   33.49535300 -090.67891400    0.00   60.96 2  0 0 0 35   33.47614200 -090.67883900    0.00    0.00 2  0 0 0
100   22.86   2   0 0.25 0 0 0 04   33.47891400 -090.68405600    0.00    0.00 2  0 0 0 22   33.48765900 -090.67362100    0.00    0.00 2  0 0 0
100   22.86   2   0 0.25 0 0 0 13   33.48765900 -090.68405700    0.00    0.00 2  0 0 0 31   33.47891400 -090.67362100    0.00    0.00 2  0 0 0
110   2 0.30 179.81 Default taxiway for RWY 17
111  33.49535234 -090.67915799  53 102 
111  33.49534898 -090.68039414  53 102 
111  33.47613798 -090.68031879  53 102 
111  33.47614134 -090.67908292 
112  33.47655279 -090.67908453  33.47634705 -090.67908643  53 102 
111  33.47634625 -090.67938239  53 102 
112  33.47634517 -090.67977701  33.47634437 -090.68007297  53 102 
111  33.47655010 -090.68007377  53 102 
111  33.48564129 -090.68010940  53 102 
111  33.48564398 -090.67912005 
111  33.48584970 -090.67912086  53 102 
111  33.48584701 -090.68011021  53 102 
112  33.49493821 -090.68014583  33.49514393 -090.68014665  53 102 
111  33.49514473 -090.67985062  53 102 
112  33.49514581 -090.67945592  33.49514661 -090.67915989  53 102 
113  33.49494090 -090.67915638 
120 Default hold RWY 17 (near)
111  33.49535099 -090.67965407  54 
115  33.49514527 -090.67965327 
120 Default hold RWY 17 (centre)
111  33.48584835 -090.67961688  54 
115  33.48564263 -090.67961608 
120 Default hold RWY 17 (far)
111  33.47634571 -090.67957970  54 
115  33.47613999 -090.67957889 
18   33.48575457 -090.67714986 1 BCN
19   33.47898488 -090.68449106 1 WS
19   33.48802153 -090.68396995 1 WS
19   33.49576645 -090.67817554 1 WS
19   33.47572855 -090.67957729 1 WS
19   33.47855147 -090.67370808 1 WS
19   33.48758809 -090.67318591 1 WS
51 12280 CTAF/UNICOM


130 Airport Boundary
111  033.47613907 -090.68032074
111  033.47891235 -090.68405914
111  033.48765945 -090.68405914
111  033.49534988 -090.68039703
111  033.49535370 -090.67916107
111  033.49535370 -090.67891693
111  033.48765945 -090.67362213
111  033.47891235 -090.67362213
111  033.47614288 -090.67884064
113  033.47613907 -090.67958069
99
