A
1000 Generated by Infinite Flight Airport Editing (World Parser)/AB

1      142 1 1 SBIC ITACOATIARA
100   29.87   1   0 0.25 0 0 0 14  -03.12297800 -058.48651400    0.00    0.00 2  0 0 0 32  -03.13153300 -058.47585800    0.00    0.00 2  0 0 0
110   1 0.30 128.80 Default taxiway for RWY 14
111 -03.12308099 -058.48659693   3 
111 -03.12360648 -058.48702007   3 
111 -03.13216153 -058.47636417   3 
111 -03.13163604 -058.47594102 
112 -03.13146760 -058.47615082 -03.13155358 -058.47604734   3 
111 -03.13167927 -058.47614855   3 
112 -03.13184687 -058.47628351 -03.13197256 -058.47638472   3 
111 -03.13188834 -058.47648962   3 
111 -03.12782137 -058.48155532   3 
111 -03.12740063 -058.48121652 
111 -03.12731641 -058.48132142   3 
111 -03.12773715 -058.48166022   3 
112 -03.12367017 -058.48672592 -03.12358595 -058.48683083   3 
111 -03.12346026 -058.48672961   3 
112 -03.12329266 -058.48659466 -03.12316697 -058.48649345   3 
113 -03.12324943 -058.48638712 
120 Default hold RWY 14 (near)
111 -03.12329224 -058.48676704   4 
115 -03.12337646 -058.48666214 
120 Default hold RWY 14 (centre)
111 -03.12752766 -058.48149153   4 
115 -03.12761188 -058.48138663 
120 Default hold RWY 14 (far)
111 -03.13176307 -058.47621603   4 
115 -03.13184729 -058.47611113 
19  -03.12249532 -058.48647077 1 WS
19  -03.13201568 -058.47590123 1 WS
54 12660 RDO


130 Airport Boundary
111 -003.13216162 -058.47636414
111 -003.12360644 -058.48701859
111 -003.12297797 -058.48651505
113 -003.13153291 -058.47585678
99
