A
1050 Generated by WorldEditor 1.6.0r1

1    869 1 0 SNTS Patos Airport
100 29.87 1 0 0.25 0 2 0 12 -07.03733395 -037.25876317    0    0 2 0 0 0 30 -07.04055077 -037.24459743    0    0 2 0 0 0
110 2 0.00 0.0000 New Taxiway 6
111 -07.03773686 -037.25141554
111 -07.03788754 -037.25145364
111 -07.03793447 -037.25146500
111 -07.03799117 -037.25125645
113 -07.03778960 -037.25121193
110 1 0.00 0.0000 New Taxiway 3
111 -07.04042291 -037.24457446 3 102
111 -07.04029520 -037.24460284
112 -07.04029520 -037.24460284 -07.04013703 -037.24463904 3 102
111 -07.04009484 -037.24477270 3 102
112 -07.04016705 -037.24506709 -07.04029481 -037.24519856
111 -07.04016705 -037.24506709
112 -07.04016705 -037.24506709 -07.04027691 -037.24516091 3 102
113 -07.04026392 -037.24526368
110 1 0.00 0.0000 New Taxiway 2
111 -07.03746315 -037.25879046
112 -07.03746315 -037.25879046 -07.03767648 -037.25881625 3 102
111 -07.03776246 -037.25864084 3 102
112 -07.03769915 -037.25830858 -07.03754182 -037.25816091
111 -07.03769915 -037.25830858
112 -07.03769915 -037.25830858 -07.03760996 -037.25823501 3 102
113 -07.03761219 -037.25813556
110 1 0.00 0.0000 New Taxiway 1
111 -07.03862860 -037.25247097
111 -07.03875946 -037.25189036 3 102
112 -07.03846365 -037.25206875 -07.03827051 -037.25203592
111 -07.03846365 -037.25206875 3 102
111 -07.03805323 -037.25197381
112 -07.03805323 -037.25197381 -07.03778773 -037.25189172 3 102
111 -07.03783532 -037.25166271 3 102
111 -07.03788754 -037.25145364
111 -07.03773686 -037.25141554 3
111 -07.03745385 -037.25134540
111 -07.03719569 -037.25237427 3
111 -07.03764309 -037.25249308 3 102
111 -07.03770150 -037.25227487 3 102
112 -07.03802476 -037.25209453 -07.03828845 -037.25215099
111 -07.03802476 -037.25209453 3 102
111 -07.03843246 -037.25219609
114 -07.03843246 -037.25219609 -07.03858177 -037.25223712 3 102
130 Airport Boundary 8
111 -07.04229912 -037.24316645
111 -07.03964201 -037.24255273
111 -07.03770744 -037.25095170
111 -07.03708741 -037.25081557
111 -07.03669545 -037.25240743
111 -07.03734375 -037.25258480
111 -07.03550120 -037.26074665
111 -07.03767255 -037.26128695
113 -07.03829982 -037.26067436
120 Linear Feature 2
111 -07.03805323 -037.25197381 4
115 -07.03802476 -037.25209453
120 Linear Feature 7
111 -07.03728558 -037.25237606 1
115 -07.03732126 -037.25223655
120 Linear Feature 5
111 -07.03896156 -037.25155474 1
111 -07.03883823 -037.25209283
112 -07.03883823 -037.25209283 -07.03880758 -037.25218735 1
115 -07.03869649 -037.25218552
120 Linear Feature 4
111 -07.03866449 -037.25287425 1
111 -07.03878666 -037.25232620
112 -07.03878666 -037.25232620 -07.03879878 -037.25222511 1
111 -07.03869649 -037.25218552 1
115 -07.03776523 -037.25196917
14 -07.03716078 -037.25149459  32.81 0 New Tower Viewpoint 1
1300 -07.03732126 -037.25223655 104.44 tie_down turboprops|props GA 01
1301 A general_aviation 
1300 -07.03747952 -037.25227252 104.53 tie_down turboprops|props GA 02
1301 A general_aviation 
1300 -07.03748152 -037.25158433 283.39 tie_down turboprops|props GA 03
1301 A general_aviation 
1300 -07.03762714 -037.25161988 285.11 tie_down turboprops|props GA 04
1301 A general_aviation 
1300 -07.03783457 -037.25140429 284.00 hangar turboprops|props Hangar 01
1301 A none 
18 -07.03684329 -037.25219537 1 BCN
19 -07.03779739 -037.25236735 1 WS
51 12280 Patos Unicom
99
