A
1000 Generated by Infinite Flight Airport Editing (World Parser)/AB

1      844 0 0 2WN7 Planeacres Airport
100   20.12   3   0 0.00 0 0 0 18   43.94558728 -088.67363352    0.00    0.00 0  0 0 0 36   43.95162672 -088.67401048    0.00    0.00 0  0 0 0
10   43.94726300 -088.67266700 xxx 274.98   547 0.0 0.0    96 161161  3 0 0 0.00 0
10   43.94754700 -088.67143300 xxx 181.11   350 0.0 0.0   179 161161  3 0 0 0.00 0
19   43.94539424 -088.67399901 1 WS
19   43.95181976 -088.67364495 1 WS


130 Airport Boundary
111  043.94558716 -088.67362976
111  043.95162582 -088.67401123
113  043.94754791 -088.67143250
99
