I
1050 Generated by WorldEditor 2.1.0r1

1    620 0 0 EYUT Utena Airfield
1302 city Utena
1302 country Lithunia
1302 datum_lat 55.490001680
1302 datum_lon 25.716899870
1302 icao_code EYUT
1302 region_code EY
1302 state Utena County
100 39.62 3 0 0.00 0 0 0 12  55.49031085  025.71404007    0    0 0 0 0 0 30  55.48763851  025.72176251    0    0 0 0 0 0
110 4 0.00 84.0000 New Taxiway 242
111  55.48866555  025.71641513
112  55.48866555  025.71641513  55.48861783  025.71635139
112  55.48857268  025.71657449  55.48861267  025.71668376
112  55.48869521  025.71647888  55.48866813  025.71637188
111  55.48869521  025.71647888
112  55.48871558  025.71645156  55.48871811  025.71643365
111  55.48871558  025.71645156
112  55.48871558  025.71645156  55.48871757  025.71643744
112  55.48870299  025.71641056  55.48870128  025.71640655
111  55.48870299  025.71641056
114  55.48870299  025.71641056  55.48869912  025.71640146
112  55.48862943  025.71659498  55.48860235  025.71659042
112  55.48858558  025.71648115  55.48859590  025.71641741
114  55.48867200  025.71646749  55.48869392  025.71652668
110 3 0.00 84.0000 New Taxiway 240
112  55.49082777  025.71369400  55.49085023  025.71351273
112  55.49071865  025.71307655  55.49059027  025.71294626
112  55.49020835  025.71255540  55.49017304  025.71244777
112  55.49010243  025.71234014  55.49007034  025.71234014
112  55.48994196  025.71253274  55.48988419  025.71250442
112  55.48974298  025.71254974  55.48971088  025.71260638
112  55.48906258  025.71384697  55.48904653  025.71388096
112  55.48894062  025.71396592  55.48892136  025.71401124
112  55.48891174  025.71424349  55.48889569  025.71428314
112  55.48880582  025.71443608  55.48878978  025.71448706
112  55.48877694  025.71471364  55.48874805  025.71479295
111  55.48869991  025.71492890
111  55.48895025  025.71520646
111  55.48873843  025.71581823
111  55.48846241  025.71555200
112  55.48834367  025.71575026  55.48831157  025.71583522
112  55.48817678  025.71634503  55.48816073  025.71643566
112  55.48824738  025.71716071  55.48826343  025.71726833
112  55.48822171  025.71749492  55.48819282  025.71757422
112  55.48804519  025.71790842  55.48802593  025.71799905
112  55.48805482  025.71821997  55.48808049  025.71831626
112  55.48815752  025.71875809  55.48816073  025.71882606
112  55.48809975  025.71905831  55.48807086  025.71915460
112  55.48733269  025.72149400  55.48729097  025.72162428
112  55.48701817  025.72236065  55.48699249  025.72243995
112  55.48703743  025.72257589  55.48706952  025.72260988
112  55.48738725  025.72300072  55.48740330  025.72301205
112  55.48753489  025.72297240  55.48755735  025.72293275
112  55.48816073  025.72216239  55.48820245  025.72200945
112  55.48892778  025.71949446  55.48896951  025.71931886
112  55.48977507  025.71675845  55.48980075  025.71668481
114  55.48994517  025.71647522  55.49000936  025.71631094
112  55.48842441  025.71641391  55.48841549  025.71644538
112  55.48837983  025.71646505  55.48837315  025.71646505
112  55.48830405  025.71639424  55.48829960  025.71639031
112  55.48830405  025.71629983  55.48831297  025.71627623
112  55.48838206  025.71604807  55.48838429  025.71603233
112  55.48842218  025.71596153  55.48843332  025.71594973
114  55.48851133  025.71606774  55.48852024  025.71610314
130 Airport Boundary 239
111  55.49124543  025.71410779
111  55.49047455  025.71120070
111  55.48927109  025.70979120
111  55.48917570  025.71063146
111  55.48844919  025.71188428
111  55.48827172  025.71154171
111  55.48791678  025.71216813
111  55.48753966  025.71300010
111  55.48719581  025.71379288
111  55.48699061  025.71394948
111  55.48676878  025.71478143
111  55.48595908  025.71645506
111  55.48554868  025.71734571
111  55.48548213  025.71780570
111  55.48561523  025.71854952
111  55.48438959  025.72041883
111  55.48494684  025.72188955
111  55.48625567  025.72496266
111  55.48683244  025.72503118
111  55.48782516  025.72454181
111  55.48800707  025.72403678
111  55.48927153  025.72344951
111  55.48981725  025.72152328
111  55.49042286  025.72074806
111  55.49087541  025.72031346
111  55.49160746  025.71999634
111  55.49184039  025.71953824
111  55.49180712  025.71886870
111  55.49191360  025.71846933
111  55.49202402  025.71826536
111  55.49192389  025.71795266
111  55.49192774  025.71687861
113  55.49153491  025.71505680
14  55.48887483  025.71520761 265.75 0 New Tower Viewpoint 27
1300  55.48841514  025.71771352 326.80 tie_down turboprops|props Grass 1
1301 B general_aviation 
1300  55.48866547  025.71695447 326.80 tie_down turboprops|props Grass 2
1301 B general_aviation 
1300  55.48900888  025.71488693  46.94 tie_down turboprops|props Grass 3
1301 A general_aviation 
1300  55.48910837  025.71464902  66.29 tie_down turboprops|props Grass 4
1301 A general_aviation 
1300  55.48921107  025.71436013  59.71 tie_down turboprops|props Grass 5
1301 A general_aviation 
1300  55.48932020  025.71409390  82.87 tie_down turboprops|props Grass 6
1301 A general_aviation 
1300  55.48943253  025.71385598  75.27 tie_down turboprops|props Grass 7
1301 A general_aviation 
1300  55.48953202  025.71359541  86.42 tie_down turboprops|props Grass 8
1301 A general_aviation 
1300  55.48963793  025.71330652  86.42 tie_down turboprops|props Grass 9
1301 A general_aviation 
19  55.48863072  025.71650847 0 New Windsock 28
99
