I
1050 Generated by WorldEditor 2.0.0r4

1    233 1 0 SVMC La Chinita Intl
100 30.00 1 1 0.25 0 0 0 03R  10.54759250 -071.73140769    0    0 3 0 0 0 21L  10.56835296 -071.72258818    0    0 3 0 0 0
100 45.00 1 1 0.25 1 3 1 03L  10.54597020 -071.73412454    0   40 3 1 0 1 21R  10.57088095 -071.72353670    0  300 3 0 0 1
110 2 0.00 0.0000 New Taxiway 11
111  10.55057760 -071.72771738
111  10.55050653 -071.72753653
111  10.55289446 -071.72648926
111  10.55294859 -071.72661057
111  10.55072900 -071.72756626
113  10.55075805 -071.72763764
110 2 0.00 0.0000 New Taxiway 11
111  10.55051397 -071.72601730
111  10.55043982 -071.72583912
111  10.55175570 -071.72526366
111  10.55182881 -071.72544048
113  10.55054644 -071.72600306
110 2 0.00 0.0000 New Taxiway 11
111  10.55037744 -071.72653767
111  10.55028608 -071.72631572
111  10.55061389 -071.72617419
111  10.55243251 -071.72538896
113  10.55253228 -071.72562471
110 2 0.00 0.0000 New Taxiway 11
111  10.55055701 -071.72727477
111  10.55048165 -071.72708816
111  10.55050963 -071.72707621
111  10.55273641 -071.72612498
113  10.55281946 -071.72632058
110 2 0.00 0.0000 New Taxiway 11
111  10.55040710 -071.72692025
111  10.55034261 -071.72675338
111  10.55044644 -071.72670898
111  10.55259882 -071.72578860
111  10.55267105 -071.72596133
113  10.55043871 -071.72690686
110 2 0.00 0.0000 New Taxiway 11
111  10.55104601 -071.72772844
111  10.55097495 -071.72754760
111  10.55298021 -071.72668142
113  10.55305277 -071.72684404
110 2 0.00 0.0000 New Taxiway 11
111  10.55268196 -071.72741386
111  10.55261519 -071.72725125
111  10.55311379 -071.72703254
113  10.55318196 -071.72720282
110 2 0.00 0.0000 New Taxiway 13
111  10.55775469 -071.72309945
111  10.55763254 -071.72280906
111  10.55910226 -071.72217400
111  10.55893124 -071.72175129
111  10.55966501 -071.72140545
113  10.55997883 -071.72216040
110 2 0.00 0.0000 New Taxiway 12
111  10.55353456 -071.72703366
112  10.55353641 -071.72676231  10.55358701 -071.72662892
112  10.55379393 -071.72647305  10.55390441 -071.72642579 102
112  10.55461793 -071.72614625  10.55472290 -071.72610423 102
112  10.55474494 -071.72581802  10.55469689 -071.72570569
111  10.55425975 -071.72466676
111  10.55495597 -071.72434232
112  10.55498407 -071.72436406  10.55499728 -071.72436724
111  10.55501590 -071.72436396
111  10.55516086 -071.72469774
111  10.55514911 -071.72473889
111  10.55516536 -071.72478638
111  10.55520029 -071.72480010
111  10.55532092 -071.72509052
111  10.55530709 -071.72512605
111  10.55532438 -071.72516650
111  10.55535865 -071.72517888
111  10.55547893 -071.72546952
111  10.55546925 -071.72550856
111  10.55548654 -071.72555746
111  10.55552019 -071.72557173
111  10.55556999 -071.72555316
111  10.55558866 -071.72551728
111  10.55557123 -071.72547296
111  10.55552766 -071.72545227
111  10.55541003 -071.72516355
111  10.55542341 -071.72513233
111  10.55540598 -071.72508623
111  10.55536764 -071.72506648
111  10.55524970 -071.72478683
111  10.55526414 -071.72475289
111  10.55524472 -071.72469768
111  10.55520189 -071.72467488
111  10.55512259 -071.72447548
111  10.55512578 -071.72418825
111  10.55590302 -071.72418742
111  10.55628380 -071.72378134
111  10.55644526 -071.72369108
111  10.55652712 -071.72370992
111  10.55670257 -071.72406618
111  10.55673616 -071.72417476
111  10.55676981 -071.72416045
111  10.55680135 -071.72417396
111  10.55684741 -071.72415539
111  10.55685671 -071.72412683
111  10.55675867 -071.72387070
111  10.55671758 -071.72385128
111  10.55670140 -071.72379725
111  10.55675195 -071.72377862
111  10.55677303 -071.72372638
111  10.55673933 -071.72365233
111  10.55668976 -071.72363738
111  10.55666254 -071.72356056
111  10.55775469 -071.72309945
111  10.55997883 -071.72216040
111  10.56006456 -071.72212421
111  10.56074214 -071.72375592
112  10.55969318 -071.72418044  10.55962627 -071.72420943
111  10.55969318 -071.72418044
112  10.55969318 -071.72418044  10.55954449 -071.72426615
111  10.55961215 -071.72449020
111  10.55939908 -071.72458112
112  10.55911302 -071.72443925  10.55891695 -071.72447253
111  10.55911302 -071.72443925
112  10.55911302 -071.72443925  10.55903467 -071.72447288
112  10.55674281 -071.72545365  10.55664988 -071.72549391
111  10.55674281 -071.72545365
112  10.55674281 -071.72545365  10.55665590 -071.72551579
111  10.55666743 -071.72568675
111  10.55643885 -071.72577927
112  10.55621432 -071.72568469  10.55606202 -071.72570395
111  10.55621432 -071.72568469
112  10.55621432 -071.72568469  10.55618898 -071.72569519
112  10.55491657 -071.72622386  10.55430565 -071.72647782
111  10.55491657 -071.72622386
112  10.55491657 -071.72622386  10.55440751 -071.72643548 102
112  10.55389199 -071.72665065  10.55385043 -071.72666861
111  10.55389199 -071.72665065
112  10.55389199 -071.72665065  10.55380056 -071.72669016 102
112  10.55373706 -071.72680964  10.55370599 -071.72687894 102
111  10.55372544 -071.72695721
113  10.55363259 -071.72699440
110 1 0.00 0.0000 New Taxiway 5
111  10.55350922 -071.72704380
112  10.55326320 -071.72696689  10.55313241 -071.72702466
111  10.55326320 -071.72696689
112  10.55326320 -071.72696689  10.55324532 -071.72697479
111  10.55311379 -071.72703254
111  10.55261519 -071.72725125
111  10.55111752 -071.72790786
111  10.55104601 -071.72772844
111  10.55305277 -071.72684404
111  10.55298021 -071.72668142
111  10.55294859 -071.72661057
111  10.55289446 -071.72648926
111  10.55050653 -071.72753653
111  10.55042674 -071.72732972
111  10.55055701 -071.72727477
111  10.55281946 -071.72632058
111  10.55273641 -071.72612498
111  10.55050963 -071.72707621
111  10.55043871 -071.72690686
111  10.55267105 -071.72596133
111  10.55259882 -071.72578860
111  10.55044644 -071.72670898
111  10.55037744 -071.72653767
111  10.55253228 -071.72562471
111  10.55243251 -071.72538896
111  10.55061389 -071.72617419
111  10.55054644 -071.72600306
111  10.55182881 -071.72544048
111  10.55247645 -071.72515495
111  10.55274958 -071.72525718
111  10.55382270 -071.72481410
111  10.55413547 -071.72560085
111  10.55417939 -071.72558279
112  10.55420630 -071.72552312  10.55423707 -071.72550448
112  10.55431460 -071.72556415  10.55433576 -071.72562535
112  10.55424530 -071.72565617  10.55421086 -071.72565152
111  10.55419841 -071.72562788
111  10.55415645 -071.72564547
111  10.55432832 -071.72603657
111  10.55333797 -071.72644048
112  10.55333506 -071.72653967  10.55335789 -071.72660552
111  10.55341017 -071.72660510
111  10.55374888 -071.72647771
111  10.55376322 -071.72652439
111  10.55363259 -071.72699440
111  10.55372544 -071.72695721
111  10.55375019 -071.72694730
111  10.55363259 -071.72699440
113  10.55353456 -071.72703366
110 1 0.00 0.0000 New Taxiway 4
111  10.56477111 -071.72613107
111  10.56378014 -071.72669471
112  10.56340224 -071.72644319  10.56357353 -071.72631251
112  10.56410960 -071.72582597  10.56423722 -071.72569866
112  10.56454787 -071.72531928  10.56467900 -071.72515332
112  10.56546281 -071.72415979  10.56549269 -071.72412433
112  10.56547302 -071.72405977  10.56545228 -071.72402431
111  10.56541286 -071.72403022
111  10.56034249 -071.72594418
111  10.55843767 -071.72677434
111  10.55644542 -071.72765356
112  10.55543932 -071.72828394  10.55530078 -071.72841523
112  10.55548930 -071.72860274  10.55561336 -071.72862316
112  10.55651167 -071.72873639  10.55669409 -071.72875127
112  10.55694607 -071.72866592  10.55708753 -071.72861656
112  10.55729038 -071.72828006  10.55736163 -071.72810360
112  10.55723794 -071.72774348  10.55715534 -071.72757858
111  10.55696565 -071.72761623
111  10.55729761 -071.72734925
112  10.55753416 -071.72740667  10.55742264 -071.72753902
112  10.55767564 -071.72794398  10.55786596 -071.72814061
112  10.55834839 -071.72809312  10.55848262 -071.72805426
112  10.55865112 -071.72785090  10.55873475 -071.72773431
112  10.55928947 -071.72697292  10.55932246 -071.72692843
112  10.55929498 -071.72675727  10.55923871 -071.72668635
111  10.55912605 -071.72669104
111  10.55985042 -071.72625793
111  10.56072117 -071.72597215
112  10.56010003 -071.72638746  10.55986337 -071.72655762
112  10.55969263 -071.72682834  10.55961002 -071.72696068
112  10.55930675 -071.72741226  10.55921296 -071.72753831
112  10.55857698 -071.72841912  10.55851543 -071.72851516
111  10.55809248 -071.72905143
112  10.55685455 -071.72925108  10.55699498 -071.72910403
112  10.55681022 -071.72902399  10.55674826 -071.72901786
112  10.55491366 -071.72878919  10.55474949 -071.72876713
112  10.55438971 -071.72884084  10.55416977 -071.72891752
112  10.55383318 -071.72939218  10.55371857 -071.72955393
112  10.55305926 -071.73041006  10.55294654 -071.73054397
112  10.55270024 -071.73091128  10.55266090 -071.73097206
111  10.55269434 -071.73101679
111  10.55144646 -071.73153348
112  10.55210699 -071.73108399  10.55230276 -071.73092770
112  10.55264032 -071.73054100  10.55277283 -071.73037995
112  10.55325044 -071.72976723  10.55341874 -071.72955507
112  10.55374551 -071.72907901  10.55378933 -071.72901114
112  10.55367977 -071.72901722  10.55363546 -071.72903545
111  10.55367977 -071.72901722
112  10.55367977 -071.72901722  10.55366429 -071.72902359
112  10.55193922 -071.72959513  10.55099149 -071.72999444
111  10.55193922 -071.72959513
112  10.55193922 -071.72959513  10.55017359 -071.73033905
112  10.54767054 -071.73159771  10.54765330 -071.73166826
111  10.54767054 -071.73159771
112  10.54767054 -071.73159771  10.54764919 -071.73160522
112  10.54748138 -071.73172367  10.54747099 -071.73174936
111  10.54748138 -071.73172367
112  10.54748138 -071.73172367  10.54746602 -071.73176165
112  10.54742010 -071.73190189  10.54740108 -071.73195318
112  10.54733479 -071.73204302  10.54727599 -071.73210867
111  10.54669891 -071.73274872
111  10.54647089 -071.73255617
112  10.54593125 -071.73322887  10.54590843 -071.73326194
112  10.54592123 -071.73331540  10.54593160 -071.73334284
112  10.54603693 -071.73358975  10.54610385 -071.73373806
111  10.54626467 -071.73370883
111  10.54580928 -071.73401547
111  10.54548356 -071.73318599
112  10.54706033 -071.73152410  10.54713204 -071.73144387
112  10.54735803 -071.73129200  10.54741181 -071.73126951
111  10.54751452 -071.73121764
112  10.55374420 -071.72867852  10.55484793 -071.72819455
111  10.55374420 -071.72867852
112  10.55374420 -071.72867852  10.55387059 -071.72862310
112  10.55393993 -071.72852208  10.55394842 -071.72851542
111  10.55393993 -071.72852208
112  10.55393993 -071.72852208  10.55402254 -071.72845731
112  10.55399961 -071.72823024  10.55396089 -071.72813687
111  10.55350922 -071.72704380
111  10.55375019 -071.72694730
112  10.55424737 -071.72814514  10.55430832 -071.72829321
111  10.55444372 -071.72831515
112  10.55686208 -071.72732369  10.55693023 -071.72728084
111  10.55686208 -071.72732369
112  10.55686208 -071.72732369  10.55688770 -071.72730758
112  10.55693248 -071.72725339  10.55695174 -071.72722317
111  10.55693248 -071.72725339
112  10.55693248 -071.72725339  10.55696445 -071.72720322 102
112  10.55694819 -071.72705846  10.55691726 -071.72698112
111  10.55694819 -071.72705846
112  10.55694819 -071.72705846  10.55689862 -071.72693452 102
111  10.55643885 -071.72577927
111  10.55666743 -071.72568675 102
112  10.55717339 -071.72690089  10.55723277 -071.72705144 102
111  10.55739745 -071.72704928
112  10.55978246 -071.72607044  10.55987167 -071.72599229
111  10.55978246 -071.72607044
112  10.55978246 -071.72607044  10.55980082 -071.72605435
112  10.55982657 -071.72601348  10.55983773 -071.72599189
111  10.55982657 -071.72601348
112  10.55982657 -071.72601348  10.55986964 -071.72593019 102
112  10.55982428 -071.72571333  10.55978670 -071.72561392
111  10.55982428 -071.72571333
112  10.55982428 -071.72571333  10.55977695 -071.72558816 102
111  10.55939908 -071.72458112
111  10.55961215 -071.72449020 102
112  10.56012949 -071.72563912  10.56020435 -071.72579405 102
111  10.56037598 -071.72580142
111  10.56335142 -071.72457583
112  10.56337712 -071.72441657  10.56335023 -071.72434728
111  10.56320823 -071.72400241
111  10.56317437 -071.72396999
111  10.56263684 -071.72419101
111  10.56248965 -071.72382565
111  10.56262049 -071.72377003
111  10.56252993 -071.72354705
111  10.56281490 -071.72341891
111  10.56321545 -071.72323880
111  10.56325151 -071.72322180
111  10.56348746 -071.72381521
111  10.56331580 -071.72389961
111  10.56332101 -071.72392961
112  10.56349912 -071.72435838  10.56352661 -071.72442403
111  10.56355766 -071.72443700
111  10.56640415 -071.72341649
112  10.56641828 -071.72359560  10.56629231 -071.72366597
112  10.56597570 -071.72394287  10.56585437 -071.72406279
112  10.56559021 -071.72441253  10.56547046 -071.72456279
112  10.56463747 -071.72566733  10.56453593 -071.72581175
113  10.56473642 -071.72586077
110 2 0.00 0.0000 New Taxiway 9
111  10.56514629 -071.71913275
111  10.56529517 -071.71906877
111  10.56540110 -071.71933774
113  10.56525817 -071.71940086
110 2 0.00 0.0000 New Taxiway 10
111  10.56377664 -071.72089426
111  10.56356908 -071.72040956
111  10.56351548 -071.72043242
111  10.56343112 -071.72022169
111  10.56403563 -071.71994914
113  10.56434213 -071.72065760
110 2 0.00 0.0000 New Taxiway 10
111  10.56526405 -071.72160646
111  10.56429623 -071.71929633
111  10.56443095 -071.71923782
113  10.56540148 -071.72154861
110 2 0.00 0.0000 New Taxiway 10
111  10.56396584 -071.71970992
111  10.56390363 -071.71953806
111  10.56406239 -071.71947714
113  10.56412658 -071.71964962
110 2 0.00 0.0000 New Taxiway 10
111  10.56281490 -071.72341891
111  10.56270961 -071.72315194
111  10.56310944 -071.72298070
113  10.56321545 -071.72323880
110 2 0.00 0.0000 New Taxiway 10
111  10.56390397 -071.71875216
111  10.56380028 -071.71849588
111  10.56404815 -071.71839089
113  10.56414913 -071.71863692
110 2 0.00 0.0000 New Taxiway 10
111  10.56499349 -071.71876657
111  10.56493140 -071.71861779
111  10.56515561 -071.71852155
113  10.56521472 -071.71866845
110 2 0.00 0.0000 New Taxiway 10
111  10.56455156 -071.71876005
111  10.56445865 -071.71852959
111  10.56482822 -071.71837308
113  10.56492211 -071.71859551
110 2 0.00 0.0000 New Taxiway 6
111  10.56608071 -071.72279295 102
112  10.56600621 -071.72283039  10.56595724 -071.72285909 102
112  10.56588514 -071.72300682  10.56585646 -071.72311077 102
111  10.56590407 -071.72324063
111  10.56568472 -071.72333745 102
112  10.56565255 -071.72314031  10.56561191 -071.72304305
111  10.56466113 -071.72077207
111  10.56450434 -071.72083342
111  10.56458071 -071.72102276
111  10.56410679 -071.72121580
111  10.56403105 -071.72103003
111  10.56399071 -071.72104590
111  10.56397745 -071.72101101
111  10.56359035 -071.72117940
111  10.56352371 -071.72102849
111  10.56334108 -071.72110924
111  10.56302624 -071.72035514
111  10.56320690 -071.72027856
111  10.56313054 -071.72009325
111  10.56396584 -071.71970992
111  10.56412658 -071.71964962
111  10.56406239 -071.71947714
111  10.56405417 -071.71945505
111  10.56410491 -071.71943439
111  10.56383916 -071.71878263
111  10.56390397 -071.71875216
111  10.56414913 -071.71863692
111  10.56444564 -071.71849731
111  10.56445865 -071.71852959
111  10.56455156 -071.71876005
111  10.56492211 -071.71859551
111  10.56493140 -071.71861779
111  10.56499349 -071.71876657
111  10.56514629 -071.71913275
111  10.56525817 -071.71940086
113  10.56658078 -071.72257040
111  10.56526405 -071.72160646
111  10.56540148 -071.72154861
111  10.56443095 -071.71923782
113  10.56429623 -071.71929633
111  10.56403563 -071.71994914
111  10.56343112 -071.72022169
111  10.56351548 -071.72043242
111  10.56356908 -071.72040956
111  10.56377664 -071.72089426
113  10.56434213 -071.72065760
110 1 0.00 0.0000 New Taxiway 3
112  10.56543559 -071.72371850  10.56566110 -071.72356977
111  10.56543559 -071.72371850
112  10.56543559 -071.72371850  10.56549149 -071.72368164
112  10.56556879 -071.72359731  10.56560259 -071.72355498
111  10.56556879 -071.72359731
112  10.56556879 -071.72359731  10.56567136 -071.72346887 102
111  10.56568472 -071.72333745
111  10.56590407 -071.72324063 102
112  10.56613632 -071.72334888  10.56629551 -071.72333549
111  10.56613632 -071.72334888
112  10.56613632 -071.72334888  10.56620219 -071.72334334
112  10.56641755 -071.72322863  10.56645986 -071.72318123
111  10.56641755 -071.72322863
112  10.56641755 -071.72322863  10.56656211 -071.72306670
112  10.56636866 -071.72285682  10.56628296 -071.72283582
111  10.56608071 -071.72279295
111  10.56658078 -071.72257040
111  10.56662538 -071.72255055
112  10.56722792 -071.72279744  10.56730321 -071.72283391
113  10.56735488 -071.72281579
110 1 0.00 0.0000 New Taxiway 2
111  10.57068628 -071.72369771
112  10.57038940 -071.72346271  10.57049596 -071.72339843
111  10.57048981 -071.72328681
112  10.57033964 -071.72291827  10.57032387 -071.72288450
112  10.57026541 -071.72286532  10.57023493 -071.72286167
111  10.56976985 -071.72281460
111  10.56832366 -071.72279211
111  10.56782962 -071.72263493
112  10.56795147 -071.72224830  10.56796848 -071.72219216
112  10.56806200 -071.72218127  10.56811190 -071.72218127
111  10.56903894 -071.72218913
112  10.56904440 -071.72244345  10.56904682 -071.72250958
112  10.56910909 -071.72251161  10.56913856 -071.72251161
111  10.57055707 -071.72249884
113  10.57087190 -071.72323634
130 Airport Boundary 1
111  10.53830282 -071.73734292
111  10.54097991 -071.73552370
111  10.54225780 -071.73452196
111  10.54295009 -071.73320036
111  10.54600736 -071.73182055
111  10.55010673 -071.72749111
111  10.55024372 -071.72274575
111  10.55623237 -071.72095262
111  10.55736101 -071.72130747
111  10.55775875 -071.72121024
111  10.55826684 -071.72070101
111  10.55861759 -071.72006873
111  10.55879962 -071.71940935
111  10.55905105 -071.71840671
111  10.55941282 -071.71780495
111  10.56003974 -071.71738678
111  10.56507397 -071.71537253
111  10.56568814 -071.71688175
111  10.56736125 -071.71616813
111  10.56811162 -071.71784422
111  10.56982423 -071.71997891
111  10.57011726 -071.72005118
111  10.57205959 -071.71851294
111  10.57301859 -071.71777151
111  10.57511244 -071.71694488
111  10.57971262 -071.72783825
111  10.57473380 -071.72995074
111  10.55994131 -071.73362444
111  10.55645951 -071.73379884
111  10.55336074 -071.73828497
111  10.54845378 -071.73753891
111  10.54789552 -071.73699088
111  10.54725086 -071.73647604
111  10.54613102 -071.73614680
111  10.54578471 -071.73614680
113  10.53912282 -071.73904278
120 Linear Feature 23
111  10.54564441 -071.73347726 54 103
115  10.54588956 -071.73337902
120 Linear Feature 22
111  10.55280998 -071.73038147 54 103
115  10.55296000 -071.73049512
120 Linear Feature 21
111  10.55393748 -071.72799161 52
115  10.55411414 -071.72791818
120 Linear Feature 20
111  10.55633609 -071.72894315 54 103
115  10.55636190 -071.72875642
120 Linear Feature 19
111  10.55684787 -071.72675074 52
115  10.55704663 -071.72666322
120 Linear Feature 18
111  10.55736432 -071.72806347 54 103
115  10.55762363 -071.72796215
120 Linear Feature 17
111  10.55862572 -071.72794587 54 103
115  10.55877459 -071.72807016
120 Linear Feature 15
111  10.56645155 -071.72257164 52
115  10.56637168 -071.72277410
120 Linear Feature 15
111  10.56454595 -071.72536229 54 103
115  10.56471316 -071.72550728
120 Linear Feature 14
111  10.57044400 -071.72301947 54 103
115  10.57067764 -071.72291274
120 Linear Feature 28
111  10.56642861 -071.72325506 53 102
112  10.56653067 -071.72314531  10.56657009 -071.72309149 53 102
112  10.56656858 -071.72301941  10.56656281 -071.72298570 53 102
112  10.56650848 -071.72286693  10.56647661 -071.72282590 53 102
112  10.56641745 -071.72279292  10.56637768 -071.72277780
111  10.56641745 -071.72279292
112  10.56641745 -071.72279292  10.56640707 -071.72278897 53 102
112  10.56637168 -071.72277410  10.56635286 -071.72276610
111  10.56637168 -071.72277410
112  10.56637168 -071.72277410  10.56631839 -071.72275144 53 102
111  10.56624705 -071.72271973 102
115  10.56608071 -071.72279295
120 Linear Feature 27
111  10.56645155 -071.72257164 53 102
112  10.56716256 -071.72286935  10.56723666 -071.72289670 53 102
115  10.56732486 -071.72287379
120 Linear Feature 38
111  10.54584411 -071.73395168 53 102
112  10.54554124 -071.73321777  10.54553259 -071.73319960 53 102
112  10.54554686 -071.73317429  10.54556198 -071.73315817
111  10.54554686 -071.73317429
112  10.54554686 -071.73317429  10.54555575 -071.73316482 53 102
112  10.54634135 -071.73234103  10.54670117 -071.73195882
111  10.54634135 -071.73234103
112  10.54634135 -071.73234103  10.54659356 -071.73207313 53 102
112  10.54683451 -071.73180630  10.54685565 -071.73178355
111  10.54683451 -071.73180630
112  10.54683451 -071.73180630  10.54688580 -071.73175109 53 102
112  10.54712848 -071.73150856  10.54714894 -071.73149010 53 102
112  10.54722880 -071.73144198  10.54728523 -071.73141159 53 102
115  10.54754414 -071.73129384
120 Linear Feature 37
111  10.54763744 -071.73151998 53 102
112  10.54758790 -071.73154307  10.54756051 -071.73155700 53 102
112  10.54751240 -071.73163386  10.54749372 -071.73167502 53 102
112  10.54739727 -071.73191990  10.54738027 -071.73196211 53 102
112  10.54733048 -071.73202997  10.54729867 -071.73206725 53 102
112  10.54676839 -071.73263728  10.54671043 -071.73269685 53 102
112  10.54662253 -071.73267322  10.54659390 -071.73265043 53 102
112  10.54649044 -071.73254682  10.54646014 -071.73251939 53 102
112  10.54637937 -071.73257381  10.54635863 -071.73260230 53 102
112  10.54587068 -071.73321581  10.54584993 -071.73324324 53 102
112  10.54586537 -071.73330452  10.54587470 -071.73334251
111  10.54586537 -071.73330452
112  10.54586537 -071.73330452  10.54586865 -071.73331786 53 102
112  10.54588956 -071.73337902  10.54590199 -071.73341387
111  10.54588956 -071.73337902
112  10.54588956 -071.73337902  10.54591251 -071.73344337 53 102
112  10.54599076 -071.73363145  10.54603263 -071.73372609
111  10.54599076 -071.73363145
112  10.54599076 -071.73363145  10.54605530 -071.73377733 53 102
115  10.54622732 -071.73378419
120 Linear Feature 36
111  10.55153054 -071.73153378 53 102
112  10.55191485 -071.73128420  10.55203388 -071.73120105 53 102
112  10.55236458 -071.73091768  10.55254012 -071.73074227 53 102
112  10.55269179 -071.73054024  10.55277425 -071.73042500
111  10.55269179 -071.73054024
112  10.55269179 -071.73054024  10.55270650 -071.73051969 53 102
112  10.55280998 -071.73038147  10.55287062 -071.73030068
111  10.55280998 -071.73038147
112  10.55280998 -071.73038147  10.55308928 -071.73000935 53 102
112  10.55377248 -071.72909700  10.55379866 -071.72905247
111  10.55377248 -071.72909700
112  10.55377248 -071.72909700  10.55380435 -071.72904280 53 102
116  10.55370263 -071.72897459  10.55359806 -071.72896365
120 Linear Feature 35
111  10.55684701 -071.72926588 53 102
112  10.55695198 -071.72909119  10.55692509 -071.72901926 53 102
112  10.55679229 -071.72899137  10.55672178 -071.72898225
111  10.55679229 -071.72899137
112  10.55679229 -071.72899137  10.55674450 -071.72898519 53 102
112  10.55633609 -071.72894315  10.55615375 -071.72892412
111  10.55633609 -071.72894315
112  10.55633609 -071.72894315  10.55624936 -071.72893410 53 102
112  10.55612858 -071.72892086  10.55609114 -071.72891634
111  10.55612858 -071.72892086
112  10.55612858 -071.72892086  10.55601242 -071.72890685 53 102
112  10.55486905 -071.72874554  10.55469971 -071.72872663 53 102
112  10.55450143 -071.72876385  10.55442614 -071.72879156 53 102
112  10.55426170 -071.72886950  10.55419215 -071.72890597 53 102
112  10.55400350 -071.72910081  10.55393299 -071.72919320 53 102
112  10.55335382 -071.72999501  10.55325676 -071.73011370
111  10.55335382 -071.72999501
112  10.55335382 -071.72999501  10.55327835 -071.73008729 53 102
112  10.55296000 -071.73049512  10.55284542 -071.73064319
111  10.55296000 -071.73049512
112  10.55296000 -071.73049512  10.55292721 -071.73053750 53 102
112  10.55288863 -071.73058826  10.55287555 -071.73060579
111  10.55288863 -071.73058826
112  10.55288863 -071.73058826  10.55282983 -071.73066703 53 102
112  10.55266768 -071.73091361  10.55264478 -071.73095819 53 102
116  10.55270104 -071.73103467  10.55276528 -071.73104683
120 Linear Feature 34
111  10.55397759 -071.72854178 102
112  10.55403193 -071.72821872  10.55394170 -071.72798054
111  10.55403193 -071.72821872
112  10.55403193 -071.72821872  10.55401252 -071.72817139 53 102
112  10.55393748 -071.72799161  10.55389629 -071.72789313
111  10.55393748 -071.72799161
112  10.55393748 -071.72799161  10.55378717 -071.72763227 53 102
115  10.55353920 -071.72704430
120 Linear Feature 33
111  10.55372374 -071.72698985 53 102
111  10.55411414 -071.72791818 53 102
111  10.55421370 -071.72815493 102
116  10.55444321 -071.72834171  10.55458942 -071.72835666
120 Linear Feature 32
111  10.55537155 -071.72827134 53 102
112  10.55531267 -071.72844795  10.55531466 -071.72855382 53 102
112  10.55548512 -071.72863627  10.55558694 -071.72865377 53 102
112  10.55590995 -071.72870047  10.55606690 -071.72872358
111  10.55590995 -071.72870047
112  10.55590995 -071.72870047  10.55601680 -071.72871620 53 102
112  10.55636190 -071.72875642  10.55651340 -071.72877269
111  10.55636190 -071.72875642
112  10.55636190 -071.72875642  10.55643295 -071.72876405 53 102
112  10.55653362 -071.72877245  10.55657455 -071.72877581
111  10.55653362 -071.72877245
112  10.55653362 -071.72877245  10.55666183 -071.72878296 53 102
112  10.55696856 -071.72870011  10.55711656 -071.72861870 53 102
112  10.55733978 -071.72824617  10.55741551 -071.72799846
111  10.55733978 -071.72824617
112  10.55733978 -071.72824617  10.55735861 -071.72818458 53 102
112  10.55736432 -071.72806347  10.55736306 -071.72800413
111  10.55736432 -071.72806347
112  10.55736432 -071.72806347  10.55736050 -071.72788414 53 102
112  10.55722715 -071.72766497  10.55717282 -071.72760286
111  10.55722715 -071.72766497
112  10.55722715 -071.72766497  10.55715485 -071.72758231 53 102
116  10.55698874 -071.72757105  10.55689861 -071.72757561
120 Linear Feature 31
111  10.55753249 -071.72734370 53 102
112  10.55743988 -071.72759649  10.55747430 -071.72776717
111  10.55743988 -071.72759649
112  10.55743988 -071.72759649  10.55746356 -071.72771392 53 102
112  10.55762363 -071.72796215  10.55772679 -071.72806987
111  10.55762363 -071.72796215
112  10.55762363 -071.72796215  10.55767041 -071.72801099 53 102
112  10.55779370 -071.72808324  10.55786070 -071.72811339
111  10.55779370 -071.72808324
112  10.55779370 -071.72808324  10.55800847 -071.72817987 53 102
112  10.55834592 -071.72813269  10.55850204 -071.72807673
111  10.55834592 -071.72813269
112  10.55834592 -071.72813269  10.55847810 -071.72808532 53 102
112  10.55862572 -071.72794587  10.55867926 -071.72788260
111  10.55862572 -071.72794587
112  10.55862572 -071.72794587  10.55863542 -071.72793441 53 102
112  10.55865112 -071.72791268  10.55865812 -071.72790234
111  10.55865112 -071.72791268
112  10.55865112 -071.72791268  10.55869673 -071.72784528 53 102
112  10.55915347 -071.72722913  10.55924668 -071.72710222 53 102
112  10.55935034 -071.72693720  10.55938221 -071.72688553 53 102
112  10.55926849 -071.72668369  10.55918334 -071.72664925 53 102
115  10.55912119 -071.72666318
120 Linear Feature 30
112  10.56049460 -071.72608653  10.56044829 -071.72611388 53 102
112  10.56010307 -071.72633522  10.55992464 -071.72646252 53 102
111  10.55975187 -071.72665593 53 102
112  10.55930243 -071.72735189  10.55921352 -071.72747516
111  10.55930243 -071.72735189
112  10.55930243 -071.72735189  10.55924861 -071.72742651 53 102
112  10.55877459 -071.72807016  10.55856685 -071.72835757
111  10.55877459 -071.72807016
112  10.55877459 -071.72807016  10.55863915 -071.72825754 53 102
112  10.55851245 -071.72844461  10.55849241 -071.72847159
111  10.55851245 -071.72844461
112  10.55851245 -071.72844461  10.55846166 -071.72851299 53 102
115  10.55854540 -071.72854858
120 Linear Feature 29
111  10.56338636 -071.72648791 53 102
112  10.56367531 -071.72625860  10.56379233 -071.72615532 53 102
112  10.56422484 -071.72574459  10.56434101 -071.72561242
111  10.56422484 -071.72574459
112  10.56422484 -071.72574459  10.56427785 -071.72568428 53 102
112  10.56454595 -071.72536229  10.56468311 -071.72519720
111  10.56454595 -071.72536229
112  10.56454595 -071.72536229  10.56470939 -071.72516557 53 102
112  10.56494291 -071.72487944  10.56500408 -071.72480214
111  10.56494291 -071.72487944
112  10.56494291 -071.72487944  10.56505542 -071.72473726 53 102
112  10.56549502 -071.72415786  10.56554043 -071.72410194 53 102
116  10.56540663 -071.72401153  10.56528688 -071.72400132
120 Linear Feature 26
111  10.56644635 -071.72355341 53 102
112  10.56612993 -071.72375535  10.56598538 -071.72387352 53 102
112  10.56571977 -071.72419179  10.56559844 -071.72434409 53 102
112  10.56522091 -071.72484309  10.56506974 -071.72503972
111  10.56522091 -071.72484309
112  10.56522091 -071.72484309  10.56511223 -071.72498446 53 102
112  10.56471316 -071.72550728  10.56456542 -071.72570184
111  10.56471316 -071.72550728
112  10.56471316 -071.72550728  10.56465541 -071.72558333 53 102
112  10.56459903 -071.72565939  10.56459075 -071.72567101
111  10.56459903 -071.72565939
112  10.56459903 -071.72565939  10.56456957 -071.72570075 53 102
112  10.56459782 -071.72581868  10.56464024 -071.72588493 53 102
115  10.56473871 -071.72589230
120 Linear Feature 25
111  10.56784905 -071.72265274 53 102
112  10.56796322 -071.72226415  10.56798024 -071.72220632 53 102
112  10.56807044 -071.72219675  10.56810630 -071.72219614 53 102
111  10.56901878 -071.72221041 53 102
112  10.56902657 -071.72252075  10.56902801 -071.72254772 53 102
112  10.56906383 -071.72255612  10.56908372 -071.72255612 53 102
112  10.57047395 -071.72255162  10.57051579 -071.72255126 53 102
112  10.57054993 -071.72260397  10.57056376 -071.72263668
111  10.57054993 -071.72260397
112  10.57054993 -071.72260397  10.57055601 -071.72261836 53 102
112  10.57067764 -071.72291274  10.57074101 -071.72306615
111  10.57067764 -071.72291274
112  10.57067764 -071.72291274  10.57075834 -071.72310812 53 102
115  10.57084732 -071.72332369
120 Linear Feature 24
111  10.57045316 -071.72349009 53 102
112  10.57052069 -071.72339458  10.57053832 -071.72334639 53 102
112  10.57051982 -071.72320103  10.57048703 -071.72311745
111  10.57051982 -071.72320103
112  10.57051982 -071.72320103  10.57050117 -071.72315350 53 102
112  10.57044491 -071.72301903  10.57041876 -071.72295689
111  10.57044491 -071.72301903
112  10.57044491 -071.72301903  10.57042508 -071.72297190 53 102
112  10.57039904 -071.72291044  10.57039054 -071.72289026
111  10.57039904 -071.72291044
112  10.57039904 -071.72291044  10.57037933 -071.72286365 53 102
112  10.57028859 -071.72281576  10.57023084 -071.72280943 53 102
112  10.56977436 -071.72277030  10.56967039 -071.72276373 53 102
112  10.56943949 -071.72275784  10.56932046 -071.72275784 53 102
112  10.56846741 -071.72274416  10.56843693 -071.72274477 53 102
115  10.56842065 -071.72274642
120 Linear Feature 4
111  10.56672906 -071.72326987 51 101
112  10.56685947 -071.72304538  10.56686312 -071.72291491 51 101
115  10.56673839 -071.72281328
120 Linear Feature 23
111  10.56596273 -071.72265440 51
112  10.56597366 -071.72254017  10.56591946 -071.72248143 51
112  10.56563879 -071.72220579  10.56561346 -071.72218217 51
116  10.56555866 -071.72218024  10.56552894 -071.72218402
120 Linear Feature 30
111  10.56429903 -071.71964695 51
116  10.56438047 -071.71950131  10.56446824 -071.71944541
120 Linear Feature 30
111  10.56435720 -071.71978615 51
116  10.56443763 -071.71964721  10.56452540 -071.71959132
120 Linear Feature 30
111  10.56441932 -071.71993481 51
116  10.56449963 -071.71979145  10.56458741 -071.71973556
120 Linear Feature 30
111  10.56448460 -071.72009103 51
116  10.56456322 -071.71994209  10.56465099 -071.71988619
120 Linear Feature 30
111  10.56455089 -071.72024968 51
116  10.56462952 -071.72010074  10.56471729 -071.72004485
120 Linear Feature 30
111  10.56461633 -071.72040627 51
116  10.56469546 -071.72026043  10.56478323 -071.72020453
120 Linear Feature 30
111  10.56469282 -071.72058932 51
116  10.56476040 -071.72041998  10.56484817 -071.72036408
120 Linear Feature 30
111  10.56474981 -071.72072572 51
116  10.56482584 -071.72057270  10.56490486 -071.72052941
120 Linear Feature 30
111  10.56480522 -071.72085832 51
116  10.56488371 -071.72071030  10.56496273 -071.72066702
120 Linear Feature 30
111  10.56487290 -071.72102029 51
116  10.56495139 -071.72087228  10.56503041 -071.72082899
120 Linear Feature 30
111  10.56493960 -071.72117992 51
116  10.56501809 -071.72103190  10.56509711 -071.72098861
120 Linear Feature 30
111  10.56500180 -071.72132877 51
116  10.56508272 -071.72118755  10.56516174 -071.72114427
120 Linear Feature 30
111  10.56507075 -071.72149378 51
116  10.56516484 -071.72138193  10.56524386 -071.72133865
120 Linear Feature 29
111  10.56445992 -071.71930110 51
111  10.56456217 -071.71925348 51
116  10.56469880 -071.71929405  10.56476509 -071.71934739
120 Linear Feature 29
111  10.56452313 -071.71944579 51
111  10.56462538 -071.71939817 51
116  10.56475750 -071.71943387  10.56482380 -071.71948721
120 Linear Feature 29
111  10.56458148 -071.71958974 51
111  10.56468374 -071.71954212 51
116  10.56481840 -071.71957889  10.56487886 -071.71963446
120 Linear Feature 29
111  10.56464348 -071.71973257 51
111  10.56474574 -071.71968495 51
116  10.56488270 -071.71973204  10.56494025 -071.71979429
120 Linear Feature 29
111  10.56470548 -071.71988158 51
111  10.56480774 -071.71983397 51
116  10.56495306 -071.71989961  10.56501061 -071.71996185
120 Linear Feature 29
111  10.56476991 -071.72003864 51
111  10.56487217 -071.71999102 51
116  10.56501743 -071.72005290  10.56507497 -071.72011515
120 Linear Feature 29
111  10.56484042 -071.72019878 51
111  10.56494268 -071.72015116 51
116  10.56508330 -071.72020977  10.56514084 -071.72027202
120 Linear Feature 29
111  10.56490546 -071.72035522 51
111  10.56500518 -071.72030708 51
116  10.56514704 -071.72036159  10.56520459 -071.72042383
120 Linear Feature 29
111  10.56496819 -071.72051400 51
111  10.56506791 -071.72046587 51
116  10.56521357 -071.72052001  10.56527597 -071.72058782
120 Linear Feature 29
111  10.56503218 -071.72066715 51
111  10.56513312 -071.72061925 51
116  10.56527624 -071.72066927  10.56533864 -071.72073708
120 Linear Feature 29
111  10.56510018 -071.72082455 51
111  10.56520241 -071.72077631 51
116  10.56534051 -071.72082234  10.56540717 -071.72088583
120 Linear Feature 29
111  10.56516400 -071.72097851 51
111  10.56526623 -071.72093027 51
116  10.56540278 -071.72097063  10.56546944 -071.72103411
120 Linear Feature 29
111  10.56522965 -071.72113680 51
111  10.56533188 -071.72108361 51
116  10.56547280 -071.72113739  10.56553459 -071.72120644
120 Linear Feature 28
111  10.56555405 -071.72133090 51
111  10.56543839 -071.72137504 51
116  10.56531595 -071.72134150  10.56523997 -071.72135077
120 Linear Feature 41
111  10.56406114 -071.71930511 22
112  10.56418737 -071.71917793  10.56423397 -071.71908467 22
112  10.56434892 -071.71884227  10.56438438 -071.71874643 22
116  10.56438093 -071.71853756  10.56436675 -071.71841699
120 Linear Feature 40
111  10.56536335 -071.71982640 22
112  10.56498105 -071.71890068  10.56495825 -071.71884443 22
112  10.56487735 -071.71881548  10.56482205 -071.71881204 22
112  10.56456316 -071.71879481  10.56450576 -071.71879094 22
112  10.56444509 -071.71869214  10.56441217 -071.71861442 22
115  10.56438093 -071.71853756
120 Linear Feature 39
111  10.56406940 -071.71933939 20
112  10.56421494 -071.71919448  10.56426812 -071.71908988 20
112  10.56437508 -071.71886709  10.56440791 -071.71878671 20
111  10.56441913 -071.71870687 20
112  10.56456468 -071.71882587  10.56467409 -071.71883721 20
112  10.56486006 -071.71884539  10.56490008 -071.71884848 20
112  10.56495572 -071.71892933  10.56497978 -071.71898901 20
115  10.56533286 -071.71984015
120 Linear Feature 38
111  10.56404444 -071.71927542 20
112  10.56415420 -071.71916707  10.56419683 -071.71908763 20
112  10.56433050 -071.71879429  10.56435279 -071.71872885 20
116  10.56434265 -071.71855351  10.56431521 -071.71846377
120 Linear Feature 37
111  10.56539476 -071.71981330 20
112  10.56499604 -071.71884134  10.56498084 -071.71880475 20
112  10.56489833 -071.71878341  10.56485317 -071.71877568 20
112  10.56456697 -071.71876637  10.56453201 -071.71876328 20
112  10.56447800 -071.71868952  10.56445394 -071.71863370 20
115  10.56440278 -071.71852038
120 Linear Feature 25
112  10.56577997 -071.72208810  10.56584599 -071.72205143 51
111  10.56582688 -071.72198067 51
111  10.56571314 -071.72170979 51
111  10.56555405 -071.72133090 51
111  10.56547280 -071.72113739 51
111  10.56540278 -071.72097063 51
111  10.56534051 -071.72082234 51
111  10.56527624 -071.72066927 51
111  10.56521357 -071.72052001 51
111  10.56514704 -071.72036159 51
111  10.56508330 -071.72020977 51
111  10.56501743 -071.72005290 51
111  10.56495306 -071.71989961 51
111  10.56488270 -071.71973204 51
111  10.56481840 -071.71957889 51
111  10.56475750 -071.71943387 51
115  10.56469880 -071.71929405
120 Linear Feature 24
111  10.56619467 -071.72254912 51
112  10.56621211 -071.72244006  10.56615977 -071.72238381 51
112  10.56589365 -071.72209496  10.56587508 -071.72207521 51
116  10.56582787 -071.72206833  10.56580930 -071.72207005
120 Linear Feature 23
111  10.56607663 -071.72260258 51
112  10.56609106 -071.72253029  10.56605898 -071.72249508 51
112  10.56574618 -071.72215528  10.56571883 -071.72212694 51
115  10.56569124 -071.72212472
120 Linear Feature 22
111  10.56582975 -071.72271568 51
112  10.56583995 -071.72260424  10.56578676 -071.72255168 51
112  10.56552032 -071.72228676  10.56550038 -071.72226827 51
116  10.56546960 -071.72227091  10.56545231 -071.72227509
120 Linear Feature 19
111  10.56566809 -071.72292327 51
112  10.56579855 -071.72273044  10.56590504 -071.72267924
111  10.56579855 -071.72273044
112  10.56579855 -071.72273044  10.56580715 -071.72272631 51
112  10.56582975 -071.72271568  10.56584183 -071.72271002
111  10.56582975 -071.72271568
112  10.56582975 -071.72271568  10.56586403 -071.72269962 51
112  10.56596273 -071.72265440  10.56601450 -071.72263077
111  10.56596273 -071.72265440
112  10.56596273 -071.72265440  10.56599921 -071.72263775 51
112  10.56607663 -071.72260258  10.56611517 -071.72258509
111  10.56607663 -071.72260258
112  10.56607663 -071.72260258  10.56611745 -071.72258406 51
112  10.56619467 -071.72254912  10.56623147 -071.72253248
111  10.56619467 -071.72254912
112  10.56619467 -071.72254912  10.56627175 -071.72251426 51
112  10.56634811 -071.72247967  10.56636334 -071.72247266
111  10.56634811 -071.72247967
112  10.56634811 -071.72247967  10.56639066 -071.72246009 51
112  10.56637747 -071.72239329  10.56635763 -071.72237311 51
112  10.56602970 -071.72203229  10.56601317 -071.72201512 51
112  10.56595478 -071.72201518  10.56591714 -071.72203235
111  10.56595478 -071.72201518
112  10.56595478 -071.72201518  10.56594044 -071.72202172 51
112  10.56582787 -071.72206833  10.56576638 -071.72209373
111  10.56582787 -071.72206833
112  10.56582787 -071.72206833  10.56581242 -071.72207471 51
112  10.56577997 -071.72208810  10.56576363 -071.72209484
111  10.56577997 -071.72208810
112  10.56577997 -071.72208810  10.56575035 -071.72210032 51
112  10.56569124 -071.72212472  10.56566253 -071.72213659
111  10.56569124 -071.72212472
112  10.56569124 -071.72212472  10.56563336 -071.72214865 51
112  10.56555866 -071.72218024  10.56553493 -071.72219062
111  10.56555866 -071.72218024
112  10.56555866 -071.72218024  10.56552272 -071.72219596 51
112  10.56546960 -071.72227091  10.56544726 -071.72230876
111  10.56546960 -071.72227091
112  10.56546960 -071.72227091  10.56544260 -071.72231566 51
115  10.56543230 -071.72235901
120 Linear Feature 20
111  10.56573597 -071.72308610 51
112  10.56588401 -071.72277934  10.56603062 -071.72270960 51
112  10.56613182 -071.72265979  10.56619090 -071.72263382 51
116  10.56638062 -071.72266283  10.56647690 -071.72269933
120 Linear Feature 21
111  10.56555521 -071.72265314 51
116  10.56588401 -071.72277934  10.56609268 -071.72273767
120 Linear Feature 27
111  10.56582510 -071.72084158 1
112  10.56577294 -071.72097667  10.56568492 -071.72102682 1
111  10.56563732 -071.72093119 1
114  10.56568752 -071.72078541  10.56577946 -071.72074261 1
120 Linear Feature 27
111  10.56593716 -071.72110696 1
112  10.56588500 -071.72124204  10.56579697 -071.72129220 1
111  10.56574937 -071.72119657 1
114  10.56579958 -071.72105078  10.56589152 -071.72100798 1
120 Linear Feature 27
111  10.56605375 -071.72137300 1
112  10.56600159 -071.72150809  10.56591356 -071.72155824 1
111  10.56586596 -071.72146261 1
114  10.56591617 -071.72131683  10.56600811 -071.72127403 1
120 Linear Feature 27
111  10.56615140 -071.72163626 1
112  10.56610277 -071.72176116  10.56602071 -071.72180754 1
111  10.56597634 -071.72171912 1
114  10.56602314 -071.72158432  10.56610885 -071.72154475 1
120 Linear Feature 26
111  10.56542146 -071.72233305 51
112  10.56545257 -071.72217182  10.56550780 -071.72209739 51
112  10.56568824 -071.72185313  10.56571458 -071.72181552 51
116  10.56571314 -071.72170979  10.56570402 -071.72166032
120 Linear Feature 34
111  10.56449315 -071.72066167 51
115  10.56413054 -071.71980694
120 Linear Feature 33
112  10.56406345 -071.71976481  10.56411341 -071.71977209 51
111  10.56413054 -071.71980694 51
116  10.56415690 -071.71972514  10.56419464 -071.71969070
120 Linear Feature 33
112  10.56446917 -071.72075457  10.56450252 -071.72071506 51
111  10.56449315 -071.72066167 51
116  10.56458244 -071.72070694  10.56463993 -071.72070754
120 Linear Feature 36
111  10.56449007 -071.72101694 51
115  10.56442433 -071.72085112
120 Linear Feature 36
111  10.56438667 -071.72106532 51
115  10.56432093 -071.72089950
120 Linear Feature 36
111  10.56428390 -071.72111161 51
115  10.56421329 -071.72094146
120 Linear Feature 36
111  10.56418046 -071.72115953 51
115  10.56410327 -071.72097856
120 Linear Feature 35
112  10.56401417 -071.72094542  10.56406949 -071.72094037 51
111  10.56410327 -071.72097856 51
112  10.56412779 -071.72089784  10.56416183 -071.72086631
111  10.56412779 -071.72089784
112  10.56412779 -071.72089784  10.56419348 -071.72089765 51
111  10.56421329 -071.72094146 51
112  10.56423900 -071.72085123  10.56427476 -071.72081211
111  10.56423900 -071.72085123
112  10.56423900 -071.72085123  10.56430262 -071.72084973 51
111  10.56432093 -071.72089950 51
112  10.56434924 -071.72080496  10.56438996 -071.72075920
111  10.56434924 -071.72080496
112  10.56434924 -071.72080496  10.56440516 -071.72080558 51
111  10.56442433 -071.72085112 51
116  10.56445772 -071.72075938  10.56449662 -071.72072785
120 Linear Feature 32
111  10.56464365 -071.72068118 51
112  10.56458244 -071.72070694  10.56454400 -071.72072311
111  10.56458244 -071.72070694
112  10.56458244 -071.72070694  10.56455287 -071.72071938 51
112  10.56446917 -071.72075457  10.56442431 -071.72077343
111  10.56446917 -071.72075457
112  10.56446917 -071.72075457  10.56446540 -071.72075616 51
112  10.56445772 -071.72075938  10.56445386 -071.72076100
111  10.56445772 -071.72075938
112  10.56445772 -071.72075938  10.56442421 -071.72077346 51
112  10.56434924 -071.72080496  10.56431085 -071.72082108
111  10.56434924 -071.72080496
112  10.56434924 -071.72080496  10.56431371 -071.72081988 51
112  10.56423900 -071.72085123  10.56420137 -071.72086702
111  10.56423900 -071.72085123
112  10.56423900 -071.72085123  10.56422057 -071.72085896 51
112  10.56412779 -071.72089784  10.56408130 -071.72091732
111  10.56412779 -071.72089784
112  10.56412779 -071.72089784  10.56408025 -071.72091776 51
112  10.56401417 -071.72094542  10.56399583 -071.72095309
111  10.56401417 -071.72094542
112  10.56401417 -071.72094542  10.56385675 -071.72101125 51
112  10.56371186 -071.72107043  10.56369615 -071.72107593
111  10.56371186 -071.72107043
112  10.56371186 -071.72107043  10.56366895 -071.72108546 51
112  10.56360653 -071.72100974  10.56358631 -071.72096113 51
112  10.56327184 -071.72021476  10.56324854 -071.72015757 51
112  10.56331819 -071.72008594  10.56336673 -071.72005975
111  10.56331819 -071.72008594
112  10.56331819 -071.72008594  10.56335307 -071.72006712 51
112  10.56406345 -071.71976481  10.56431755 -071.71965688
111  10.56406345 -071.71976481
112  10.56406345 -071.71976481  10.56409917 -071.71974964 51
112  10.56415690 -071.71972514  10.56418290 -071.71971411
111  10.56415690 -071.71972514
112  10.56415690 -071.71972514  10.56420334 -071.71970544 51
115  10.56423149 -071.71969352
120 Linear Feature 31
112  10.56433714 -071.71973814  10.56428986 -071.71967674 51
111  10.56423149 -071.71969352 51
116  10.56427570 -071.71959111  10.56426903 -071.71952276
120 Linear Feature 31
112  10.56474981 -071.72072572  10.56469798 -071.72066381 51
111  10.56464365 -071.72068118 51
116  10.56469282 -071.72058932  10.56469071 -071.72052509
120 Linear Feature 46
111  10.56337014 -071.72455375 53
112  10.56338069 -071.72441434  10.56335255 -071.72434206 53
111  10.56320992 -071.72399837 53
111  10.56317571 -071.72396663 53
111  10.56264014 -071.72418685 53
111  10.56249500 -071.72382796 53
111  10.56262470 -071.72377187 53
111  10.56253942 -071.72355682 53
111  10.56324221 -071.72323885 53
111  10.56347991 -071.72381373 53
111  10.56331396 -071.72389541 53
111  10.56331498 -071.72393020 53
112  10.56349742 -071.72436875  10.56350801 -071.72439463 53
116  10.56355380 -071.72444208  10.56357210 -071.72445389
120 Linear Feature 51
111  10.56284569 -071.72357952 2
111  10.56288755 -071.72351977 2
113  10.56281755 -071.72351511 2
120 Linear Feature 50
111  10.56290832 -071.72372957 2
111  10.56295476 -071.72367118 2
113  10.56288215 -071.72366517 2
120 Linear Feature 49
111  10.56305504 -071.72359712 2
111  10.56313892 -071.72349528 2
113  10.56301334 -071.72348955 2
120 Linear Feature 48
111  10.56273401 -071.72353048 1
111  10.56292229 -071.72343940 1
111  10.56296744 -071.72354022 1
113  10.56278201 -071.72363296 1
120 Linear Feature 48
111  10.56279966 -071.72368036 1
111  10.56298794 -071.72358928 1
111  10.56303308 -071.72369010 1
113  10.56284766 -071.72378284 1
120 Linear Feature 48
111  10.56298402 -071.72348854 1
111  10.56313937 -071.72341858 1
111  10.56319425 -071.72355341 1
113  10.56304174 -071.72362502 1
120 Linear Feature 47
111  10.56330552 -071.72343455 1
111  10.56326231 -071.72332902 1
111  10.56316275 -071.72337553 1
113  10.56320876 -071.72348202 1
120 Linear Feature 47
111  10.56338271 -071.72362870 1
111  10.56333951 -071.72352317 1
111  10.56323994 -071.72356968 1
113  10.56328595 -071.72367617 1
120 Linear Feature 47
111  10.56346237 -071.72381479 1
111  10.56341916 -071.72370926 1
111  10.56331960 -071.72375577 1
113  10.56336561 -071.72386226 1
120 Linear Feature 45
111  10.56316442 -071.72372172 51
112  10.56313070 -071.72371457  10.56310432 -071.72372774 51
112  10.56275995 -071.72389941  10.56274529 -071.72390637 51
112  10.56270825 -071.72388052  10.56269603 -071.72385070 51
115  10.56258660 -071.72358613
120 Linear Feature 44
111  10.56325163 -071.72393402 51
112  10.56320557 -071.72391783  10.56317528 -071.72393200 51
112  10.56268697 -071.72413801  10.56266821 -071.72414577 51
112  10.56264400 -071.72411571  10.56263491 -071.72409245 51
115  10.56253933 -071.72384729
120 Linear Feature 43
111  10.56346849 -071.72446188 51
111  10.56325163 -071.72393402 51
115  10.56316442 -071.72372172
120 Linear Feature 42
112  10.56340154 -071.72468880  10.56349491 -071.72457825 51
111  10.56346849 -071.72446188 51
116  10.56368667 -071.72456593  10.56386027 -071.72455703
120 Linear Feature 18
111  10.56581593 -071.72327791 51
111  10.56573597 -071.72308610 51
111  10.56566809 -071.72292327 51
111  10.56555521 -071.72265314 51
111  10.56543230 -071.72235901 51
111  10.56542146 -071.72233305 51
111  10.56507075 -071.72149378 51
111  10.56500180 -071.72132877 51
111  10.56493960 -071.72117992 51
111  10.56487290 -071.72102029 51
111  10.56480522 -071.72085832 51
111  10.56474981 -071.72072572 51
111  10.56469282 -071.72058932 51
111  10.56461633 -071.72040627 51
111  10.56455089 -071.72024968 51
111  10.56448460 -071.72009103 51
111  10.56441932 -071.71993481 51
111  10.56435720 -071.71978615 51
111  10.56433714 -071.71973814 51
111  10.56429903 -071.71964695 51
115  10.56427570 -071.71959111
120 Linear Feature 3
111  10.56638062 -071.72266283 51 101
112  10.56673839 -071.72281328  10.56692311 -071.72289083
111  10.56673839 -071.72281328
112  10.56673839 -071.72281328  10.56692595 -071.72289202 51 101
112  10.56716815 -071.72299236  10.56721078 -071.72300918
111  10.56716815 -071.72299236
112  10.56716815 -071.72299236  10.56725276 -071.72302575 51 101
112  10.56741575 -071.72298165  10.56747806 -071.72295486 51 101
115  10.56793666 -071.72276013
120 Linear Feature 7
112  10.56040425 -071.72594773  10.56013745 -071.72597727 51 101
111  10.56000145 -071.72575859 51 101
116  10.55986992 -071.72617434  10.55968786 -071.72633728
120 Linear Feature 64
111  10.55722665 -071.72382341 20
111  10.55718167 -071.72384134 20
111  10.55716813 -071.72388874 20
111  10.55710814 -071.72409879 20
111  10.55697487 -071.72416219 20
111  10.55705219 -071.72434323 20
111  10.55717327 -071.72428091 20
111  10.55742711 -071.72437557 20
115  10.55748690 -071.72434296
120 Linear Feature 69
111  10.55576003 -071.72462379 20
111  10.55566278 -071.72462328 20
111  10.55564199 -071.72466950 20
111  10.55559997 -071.72476294 20
111  10.55547129 -071.72476987 20
111  10.55548041 -071.72494763 20
111  10.55560400 -071.72494042 20
111  10.55570434 -071.72505377 20
115  10.55581017 -071.72505241
120 Linear Feature 72
111  10.55493136 -071.72498419 20
111  10.55497441 -071.72489453 20
111  10.55491110 -071.72476778 20
111  10.55498980 -071.72461023 20
111  10.55483518 -071.72453155 20
111  10.55475728 -071.72468854 20
111  10.55460772 -071.72468299 20
115  10.55456119 -071.72477722
120 Linear Feature 80
111  10.55686815 -071.72357988 20
112  10.55710258 -071.72348052  10.55714361 -071.72346558 20
112  10.55727545 -071.72356544  10.55730753 -071.72364359 20
112  10.55778565 -071.72476857  10.55780793 -071.72483092 20
112  10.55773153 -071.72493927  10.55766113 -071.72497379 20
115  10.55657607 -071.72542228
120 Linear Feature 93
112  10.55312001 -071.72654299  10.55312062 -071.72648920 1
111  10.55316813 -071.72645688 1
116  10.55307552 -071.72643644  10.55303865 -071.72639934
120 Linear Feature 102
111  10.55271285 -071.72534946 22
115  10.55381972 -071.72487307
120 Linear Feature 101
111  10.55380915 -071.72484737 20
115  10.55270226 -071.72532555
120 Linear Feature 100
111  10.55272315 -071.72537941 20
111  10.55375090 -071.72493325 20
116  10.55384925 -071.72493067  10.55388429 -071.72494828
120 Linear Feature 95
111  10.55282603 -071.72583896 1
112  10.55291982 -071.72566540  10.55301960 -071.72561925 1
112  10.55314632 -071.72556834  10.55318735 -071.72555391 1
116  10.55332344 -071.72567237  10.55338422 -071.72577181
120 Linear Feature 95
111  10.55293865 -071.72610865 1
112  10.55304613 -071.72591557  10.55314591 -071.72586571 1
112  10.55325148 -071.72582369  10.55329251 -071.72580927 1
116  10.55342121 -071.72590639  10.55348442 -071.72599965
120 Linear Feature 95
111  10.55302628 -071.72631852 1
112  10.55311160 -071.72621168  10.55319475 -071.72617162 1
112  10.55337122 -071.72610289  10.55341225 -071.72608847 1
116  10.55351251 -071.72612550  10.55354594 -071.72616311
120 Linear Feature 94
111  10.55353109 -071.72630681 1
112  10.55355397 -071.72622603  10.55353287 -071.72617236
111  10.55355397 -071.72622603
112  10.55355397 -071.72622603  10.55355002 -071.72621599 1
112  10.55351251 -071.72612550  10.55349028 -071.72607199
111  10.55351251 -071.72612550
112  10.55351251 -071.72612550  10.55349432 -071.72608171 1
112  10.55344636 -071.72596668  10.55342126 -071.72590649
111  10.55344636 -071.72596668
112  10.55344636 -071.72596668  10.55343819 -071.72594708 1
112  10.55342121 -071.72590639  10.55341264 -071.72588586
111  10.55342121 -071.72590639
112  10.55342121 -071.72590639  10.55340711 -071.72587262 1
112  10.55337801 -071.72580295  10.55336343 -071.72576806
111  10.55337801 -071.72580295
112  10.55337801 -071.72580295  10.55335966 -071.72575903 1
112  10.55332344 -071.72567237  10.55330565 -071.72562982
111  10.55332344 -071.72567237
112  10.55332344 -071.72567237  10.55330079 -071.72561820 1
112  10.55326016 -071.72552107  10.55324113 -071.72547558
111  10.55326016 -071.72552107
112  10.55326016 -071.72552107  10.55323623 -071.72546385 1
112  10.55320355 -071.72538578  10.55319075 -071.72535519
111  10.55320355 -071.72538578
112  10.55320355 -071.72538578  10.55319362 -071.72536204 1
111  10.55318794 -071.72534849 1
116  10.55311830 -071.72531233  10.55306554 -071.72532056
120 Linear Feature 99
111  10.55394567 -071.72524996 1
112  10.55384681 -071.72519511  10.55379194 -071.72522027 1
112  10.55369569 -071.72526458  10.55366500 -071.72527932 1
116  10.55357900 -071.72522981  10.55354230 -071.72518509
120 Linear Feature 99
111  10.55400851 -071.72540377 1
112  10.55391428 -071.72535834  10.55385941 -071.72538350 1
112  10.55376317 -071.72542781  10.55373247 -071.72544255 1
116  10.55364762 -071.72539304  10.55362246 -071.72534833
120 Linear Feature 99
111  10.55407981 -071.72557813 1
112  10.55397929 -071.72552915  10.55392441 -071.72555277 1
112  10.55382395 -071.72559970  10.55379264 -071.72561258 1
116  10.55371733 -071.72555963  10.55369217 -071.72552574
120 Linear Feature 99
111  10.55414948 -071.72574849 1
112  10.55405426 -071.72570209  10.55399938 -071.72572570 1
112  10.55389358 -071.72577148  10.55386227 -071.72578437 1
116  10.55378646 -071.72572521  10.55376130 -071.72569132
120 Linear Feature 99
111  10.55421743 -071.72591466 1
112  10.55412501 -071.72587719  10.55407013 -071.72590080 1
112  10.55395505 -071.72595045  10.55392374 -071.72596333 1
116  10.55386266 -071.72590813  10.55384156 -071.72586805
120 Linear Feature 98
111  10.55320355 -071.72538578 1
112  10.55332854 -071.72541253  10.55340157 -071.72538420 1
112  10.55352656 -071.72533381  10.55356385 -071.72531843 1
116  10.55364762 -071.72539304  10.55367659 -071.72544228
120 Linear Feature 97
111  10.55326016 -071.72552107 1
112  10.55342998 -071.72557943  10.55352470 -071.72554223 1
111  10.55360407 -071.72550566 1
116  10.55370750 -071.72553614  10.55375420 -071.72559116
120 Linear Feature 97
111  10.55332344 -071.72567237 1
112  10.55349275 -071.72574618  10.55358747 -071.72570898 1
111  10.55365971 -071.72567598 1
116  10.55378646 -071.72572521  10.55383843 -071.72580456
120 Linear Feature 97
111  10.55337801 -071.72580295 1
112  10.55354671 -071.72591696  10.55364144 -071.72587728 1
111  10.55372827 -071.72584292 1
116  10.55385195 -071.72588236  10.55390746 -071.72595141
120 Linear Feature 97
111  10.55344636 -071.72596668 1
112  10.55361912 -071.72608996  10.55371384 -071.72605028 1
111  10.55381053 -071.72601123 1
116  10.55392561 -071.72606037  10.55397505 -071.72613127
120 Linear Feature 96
111  10.55390240 -071.72615299 1
112  10.55392561 -071.72606037  10.55390245 -071.72600222
111  10.55392561 -071.72606037
112  10.55392561 -071.72606037  10.55391984 -071.72604589 1
112  10.55386266 -071.72590813  10.55382954 -071.72582847
111  10.55386266 -071.72590813
112  10.55386266 -071.72590813  10.55385919 -071.72589977 1
112  10.55385195 -071.72588236  10.55384828 -071.72587356
111  10.55385195 -071.72588236
112  10.55385195 -071.72588236  10.55383216 -071.72583482 1
112  10.55378646 -071.72572521  10.55376315 -071.72566933
111  10.55378646 -071.72572521
112  10.55378646 -071.72572521  10.55376378 -071.72567084 1
112  10.55371733 -071.72555963  10.55369443 -071.72550486
111  10.55371733 -071.72555963
112  10.55371733 -071.72555963  10.55371404 -071.72555177 1
112  10.55370750 -071.72553614  10.55370425 -071.72552835
111  10.55370750 -071.72553614
112  10.55370750 -071.72553614  10.55368635 -071.72548554 1
112  10.55364762 -071.72539304  10.55362927 -071.72534924
111  10.55364762 -071.72539304
112  10.55364762 -071.72539304  10.55361736 -071.72532082 1
112  10.55357900 -071.72522981  10.55356539 -071.72519769
111  10.55357900 -071.72522981
112  10.55357900 -071.72522981  10.55357334 -071.72521646 1
112  10.55356820 -071.72520461  10.55356679 -071.72520148
111  10.55356820 -071.72520461
112  10.55356820 -071.72520461  10.55355216 -071.72516897 1
116  10.55348592 -071.72515575  10.55345293 -071.72516041
120 Linear Feature 92
111  10.55350902 -071.72682826 1
111  10.55321176 -071.72676270 1
111  10.55312001 -071.72654299 1
111  10.55307552 -071.72643644 1
111  10.55302628 -071.72631852 1
111  10.55293865 -071.72610865 1
111  10.55282603 -071.72583896 1
111  10.55271775 -071.72557964 1
112  10.55278317 -071.72545541  10.55286888 -071.72541831
111  10.55278317 -071.72545541
112  10.55278317 -071.72545541  10.55281392 -071.72544210 1
112  10.55311830 -071.72531233  10.55328379 -071.72524181
111  10.55311830 -071.72531233
112  10.55311830 -071.72531233  10.55323719 -071.72526167 1
112  10.55348592 -071.72515575  10.55360203 -071.72510632
111  10.55348592 -071.72515575
112  10.55348592 -071.72515575  10.55365869 -071.72508220 1
111  10.55379489 -071.72502423 1
112  10.55386722 -071.72505712  10.55388762 -071.72510901
111  10.55386722 -071.72505712
112  10.55386722 -071.72505712  10.55387289 -071.72507155 1
112  10.55394567 -071.72524996  10.55398751 -071.72535243
111  10.55394567 -071.72524996
112  10.55394567 -071.72524996  10.55396479 -071.72529680 1
112  10.55400851 -071.72540377  10.55403083 -071.72545836
111  10.55400851 -071.72540377
112  10.55400851 -071.72540377  10.55403181 -071.72546076 1
112  10.55407981 -071.72557813  10.55410352 -071.72563612
111  10.55407981 -071.72557813
112  10.55407981 -071.72557813  10.55410421 -071.72563779 1
112  10.55414948 -071.72574849  10.55417097 -071.72580103
111  10.55414948 -071.72574849
112  10.55414948 -071.72574849  10.55417717 -071.72581617 1
112  10.55421743 -071.72591466  10.55423383 -071.72595480
111  10.55421743 -071.72591466
112  10.55421743 -071.72591466  10.55423138 -071.72594882 1
112  10.55424085 -071.72597215  10.55424177 -071.72597449
111  10.55424085 -071.72597215
112  10.55424085 -071.72597215  10.55424696 -071.72598780 1
112  10.55420949 -071.72602627  10.55418140 -071.72603795
111  10.55420949 -071.72602627
112  10.55420949 -071.72602627  10.55419961 -071.72603038 1
112  10.55390108 -071.72615383  10.55373436 -071.72622277
111  10.55390108 -071.72615383
112  10.55390108 -071.72615383  10.55378490 -071.72620187 1
112  10.55353109 -071.72630681  10.55341043 -071.72635670
111  10.55353109 -071.72630681
112  10.55353109 -071.72630681  10.55333273 -071.72638883 1
115  10.55316813 -071.72645688
120 Linear Feature 91
111  10.56070650 -071.72368012 22
112  10.56064702 -071.72363227  10.56062005 -071.72356876 22
115  10.56005679 -071.72223607
120 Linear Feature 90
111  10.55780728 -071.72491683 22
112  10.55781285 -071.72476844  10.55777486 -071.72467157 22
115  10.55724925 -071.72342281
120 Linear Feature 89
111  10.55683649 -071.72355927 22
115  10.55999100 -071.72221384
120 Linear Feature 88
111  10.55595565 -071.72420979 22
112  10.55617989 -071.72395767  10.55624991 -071.72388867 22
112  10.55634159 -071.72382378  10.55638516 -071.72381605 22
116  10.55648611 -071.72386564  10.55653001 -071.72389784
120 Linear Feature 87
111  10.55653487 -071.72547185 22
111  10.55771288 -071.72497923 22
111  10.55781636 -071.72494360 22
111  10.55967986 -071.72413584 22
115  10.56066556 -071.72373896
120 Linear Feature 86
111  10.55644391 -071.72550142 22
115  10.55594223 -071.72428946
120 Linear Feature 85
111  10.55532828 -071.72422167 22
112  10.55572747 -071.72422627  10.55581948 -071.72423525 22
115  10.55590387 -071.72424537
120 Linear Feature 84
112  10.55487857 -071.72604313  10.55492011 -071.72613536 20
112  10.55507646 -071.72611489  10.55516155 -071.72607965 20
112  10.55547254 -071.72593757  10.55551334 -071.72591789 20
112  10.55551334 -071.72582414  10.55549154 -071.72577405 20
112  10.55496022 -071.72448975  10.55493025 -071.72442276 20
112  10.55484210 -071.72444613  10.55481748 -071.72445805 20
112  10.55440575 -071.72462911  10.55435685 -071.72465022 20
114  10.55436072 -071.72480229  10.55438569 -071.72486455 20
120 Linear Feature 83
111  10.55567695 -071.72585838 20
112  10.55562732 -071.72580971  10.55560827 -071.72576588 20
111  10.55553522 -071.72559706 20
112  10.55549298 -071.72559979  10.55546572 -071.72559830 20
111  10.55544549 -071.72559025 20
112  10.55554644 -071.72583616  10.55556109 -071.72587254 20
113  10.55553266 -071.72591667 20
120 Linear Feature 82
111  10.55556230 -071.72558890 20
112  10.55566138 -071.72581134  10.55567229 -071.72583603 20
111  10.55571802 -071.72584176 20
111  10.55578439 -071.72581769 20
112  10.55571453 -071.72573471  10.55568991 -071.72567173 20
111  10.55562681 -071.72552078 20
114  10.55559782 -071.72556537  10.55557936 -071.72558296 20
120 Linear Feature 81
111  10.55532828 -071.72422167 20
112  10.55523528 -071.72431767  10.55522261 -071.72439444 20
112  10.55525554 -071.72450419  10.55527377 -071.72455262 20
112  10.55574257 -071.72572926  10.55576446 -071.72578119 20
112  10.55586171 -071.72578552  10.55591946 -071.72576450 20
112  10.55639396 -071.72554204  10.55640864 -071.72553431 20
112  10.55640271 -071.72546770  10.55638119 -071.72541961 20
112  10.55593097 -071.72432218  10.55592252 -071.72430285 20
112  10.55587634 -071.72427405  10.55584825 -071.72426883 20
112  10.55568970 -071.72425199  10.55560509 -071.72425125 20
116  10.55534837 -071.72424793  10.55525734 -071.72424793
120 Linear Feature 79
112  10.55657607 -071.72542228  10.55650434 -071.72545196 20
112  10.55642216 -071.72537207  10.55639894 -071.72531926 20
112  10.55597892 -071.72429677  10.55596668 -071.72426628 20
112  10.55599454 -071.72420660  10.55602057 -071.72417654 20
112  10.55630252 -071.72386826  10.55632951 -071.72384081 20
112  10.55641756 -071.72385186  10.55644917 -071.72386546 20
112  10.55656326 -071.72396650  10.55660095 -071.72404379 20
112  10.55667147 -071.72417157  10.55671807 -071.72425350 20
112  10.55686057 -071.72422838  10.55691933 -071.72419849 20
112  10.55693113 -071.72402164  10.55687946 -071.72389798 20
112  10.55678235 -071.72366459  10.55676512 -071.72362344 20
116  10.55683649 -071.72355927  10.55689475 -071.72353694
120 Linear Feature 78
111  10.55427213 -071.72467715 20
112  10.55437097 -071.72461811  10.55440967 -071.72459987 20
112  10.55484439 -071.72441322  10.55488450 -071.72439591 20
112  10.55498520 -071.72447679  10.55501610 -071.72454893 20
112  10.55542527 -071.72554025  10.55544299 -071.72558044 20
112  10.55555628 -071.72557062  10.55560355 -071.72555130 20
112  10.55559931 -071.72543319  10.55557357 -071.72537436 20
112  10.55521922 -071.72448650  10.55517910 -071.72438757 20
112  10.55534323 -071.72420076  10.55549580 -071.72419953 20
112  10.55577082 -071.72420367  10.55584133 -071.72421109 20
112  10.55590919 -071.72421455  10.55592044 -071.72421168 20
112  10.55600608 -071.72410774  10.55603748 -071.72407065 20
112  10.55625553 -071.72385252  10.55631169 -071.72380652 20
112  10.55644486 -071.72381960  10.55651658 -071.72386473 20
112  10.55661231 -071.72399950  10.55666338 -071.72410212 20
112  10.55673315 -071.72419186  10.55677663 -071.72421676 20
112  10.55686668 -071.72419491  10.55690770 -071.72417276 20
112  10.55690011 -071.72401715  10.55685806 -071.72391719 20
112  10.55674756 -071.72365206  10.55673186 -071.72361908 20
116  10.55667845 -071.72360301  10.55664826 -071.72360182
120 Linear Feature 77
111  10.55729760 -071.72346272 20
112  10.55730859 -071.72342810  10.55731551 -071.72341319 20
111  10.55732793 -071.72339497 20
113  10.55727439 -071.72341381 20
120 Linear Feature 76
111  10.55717012 -071.72345219 20
111  10.55723010 -071.72342866 20
111  10.55724839 -071.72348985 20
114  10.55720878 -071.72346369  10.55718885 -071.72345534 20
120 Linear Feature 75
111  10.56069035 -071.72363691 20
112  10.56066580 -071.72361040  10.56065633 -071.72358653 20
112  10.56009377 -071.72223337  10.56007351 -071.72218485 20
112  10.55997250 -071.72218481  10.55990715 -071.72221212 20
112  10.55685635 -071.72352587  10.55678195 -071.72355926 20
116  10.55667380 -071.72357108  10.55661605 -071.72357170
120 Linear Feature 74
111  10.56065785 -071.72370142 20
112  10.56063202 -071.72372679  10.56060423 -071.72373681
111  10.56063202 -071.72372679
112  10.56063202 -071.72372679  10.56062119 -071.72373070 20
112  10.55967258 -071.72411131  10.55915581 -071.72433046
111  10.55967258 -071.72411131
112  10.55967258 -071.72411131  10.55886348 -071.72445443 20
111  10.55783875 -071.72491096 20
112  10.55783874 -071.72476157  10.55780287 -071.72467006 20
112  10.55733017 -071.72354217  10.55730391 -071.72347540 20
112  10.55739959 -071.72336128  10.55745277 -071.72333706 20
112  10.55997870 -071.72225332  10.56000504 -071.72224250 20
112  10.56005143 -071.72229130  10.56006902 -071.72233394 20
114  10.56063322 -071.72366942  10.56064445 -071.72369502 20
120 Linear Feature 73
111  10.56072240 -071.72371521 20
112  10.56068230 -071.72376415  10.56064135 -071.72378176 20
112  10.55968653 -071.72416528  10.55961055 -071.72419775 20
112  10.55507436 -071.72614661  10.55499433 -071.72617907 20
112  10.55484892 -071.72604584  10.55479543 -071.72591414 20
111  10.55431888 -071.72477348 20
116  10.55429875 -071.72475667  10.55428263 -071.72475294
120 Linear Feature 71
111  10.55510833 -071.72539391 20
111  10.55515209 -071.72528113 20
111  10.55508644 -071.72516118 20
111  10.55514286 -071.72502201 20
111  10.55498942 -071.72495330 20
111  10.55492916 -071.72509202 20
111  10.55477816 -071.72511981 20
115  10.55474534 -071.72519042
120 Linear Feature 71
111  10.55531989 -071.72582393 20
111  10.55536073 -071.72573193 20
111  10.55529509 -071.72561198 20
111  10.55535405 -071.72548367 20
111  10.55520876 -071.72541343 20
111  10.55514933 -071.72553748 20
111  10.55498739 -071.72554969 20
115  10.55495982 -071.72560783
120 Linear Feature 70
111  10.55606246 -071.72546120 20
111  10.55601079 -071.72546996 20
111  10.55580161 -071.72531720 20
111  10.55568149 -071.72534550 20
111  10.55564299 -071.72515846 20
111  10.55576963 -071.72512961 20
111  10.55581017 -071.72505241 20
111  10.55588681 -071.72490648 20
115  10.55593847 -071.72489659
120 Linear Feature 68
111  10.55551087 -071.72426574 20
111  10.55547130 -071.72426736 20
111  10.55542749 -071.72436985 20
111  10.55532452 -071.72437799 20
111  10.55533789 -071.72456348 20
111  10.55544730 -071.72455396 20
111  10.55553625 -071.72467359 20
115  10.55564199 -071.72466950
120 Linear Feature 67
111  10.55649016 -071.72426702 20
111  10.55651242 -071.72422292 20
111  10.55647617 -071.72407497 20
111  10.55654155 -071.72396054 20
111  10.55641268 -071.72387727 20
111  10.55635007 -071.72398051 20
111  10.55620333 -071.72400374 20
115  10.55618647 -071.72402882
120 Linear Feature 66
111  10.55700868 -071.72449453 20
111  10.55698690 -071.72445228 20
111  10.55673896 -071.72441071 20
111  10.55667343 -071.72428194 20
111  10.55650348 -071.72437493 20
111  10.55657154 -071.72450465 20
111  10.55648388 -071.72474652 20
115  10.55650297 -071.72478972
120 Linear Feature 65
111  10.55742773 -071.72453340 20
111  10.55739065 -071.72448518 20
111  10.55723513 -071.72448003 20
111  10.55715610 -071.72437265 20
111  10.55701827 -071.72447553 20
111  10.55709729 -071.72458559 20
111  10.55706214 -071.72474300 20
115  10.55709716 -071.72480236
120 Linear Feature 63
111  10.55716870 -071.72349603 20
111  10.55713106 -071.72349495 20
111  10.55704502 -071.72360875 20
111  10.55685946 -071.72362376 20
111  10.55687697 -071.72380257 20
111  10.55704684 -071.72378537 20
111  10.55714824 -071.72389180 20
115  10.55716813 -071.72388874
120 Linear Feature 62
111  10.55488899 -071.72462514 51
115  10.55467687 -071.72501614
120 Linear Feature 61
111  10.55504825 -071.72503608 51
115  10.55487000 -071.72542668
120 Linear Feature 60
111  10.55525854 -071.72549291 51
115  10.55508602 -071.72583457
120 Linear Feature 59
111  10.55574980 -071.72523503 51
115  10.55622113 -071.72514001
120 Linear Feature 58
111  10.55597069 -071.72483020 51
115  10.55552726 -071.72485150
120 Linear Feature 57
111  10.55537673 -071.72446726 51
115  10.55576014 -071.72444893
120 Linear Feature 56
111  10.55645079 -071.72396499 51
115  10.55623207 -071.72430080
120 Linear Feature 55
111  10.55692561 -071.72492000 51
115  10.55663138 -071.72440405
120 Linear Feature 54
111  10.55737134 -071.72480816 51
115  10.55711819 -071.72445781
120 Linear Feature 53
111  10.55710218 -071.72421134 51
115  10.55746259 -071.72403489
120 Linear Feature 52
111  10.55730047 -071.72368096 51
115  10.55694347 -071.72371083
120 Linear Feature 6
111  10.56004116 -071.72618727 51 101
112  10.56006563 -071.72591576  10.55999298 -071.72573412
111  10.56006563 -071.72591576
112  10.56006563 -071.72591576  10.56005390 -071.72588644 51 101
112  10.56000145 -071.72575859  10.55997167 -071.72568619
111  10.56000145 -071.72575859
112  10.56000145 -071.72575859  10.55984674 -071.72538245 51 101
115  10.55950231 -071.72454588
120 Linear Feature 9
111  10.55959481 -071.72674092 51 101
112  10.55958318 -071.72648619  10.55950902 -071.72639035 51 101
115  10.55941496 -071.72639230
120 Linear Feature 8
111  10.55941768 -071.72701554 51 101
112  10.55941884 -071.72671099  10.55934469 -071.72658052 51 101
116  10.55904862 -071.72655098  10.55884117 -071.72653941
120 Linear Feature 11
112  10.55754876 -071.72719417  10.55728912 -071.72742495 51 101
111  10.55735236 -071.72766678 51 101
116  10.55684385 -071.72750190  10.55647783 -071.72758806
120 Linear Feature 15
111  10.55277839 -071.73122049 51 101
116  10.55254932 -071.73091307  10.55258714 -071.73058614
120 Linear Feature 17
111  10.54744874 -071.73147150 51
112  10.54738695 -071.73158478  10.54735571 -071.73165048 51
112  10.54710425 -071.73214088  10.54709006 -071.73216664 51
112  10.54703890 -071.73224238  10.54701003 -071.73227484 51
111  10.54687720 -071.73241376 51
112  10.54666662 -071.73229569  10.54660754 -071.73217178 51
112  10.54668410 -071.73201230  10.54672240 -071.73196036 51
112  10.54682502 -071.73192486  10.54688279 -071.73191773 51
112  10.54703888 -071.73184358  10.54710015 -071.73178126 51
115  10.54740290 -071.73149192
120 Linear Feature 16
111  10.54602666 -071.73387275 51 101
112  10.54587513 -071.73369665  10.54582408 -071.73357238 51 101
112  10.54573134 -071.73334593  10.54571164 -071.73329993 51 101
112  10.54575596 -071.73315407  10.54581359 -071.73307542
111  10.54575596 -071.73315407
112  10.54575596 -071.73315407  10.54578557 -071.73311366 51 101
112  10.54643363 -071.73238428  10.54675303 -071.73203316
111  10.54643363 -071.73238428
112  10.54643363 -071.73238428  10.54673584 -071.73205205 51 101
112  10.54705430 -071.73171769  10.54707881 -071.73168964
111  10.54705430 -071.73171769
112  10.54705430 -071.73171769  10.54710471 -071.73166000 51 101
112  10.54726399 -071.73155360  10.54734592 -071.73151728
111  10.54726399 -071.73155360
112  10.54726399 -071.73155360  10.54729457 -071.73154004 51 101
112  10.54740290 -071.73149192  10.54745783 -071.73146748
111  10.54740290 -071.73149192
112  10.54740290 -071.73149192  10.54741822 -071.73148511 51 101
112  10.54744874 -071.73147150  10.54746383 -071.73146477
111  10.54744874 -071.73147150
112  10.54744874 -071.73147150  10.54752452 -071.73143770 51 101
115  10.54759164 -071.73140756
120 Linear Feature 14
111  10.55190283 -071.73158213 51 101
112  10.55235145 -071.73117866  10.55252992 -071.73094327
111  10.55235145 -071.73117866
112  10.55235145 -071.73117866  10.55238249 -071.73113772 51 101
112  10.55254932 -071.73091307  10.55264542 -071.73078346
111  10.55254932 -071.73091307
112  10.55254932 -071.73091307  10.55300574 -071.73029743 51 101
112  10.55409654 -071.72881503  10.55415901 -071.72872853
111  10.55409654 -071.72881503
112  10.55409654 -071.72881503  10.55417216 -071.72871032 51 101
116  10.55419225 -071.72836130  10.55415549 -071.72817112
120 Linear Feature 13
111  10.55365141 -071.72706568 51 101
112  10.55419225 -071.72836130  10.55425965 -071.72852157 51 101
112  10.55463349 -071.72862394  10.55486457 -071.72864959 51 101
112  10.55601867 -071.72881180  10.55627076 -071.72884770 51 101
112  10.55740790 -071.72895533  10.55769074 -071.72898610 51 101
116  10.55809715 -071.72895094  10.55836069 -071.72889334
120 Linear Feature 12
112  10.55853521 -071.72876598  10.55785777 -071.72883936 51 101
111  10.55761713 -071.72829868 51 101
116  10.55731725 -071.72929257  10.55685769 -071.72957173
120 Linear Feature 10
111  10.55761713 -071.72829868 51 101
111  10.55735236 -071.72766678 51 101
115  10.55654627 -071.72574299
120 Linear Feature 5
111  10.55771776 -071.72911661 51 101
112  10.55808468 -071.72882623  10.55820862 -071.72867771 51 101
112  10.55845713 -071.72835242  10.55857355 -071.72819571 51 101
112  10.55929412 -071.72720120  10.55940266 -071.72704360
111  10.55929412 -071.72720120
112  10.55929412 -071.72720120  10.55932760 -071.72715258 51 101
112  10.55941768 -071.72701554  10.55946349 -071.72694538
111  10.55941768 -071.72701554
112  10.55941768 -071.72701554  10.55948231 -071.72691654 51 101
112  10.55959481 -071.72674092  10.55963961 -071.72667087
111  10.55959481 -071.72674092
112  10.55959481 -071.72674092  10.55962119 -071.72669968 51 101
112  10.55964481 -071.72666268  10.55965001 -071.72665462
111  10.55964481 -071.72666268
112  10.55964481 -071.72666268  10.55966507 -071.72663125 51 101
112  10.55975919 -071.72651095  10.55980070 -071.72646228 51 101
116  10.56004116 -071.72618727  10.56011363 -071.72610287
120 Linear Feature 2
111  10.56357972 -071.72663405 51 101
112  10.56387327 -071.72639056  10.56400723 -071.72622729 51 101
112  10.56424883 -071.72591701  10.56435736 -071.72576476
111  10.56424883 -071.72591701
112  10.56424883 -071.72591701  10.56428523 -071.72586595 51 101
112  10.56464308 -071.72542923  10.56484183 -071.72517459
111  10.56464308 -071.72542923
112  10.56464308 -071.72542923  10.56503694 -071.72492462 51 101
112  10.56564591 -071.72412531  10.56570525 -071.72404779
111  10.56564591 -071.72412531
112  10.56564591 -071.72412531  10.56573519 -071.72400867 51 101
112  10.56589332 -071.72377050  10.56595751 -071.72366514 51 101
112  10.56589755 -071.72347557  10.56584527 -071.72335253 51 101
115  10.56581593 -071.72327791
120 Linear Feature 1
111  10.56836265 -071.72260426 51
112  10.56854506 -071.72264971  10.56862530 -071.72270239 51
112  10.56888671 -071.72247368  10.56890334 -071.72228848
111  10.56888671 -071.72247368
112  10.56888671 -071.72247368  10.56889362 -071.72239681 51
112  10.56887627 -071.72232538  10.56886564 -071.72229667
111  10.56887627 -071.72232538
112  10.56887627 -071.72232538  10.56886129 -071.72228492 51
111  10.56883888 -071.72227654 51
112  10.56850556 -071.72227653  10.56837123 -071.72227529 51
112  10.56813534 -071.72247665  10.56808282 -071.72256926 51
116  10.56793666 -071.72276013  10.56786104 -071.72282424
120 Linear Feature 39
111  10.57066851 -071.72339915 51 101
112  10.57065512 -071.72318677  10.57061653 -071.72309559 51 101
112  10.57046260 -071.72274726  10.57044966 -071.72271737 51 101
112  10.57036448 -071.72267191  10.57031095 -071.72266811 51 101
112  10.56853590 -071.72263556  10.56846568 -071.72263556 51 101
116  10.56837707 -071.72263902  10.56834968 -071.72264071
21  10.54860916 -071.73355362 2 22.6700 3.00 02L PAPI-4L
21  10.56806378 -071.72545383 3 204.4400 3.00 20R VASI
14  10.55606250 -071.72356634  98.43 0 New Tower Viewpoint 1
1300  10.55384681 -071.72519511  23.11 gate jets|turboprops|props GA Apron 13
1301 A general_aviation 
1300  10.55391428 -071.72535834  22.57 gate jets|turboprops|props GA Apron 12
1301 A general_aviation 
1300  10.55397929 -071.72552915  22.62 gate jets|turboprops|props GA Apron 11
1301 A general_aviation 
1300  10.55405426 -071.72570209  22.75 gate jets|turboprops|props GA Apron 10
1301 A general_aviation 
1300  10.55412501 -071.72587719  23.12 gate jets|turboprops|props GA Apron 09
1301 A general_aviation 
1300  10.55381053 -071.72601123  21.91 gate jets|turboprops|props GA Apron 04
1301 A general_aviation 
1300  10.55372827 -071.72584292  21.55 gate jets|turboprops|props GA Apron 05
1301 A general_aviation 
1300  10.55365971 -071.72567598  22.99 gate jets|turboprops|props GA Apron 06
1301 A general_aviation 
1300  10.55360407 -071.72550566  23.82 gate jets|turboprops|props GA Apron 07
1301 A general_aviation 
1300  10.55352656 -071.72533381  21.65 gate jets|turboprops|props GA Apron 08
1301 A general_aviation 
1300  10.55314632 -071.72556834  22.94 gate jets|turboprops|props GA Apron 03
1301 B general_aviation 
1300  10.55325148 -071.72582369  23.81 gate jets|turboprops|props GA Apron 02
1301 B general_aviation 
1300  10.55337122 -071.72610289  22.93 gate jets|turboprops|props GA Apron 01
1301 B general_aviation 
1300  10.55488899 -071.72462514  60.98 gate jets|turboprops|props Gate 11
1301 C airline 
1300  10.55504825 -071.72503608  64.81 gate jets|turboprops|props Gate 10
1301 C airline 
1300  10.55525854 -071.72549291  62.68 gate jets|turboprops|props Gate 09
1301 C airline 
1300  10.55574980 -071.72523503 -168.60 gate jets|turboprops|props Gate 08
1301 D airline 
1300  10.55552726 -071.72485150 -177.43 gate jets|turboprops|props Gate 07
1301 C airline 
1300  10.55537673 -071.72446726 -177.17 gate jets|turboprops|props Gate 06
1301 C airline 
1300  10.55645079 -071.72396499  56.44 gate jets|turboprops|props Gate 05
1301 C airline 
1300  10.55663138 -071.72440405 120.05 gate jets|turboprops|props Gate 04
1301 D airline 
1300  10.55711819 -071.72445781 126.26 gate jets|turboprops|props Gate 03
1301 C airline 
1300  10.55710218 -071.72421134 -154.33 gate jets|turboprops|props Gate 02
1301 D airline 
1300  10.55694347 -071.72371083 -175.50 gate jets|turboprops|props Gate 01
1301 C airline 
1300  10.55874130 -071.72295142  71.62 gate jets|turboprops|props Maintenance Apron 04
1301 D airline 
1300  10.55929016 -071.72271853  71.62 gate jets|turboprops|props Maintenance Apron 03
1301 D airline 
1300  10.55977211 -071.72291144 201.35 gate jets|turboprops|props Maintenance Apron 02
1301 E airline 
1300  10.56005177 -071.72364813 202.95 gate jets|turboprops|props Maintenance Apron 01
1301 E airline 
1300  10.56449007 -071.72101694 -68.24 gate turboprops|props Military Apron 08
1301 A military 
1300  10.56438667 -071.72106532 -68.10 gate turboprops|props Military Apron 07
1301 A military 
1300  10.56428390 -071.72111161 -67.02 gate turboprops|props Military Apron 06
1301 A military 
1300  10.56418046 -071.72115953 -66.46 gate turboprops|props Military Apron 05
1301 A military 
1300  10.56503201 -071.71954157 -63.60 gate jets|turboprops|props Military Apron 04
1301 C military 
1300  10.56541791 -071.72023296 -127.03 gate jets|turboprops|props Military Apron 03
1301 B military 
1300  10.56549938 -071.72044663 -135.00 gate jets|turboprops|props Military Apron 02
1301 B military 
1300  10.56560463 -071.72066438 -138.01 gate jets|turboprops|props Military Apron 01
1301 B military 
18  10.55606250 -071.72356634 4 BCN
53 12190 Maracaibo Ground
54 11890 Maracaibo Tower
99
