I
1050 Generated by WorldEditor

1    234 1 0 SVMC La Chinita Int'l
100 45.00 1 1 0.25 1 3 0 03L  10.54597370 -071.73407593    0   43 3 1 0 0 21R  10.57088530 -071.72349020    0  294 3 1 0 0
100 30.00 1 0 0.25 0 0 0 03R  10.54760234 -071.73133203    0    0 3 0 0 0 21L  10.56837066 -071.72253168    0    0 3 0 0 0
110 1 0.00 0.0000 New Taxiway 2
111  10.57029419 -071.72362987
112  10.57043820 -071.72328276  10.57039172 -071.72314925
111  10.57031248 -071.72293610
112  10.57018547 -071.72284230  10.57010330 -071.72283470
111  10.56955813 -071.72276446
111  10.56835436 -071.72274042
111  10.56661226 -071.72345091
112  10.56590119 -071.72399002  10.56568764 -071.72427150
112  10.56474679 -071.72554618  10.56463202 -071.72569306
111  10.56502392 -071.72577922
111  10.56323387 -071.72654498
112  10.56430412 -071.72560653  10.56463052 -071.72525996
111  10.56430412 -071.72560653
112  10.56430412 -071.72560653  10.56462008 -071.72528739
111  10.56547434 -071.72408344
112  10.56547290 -071.72393956  10.56532375 -071.72398255
111  10.56547290 -071.72393956
112  10.56547290 -071.72393956  10.56532375 -071.72399519
111  10.56061578 -071.72597106
112  10.56007137 -071.72644223  10.55990594 -071.72664110
112  10.55872880 -071.72826612  10.55867632 -071.72834148
111  10.55883534 -071.72834102
111  10.55690938 -071.72918323
112  10.55700109 -071.72888301  10.55687004 -071.72881209
111  10.55700109 -071.72888301
112  10.55700109 -071.72888301  10.55690785 -071.72886465
111  10.55506624 -071.72861941
112  10.55455235 -071.72868372  10.55435349 -071.72877567
111  10.55420290 -071.72894072
112  10.55284446 -071.73076655  10.55279525 -071.73083887
111  10.55296026 -071.73084732
111  10.55145040 -071.73146827
112  10.55251038 -071.73067404  10.55276144 -071.73042372
111  10.55394414 -071.72891487
112  10.55383938 -071.72881203  10.55369878 -071.72885648
111  10.54769151 -071.73147231
112  10.54754589 -071.73171302  10.54750735 -071.73183353
111  10.54744078 -071.73190933
111  10.54676065 -071.73264913
111  10.54653458 -071.73245858
112  10.54596363 -071.73316740  10.54595935 -071.73319063
112  10.54611715 -071.73355773  10.54621058 -071.73368576
111  10.54647624 -071.73368538
111  10.54585322 -071.73393639
111  10.54555602 -071.73316740
112  10.54557757 -071.73301380  10.54562896 -071.73295572
112  10.54720365 -071.73132378  10.54725928 -071.73127851
111  10.54732562 -071.73124511
111  10.55410568 -071.72837440
112  10.55416536 -071.72805013  10.55409252 -071.72786585
112  10.55371877 -071.72686751  10.55364194 -071.72669970
111  10.55371877 -071.72686751
112  10.55371877 -071.72686751  10.55360578 -071.72669741
111  10.55333804 -071.72681119
111  10.55342153 -071.72703286
111  10.55255492 -071.72740591
111  10.55246475 -071.72719367
111  10.55128371 -071.72771763
111  10.55120036 -071.72750725
111  10.55326039 -071.72660435
111  10.55312032 -071.72622821
111  10.55068849 -071.72728982
111  10.55061466 -071.72710903
111  10.55073980 -071.72705603
111  10.55302958 -071.72608624
111  10.55294850 -071.72586567
111  10.55066529 -071.72683783
111  10.55060077 -071.72668931
111  10.55288136 -071.72571403
111  10.55281175 -071.72552924
111  10.55060382 -071.72647348
111  10.55054032 -071.72631391
111  10.55058771 -071.72629342
111  10.55274857 -071.72535913
111  10.55264895 -071.72511649
111  10.55078928 -071.72591829
111  10.55072583 -071.72576829
111  10.55205211 -071.72518814
111  10.55272391 -071.72489428
111  10.55294537 -071.72501151
112  10.55401426 -071.72455984  10.55407624 -071.72454106
112  10.55415753 -071.72457382  10.55423006 -071.72454699
111  10.55451800 -071.72442533
111  10.55450519 -071.72438885
111  10.55520468 -071.72407659
111  10.55526501 -071.72408373
111  10.55538685 -071.72442097
111  10.55537873 -071.72447169
111  10.55539380 -071.72450943
111  10.55543033 -071.72453370
111  10.55554629 -071.72482139
111  10.55553226 -071.72486291
111  10.55554934 -071.72490982
111  10.55558940 -071.72492591
111  10.55569541 -071.72521653
111  10.55568317 -071.72526340
111  10.55569757 -071.72530442
111  10.55574993 -071.72533050
111  10.55578953 -071.72530926
111  10.55580485 -071.72526120
111  10.55578913 -071.72521427
111  10.55575012 -071.72519497
111  10.55563623 -071.72490464
111  10.55564390 -071.72485102
111  10.55565566 -071.72484449
111  10.55560295 -071.72464075
111  10.55548839 -071.72442567
111  10.55544119 -071.72440231
111  10.55535828 -071.72420119
111  10.55536593 -071.72400916
111  10.55541083 -071.72398710
111  10.55544655 -071.72398710
111  10.55552946 -071.72394299
111  10.55553711 -071.72391833
111  10.55570762 -071.72392050
111  10.55617270 -071.72392640
111  10.55655756 -071.72350453
111  10.55678948 -071.72341281
111  10.55698040 -071.72378617
111  10.55701519 -071.72380118
111  10.55700043 -071.72385158
111  10.55701624 -071.72388483
111  10.55706282 -071.72390864
111  10.55711458 -071.72388720
111  10.55712224 -071.72384430
111  10.55710889 -071.72381096
111  10.55706883 -071.72378093
111  10.55708675 -071.72374018
111  10.55706934 -071.72369999
111  10.55702411 -071.72367757
111  10.55704499 -071.72364690
111  10.55702643 -071.72358793
111  10.55697773 -071.72356905
111  10.55696033 -071.72352777
111  10.55700440 -071.72350889
111  10.55703816 -071.72346693
111  10.55700589 -071.72337273
111  10.55694676 -071.72335740
111  10.55692439 -071.72329924
111  10.55744638 -071.72308420
111  10.55763707 -071.72300564
111  10.55774836 -071.72290148
111  10.56017496 -071.72194780
111  10.56024541 -071.72191851
111  10.56093325 -071.72356347
111  10.55993019 -071.72397429
112  10.55985277 -071.72428429  10.55989651 -071.72442058
111  10.56035772 -071.72542823
112  10.56062789 -071.72560578  10.56077356 -071.72554499
112  10.56343380 -071.72441733  10.56350002 -071.72438969
111  10.56349716 -071.72429737
112  10.56333279 -071.72386370  10.56330752 -071.72382736
111  10.56329004 -071.72381628
111  10.56277054 -071.72402168
111  10.56241010 -071.72315538
111  10.56282096 -071.72299200
111  10.56291885 -071.72325381
111  10.56333197 -071.72308502
111  10.56335572 -071.72307532
111  10.56360431 -071.72367514
111  10.56344818 -071.72374619
112  10.56344052 -071.72378944  10.56345185 -071.72382046
111  10.56362093 -071.72422967
112  10.56372258 -071.72429146  10.56378709 -071.72427246
111  10.56551707 -071.72354340
112  10.56569702 -071.72303884  10.56560980 -071.72285526
111  10.56469846 -071.72066684
111  10.56455177 -071.72072913
111  10.56463341 -071.72090819
111  10.56416963 -071.72110572
111  10.56409479 -071.72091484
111  10.56405632 -071.72092752
111  10.56403979 -071.72089259
111  10.56366618 -071.72105456
111  10.56359790 -071.72090594
111  10.56342306 -071.72097487
111  10.56338646 -071.72088359
111  10.56342916 -071.72086941
111  10.56339430 -071.72077369
111  10.56334778 -071.72079044
111  10.56309109 -071.72021764
111  10.56327335 -071.72014275
111  10.56320035 -071.71995105
111  10.56391444 -071.71964137
111  10.56389910 -071.71960725
111  10.56399207 -071.71957313
111  10.56399590 -071.71958678
111  10.56415452 -071.71952998
111  10.56407034 -071.71934300
111  10.56412787 -071.71931731
111  10.56385475 -071.71867010
111  10.56446192 -071.71841931
111  10.56455717 -071.71865298
111  10.56493267 -071.71850932
111  10.56493835 -071.71852275
111  10.56499894 -071.71866607
111  10.56515259 -071.71902946
111  10.56527266 -071.71931345
111  10.56661301 -071.72247567
112  10.56733926 -071.72274337  10.56744863 -071.72275450
111  10.56782152 -071.72255805
111  10.56795763 -071.72219104
112  10.56805332 -071.72213609  10.56810748 -071.72213799
111  10.56900673 -071.72216481
111  10.56901311 -071.72248012
111  10.57039198 -071.72248881
112  10.57053690 -071.72259734  10.57057799 -071.72270392
113  10.57085233 -071.72332409
112  10.55559277 -071.72837565  10.55497401 -071.72827190
111  10.55559277 -071.72837565
112  10.55559277 -071.72837565  10.55546104 -071.72834034
111  10.55554991 -071.72809591
111  10.55711663 -071.72743644
112  10.55749153 -071.72801042  10.55742428 -071.72862740
111  10.55749153 -071.72801042
112  10.55749153 -071.72801042  10.55731323 -071.72869516
113  10.55660342 -071.72854414
112  10.55950271 -071.72676953  10.55959221 -071.72663377
111  10.55950271 -071.72676953
112  10.55950271 -071.72676953  10.55961576 -071.72648523
111  10.55930680 -071.72649787
111  10.55776191 -071.72715794
112  10.55803595 -071.72788919  10.55862649 -071.72823779
111  10.55803595 -071.72788919
112  10.55803595 -071.72788919  10.55841843 -071.72806971
113  10.55877909 -071.72775209
111  10.55999979 -071.72586227
112  10.56005588 -071.72552842  10.55995852 -071.72527772
111  10.55958144 -071.72433741
112  10.55931288 -071.72425326  10.55913208 -071.72432966
111  10.55701185 -071.72521305
112  10.55691576 -071.72552857  10.55698307 -071.72576138
111  10.55736587 -071.72668438
114  10.55764758 -071.72682637  10.55782282 -071.72675846
111  10.55706336 -071.72712972
112  10.55711946 -071.72679587  10.55702210 -071.72654516
111  10.55664502 -071.72560485
112  10.55637646 -071.72552070  10.55619565 -071.72559710
111  10.55407543 -071.72648049
112  10.55397934 -071.72679601  10.55404665 -071.72702882
111  10.55442945 -071.72795182
114  10.55471115 -071.72809947  10.55488640 -071.72803156
111  10.56644347 -071.72312126
112  10.56651517 -071.72291318  10.56649048 -071.72279723
111  10.56632775 -071.72276074
111  10.56614519 -071.72281397
111  10.56607489 -071.72273860
112  10.56594726 -071.72305678  10.56599734 -071.72324302
113  10.56622233 -071.72322053
111  10.56438271 -071.72052249
111  10.56409325 -071.71981377
111  10.56347732 -071.72007740
113  10.56378023 -071.72079982
111  10.56541284 -071.72142255
111  10.56443948 -071.71911953
111  10.56430615 -071.71916864
113  10.56528288 -071.72148448
111  10.55339025 -071.72703149
111  10.55332071 -071.72685606
111  10.55280611 -071.72708242
113  10.55288121 -071.72725502
111  10.55484327 -071.72589084
112  10.55495718 -071.72559821  10.55489771 -071.72542262
111  10.55452565 -071.72450355
112  10.55420572 -071.72465028  10.55415657 -071.72467345
112  10.55421049 -071.72486754  10.55424474 -071.72498886
111  10.55436889 -071.72535423
111  10.55440404 -071.72534126
112  10.55444702 -071.72526756  10.55449912 -071.72524622
111  10.55444702 -071.72526756
112  10.55444702 -071.72526756  10.55445987 -071.72526136
112  10.55454029 -071.72530888  10.55456351 -071.72537362
111  10.55454029 -071.72530888
112  10.55454029 -071.72530888  10.55456012 -071.72537775
112  10.55449967 -071.72540361  10.55449426 -071.72540637
111  10.55449967 -071.72540361
112  10.55449967 -071.72540361  10.55445569 -071.72542495
111  10.55442075 -071.72538610
111  10.55438375 -071.72540160
111  10.55452298 -071.72579460
111  10.55361958 -071.72618326
112  10.55355851 -071.72631420  10.55358723 -071.72639211
113  10.55368103 -071.72635491
110 2 0.00 0.0000 New Taxiway 20
111  10.55072583 -071.72576829
111  10.55062997 -071.72557216
111  10.55198178 -071.72499276
113  10.55205211 -071.72518814
110 2 0.00 0.0000 New Taxiway 19
111  10.55058771 -071.72629342
111  10.55048810 -071.72604719
111  10.55078928 -071.72591829
111  10.55264895 -071.72511649
113  10.55274857 -071.72535913
110 2 0.00 0.0000 New Taxiway 18
111  10.55060077 -071.72668931
111  10.55052376 -071.72650570
111  10.55060382 -071.72647348
111  10.55281175 -071.72552924
113  10.55288136 -071.72571403
110 2 0.00 0.0000 New Taxiway 17
111  10.55073980 -071.72705603
111  10.55066529 -071.72683783
111  10.55294850 -071.72586567
113  10.55302958 -071.72608624
110 2 0.00 0.0000 New Taxiway 16
111  10.55288121 -071.72725502
111  10.55280611 -071.72708242
111  10.55332071 -071.72685606
113  10.55339025 -071.72703149
110 2 0.00 0.0000 New Taxiway 15
111  10.55120036 -071.72750725
111  10.55113356 -071.72731105
111  10.55076494 -071.72747188
111  10.55068849 -071.72728982
111  10.55312032 -071.72622821
113  10.55326039 -071.72660435
110 2 0.00 0.0000 New Taxiway 14
111  10.55682797 -071.72301854
111  10.55667758 -071.72321558
111  10.55685406 -071.72339510
111  10.55694676 -071.72335740
111  10.55700589 -071.72337273
111  10.55703816 -071.72346693
111  10.55700440 -071.72350889
111  10.55696033 -071.72352777
111  10.55697773 -071.72356905
111  10.55702643 -071.72358793
111  10.55704499 -071.72364690
111  10.55702411 -071.72367757
111  10.55706934 -071.72369999
111  10.55708675 -071.72374018
111  10.55706883 -071.72378093
111  10.55710889 -071.72381096
111  10.55712224 -071.72384430
111  10.55711458 -071.72388720
111  10.55706282 -071.72390864
111  10.55701624 -071.72388483
111  10.55700043 -071.72385158
111  10.55701519 -071.72380118
111  10.55698040 -071.72378617
111  10.55678948 -071.72341281
111  10.55671500 -071.72333968
111  10.55654971 -071.72327011
111  10.55634262 -071.72347496
111  10.55640023 -071.72353629
111  10.55610997 -071.72380338
111  10.55570416 -071.72382715
111  10.55570762 -071.72392050
111  10.55553711 -071.72391833
111  10.55552946 -071.72394299
111  10.55544655 -071.72398710
111  10.55541083 -071.72398710
111  10.55536593 -071.72400916
111  10.55535828 -071.72420119
111  10.55544119 -071.72440231
111  10.55548839 -071.72442567
111  10.55560295 -071.72464075
111  10.55565566 -071.72484449
111  10.55564390 -071.72485102
111  10.55563623 -071.72490464
111  10.55575012 -071.72519497
111  10.55578913 -071.72521427
111  10.55580485 -071.72526120
111  10.55578953 -071.72530926
111  10.55574993 -071.72533050
111  10.55569757 -071.72530442
111  10.55568317 -071.72526340
111  10.55569541 -071.72521653
111  10.55558940 -071.72492591
111  10.55554934 -071.72490982
111  10.55553226 -071.72486291
111  10.55554629 -071.72482139
111  10.55543033 -071.72453370
111  10.55539380 -071.72450943
111  10.55537873 -071.72447169
111  10.55538685 -071.72442097
111  10.55526501 -071.72408373
111  10.55520468 -071.72407659
112  10.55519313 -071.72397206  10.55522422 -071.72391760
111  10.55530372 -071.72396742
111  10.55528361 -071.72377030
111  10.55503392 -071.72375337
111  10.55503160 -071.72388947
111  10.55483337 -071.72388254
111  10.55483007 -071.72382773
111  10.55478027 -071.72383109
111  10.55477268 -071.72349670
111  10.55498832 -071.72348799
112  10.55505938 -071.72339871  10.55513252 -071.72337533
111  10.55516805 -071.72343485
111  10.55524120 -071.72342635
111  10.55523911 -071.72336682
112  10.55565179 -071.72333212  10.55577570 -071.72332440
112  10.55602712 -071.72321372  10.55615251 -071.72313293
111  10.55643798 -071.72287475
111  10.55648599 -071.72293283
111  10.55681667 -071.72259331
111  10.55678218 -071.72256057
111  10.55683965 -071.72249041
111  10.55691092 -071.72251614
111  10.55710862 -071.72272893
112  10.55713161 -071.72293004  10.55706880 -071.72301629
113  10.55697529 -071.72314050
110 2 0.00 0.0000 New Taxiway 13
111  10.55774836 -071.72290148
111  10.55762468 -071.72257047
111  10.55925568 -071.72194208
111  10.55907819 -071.72147740
111  10.55982236 -071.72115729
113  10.56017496 -071.72194780
110 2 0.00 0.0000 New Taxiway 12
111  10.56291885 -071.72325381
111  10.56282096 -071.72299200
111  10.56321937 -071.72282332
113  10.56333197 -071.72308502
110 2 0.00 0.0000 New Taxiway 11
111  10.55744638 -071.72308420
111  10.55734321 -071.72283540
111  10.55745666 -071.72279126
111  10.55752209 -071.72295814
111  10.55760342 -071.72292110
113  10.55763707 -071.72300564
110 2 0.00 0.0000 New Taxiway 11
111  10.56399590 -071.71958678
111  10.56399207 -071.71957313
111  10.56392753 -071.71940470
111  10.56407034 -071.71934300
113  10.56415452 -071.71952998
110 2 0.00 0.0000 New Taxiway 10
111  10.56378023 -071.72079982
111  10.56347732 -071.72007740
111  10.56409325 -071.71981377
113  10.56438271 -071.72052249
110 2 0.00 0.0000 New Taxiway 9
111  10.56528288 -071.72148448
111  10.56430615 -071.71916864
111  10.56443948 -071.71911953
113  10.56541284 -071.72142255
110 2 0.00 0.0000 New Taxiway 8
111  10.56455717 -071.71865298
111  10.56446192 -071.71841931
111  10.56482520 -071.71826077
113  10.56493267 -071.71850932
110 2 0.00 0.0000 New Taxiway 7
111  10.56499894 -071.71866607
111  10.56493835 -071.71852275
111  10.56514849 -071.71843434
113  10.56520556 -071.71857541
110 2 0.00 0.0000 New Taxiway 6
111  10.56515259 -071.71902946
111  10.56528939 -071.71897385
111  10.56535376 -071.71911281
111  10.56538988 -071.71910163
111  10.56544483 -071.71923579
113  10.56527266 -071.71931345
130 Airport Boundary
111  10.54472994 -071.73359211
111  10.54519915 -071.73473651
111  10.54809607 -071.73533721
111  10.57252024 -071.72550274
111  10.57360088 -071.72273427
111  10.57307692 -071.72110553
111  10.56782906 -071.72058624
111  10.56549592 -071.71615208
111  10.54983653 -071.72266002
111  10.55072265 -071.72837919
113  10.54725647 -071.73059082
120 Linear Feature 25
111  10.56645971 -071.72318449 53 102
112  10.56660261 -071.72298795  10.56661948 -071.72289950 53 102
112  10.56648016 -071.72272411  10.56641268 -071.72269111
111  10.56648016 -071.72272411
112  10.56648016 -071.72272411  10.56645938 -071.72271395 53 102
112  10.56640626 -071.72268924  10.56637959 -071.72267694
111  10.56640626 -071.72268924
112  10.56640626 -071.72268924  10.56634635 -071.72266161 53 102
111  10.56628540 -071.72263450 53 102
111  10.56605101 -071.72271534 53 102
112  10.56590500 -071.72299511  10.56591862 -071.72316956
111  10.56590500 -071.72299511
112  10.56590500 -071.72299511  10.56590676 -071.72301764 53 102
112  10.56591966 -071.72306609  10.56592792 -071.72309085
111  10.56591966 -071.72306609
112  10.56591966 -071.72306609  10.56599186 -071.72328254 53 102
115  10.56621589 -071.72328126
120 Linear Feature 24
111  10.56649068 -071.72249285 53 102
112  10.56710534 -071.72276573  10.56727776 -071.72284290
111  10.56710534 -071.72276573
112  10.56710534 -071.72276573  10.56730074 -071.72285459 53 102
115  10.56741715 -071.72278443
120 Linear Feature 23
111  10.56785067 -071.72259643 53 102
111  10.56796372 -071.72222107 53 102
112  10.56805115 -071.72215333  10.56811657 -071.72215442 53 102
111  10.56897714 -071.72217454 53 102
111  10.56898814 -071.72247378 53 102
112  10.56902277 -071.72251651  10.56906052 -071.72251891 53 102
112  10.57040123 -071.72254294  10.57052062 -071.72254426
111  10.57040123 -071.72254294
112  10.57040123 -071.72254294  10.57042468 -071.72254432 53 102
112  10.57045581 -071.72255974  10.57046979 -071.72257168
111  10.57045581 -071.72255974
112  10.57045581 -071.72255974  10.57048186 -071.72258199 53 102
111  10.57049387 -071.72261845 53 102
111  10.57061288 -071.72290287 53 102
115  10.57078321 -071.72330992
120 Linear Feature 22
111  10.57037665 -071.72349299 53 102
112  10.57045749 -071.72317727  10.57037963 -071.72296870
111  10.57045749 -071.72317727
112  10.57045749 -071.72317727  10.57043348 -071.72312098 53 102
112  10.57038303 -071.72300275  10.57035988 -071.72294848
111  10.57038303 -071.72300275
112  10.57038303 -071.72300275  10.57035908 -071.72294660 53 102
112  10.57033265 -071.72288466  10.57032576 -071.72286850
111  10.57033265 -071.72288466
112  10.57033265 -071.72288466  10.57029109 -071.72280215 53 102
111  10.57021367 -071.72279925 53 102
111  10.56955613 -071.72272450 53 102
112  10.56841896 -071.72269532  10.56837484 -071.72269796 53 102
115  10.56826979 -071.72272267
120 Linear Feature 39
111  10.55713405 -071.72709834 53 102
112  10.55717032 -071.72680318  10.55709951 -071.72662925
111  10.55717032 -071.72680318
112  10.55717032 -071.72680318  10.55715249 -071.72675938 53 102
112  10.55706164 -071.72653349  10.55701118 -071.72640791
111  10.55706164 -071.72653349
112  10.55706164 -071.72653349  10.55691174 -071.72616043 53 102
115  10.55667301 -071.72556436
120 Linear Feature 38
111  10.55685881 -071.72548459 53 102
112  10.55723391 -071.72646002  10.55738647 -071.72683767
111  10.55723391 -071.72646002
112  10.55723391 -071.72646002  10.55728661 -071.72659048 53 102
112  10.55735491 -071.72673887  10.55737885 -071.72678308
111  10.55735491 -071.72673887
112  10.55735491 -071.72673887  10.55744817 -071.72691105 53 102
115  10.55765056 -071.72691329
120 Linear Feature 37
111  10.55412676 -071.72838101 53 102
112  10.55420930 -071.72804140  10.55411666 -071.72779863
111  10.55420930 -071.72804140
112  10.55420930 -071.72804140  10.55418881 -071.72798771 53 102
112  10.55411447 -071.72779527  10.55407405 -071.72769080
111  10.55411447 -071.72779527
112  10.55411447 -071.72779527  10.55397212 -071.72742737 53 102
115  10.55374925 -071.72685492
120 Linear Feature 36
111  10.55392829 -071.72677736 53 102
112  10.55429153 -071.72772327  10.55443163 -071.72808263
111  10.55429153 -071.72772327
112  10.55429153 -071.72772327  10.55433160 -071.72782604 53 102
112  10.55438418 -071.72795680  10.55440350 -071.72800338
111  10.55438418 -071.72795680
112  10.55438418 -071.72795680  10.55447963 -071.72817607 53 102
115  10.55468273 -071.72814528
120 Linear Feature 35
112  10.55162896 -071.73141707  10.55228542 -071.73102377 53 102
111  10.55275968 -071.73048052 53 102
111  10.55294297 -071.73023959 53 102
111  10.55393757 -071.72894016 53 102
116  10.55391970 -071.72880341  10.55381875 -071.72878082
120 Linear Feature 34
111  10.55701078 -071.72911076 53 102
112  10.55699149 -071.72884420  10.55673447 -071.72879440
111  10.55699149 -071.72884420
112  10.55699149 -071.72884420  10.55691907 -071.72883016 53 102
112  10.55649455 -071.72877307  10.55625987 -071.72874020
111  10.55649455 -071.72877307
112  10.55649455 -071.72877307  10.55589645 -071.72868930 53 102
111  10.55500465 -071.72856970 53 102
112  10.55472368 -071.72857882  10.55462519 -071.72860495 53 102
112  10.55440642 -071.72871036  10.55429148 -071.72878051 53 102
111  10.55415406 -071.72893966 53 102
111  10.55309225 -071.73035754 53 102
111  10.55283713 -071.73069722 53 102
116  10.55284616 -071.73090032  10.55302358 -071.73090830
120 Linear Feature 33
112  10.55550758 -071.72813813  10.55539075 -071.72844938 53 102
111  10.55567862 -071.72846955 53 102
112  10.55652069 -071.72858027  10.55685298 -071.72862435
111  10.55652069 -071.72858027
112  10.55652069 -071.72858027  10.55663177 -071.72859501 53 102
112  10.55676400 -071.72861597  10.55681214 -071.72862112
111  10.55676400 -071.72861597
112  10.55676400 -071.72861597  10.55695618 -071.72863655 53 102
111  10.55716714 -071.72853446 53 102
112  10.55752047 -071.72805765  10.55760309 -071.72771839
111  10.55752047 -071.72805765
112  10.55752047 -071.72805765  10.55753599 -071.72799391 53 102
112  10.55754241 -071.72787791  10.55754237 -071.72782203
111  10.55754241 -071.72787791
112  10.55754241 -071.72787791  10.55754225 -071.72763633 53 102
112  10.55738694 -071.72743578  10.55735300 -071.72739812
111  10.55738694 -071.72743578
112  10.55738694 -071.72743578  10.55734514 -071.72738940 53 102
115  10.55723812 -071.72739615
120 Linear Feature 32
112  10.55766408 -071.72721792  10.55763269 -071.72727116 53 102
112  10.55762539 -071.72735937  10.55762469 -071.72740991
111  10.55762539 -071.72735937
112  10.55762539 -071.72735937  10.55764815 -071.72754782 53 102
112  10.55780719 -071.72777620  10.55789342 -071.72787033
111  10.55780719 -071.72777620
112  10.55780719 -071.72777620  10.55793304 -071.72791357 53 102
112  10.55815663 -071.72797549  10.55822578 -071.72798554
111  10.55815663 -071.72797549
112  10.55815663 -071.72797549  10.55821723 -071.72798187 53 102
112  10.55880692 -071.72776884  10.55908509 -071.72747818
111  10.55880692 -071.72776884
112  10.55880692 -071.72776884  10.55880779 -071.72776759 53 102
112  10.55880952 -071.72776507  10.55881039 -071.72776381
111  10.55880952 -071.72776507
112  10.55880952 -071.72776507  10.55901046 -071.72747365 53 102
112  10.55956151 -071.72676084  10.55967825 -071.72656992
111  10.55956151 -071.72676084
112  10.55956151 -071.72676084  10.55961576 -071.72648523 53 102
115  10.55943225 -071.72647199
120 Linear Feature 31
112  10.56003586 -071.72589818  10.56016961 -071.72579189 53 102
111  10.56010566 -071.72555868 53 102
112  10.55999784 -071.72529317  10.55993478 -071.72513812
111  10.55999784 -071.72529317
112  10.55999784 -071.72529317  10.55986356 -071.72496297 53 102
112  10.55960161 -071.72433168  10.55955693 -071.72423287
111  10.55960161 -071.72433168
112  10.55960161 -071.72433168  10.55953595 -071.72418648 53 102
115  10.55936032 -071.72420413
120 Linear Feature 30
111  10.55990835 -071.72397112 53 102
112  10.55981639 -071.72429616  10.55989239 -071.72452228
111  10.55981639 -071.72429616
112  10.55981639 -071.72429616  10.55986672 -071.72444590 53 102
112  10.56021201 -071.72521200  10.56034780 -071.72551069
111  10.56021201 -071.72521200
112  10.56021201 -071.72521200  10.56028127 -071.72536435 53 102
111  10.56033136 -071.72547280 53 102
116  10.56060363 -071.72565830  10.56075593 -071.72569504
120 Linear Feature 29
112  10.56049940 -071.72601978  10.56018383 -071.72620261 53 102
111  10.55989615 -071.72662593 53 102
111  10.55895539 -071.72788904 53 102
111  10.55869998 -071.72823135 53 102
116  10.55873144 -071.72838090  10.55886019 -071.72843041
120 Linear Feature 28
111  10.56344178 -071.72638740 53 102
112  10.56416889 -071.72579848  10.56454356 -071.72544220
111  10.56416889 -071.72579848
112  10.56416889 -071.72579848  10.56443575 -071.72554471 53 102
112  10.56467045 -071.72523880  10.56474215 -071.72514040
111  10.56467045 -071.72523880
112  10.56467045 -071.72523880  10.56469941 -071.72519905 53 102
111  10.56471348 -071.72517710 53 102
112  10.56551799 -071.72410026  10.56566052 -071.72392019
111  10.56551799 -071.72410026
112  10.56551799 -071.72410026  10.56565509 -071.72391552 53 102
115  10.56550561 -071.72389640
120 Linear Feature 27
111  10.56639879 -071.72352113 53 102
112  10.56587080 -071.72395647  10.56560705 -071.72426741
111  10.56587080 -071.72395647
112  10.56587080 -071.72395647  10.56565459 -071.72423844 53 102
112  10.56482782 -071.72537847  10.56459629 -071.72569736
111  10.56482782 -071.72537847
112  10.56482782 -071.72537847  10.56479706 -071.72542085 53 102
112  10.56475653 -071.72547655  10.56474036 -071.72549874
111  10.56475653 -071.72547655
112  10.56475653 -071.72547655  10.56456764 -071.72572579 53 102
115  10.56491939 -071.72579447
120 Linear Feature 26
111  10.56555268 -071.72356520 53 102
112  10.56570537 -071.72331341  10.56574445 -071.72316141 53 102
115  10.56570694 -071.72304667
120 Linear Feature 41
111  10.54590186 -071.73386773 53 102
112  10.54570283 -071.73338406  10.54561513 -071.73316734
111  10.54570283 -071.73338406
112  10.54570283 -071.73338406  10.54564692 -071.73324590 53 102
112  10.54559678 -071.73311400  10.54559122 -071.73310064
111  10.54559678 -071.73311400
112  10.54559678 -071.73311400  10.54558250 -071.73307968 53 102
111  10.54561166 -071.73306151 53 102
111  10.54727035 -071.73134188 53 102
115  10.54755796 -071.73121428
120 Linear Feature 40
111  10.54765393 -071.73145534 53 102
112  10.54754001 -071.73167940  10.54748837 -071.73178818
111  10.54754001 -071.73167940
112  10.54754001 -071.73167940  10.54750084 -071.73176191 53 102
112  10.54745507 -071.73186252  10.54743769 -071.73188438
111  10.54745507 -071.73186252
112  10.54745507 -071.73186252  10.54741478 -071.73191319 53 102
112  10.54685603 -071.73252715  10.54676166 -071.73262424 53 102
111  10.54670462 -071.73256955 53 102
112  10.54658013 -071.73244623  10.54651784 -071.73238287 53 102
111  10.54644420 -071.73247165 53 102
112  10.54593753 -071.73309733  10.54590218 -071.73313812
111  10.54593753 -071.73309733
112  10.54593753 -071.73309733  10.54591949 -071.73312562 53 102
112  10.54592678 -071.73322360  10.54595337 -071.73331457
111  10.54592678 -071.73322360
112  10.54592678 -071.73322360  10.54593133 -071.73323918 53 102
112  10.54594710 -071.73328513  10.54595450 -071.73330640
111  10.54594710 -071.73328513
112  10.54594710 -071.73328513  10.54598291 -071.73338806 53 102
111  10.54604126 -071.73353201 53 102
116  10.54629321 -071.73370160  10.54649359 -071.73371581
120 Linear Feature 51
111  10.54570283 -071.73338406 54 103
111  10.54582410 -071.73333494 54 103
115  10.54594710 -071.73328513
120 Linear Feature 50
111  10.55294297 -071.73023959 54 103
111  10.55301629 -071.73029752 54 103
115  10.55309225 -071.73035754
120 Linear Feature 49
111  10.56640626 -071.72268924 54 103
111  10.56644851 -071.72259096 54 103
115  10.56649068 -071.72249285
120 Linear Feature 49
111  10.56570694 -071.72304667 54 103
111  10.56580048 -071.72302232 54 103
115  10.56590500 -071.72299511
120 Linear Feature 49
111  10.55999784 -071.72529317 54 103
111  10.56010618 -071.72525211 54 103
115  10.56021201 -071.72521200
120 Linear Feature 49
111  10.55706164 -071.72653349 54 103
111  10.55715343 -071.72649435 54 103
115  10.55723391 -071.72646002
120 Linear Feature 49
111  10.55411447 -071.72779527 54 103
111  10.55420290 -071.72775931 54 103
115  10.55429153 -071.72772327
120 Linear Feature 49
111  10.55649455 -071.72877307 54 103
111  10.55650752 -071.72867739 54 103
115  10.55652069 -071.72858027
120 Linear Feature 48
111  10.55754241 -071.72787791 54 103
111  10.55767607 -071.72782657 54 103
115  10.55780719 -071.72777620
120 Linear Feature 47
111  10.55880952 -071.72776507 54 103
111  10.55888203 -071.72782669 54 103
115  10.55895539 -071.72788904
120 Linear Feature 44
111  10.56467045 -071.72523880 54 103
111  10.56474722 -071.72530694 54 103
115  10.56482782 -071.72537847
120 Linear Feature 43
111  10.57038303 -071.72300275 54 103
111  10.57049695 -071.72295325 54 103
115  10.57061288 -071.72290287
120 Linear Feature 69
111  10.57011248 -071.72384120 51 101
112  10.57043028 -071.72368202  10.57061837 -071.72357959
111  10.57043028 -071.72368202
112  10.57043028 -071.72368202  10.57070956 -071.72351968 51 101
111  10.57059218 -071.72318951 51 101
111  10.57049695 -071.72295325 51 101
111  10.57040127 -071.72273810 51 101
112  10.57029520 -071.72265866  10.57022286 -071.72265335 51 101
115  10.56843317 -071.72259644
120 Linear Feature 68
112  10.56662501 -071.72326127  10.56713961 -071.72299811 51 101
115  10.56673106 -071.72271359
120 Linear Feature 67
111  10.56580048 -071.72302232 51 101
112  10.56592214 -071.72268372  10.56610628 -071.72257917 51 101
112  10.56627334 -071.72254450  10.56635484 -071.72253359 51 101
111  10.56644851 -071.72259096 51 101
111  10.56673106 -071.72271359 51 101
111  10.56719166 -071.72291351 51 101
116  10.56763418 -071.72283448  10.56793816 -071.72266634
120 Linear Feature 66
111  10.56338197 -071.72665731 51 101
112  10.56420389 -071.72603521  10.56455931 -071.72562469
111  10.56420389 -071.72603521
112  10.56420389 -071.72603521  10.56451489 -071.72562469 51 101
112  10.56474722 -071.72530694  10.56505053 -071.72490066
111  10.56474722 -071.72530694
112  10.56474722 -071.72530694  10.56524521 -071.72463989 51 101
112  10.56595137 -071.72365996  10.56603345 -071.72355120
111  10.56595137 -071.72365996
112  10.56595137 -071.72365996  10.56603894 -071.72353698 51 101
111  10.56596497 -071.72340928 51 101
111  10.56580048 -071.72302232 51
111  10.56571808 -071.72282740 51
111  10.56547745 -071.72225820 51
111  10.56546927 -071.72223886 51
111  10.56478700 -071.72062042 51
111  10.56471923 -071.72046072 51
111  10.56436936 -071.71962616 51
111  10.56430930 -071.71948316 51
115  10.56427838 -071.71941197
120 Linear Feature 65
111  10.56357792 -071.72430253 51
111  10.56329917 -071.72359826 51
112  10.56324465 -071.72356669  10.56320565 -071.72358382 51
111  10.56289019 -071.72372613 51
112  10.56283167 -071.72371081  10.56281409 -071.72367207 51
115  10.56270534 -071.72341210
120 Linear Feature 64
112  10.56387041 -071.72440530  10.56365687 -071.72445961 51
111  10.56357792 -071.72430253 51
116  10.56343249 -071.72460670  10.56323465 -071.72474566
120 Linear Feature 63
111  10.56023148 -071.72553931 51 101
111  10.56010618 -071.72525211 51 101
115  10.55965198 -071.72418868
120 Linear Feature 62
112  10.56068916 -071.72574750  10.56037986 -071.72576663 51 101
111  10.56023148 -071.72553931 51 101
116  10.56004692 -071.72600139  10.55982331 -071.72614595
120 Linear Feature 61
112  10.56023148 -071.72553931  10.56036432 -071.72586230 51 101
111  10.56023384 -071.72603782 51 101
111  10.55983368 -071.72654940 51 101
116  10.55958194 -071.72619737  10.55925068 -071.72623338
120 Linear Feature 60
111  10.55963102 -071.72682141 51 101
116  10.55923315 -071.72635656  10.55862372 -071.72639257
120 Linear Feature 59
111  10.55738680 -071.72918792 51 101
112  10.55841550 -071.72844233  10.55877923 -071.72795490 51 101
111  10.55888203 -071.72782669 51 101
111  10.55963102 -071.72682141 51 101
115  10.55983368 -071.72654940
120 Linear Feature 58
112  10.55777065 -071.72696426  10.55741892 -071.72708820 51 101
111  10.55727573 -071.72680294 51 101
116  10.55701307 -071.72727017  10.55669583 -071.72741983
120 Linear Feature 57
112  10.55703773 -071.72729972  10.55742853 -071.72724126 51 101
111  10.55754319 -071.72748680 51 101
116  10.55779928 -071.72699019  10.55812572 -071.72681013
120 Linear Feature 56
111  10.55436563 -071.72818992 51 101
111  10.55420290 -071.72775931 51 101
115  10.55383539 -071.72680990
120 Linear Feature 56
111  10.55780669 -071.72814725 51 101
111  10.55767607 -071.72782657 51 101
111  10.55754319 -071.72748680 51 101
111  10.55727573 -071.72680294 51 101
111  10.55715343 -071.72649435 51 101
115  10.55675337 -071.72549290
120 Linear Feature 55
112  10.55738680 -071.72918792  10.55798694 -071.72876623 51 101
111  10.55780669 -071.72814725 51 101
116  10.55889372 -071.72852759  10.55962044 -071.72825077
120 Linear Feature 54
111  10.55267400 -071.73076540 51 101
112  10.55301629 -071.73029752  10.55321355 -071.73003303
111  10.55301629 -071.73029752
112  10.55301629 -071.73029752  10.55342350 -071.72975152 51 101
112  10.55423771 -071.72867996  10.55440124 -071.72847722
111  10.55423771 -071.72867996
112  10.55423771 -071.72867996  10.55448046 -071.72837129 51 101
111  10.55436563 -071.72818992 51 101
112  10.55478541 -071.72844034  10.55514955 -071.72850208 51 101
112  10.55650752 -071.72867739  10.55732672 -071.72879133
111  10.55650752 -071.72867739
112  10.55650752 -071.72867739  10.55699267 -071.72874487 51 101
112  10.55767396 -071.72883786  10.55790499 -071.72885986
111  10.55767396 -071.72883786
112  10.55767396 -071.72883786  10.55829510 -071.72889700 51 101
115  10.55889372 -071.72852759
120 Linear Feature 53
112  10.55298870 -071.73110814  10.55254072 -071.73115785 51 101
111  10.55267400 -071.73076540 51 101
116  10.55182886 -071.73151322  10.55118243 -071.73187959
120 Linear Feature 52
111  10.54669879 -071.73375304 51 101
112  10.54635695 -071.73389623  10.54615660 -071.73398055 51 101
111  10.54593464 -071.73363469 51 101
111  10.54582410 -071.73333494 51 101
112  10.54578584 -071.73320737  10.54576579 -071.73311858
111  10.54578584 -071.73320737
112  10.54578584 -071.73320737  10.54575635 -071.73309098 51 101
111  10.54583702 -071.73301394 51 101
111  10.54720812 -071.73154192 51 101
115  10.54760007 -071.73133357
120 Linear Feature 82
111  10.56790194 -071.72271688 51
112  10.56830810 -071.72256457  10.56847339 -071.72251239 51
112  10.56866403 -071.72261734  10.56881222 -071.72260381 51
111  10.56886439 -071.72238736 51
112  10.56881934 -071.72224223  10.56877374 -071.72222483 51
112  10.56846830 -071.72223106  10.56825551 -071.72223492 51
114  10.56807807 -071.72252830  10.56801830 -071.72264756 51
120 Linear Feature 81
111  10.54761117 -071.73134719 51
112  10.54747540 -071.73150213  10.54740855 -071.73160168
111  10.54747540 -071.73150213
112  10.54747540 -071.73150213  10.54743067 -071.73156874 51
112  10.54734734 -071.73174633  10.54729733 -071.73183074
111  10.54734734 -071.73174633
112  10.54734734 -071.73174633  10.54728311 -071.73185474 51
112  10.54718887 -071.73205969  10.54713219 -071.73211804
111  10.54718887 -071.73205969
112  10.54718887 -071.73205969  10.54714915 -071.73211766 51
111  10.54695370 -071.73229313 51
112  10.54674887 -071.73194136  10.54687017 -071.73158094
111  10.54674887 -071.73194136
112  10.54674887 -071.73194136  10.54691256 -071.73172308 51
112  10.54714083 -071.73172530  10.54726473 -071.73162756
111  10.54714083 -071.73172530
114  10.54714083 -071.73172530  10.54730014 -071.73149638 51
120 Linear Feature 80
112  10.56407398 -071.71966805  10.56415095 -071.71964563 51
111  10.56418266 -071.71970336 51
116  10.56422104 -071.71960809  10.56426353 -071.71957233
120 Linear Feature 79
111  10.56453871 -071.72055270 51
115  10.56418266 -071.71970336
120 Linear Feature 78
112  10.56464585 -071.72059007  10.56459082 -071.72061078 51
111  10.56453871 -071.72055270 51
116  10.56449772 -071.72065192  10.56444778 -071.72067562
120 Linear Feature 77
112  10.56436936 -071.71962616  10.56433857 -071.71958036 51
111  10.56427853 -071.71958465 51
116  10.56430930 -071.71948316  10.56428975 -071.71942440
120 Linear Feature 76
111  10.56468221 -071.72057489 51
111  10.56464585 -071.72059007 51
111  10.56449772 -071.72065192 51
111  10.56439455 -071.72069499 51
111  10.56429105 -071.72073820 51
111  10.56417890 -071.72078502 51
111  10.56409126 -071.72082161 51
111  10.56379404 -071.72094571 51
112  10.56367807 -071.72087113  10.56363655 -071.72076817 51
112  10.56335017 -071.72010419  10.56330464 -071.71999557 51
111  10.56338516 -071.71996216 51
111  10.56407398 -071.71966805 51
111  10.56422104 -071.71960809 51
115  10.56427853 -071.71958465
120 Linear Feature 75
112  10.56478700 -071.72062042  10.56476068 -071.72056191 51
111  10.56468221 -071.72057489 51
116  10.56471923 -071.72046072  10.56468316 -071.72037542
120 Linear Feature 74
111  10.56570010 -071.72174894 51
111  10.56586995 -071.72148077 51
112  10.56586995 -071.72129794  10.56582677 -071.72118901 51
111  10.56535062 -071.72004770 51
112  10.56522911 -071.72019410  10.56524327 -071.72033690
111  10.56522911 -071.72019410
112  10.56522911 -071.72019410  10.56519726 -071.72020730 51
115  10.56519726 -071.72020730
120 Linear Feature 73
111  10.56578716 -071.72199615 51
112  10.56584444 -071.72186363  10.56581023 -071.72177963 51
115  10.56572976 -071.72159066
120 Linear Feature 72
111  10.56546927 -071.72223886 51
112  10.56548550 -071.72206686  10.56553351 -071.72199426 51
111  10.56570010 -071.72174894 51
112  10.56572976 -071.72159066  10.56571765 -071.72150322
111  10.56572976 -071.72159066
112  10.56572976 -071.72159066  10.56571402 -071.72155248 51
115  10.56471348 -071.71918386
120 Linear Feature 71
111  10.56599753 -071.72190862 51
112  10.56588408 -071.72195597  10.56584378 -071.72197278
111  10.56588408 -071.72195597
112  10.56588408 -071.72195597  10.56587170 -071.72196113 51
112  10.56585931 -071.72196629  10.56585620 -071.72196758
111  10.56585931 -071.72196629
112  10.56585931 -071.72196629  10.56583627 -071.72197586 51
112  10.56578716 -071.72199615  10.56576250 -071.72200631
111  10.56578716 -071.72199615
112  10.56578716 -071.72199615  10.56577305 -071.72200196 51
112  10.56574489 -071.72201353  10.56573088 -071.72201927
111  10.56574489 -071.72201353
112  10.56574489 -071.72201353  10.56573935 -071.72201580 51
112  10.56572836 -071.72202030  10.56572289 -071.72202254
111  10.56572836 -071.72202030
112  10.56572836 -071.72202030  10.56567938 -071.72204033 51
112  10.56560107 -071.72207143  10.56556856 -071.72208404
111  10.56560107 -071.72207143
112  10.56560107 -071.72207143  10.56555090 -071.72209717 51
112  10.56550287 -071.72217526  10.56548495 -071.72221232
111  10.56550287 -071.72217526
112  10.56550287 -071.72217526  10.56548144 -071.72221958 51
115  10.56547745 -071.72225820
120 Linear Feature 70
111  10.56571808 -071.72282740 51
112  10.56584587 -071.72262516  10.56599894 -071.72254114
111  10.56584587 -071.72262516
112  10.56584587 -071.72262516  10.56588462 -071.72260854 51
112  10.56600342 -071.72255702  10.56606552 -071.72253005
111  10.56600342 -071.72255702
112  10.56600342 -071.72255702  10.56603844 -071.72254181 51
112  10.56611138 -071.72251007  10.56614759 -071.72249430
111  10.56611138 -071.72251007
112  10.56611138 -071.72251007  10.56612333 -071.72250487 51
112  10.56614698 -071.72249457  10.56615873 -071.72248945
111  10.56614698 -071.72249457
112  10.56614698 -071.72249457  10.56617859 -071.72248080 51
112  10.56623723 -071.72245523  10.56626526 -071.72244301
111  10.56623723 -071.72245523
112  10.56623723 -071.72245523  10.56625623 -071.72244695 51
112  10.56629054 -071.72243247  10.56630690 -071.72242563
111  10.56629054 -071.72243247
112  10.56629054 -071.72243247  10.56634403 -071.72241011 51
115  10.56638043 -071.72239630
120 Linear Feature 17
111  10.56638043 -071.72239630 51
112  10.56639510 -071.72229580  10.56634256 -071.72223564
111  10.56639510 -071.72229580
112  10.56639510 -071.72229580  10.56632811 -071.72222833 51
112  10.56606498 -071.72194644  10.56603114 -071.72190858 51
115  10.56599753 -071.72190862
120 Linear Feature 17
111  10.56629054 -071.72243247 51
112  10.56628830 -071.72232019  10.56623575 -071.72226003
111  10.56628830 -071.72232019
112  10.56628830 -071.72232019  10.56622130 -071.72225272 51
112  10.56594784 -071.72198153  10.56591400 -071.72194367 51
115  10.56588408 -071.72195597
120 Linear Feature 17
111  10.56623723 -071.72245523 51
112  10.56624456 -071.72234713  10.56619201 -071.72228698
111  10.56624456 -071.72234713
112  10.56624456 -071.72234713  10.56617757 -071.72227967 51
112  10.56592595 -071.72199993  10.56589212 -071.72196207 51
115  10.56585931 -071.72196629
120 Linear Feature 17
111  10.56614698 -071.72249457 51
112  10.56614568 -071.72237293  10.56609313 -071.72231277
111  10.56614568 -071.72237293
112  10.56614568 -071.72237293  10.56607868 -071.72230546 51
112  10.56581518 -071.72204286  10.56578134 -071.72200499 51
115  10.56574489 -071.72201353
120 Linear Feature 17
111  10.56611138 -071.72251007 51
112  10.56610851 -071.72240951  10.56605597 -071.72234935
111  10.56610851 -071.72240951
112  10.56610851 -071.72240951  10.56604152 -071.72234205 51
112  10.56578816 -071.72206368  10.56575432 -071.72202582 51
115  10.56572836 -071.72202030
120 Linear Feature 17
111  10.56600342 -071.72255702 51
112  10.56600765 -071.72243196  10.56596231 -071.72235073
111  10.56600765 -071.72243196
112  10.56600765 -071.72243196  10.56594065 -071.72236450 51
112  10.56567627 -071.72210177  10.56564243 -071.72206391 51
115  10.56560107 -071.72207143
120 Linear Feature 17
111  10.56584587 -071.72262516 51
112  10.56588580 -071.72251017  10.56584046 -071.72242894
111  10.56588580 -071.72251017
112  10.56588580 -071.72251017  10.56581881 -071.72244271 51
112  10.56555877 -071.72217997  10.56552832 -071.72215313 51
115  10.56550287 -071.72217526
120 Linear Feature 16
111  10.55387568 -071.72513438 51
112  10.55374964 -071.72508419  10.55367891 -071.72511345 51
112  10.55355490 -071.72516130  10.55349413 -071.72518415 51
115  10.55343570 -071.72512559
120 Linear Feature 16
111  10.55393997 -071.72530049 51
112  10.55381985 -071.72526111  10.55374912 -071.72529037 51
112  10.55362511 -071.72533822  10.55356434 -071.72536107 51
115  10.55349724 -071.72528036
120 Linear Feature 16
111  10.55400700 -071.72547416 51
112  10.55389673 -071.72543227  10.55382600 -071.72546154 51
112  10.55370199 -071.72550938  10.55362526 -071.72554108 51
115  10.55355553 -071.72542935
120 Linear Feature 16
111  10.55407385 -071.72564783 51
112  10.55395290 -071.72560010  10.55388216 -071.72562936 51
112  10.55375816 -071.72567721  10.55368143 -071.72570891 51
115  10.55361322 -071.72557804
120 Linear Feature 16
111  10.55418754 -071.72501470 51
112  10.55407245 -071.72494118  10.55401011 -071.72496801 51
112  10.55392012 -071.72500746  10.55385232 -071.72503816 51
115  10.55381176 -071.72497068
120 Linear Feature 16
111  10.55424865 -071.72517682 51
112  10.55415310 -071.72510858  10.55409076 -071.72513541 51
112  10.55400077 -071.72517485  10.55393297 -071.72520556 51
115  10.55387568 -071.72513438
120 Linear Feature 16
111  10.55431312 -071.72534799 51
112  10.55420957 -071.72528596  10.55414723 -071.72531278 51
112  10.55405725 -071.72535223  10.55398350 -071.72538697 51
115  10.55393997 -071.72530049
120 Linear Feature 16
111  10.55437462 -071.72551177 51
112  10.55428081 -071.72545836  10.55421847 -071.72548519 51
112  10.55412030 -071.72552539  10.55404357 -071.72555710 51
115  10.55400700 -071.72547416
120 Linear Feature 16
111  10.55443175 -071.72566523 51
112  10.55433476 -071.72563762  10.55426402 -071.72566689 51
112  10.55417424 -071.72570465  10.55409752 -071.72573636 51
115  10.55407385 -071.72564783
120 Linear Feature 16
111  10.55413703 -071.72581319 51
112  10.55402724 -071.72577680  10.55395651 -071.72580607 51
112  10.55383250 -071.72585391  10.55375578 -071.72588562 51
115  10.55367728 -071.72574503
120 Linear Feature 15
111  10.55315516 -071.72588429 51
112  10.55324862 -071.72569058  10.55333592 -071.72564503 51
112  10.55347915 -071.72558751  10.55358704 -071.72554760 51
115  10.55366116 -071.72570276
120 Linear Feature 15
111  10.55305235 -071.72562137 51
112  10.55312413 -071.72543782  10.55319693 -071.72539965 51
112  10.55339336 -071.72531865  10.55346202 -071.72529426 51
115  10.55354888 -071.72541228
120 Linear Feature 15
111  10.55323811 -071.72609550 51
112  10.55330741 -071.72599750  10.55338021 -071.72595933 51
112  10.55360829 -071.72586759  10.55367695 -071.72584320 51
115  10.55373129 -071.72588901
120 Linear Feature 14
111  10.55409852 -071.72592936 51
112  10.55413703 -071.72581319  10.55410861 -071.72573678
111  10.55413703 -071.72581319
112  10.55413703 -071.72581319  10.55412953 -071.72579303 51
112  10.55407385 -071.72564783  10.55404210 -071.72556518
111  10.55407385 -071.72564783
112  10.55407385 -071.72564783  10.55405394 -071.72559601 51
112  10.55400700 -071.72547416  10.55398305 -071.72541203
111  10.55400700 -071.72547416
112  10.55400700 -071.72547416  10.55398492 -071.72541688 51
112  10.55393997 -071.72530049  10.55391792 -071.72524342
111  10.55393997 -071.72530049
112  10.55393997 -071.72530049  10.55391700 -071.72524105 51
112  10.55387568 -071.72513438  10.55385641 -071.72508471
111  10.55387568 -071.72513438
112  10.55387568 -071.72513438  10.55384420 -071.72505321 51
112  10.55381176 -071.72497068  10.55380336 -071.72494979
111  10.55381176 -071.72497068
112  10.55381176 -071.72497068  10.55377939 -071.72489019 51
115  10.55370579 -071.72490704
120 Linear Feature 13
111  10.55371683 -071.72609231 51
112  10.55375815 -071.72596550  10.55372763 -071.72586683
111  10.55375815 -071.72596550
112  10.55375815 -071.72596550  10.55375365 -071.72595094 51
112  10.55373129 -071.72588901  10.55371837 -071.72585378
111  10.55373129 -071.72588901
112  10.55373129 -071.72588901  10.55371693 -071.72584987 51
112  10.55367728 -071.72574503  10.55365628 -071.72568984
111  10.55367728 -071.72574503
112  10.55367728 -071.72574503  10.55367204 -071.72573126 51
112  10.55366116 -071.72570276  10.55365566 -071.72568838
111  10.55366116 -071.72570276
112  10.55366116 -071.72570276  10.55364584 -071.72566270 51
112  10.55361322 -071.72557804  10.55359679 -071.72553551
111  10.55361322 -071.72557804
112  10.55361322 -071.72557804  10.55359394 -071.72552813 51
112  10.55355553 -071.72542935  10.55353671 -071.72538104
111  10.55355553 -071.72542935
112  10.55355553 -071.72542935  10.55355330 -071.72542363 51
112  10.55354888 -071.72541228  10.55354667 -071.72540662
111  10.55354888 -071.72541228
112  10.55354888 -071.72541228  10.55353045 -071.72536502 51
112  10.55349724 -071.72528036  10.55348159 -071.72524055
111  10.55349724 -071.72528036
112  10.55349724 -071.72528036  10.55346740 -071.72520446 51
112  10.55343570 -071.72512559  10.55342691 -071.72510436
111  10.55343570 -071.72512559
112  10.55343570 -071.72512559  10.55340083 -071.72504134 51
115  10.55333549 -071.72506549
120 Linear Feature 12
112  10.55333196 -071.72633430  10.55331854 -071.72629107 51
111  10.55338695 -071.72623245 51
116  10.55328336 -071.72621062  10.55325707 -071.72617079
120 Linear Feature 11
111  10.55383539 -071.72680990 51
112  10.55377304 -071.72665663  10.55374501 -071.72662445
111  10.55377304 -071.72665663
112  10.55377304 -071.72665663  10.55375922 -071.72664717 51
112  10.55371041 -071.72662052  10.55368139 -071.72660881
111  10.55371041 -071.72662052
112  10.55371041 -071.72662052  10.55363370 -071.72658956 51
112  10.55347793 -071.72656048  10.55343768 -071.72654963
111  10.55347793 -071.72656048
112  10.55347793 -071.72656048  10.55345756 -071.72655518 51
112  10.55340343 -071.72651694  10.55338537 -071.72648183
111  10.55340343 -071.72651694
112  10.55340343 -071.72651694  10.55338617 -071.72647249 51
112  10.55333196 -071.72633430  10.55330257 -071.72625946
111  10.55333196 -071.72633430
112  10.55333196 -071.72633430  10.55331683 -071.72629578 51
112  10.55328336 -071.72621062  10.55326622 -071.72616701
111  10.55328336 -071.72621062
112  10.55328336 -071.72621062  10.55326877 -071.72617351 51
112  10.55323811 -071.72609550  10.55322261 -071.72605607
111  10.55323811 -071.72609550
112  10.55323811 -071.72609550  10.55321102 -071.72602660 51
112  10.55315516 -071.72588429  10.55312738 -071.72581348
111  10.55315516 -071.72588429
112  10.55315516 -071.72588429  10.55311940 -071.72579312 51
112  10.55305235 -071.72562137  10.55302053 -071.72553962
111  10.55305235 -071.72562137
112  10.55305235 -071.72562137  10.55301035 -071.72551348 51
112  10.55295063 -071.72535703  10.55292700 -071.72529411
111  10.55295063 -071.72535703
112  10.55295063 -071.72535703  10.55289870 -071.72524366 51
111  10.55302072 -071.72520019 51
111  10.55333549 -071.72506549 51
111  10.55370579 -071.72490704 51
111  10.55401780 -071.72477352 51
112  10.55411167 -071.72481280  10.55413960 -071.72488885
111  10.55411167 -071.72481280
112  10.55411167 -071.72481280  10.55411969 -071.72483464 51
112  10.55418754 -071.72501470  10.55422593 -071.72511656
111  10.55418754 -071.72501470
112  10.55418754 -071.72501470  10.55420626 -071.72506437 51
112  10.55424865 -071.72517682  10.55427019 -071.72523396
111  10.55424865 -071.72517682
112  10.55424865 -071.72517682  10.55426994 -071.72523330 51
112  10.55431312 -071.72534799  10.55433434 -071.72540439
111  10.55431312 -071.72534799
112  10.55431312 -071.72534799  10.55433489 -071.72540587 51
112  10.55437462 -071.72551177  10.55439335 -071.72556176
111  10.55437462 -071.72551177
112  10.55437462 -071.72551177  10.55439835 -071.72557511 51
112  10.55443175 -071.72566523  10.55444509 -071.72570151
111  10.55443175 -071.72566523
112  10.55443175 -071.72566523  10.55444008 -071.72568788 51
112  10.55444811 -071.72571070  10.55445044 -071.72571770
111  10.55444811 -071.72571070
112  10.55444811 -071.72571070  10.55446883 -071.72577300 51
111  10.55441053 -071.72579764 51
111  10.55409852 -071.72592936 51
111  10.55371683 -071.72609231 51
115  10.55338695 -071.72623245
120 Linear Feature 10
112  10.55790816 -071.72364567  10.55783128 -071.72358222 51
111  10.55777357 -071.72374918 51
115  10.55730007 -071.72397928
120 Linear Feature 9
112  10.55761557 -071.72485478  10.55771023 -071.72477477 51
111  10.55765856 -071.72462070 51
111  10.55736238 -071.72418861 51
111  10.55765856 -071.72462070 51
116  10.55784822 -071.72475595  10.55795372 -071.72474741
120 Linear Feature 8
112  10.55717370 -071.72504208  10.55725941 -071.72498440 51
111  10.55724015 -071.72485374 51
111  10.55686193 -071.72409719 51
111  10.55724015 -071.72485374 51
116  10.55738779 -071.72495138  10.55746823 -071.72493796
120 Linear Feature 7
111  10.55644596 -071.72411830 51
115  10.55672752 -071.72367041
120 Linear Feature 6
111  10.55514228 -071.72438057 51
115  10.55485345 -071.72492282
120 Linear Feature 5
112  10.55502210 -071.72538796  10.55502210 -071.72538011 51
115  10.55529240 -071.72479485
120 Linear Feature 4
111  10.55383539 -071.72680990 51
112  10.55406179 -071.72634500  10.55436762 -071.72622618 51
112  10.55501327 -071.72595553  10.55523956 -071.72586552
111  10.55501327 -071.72595553
112  10.55501327 -071.72595553  10.55507935 -071.72592924 51
112  10.55519493 -071.72579943  10.55526086 -071.72571151
111  10.55519493 -071.72579943
112  10.55519493 -071.72579943  10.55551130 -071.72524641 51
115  10.55551130 -071.72524641
120 Linear Feature 3
111  10.55627762 -071.72456402 51
115  10.55576132 -071.72459254
120 Linear Feature 2
111  10.55675337 -071.72549290 51
115  10.55624656 -071.72413300
120 Linear Feature 2
111  10.55641522 -071.72490012 51
115  10.55589425 -071.72502369
120 Linear Feature 1
111  10.55722311 -071.72343991 51
112  10.55763503 -071.72340772  10.55804695 -071.72337552
111  10.55763503 -071.72340772
112  10.55763503 -071.72340772  10.55766980 -071.72327357 51
111  10.55775076 -071.72326946 51 101
111  10.55790816 -071.72364567 51 101
111  10.55823861 -071.72445162 51 101
112  10.55819490 -071.72460744  10.55809336 -071.72465318
111  10.55819490 -071.72460744
112  10.55819490 -071.72460744  10.55816344 -071.72462161 51 101
112  10.55784822 -071.72475595  10.55767173 -071.72483101
111  10.55784822 -071.72475595
112  10.55784822 -071.72475595  10.55777547 -071.72478689 51 101
112  10.55761557 -071.72485478  10.55753484 -071.72488904
111  10.55761557 -071.72485478
112  10.55761557 -071.72485478  10.55753966 -071.72488699 51 101
112  10.55738779 -071.72495138  10.55731319 -071.72498300
111  10.55738779 -071.72495138
112  10.55738779 -071.72495138  10.55731229 -071.72498338 51 101
112  10.55717370 -071.72504208  10.55710787 -071.72506996
111  10.55717370 -071.72504208
112  10.55717370 -071.72504208  10.55699993 -071.72511567 51 101
112  10.55687447 -071.72516874  10.55672528 -071.72522944 51 101
111  10.55675337 -071.72549290 51
112  10.55654850 -071.72534593  10.55640608 -071.72534996
111  10.55654850 -071.72534593
112  10.55654850 -071.72534593  10.55593617 -071.72536407 51
115  10.55593617 -071.72536407
120 Linear Feature 18
112  10.56409126 -071.72082161  10.56412817 -071.72081592 51
111  10.56416793 -071.72085913 51
111  10.56423909 -071.72103158 51
111  10.56416793 -071.72085913 51
112  10.56417890 -071.72078502  10.56421144 -071.72076951 51
111  10.56427425 -071.72082838 51
111  10.56434258 -071.72099057 51
111  10.56427425 -071.72082838 51
112  10.56429105 -071.72073820  10.56433070 -071.72072062 51
111  10.56437221 -071.72078035 51
111  10.56444726 -071.72094938 51
111  10.56437221 -071.72078035 51
112  10.56439455 -071.72069499  10.56442967 -071.72068042 51
111  10.56447678 -071.72074591 51
111  10.56454632 -071.72090689 51
111  10.56447678 -071.72074591 51
116  10.56449772 -071.72065192  10.56453609 -071.72062653
120 Linear Feature 22
112  10.55823861 -071.72445162  10.55829583 -071.72453531 51 101
115  10.55842121 -071.72451133
120 Linear Feature 21
112  10.55978110 -071.72393386  10.55961962 -071.72400884 51 101
111  10.55965198 -071.72418868 51 101
116  10.55937196 -071.72410760  10.55920398 -071.72417241
120 Linear Feature 20
111  10.55819490 -071.72460744 51 101
111  10.55842121 -071.72451133 51 101
111  10.55937196 -071.72410760 51 101
111  10.55978110 -071.72393386 51 101
115  10.56017126 -071.72376818
21  10.54868410 -071.73343746 2 22.6700 3.00 02L PAPI-4L
21  10.56792433 -071.72418963 1 202.6700 3.00 20R VASI
14  10.55631145 -071.72325791  26.25 0 New Tower Viewpoint 1
1300  10.55407245 -071.72494118  23.11 gate jets|turboprops|props GA RAMP 13
1301 B general_aviation 
1300  10.55415310 -071.72510858  22.57 gate jets|turboprops|props GA RAMP 12
1301 B general_aviation 
1300  10.55420957 -071.72528596  22.62 gate jets|turboprops|props GA RAMP 11
1301 B general_aviation 
1300  10.55428081 -071.72545836  22.75 gate jets|turboprops|props GA RAMP 10
1301 B general_aviation 
1300  10.55433476 -071.72563762  23.12 gate jets|turboprops|props GA RAMP 09
1301 B general_aviation 
1300  10.55402724 -071.72577680  21.91 gate jets|turboprops|props GA RAMP 04
1301 B general_aviation 
1300  10.55395290 -071.72560010  21.55 gate jets|turboprops|props GA RAMP 05
1301 B general_aviation 
1300  10.55389673 -071.72543227  21.11 gate jets|turboprops|props GA RAMP 06
1301 B general_aviation 
1300  10.55381985 -071.72526111  21.37 gate jets|turboprops|props GA RAMP 07
1301 B general_aviation 
1300  10.55374964 -071.72508419  21.65 gate jets|turboprops|props GA RAMP 08
1301 B general_aviation 
1300  10.55339336 -071.72531865  22.94 gate jets|turboprops|props GA RAMP 03
1301 B general_aviation 
1300  10.55347915 -071.72558751  23.81 gate jets|turboprops|props GA RAMP 02
1301 B general_aviation 
1300  10.55360829 -071.72586759  22.93 gate jets|turboprops|props GA RAMP 01
1301 B general_aviation 
1300  10.55514228 -071.72438057  60.98 gate jets|turboprops|props GATE 11
1301 C airline 
1300  10.55529240 -071.72479485  64.81 gate jets|turboprops|props GATE 10
1301 C airline 
1300  10.55551130 -071.72524641  60.36 gate jets|turboprops|props GATE 09
1301 C airline 
1300  10.55593617 -071.72536407 -178.53 gate jets|turboprops|props GATE 08
1301 C airline 
1300  10.55589425 -071.72502369 -166.56 gate jets|turboprops|props GATE 07
1301 C airline 
1300  10.55576132 -071.72459254 -177.00 gate jets|turboprops|props GATE 06
1301 C airline 
1300  10.55672752 -071.72367041  57.51 gate jets|turboprops|props GATE 05
1301 C airline 
1300  10.55686193 -071.72409719 117.22 gate jets|turboprops|props GATE 04
1301 C airline 
1300  10.55736238 -071.72418861 124.95 gate jets|turboprops|props GATE 03
1301 C airline 
1300  10.55730007 -071.72397928 -154.33 gate jets|turboprops|props GATE 02
1301 C airline 
1300  10.55722311 -071.72343991 -175.50 gate jets|turboprops|props GATE 01
1301 C airline 
1300  10.55904769 -071.72270899 113.35 gate jets|turboprops|props MAINTENANCE HANGAR 02
1301 C airline 
1300  10.55945378 -071.72255597 113.10 gate jets|turboprops|props MAINTENANCE HANGAR 01
1301 C airline 
1300  10.56454632 -071.72090689 -66.15 gate turboprops|props MILITARY APRON 08
1301 A military 
1300  10.56444726 -071.72094938 -65.81 gate turboprops|props MILITARY APRON 07
1301 A military 
1300  10.56434258 -071.72099057 -66.39 gate turboprops|props MILITARY APRON 06
1301 A military 
1300  10.56423909 -071.72103158 -67.51 gate turboprops|props MILITARY APRON 05
1301 A military 
1300  10.56510728 -071.71948733 -63.60 gate jets|turboprops|props MILITARY APRON 04
1301 C military 
1300  10.56544666 -071.72011066 -127.03 gate jets|turboprops|props MILITARY APRON 03
1301 B military 
1300  10.56552552 -071.72034826 -135.00 gate jets|turboprops|props MILITARY APRON 02
1301 B military 
1300  10.56563599 -071.72060323 -138.01 gate jets|turboprops|props MILITARY APRON 01
1301 B military 
18  10.55834582 -071.72760595 4 BCN
19  10.54803460 -071.73161952 1 WS
19  10.54625681 -071.73458672 1 WS
19  10.57023999 -071.72327285 1 WS
19  10.56774299 -071.72239692 1 WS
53 12190 GND
54 11890 TWR
99
