A
1000 Generated by Infinite Flight Airport Editing (World Parser)/AB

1     2462 1 1 LDZU UDBINA
100   29.87   2   0 0.25 0 0 0 13   44.56498300  015.76046900    0.00    0.00 2  0 0 0 31   44.55022800  015.78823900    0.00   99.36 2  0 0 0
110   2 0.30 126.70 Default taxiway for RWY 13
111  44.56487704  015.76035814  53 
111  44.56433643  015.75979252  53 
111  44.54958480  015.78756973  53 
111  44.55012541  015.78813521 
112  44.55028606  015.78783270  44.55020393  015.78798207  53 
111  44.55007461  015.78784681  53 
112  44.54990220  015.78766646  44.54977288  015.78753120  53 
111  44.54985321  015.78737994  53 
111  44.55702821  015.77386949  53 
111  44.55746106  015.77432230 
111  44.55754139  015.77417104  53 
111  44.55710854  015.77371823  53 
112  44.56428354  015.76020778  44.56436386  015.76005652  53 
111  44.56449318  015.76019181  53 
112  44.56466559  015.76037221  44.56479491  015.76050750  53 
113  44.56471639  015.76066065 
120 Default hold RWY 13 (near)
111  44.56465972  015.76013076  54 
115  44.56457939  015.76028201 
120 Default hold RWY 13 (centre)
111  44.55732407  015.77394369  54 
115  44.55724374  015.77409495 
120 Default hold RWY 13 (far)
111  44.54998841  015.78775664  54 
115  44.54990809  015.78790789 
19   44.56546693  015.76050473 1 WS
19   44.54974407  015.78820304 1 WS
54 11820 TWR
55 11820 APP


130 Airport Boundary
111  044.54958344  015.78757000
111  044.56433487  015.75979233
111  044.56487656  015.76035786
111  044.56498337  015.76046944
111  044.55022812  015.78823853
113  044.55012512  015.78813553
99
