A
1000 Generated by InfiniteFlight-AirportParser/AB

1      616 0 1 KSFY TRI TOWNSHIP
100   18.29   1   0 0.25 0 2 0 14   42.04975300 -090.11310600    0.00    0.00 2  0 0 0 32   42.04192500 -090.10277800    0.00    0.00 2  0 0 0
110   1 0.30 135.58 Default taxiway for RWY 14
111  42.04969698 -090.11318299   3 102 
111  42.04940744 -090.11358091   3 102 
111  42.04157990 -090.10325158   3 102 
111  42.04186944 -090.10285371 
112  42.04198699 -090.10300883  42.04192665 -090.10293343   3 102 
111  42.04185753 -090.10302840   3 102 
112  42.04176538 -090.10315503  42.04169627 -090.10325000   3 102 
111  42.04175504 -090.10332756   3 102 
111  42.04552187 -090.10829832   3 102 
111  42.04575382 -090.10797956 
111  42.04581260 -090.10805712   3 102 
111  42.04558065 -090.10837588   3 102 
112  42.04934748 -090.11334664  42.04940625 -090.11342420   3 102 
111  42.04947536 -090.11332922   3 102 
112  42.04956751 -090.11320257  42.04963663 -090.11310759   3 102 
113  42.04957943 -090.11302787 
120 Default hold RWY 14 (near)
111  42.04958022 -090.11334346   4 
115  42.04952144 -090.11326590 
120 Default hold RWY 14 (centre)
111  42.04569584 -090.10821758   4 
115  42.04563706 -090.10814002 
120 Default hold RWY 14 (far)
111  42.04181146 -090.10309172   4 
115  42.04175268 -090.10301416 
18   42.04624367 -090.10738904 1 BCN
19   42.05004333 -090.11302366 1 WS
19   42.04163468 -090.10286037 1 WS
50 11865 AWOS 3
51 12270 CTAF/UNICOM
55 12595 QUAD CITY APP/DEP

130 Airport Boundary
111  042.04158020 -090.10324860
111  042.04940796 -090.11357880
111  042.04969788 -090.11318207
111  042.04975128 -090.11310577
113  042.04192352 -090.10277557
99
