A
1000 Generated by Infinite Flight Airport Editing (World Parser)/AB

1        8 1 1 RKPE JINHAE
100   23.77   1   0 0.25 0 3 0 18   35.14578600  128.69451900    0.00   30.48 2  0 0 1 36   35.13607500  128.69681100    0.00    0.00 2  0 0 1
21   35.14407657  128.69530235  2 169.08   3.00 18  PAPI-4L
21   35.13778445  128.69602778  2 349.08   3.00 36  PAPI-4L
110   1 0.30 169.08 Default taxiway for RWY 18
111  35.14576615  128.69439325   3 102 
111  35.14566436  128.69374826   3 102 
111  35.13595338  128.69604062   3 102 
111  35.13605517  128.69668553 
112  35.13626525  128.69663595  35.13615979  128.69665804   3 102 
111  35.13613546  128.69650391   3 102 
112  35.13610302  128.69629840  35.13607869  128.69614427   3 102 
111  35.13618373  128.69611948   3 102 
111  35.14077662  128.69503529   3 102 
111  35.14085814  128.69555178 
111  35.14096318  128.69552699   3 102 
111  35.14088166  128.69501050   3 102 
112  35.14547455  128.69392631  35.14557959  128.69390151   3 102 
111  35.14560392  128.69405566   3 102 
112  35.14563636  128.69426119  35.14566069  128.69441533   3 102 
113  35.14555607  128.69444284 
120 Default hold RWY 18 (near)
111  35.14572518  128.69413363   4 
115  35.14562014  128.69415842 
120 Default hold RWY 18 (centre)
111  35.14092221  128.69526739   4 
115  35.14081717  128.69529218 
120 Default hold RWY 18 (far)
111  35.13611924  128.69640116   4 
115  35.13601420  128.69642595 
18   35.14107465  128.69656375 1 BCN
19   35.14605690  128.69485478 1 WS
19   35.13580411  128.69647526 1 WS
54 12980 TWR
54 12620 TWR
55 13570 GIMHAE APP


130 Airport Boundary
111  035.13595200  128.69604492
111  035.14566422  128.69374084
111  035.14576721  128.69439697
111  035.14578629  128.69451904
113  035.13607407  128.69680786
99
