I
1050 Generated by WorldEditor 2.1.0r1

1    121 0 0 RPUV Virac
100 45.00 1 0 0.25 0 3 1 06  13.57309401  124.19788714    0   80 3 0 0 0 24  13.58090211  124.21200232    0   50 3 0 0 0
110 1 0.30 59.4900 Taxi 1
111  13.58029725  124.21232940 3 102
111  13.58072369  124.21210175
111  13.58077938  124.21192671
111  13.58057594  124.21183369
112  13.58057594  124.21183369  13.58064509  124.21194425 3 102
111  13.58054713  124.21202345 3 102
111  13.58038277  124.21211242
112  13.58038277  124.21211242  13.58021670  124.21216649 3 102
113  13.58013018  124.21202985
110 1 0.30 59.4900 Taxi 2
111  13.57985582  124.21052586 3 102
112  13.57984178  124.21075483  13.57978728  124.21089797
111  13.57984178  124.21075483 3 102
111  13.57963774  124.21113543
111  13.57982263  124.21146562
112  13.57982263  124.21146562  13.57975220  124.21130193 3 102
112  13.57992072  124.21099166  13.58004585  124.21089290
111  13.57992072  124.21099166
112  13.57992072  124.21099166  13.58003008  124.21089858 3 102
111  13.58010884  124.21098947
113  13.58015236  124.21065788
110 2 0.30 59.4900 Ramp 1
111  13.57959158  124.21105264
111  13.57949923  124.21089227
111  13.57905131  124.21115867
111  13.57890416  124.21127608
113  13.57897864  124.21140678
110 1 0.30 59.4900 Ramp 3
111  13.57963774  124.21113543
111  13.57959158  124.21105264
111  13.57897864  124.21140678
113  13.57900738  124.21148563
110 1 0.00 0.0000 Ramp 4
111  13.58000965  124.21182099
111  13.57989780  124.21188401
111  13.57990446  124.21190592
111  13.57981080  124.21196264
111  13.57979784  124.21194067
111  13.57970472  124.21199085
111  13.57967942  124.21194291
111  13.57990978  124.21181141
111  13.57988581  124.21176620
111  13.57974467  124.21183743
111  13.57969028  124.21174065
111  13.57966954  124.21175324
111  13.57964081  124.21170045
111  13.57956757  124.21174017
111  13.57946105  124.21154566
111  13.57941578  124.21157305
111  13.57944505  124.21162006
111  13.57934727  124.21167574
111  13.57937450  124.21171963
111  13.57932923  124.21175524
111  13.57945978  124.21199491
111  13.57955426  124.21194428
111  13.57961152  124.21204017
111  13.57951831  124.21209633
111  13.57957168  124.21219658
111  13.57968608  124.21212236
111  13.57965945  124.21207442
111  13.57977929  124.21201003
111  13.57988215  124.21219211
111  13.57990312  124.21217989
111  13.57988848  124.21215524
111  13.57991111  124.21214291
111  13.57982589  124.21198675
113  13.58003228  124.21186620
110 2 0.30 59.4900 Ramp 5
111  13.57963774  124.21113543
111  13.57900738  124.21148563
111  13.57907609  124.21161255
111  13.57896391  124.21168322
111  13.57907689  124.21187847
111  13.57918244  124.21181688
111  13.57966854  124.21269798
111  13.58029725  124.21232940
111  13.58013018  124.21202985 3
113  13.57982263  124.21146562
110 1 0.30 59.4900 Ramp 6
111  13.57966854  124.21269798
111  13.57971569  124.21278027
111  13.58034198  124.21241239
113  13.58029725  124.21232940
110 2 0.30 59.4900 Ramp 7
111  13.57971569  124.21278027
111  13.57973439  124.21281398
111  13.57979411  124.21303911
111  13.58046343  124.21262856
113  13.58034198  124.21241239
110 2 0.00 0.0000 Ramp 8
111  13.57910141  124.20911742
111  13.57824118  124.20965779
111  13.57817652  124.20962363
111  13.57803073  124.20971515
111  13.57809917  124.20983353
111  13.57793935  124.20993158
111  13.57795997  124.20997346
111  13.57827210  124.20978847
111  13.57827308  124.20971581
111  13.57912992  124.20917965
113  13.57916914  124.20911795
130 Airport Boundary
111  13.57243268  124.19776687
111  13.57555189  124.20326659
111  13.57534881  124.20338822
111  13.57795785  124.20804939
111  13.57763525  124.20968752
111  13.57784832  124.21006771
111  13.57780817  124.21024017
111  13.57835067  124.21122105
111  13.57895511  124.21234321
111  13.57943183  124.21268285
111  13.57978501  124.21306395
111  13.57983581  124.21303201
111  13.58001831  124.21329088
111  13.58036809  124.21299646
111  13.58077804  124.21325162
111  13.58109927  124.21332565
111  13.58142511  124.21193854
111  13.57375294  124.19822653
111  13.57378258  124.19801079
111  13.57305057  124.19667709
113  13.57217464  124.19715838
120 Linear Feature 1
112  13.57966608  124.21138948  13.57970239  124.21146523
111  13.57966608  124.21138948 1
111  13.57974667  124.21153820 1
111  13.57990485  124.21183006 1
111  13.58006581  124.21212705
112  13.58006581  124.21212705  13.58008694  124.21216117 1
111  13.58013111  124.21220557
112  13.58013111  124.21220557  13.58020021  124.21226568 1
111  13.58026357  124.21226072 1
111  13.58064060  124.21206385 1
112  13.58071961  124.21170774  13.58061810  124.21144265
111  13.58071961  124.21170774 1
111  13.58025140  124.21085943 1
112  13.57986766  124.21089182  13.57971583  124.21104383
111  13.57986766  124.21089182 1
113  13.57967360  124.21121910 1
120 Linear Feature 2
111  13.58026014  124.21226067 1
111  13.58016599  124.21231152 1
112  13.58013618  124.21243581  13.58018231  124.21252007
111  13.58013618  124.21243581 1
111  13.58022546  124.21259562
112  13.58022546  124.21259562  13.58015674  124.21264792 1
111  13.58007891  124.21261741 1
115  13.57990739  124.21272768
120 Linear Feature 3
111  13.58013111  124.21220557 1
115  13.57959505  124.21223255
120 Linear Feature 4
112  13.57967530  124.21171567  13.57983612  124.21169043 1
115  13.57974667  124.21153820
120 Linear Feature 5
111  13.57990485  124.21183006 1
112  13.57967587  124.21171526  13.57955061  124.21171861
111  13.57967587  124.21171526 1
115  13.57932785  124.21173456
120 Linear Feature 6
111  13.57967360  124.21121910 1
112  13.57952665  124.21127380  13.57942845  124.21120204
111  13.57952665  124.21127380 1
111  13.57943071  124.21110107 1
112  13.57932419  124.21121238  13.57931006  124.21130438
111  13.57932419  124.21121238 1
115  13.57912762  124.21132062
120 Linear Feature 7
111  13.57992793  124.21240079 20
111  13.57974247  124.21241083 20
111  13.57962822  124.21229206 20
111  13.57953346  124.21229519 20
111  13.57952761  124.21216944 20
111  13.57962239  124.21216402 20
111  13.57974052  124.21202323 20
115  13.57990450  124.21200917
120 Linear Feature 8
111  13.57965598  124.21192642 20
111  13.57948183  124.21193065 20
111  13.57936044  124.21179831 20
111  13.57926503  124.21179929 20
111  13.57925983  124.21167475 20
111  13.57935801  124.21167552 20
111  13.57946745  124.21153957 20
115  13.57963143  124.21151505
21  13.57468964  124.20014428 2 60.0000 3.00 06  PAPI-4L
21  13.57953376  124.21017630 2 240.0000 3.00 24  PAPI-4L
14  13.57924621  124.21210224  39.37 0 Tower
1300  13.57990739  124.21272768 148.16 gate jets|turboprops|props Gate 01
1301 C airline 
1300  13.57959505  124.21223255 177.14 gate jets|turboprops|props Gate 02
1301 C airline 
1300  13.57932785  124.21173456 176.90 gate jets|turboprops|props Gate 03
1301 C airline 
1300  13.57912762  124.21132062 151.79 gate jets|turboprops|props Gate 04
1301 C airline 
19  13.57365722  124.19801186 1 WS
19  13.58042094  124.21295151 1 WS
99
