A
1000 Generated by Infinite Flight Airport Editing (World Parser)/AB

1     5050 0 1 7CO0 PARKLAND
100   15.24   1   0 0.25 0 1 0 08   40.07172200 -105.04109400    0.00    0.00 2  0 0 0 26   40.07157800 -105.02608900    0.00    0.00 2  0 0 0
100   30.48   3   0 0.25 0 0 0 17   40.07439293 -105.03361327    0.00    0.00 1  0 0 0 35   40.06890707 -105.03357073    0.00    0.00 1  0 0 0
110   1 0.30  90.71 Default taxiway for RWY 08
111  40.07165568 -105.04109508   3 102 
111  40.07131058 -105.04110070   3 102 
111  40.07116755 -105.02609567   3 102 
111  40.07151265 -105.02609005 
112  40.07151436 -105.02626926  40.07151125 -105.02617969   3 102 
111  40.07142897 -105.02618103   3 102 
112  40.07131926 -105.02618281  40.07123697 -105.02618415   3 102 
111  40.07123783 -105.02627376   3 102 
111  40.07130721 -105.03355226   3 102 
111  40.07158374 -105.03354776 
111  40.07158459 -105.03363737   3 102 
111  40.07130806 -105.03364187   3 102 
112  40.07137744 -105.04092037  40.07137830 -105.04100998   3 102 
111  40.07146059 -105.04100864   3 102 
112  40.07157030 -105.04100686  40.07165258 -105.04100552   3 102 
113  40.07165397 -105.04091587 
120 Default hold RWY 08 (near)
111  40.07151629 -105.04109735   4 
115  40.07151544 -105.04100775 
120 Default hold RWY 08 (centre)
111  40.07144520 -105.03363964   4 
115  40.07144435 -105.03355003 
120 Default hold RWY 08 (far)
111  40.07137411 -105.02618192   4 
115  40.07137326 -105.02609232 
19   40.07192942 -105.04126986 1 WS
19   40.07466966 -105.03307772 1 WS
19   40.07137056 -105.02591318 1 WS
19   40.06863034 -105.03410624 1 WS


130 Airport Boundary
111  040.06890869 -105.03356934
111  040.07131195 -105.04109955
111  040.07151794 -105.04109955
111  040.07172012 -105.04109192
111  040.07439423 -105.03361511
111  040.07157898 -105.02609253
113  040.07116699 -105.02609253
99
