A
1000 Generated by Infinite Flight Airport Editing (World Parser)/AB

1      989 0 1 KRZN BURNETT CO
100   22.86   1   0 0.25 0 2 0 04   45.81988300 -092.37813300    0.00    0.00 2  0 0 1 22   45.82738900 -092.36723300    0.00    0.00 2  0 0 1
100   22.86   1   0 0.25 0 2 0 13   45.82520300 -092.37701400    0.00    0.00 2  0 0 1 31   45.81823100 -092.36758100    0.00    0.00 2  0 0 1
21   45.82136216 -092.37659957  2  45.34   3.00 04  PAPI-4L
21   45.82409994 -092.37492791  2 136.68   3.00 13  PAPI-4L
21   45.82590999 -092.36876694  2 225.35   3.00 22  PAPI-4L
21   45.81933424 -092.36966666  2 316.69   3.00 31  PAPI-4L
110   1 0.30 136.68 Default taxiway for RWY 13
111  45.82513397 -092.37711904   3 102 
111  45.82477958 -092.37765835   3 102 
111  45.81780797 -092.36822409   3 102 
111  45.81816236 -092.36768485 
112  45.81831203 -092.36788739  45.81823565 -092.36778847   3 102 
111  45.81815097 -092.36791732   3 102 
112  45.81803805 -092.36808913  45.81795337 -092.36821798   3 102 
111  45.81802821 -092.36831925   3 102 
111  45.82132693 -092.37278319   3 102 
111  45.82161075 -092.37235131 
111  45.82168558 -092.37245258   3 102 
111  45.82140176 -092.37288447   3 102 
112  45.82470048 -092.37734842  45.82477531 -092.37744969   3 102 
111  45.82485999 -092.37732082   3 102 
112  45.82497291 -092.37714899  45.82505759 -092.37702012   3 102 
113  45.82498430 -092.37691650 
110   1 0.30  45.34 Default taxiway for RWY 04
111  45.81981144 -092.37803152   3 102 
111  45.81944403 -092.37751050   3 102 
111  45.82695055 -092.36661189   3 102 
111  45.82731796 -092.36713298 
112  45.82717335 -092.36734294  45.82724405 -092.36723569   3 102 
111  45.82715626 -092.36711117   3 102 
112  45.82703920 -092.36694515  45.82695141 -092.36682063   3 102 
111  45.82687911 -092.36692561   3 102 
111  45.82330661 -092.37211246   3 102 
111  45.82360085 -092.37252976 
111  45.82352855 -092.37263473   3 102 
111  45.82323431 -092.37221744   3 102 
112  45.81966181 -092.37740429  45.81958951 -092.37750927   3 102 
111  45.81967730 -092.37763377   3 102 
112  45.81979436 -092.37779977  45.81988215 -092.37792427   3 102 
113  45.81995605 -092.37782156 
120 Default hold RWY 04 (near)
111  45.81966352 -092.37782175   4 
115  45.81973583 -092.37771677 
120 Default hold RWY 13 (near)
111  45.82499129 -092.37733618   4 
115  45.82491645 -092.37723490 
120 Default hold RWY 04 (centre)
111  45.82338063 -092.37242495   4 
115  45.82345293 -092.37231998 
120 Default hold RWY 13 (centre)
111  45.82154290 -092.37266970   4 
115  45.82146807 -092.37256842 
120 Default hold RWY 04 (far)
111  45.82709773 -092.36702816   4 
115  45.82717004 -092.36692318 
120 Default hold RWY 13 (far)
111  45.81809451 -092.36800323   4 
115  45.81801968 -092.36790195 
18   45.82221169 -092.37154861 1 BCN
19   45.81995690 -092.37865283 1 WS
19   45.82556344 -092.37689580 1 WS
19   45.82731505 -092.36671312 1 WS
19   45.81787057 -092.36769925 1 WS
50 11832 AWOS 3
51 12280 CTAF/UNICOM


130 Airport Boundary
111  045.81780624 -092.36822510
111  045.81944275 -092.37751007
111  045.81988144 -092.37813568
111  045.82477951 -092.37765503
111  045.82513428 -092.37712097
111  045.82520294 -092.37701416
111  045.82738876 -092.36723328
111  045.82717133 -092.36692047
111  045.82695007 -092.36661530
111  045.81822968 -092.36758423
113  045.81816101 -092.36768341
99
