A
1000 Generated by Infinite Flight Airport Editing (World Parser)/AB

1      198 0 0 YLKE LAKES ENTRANCE
100   35.97   3   0 0.25 0 0 0 9   -37.85205472  147.94858150    0.00    0.00 0  0 0 0 27  -37.85249539  147.95745213    0.00    0.00 0  0 0 0
110   4 0.25   0.00 New Taxiway 37
111 -37.84897121  147.94697480 
112 -37.84929655  147.94710590 -37.84938528  147.94714335 
112 -37.84965147  147.94746173 -37.84974760  147.94755537 
112 -37.85020603  147.94784566 -37.85030955  147.94788311 
112 -37.85067926  147.94793930 -37.85072362  147.94791120 
112 -37.85093066  147.94764901 -37.85101200  147.94759283 
112 -37.85164789  147.94734936 -37.85167747  147.94734936 
112 -37.85213591  147.94754601 -37.85220245  147.94759283 
112 -37.85254258  147.94772392 -37.85261653  147.94772392 
112 -37.85277920  147.94791121 -37.85281617  147.94793930 
112 -37.85294926  147.94795803 -37.85299363  147.94795803 
111 -37.85297144  147.94738682 
111 -37.85280138  147.94740555 
111 -37.85281617  147.94729318 
111 -37.85303060  147.94727445 
111 -37.85302320  147.94848241 
111 -37.85295666  147.94847305 
111 -37.85294926  147.94809849 
112 -37.85263131  147.94856669 -37.85260174  147.94870715 
112 -37.85251301  147.94910044 -37.85251301  147.94915662 
111 -37.85249082  147.94917535 
112 -37.85253519  147.94857605 -37.85255737  147.94851987 
112 -37.85286053  147.94813594 -37.85287532  147.94812658 
111 -37.85295666  147.94799548 
111 -37.85273483  147.94795803 
112 -37.85257955  147.94785502 -37.85254258  147.94783629 
112 -37.85214330  147.94763028 -37.85212851  147.94761156 
112 -37.85164050  147.94741491 -37.85153698  147.94743364 
111 -37.85100460  147.94766774 
112 -37.85079757  147.94791121 -37.85075320  147.94799548 
112 -37.85055356  147.94798612 -37.85051659  147.94799548 
112 -37.85015428  147.94787375 -37.85002857  147.94779884 
112 -37.84954796  147.94745237 -37.84952577  147.94740555 
112 -37.84928916  147.94716208 -37.84926698  147.94715272 
111 -37.84900079  147.94713399 
113 -37.84891206  147.94700289 
110   3 0.25  93.60 New Taxiway 36
111 -37.85263765  147.94656094 
111 -37.85302737  147.94646498 
111 -37.85302737  147.94688997 
111 -37.85259434  147.94694481 
112 -37.85249691  147.94728755 -37.85245361  147.94747948 
111 -37.85254021  147.94757545 
111 -37.85297324  147.94767142 
111 -37.85297088  147.94801985 
111 -37.85246666  147.94858519 
111 -37.85263956  147.95159591 
111 -37.85317270  147.95081130 
111 -37.85412370  147.95227105 
111 -37.85377788  147.95593866 
111 -37.85315829  147.95843847 
112 -37.85354734  147.95933257 -37.85346088  147.95947854 
111 -37.85317270  147.95940555 
111 -37.85223611  147.95845672 
112 -37.85171738  147.94809252 -37.85171738  147.94785531 
112 -37.85176061  147.94593940 -37.85177502  147.94566569 
112 -37.85207761  147.94555621 -37.85223611  147.94559271 
113 -37.85263956  147.94593940 
15  -37.85252040  147.94823895   0.00 New Ramp Start 39
19  -37.85324948  147.95748876 0 New Windsock 40
19  -37.85246472  147.94624777 0 New Windsock 41


130 Airport Boundary
111 -037.85412216  147.95227051
111 -037.85302734  147.94647217
111 -037.85263824  147.94593811
111 -037.85207748  147.94555664
111 -037.84897232  147.94697571
111 -037.84891129  147.94700623
111 -037.85223770  147.95845032
111 -037.85317230  147.95941162
113 -037.85354614  147.95933533
99
