A
1000 Generated by Infinite Flight Airport Editing (World Parser)/AB

1      573 1 1 SKLG CAUCAYA
100   24.99   1   0 0.25 0 0 0 12  -00.17977800 -074.77555600    0.00    0.00 2  0 0 0 30  -00.18477800 -074.76597200    0.00    0.00 2  0 0 0
110   1 0.30 117.55 Default taxiway for RWY 12
111 -00.17987571 -074.77560698   3 
111 -00.18037625 -074.77586811   3 
111 -00.18537625 -074.76628411   3 
111 -00.18487571 -074.76602298 
112 -00.18477168 -074.76622240 -00.18482569 -074.76612373   3 
111 -00.18494534 -074.76618615   3 
112 -00.18510487 -074.76626938 -00.18522452 -074.76633180   3 
111 -00.18517251 -074.76643151   3 
111 -00.18280255 -074.77097424   3 
111 -00.18240172 -074.77076513 
111 -00.18234970 -074.77086484   3 
111 -00.18275053 -074.77107395   3 
112 -00.18038058 -074.77561667 -00.18032856 -074.77571638   3 
111 -00.18020891 -074.77565396   3 
112 -00.18004938 -074.77557073 -00.17992973 -074.77550831   3 
113 -00.17997975 -074.77540756 
120 Default hold RWY 12 (near)
111 -00.18007713 -074.77571206   4 
115 -00.18012915 -074.77561235 
120 Default hold RWY 12 (centre)
111 -00.18255112 -074.77096992   4 
115 -00.18260314 -074.77087021 
120 Default hold RWY 12 (far)
111 -00.18502511 -074.76622777   4 
115 -00.18507713 -074.76612806 
19  -00.17937483 -074.77559936 1 WS
19  -00.18518117 -074.76592864 1 WS


130 Airport Boundary
111 -000.18537620 -074.76628113
111 -000.18037620 -074.77587128
111 -000.17977799 -074.77555847
113 -000.18477800 -074.76596832
99
