A
1000 Generated by Infinite Flight Airport Editing (World Parser)/AB

1     2543 0 0 YDEG DELEGATE
100  174.96   3   0 0.25 0 0 0 1   -37.06657409  148.94038355    0.00    0.00 0  0 0 0 19  -37.05823676  148.94222455    0.00    0.00 0  0 0 0
110   3 0.25   0.00 New Taxiway 10
111 -37.05839935  148.94318230 
111 -37.05684250  148.94243462 
111 -37.05671905  148.94160960 
113 -37.05811196  148.94125854 
14  -37.06309252  148.94066341    6 0 New Tower Viewpoint 6
15  -37.06354438  148.94022299  91.69 New Ramp Start 5
19  -37.06316281  148.94207273 0 New Windsock 7


130 Airport Boundary
111 -037.06657410  148.94038391
111 -037.05811310  148.94125366
111 -037.05672073  148.94160461
111 -037.05684280  148.94242859
113 -037.05839920  148.94317627
99
