I
1050 Generated by WorldEditor 2.1.0r1

1    630 0 0 UUWH Aerograd Mozhaysky
1302 city Mozhaysk
1302 country Russia
1302 datum_lat 55.49975
1302 datum_lon 36.2092
1302 icao_code UUWH
1302 state Moscow Oblast
100 50.00 3 0 0.00 0 0 0 06  55.49762730  036.19933349    0    0 0 0 0 0 24  55.50102911  036.21515230    0    0 0 0 0 0
110 2 0.00 0.0000 New Taxiway 8
111  55.50034847  036.20673555
111  55.50030095  036.20677503
111  55.50032332  036.20685893
113  55.50037084  036.20681945
110 2 0.00 0.0000 New Taxiway 8
111  55.50027980  036.20645754
111  55.50023228  036.20649702
111  55.50025464  036.20658092
113  55.50030216  036.20654144
110 2 0.00 0.0000 New Taxiway 7
111  55.49957349  036.20431662
111  55.49943447  036.20440921
111  55.49951688  036.20478544
111  55.49947942  036.20481630
111  55.49953686  036.20507936
111  55.49958846  036.20504027
111  55.49959579  036.20507233
113  55.49971767  036.20498680
110 2 0.00 0.0000 New Taxiway 6
111  55.49959267  036.20430922
111  55.49966925  036.20466340
111  55.49985571  036.20453554
113  55.49977913  036.20417401
110 2 0.00 0.0000 New Taxiway 6
111  55.49931464  036.20382718
111  55.49936042  036.20402410
111  55.49949361  036.20393005
113  55.49945032  036.20373459
110 2 0.00 0.0000 New Taxiway 6
111  55.49948528  036.20371401
111  55.49953107  036.20391094
111  55.49966426  036.20381689
113  55.49962097  036.20362143
110 2 0.00 0.0000 New Taxiway 6
111  55.49965094  036.20360673
111  55.49969672  036.20380366
111  55.49982991  036.20370961
113  55.49978662  036.20351414
110 3 0.00 69.2100 New Taxiway 2
111  55.50145774  036.21617087
112  55.50145774  036.21617087  55.50150811  036.21612390
111  55.50148835  036.21601018
111  55.50037271  036.21086869
111  55.50021460  036.21006068
112  55.50021460  036.21006068  55.50020561  036.20998308
111  55.50022858  036.20984376
111  55.50027154  036.20960568
112  55.50027154  036.20960568  55.50028946  036.20945054
111  55.50027232  036.20930857
111  55.50010520  036.20810242
112  55.50010520  036.20810242  55.50009354  036.20795399
111  55.50015940  036.20789846
111  55.50065129  036.20757386
111  55.50015020  036.20527814
111  55.50028967  036.20517970
111  55.49976569  036.20272501
111  55.49916214  036.20312615
111  55.49910297  036.20285154
111  55.49900074  036.20284405
112  55.49900074  036.20284405  55.49892925  036.20282571
111  55.49889200  036.20267801
111  55.49782350  036.19768008
112  55.49782350  036.19768008  55.49779992  036.19758593
111  55.49774211  036.19761314
111  55.49710414  036.19798974
112  55.49710414  036.19798974  55.49705219  036.19803207
111  55.49707734  036.19816903
111  55.50100382  036.21632318
112  55.50100382  036.21632318  55.50103379  036.21643929
113  55.50108463  036.21641748
111  55.49932538  036.20341019
111  55.49935197  036.20352791
111  55.49926255  036.20359335
113  55.49923486  036.20347710
111  55.49944630  036.20342959
111  55.49936585  036.20348742
111  55.49933309  036.20333944
113  55.49941499  036.20328416
111  55.50004467  036.20471553
111  55.49993562  036.20479195
111  55.49980410  036.20416441
113  55.49990815  036.20409387
130 Airport Boundary
111  55.49777934  036.19743427
111  55.49737006  036.19749635
111  55.49692887  036.19774500
111  55.49726787  036.19954206
111  55.49778090  036.20162198
111  55.49887231  036.20658266
111  55.49862990  036.20704814
111  55.49870198  036.20737725
111  55.49904099  036.20740967
111  55.50053897  036.21445746
111  55.50054760  036.21476221
111  55.50068742  036.21544484
111  55.50078235  036.21557893
111  55.50191254  036.22091349
111  55.50354470  036.21975076
111  55.49981784  036.20249808
111  55.49933273  036.20281049
111  55.49896269  036.20275523
113  55.49806051  036.19853565
14  55.49929024  036.20349664  32.00 0 Tower Viewpoint
1300  55.49897370  036.20313481 157.33 tie_down props GA Tie-Down 1
1301 A general_aviation 
1300  55.49902448  036.20335819 157.33 tie_down props GA Tie-Down 2
1301 A general_aviation 
1300  55.49907525  036.20357717 157.33 tie_down props GA Tie-Down 3
1301 A general_aviation 
1300  55.49912750  036.20379773 157.33 tie_down props GA Tie-Down 4
1301 A general_aviation 
1300  55.49945183  036.20525273 157.33 tie_down props GA Tie-Down 5
1301 A general_aviation 
1300  55.49950261  036.20547612 157.33 tie_down props GA Tie-Down 6
1301 A general_aviation 
1300  55.49955339  036.20569509 157.33 tie_down props GA Tie-Down 7
1301 A general_aviation 
1300  55.49960395  036.20591268 157.33 tie_down props GA Tie-Down 8
1301 A general_aviation 
1300  55.50026231  036.20652540 155.23 tie_down props|helos GA Tie-Down 9
1301 A general_aviation 
1300  55.50033237  036.20680341 155.23 tie_down props|helos GA Tie-Down 10
1301 A general_aviation 
1300  55.49976067  036.20373412  69.40 hangar props Hangar 1
1301 A none 
1300  55.49959168  036.20383993  69.40 hangar props Hangar 2
1301 A none 
1300  55.49943019  036.20394281  69.40 hangar props Hangar 3
1301 A none 
1300  55.49971155  036.20434696 250.21 hangar props Hangar 4
1301 A none 
1300  55.49952592  036.20443513 250.21 hangar props Hangar 5
1301 A none 
1300  55.49963913  036.20496861  71.06 hangar props Hangar 6
1301 A none 
18  55.49929024  036.20349664 1 Beacon
19  55.49870038  036.20716758 0 Windsock
99
