A
1000 Generated by Infinite Flight Airport Editing (World Parser)

1     1120 0 0 CKA9 Southend
100   27.13   4   0 0.00 0 0 0 03   56.33501946 -103.29678442    0.00    0.00 0  0 0 0 21   56.33941854 -103.28988558    0.00    0.00 0  0 0 0
110   4 0.00  50.00 apron
111  56.33709920 -103.29330492 
112  56.33709920 -103.29330492  56.33724115 -103.29275464 
111  56.33790111 -103.29141266 
111  56.33805725 -103.29158629 
112  56.33865482 -103.29087936  56.33899006 -103.29085756 
113  56.33865482 -103.29087936 
110   4 0.00  10.00 xxx
112  56.33397781 -103.29653653  56.33371250 -103.29602606 
111  56.33397781 -103.29653653 
112  56.33397781 -103.29653653  56.33430502 -103.29701511 
111  56.33457779 -103.29684419 
111  56.33488396 -103.29646949 
112  56.33521385 -103.29710778  56.33541726 -103.29739493 
111  56.33521385 -103.29710778 
112  56.33521385 -103.29710778  56.33492643 -103.29715564 
112  56.33428143 -103.29746796  56.33394537 -103.29764344 
111  56.33428143 -103.29746796 
114  56.33428143 -103.29746796  56.33426817 -103.29714093 
110   4 0.00  29.00 xxx
111  56.33929062 -103.28973988 
112  56.33929062 -103.28973988  56.33953546 -103.28951572 
112  56.33981511 -103.28986033  56.33989762 -103.28999802 
111  56.33981511 -103.28986033 
112  56.33981511 -103.28986033  56.33963152 -103.28997197 
113  56.33952156 -103.29021798 
130 Airport Boundary CKA9
112  56.33369944 -103.29875695  56.33312261 -103.29906525 
111  56.33369944 -103.29875695 
111  56.33334337 -103.29735674 
111  56.33469644 -103.29629053 
111  56.33622753 -103.29438933 
111  56.33715331 -103.29302766 
111  56.33787969 -103.29130630 
111  56.33802212 -103.29137053 
111  56.33921851 -103.28955925 
112  56.33921851 -103.28955925  56.33963557 -103.28896083 
111  56.34009444 -103.28995748 
111  56.33598540 -103.29586661 
114  56.33598540 -103.29586661  56.33535872 -103.29712552 
15   56.33781449 -103.29179860 225.19 Ramp Start
18   56.33851259 -103.29066184 0 No Beacon
19   56.33790823 -103.29144035 0 WS

99
