A
1000 Generated by Infinite Flight Airport Editing (World Parser)/AB

1     5347 1 0 KCPR NATRONA CO INTL
100   46.02   1   0 1.00 0 3 0 03   42.89334139 -106.47522830    0.00  203.00 3  8 1 0 21   42.91346461 -106.44897558    0.00    0.00 3  0 0 0
100   46.02   1   0 1.00 0 3 0 08   42.90843500 -106.48213857    0.00   57.91 3  8 0 0 26   42.90890500 -106.44976900    0.00   53.95 3  0 0 0
100   17.98   1   0 1.00 0 0 0 17   42.91876680 -106.47019684    0.00  149.05 0  0 0 0 35   42.89821708 -106.46968917   96.01    0.00 0  0 0 0
100   17.98   1   0 0.25 0 0 0 12   42.91922879 -106.46974507    0.00  116.13 0  0 0 0 30   42.90335881 -106.44730636  561.14    0.00 0  0 0 0
21   42.89569000 -106.47151500  1  43.79   3.00 03  VASI
21   42.90819200 -106.47336400  1  88.88   3.00 08  VASI
21   42.91133570 -106.45099404  1 223.80   3.00 21  VASI
21   42.90920709 -106.45369540  1 268.90   3.00 26  VASI
110   2 1.00 133.00 New Taxiway 2
111  42.89912661 -106.46229857 
111  42.89898907 -106.46210438 
111  42.89923085 -106.46179375 
113  42.89936817 -106.46198251 
110   2 1.00 160.00 New Taxiway 138
111  42.89545125 -106.47530174 
111  42.89560549 -106.47501134 
111  42.90668696 -106.48073128 
113  42.90663861 -106.48096532 
110   1 1.00 153.30 New Taxiway 3
111  42.91969138 -106.47026191 
111  42.92010889 -106.47028294 
111  42.92011659 -106.47056906 
113  42.91998256 -106.47073525 
110   1 1.00 133.70 New Taxiway 119
111  42.90497561 -106.45384809 
111  42.90456875 -106.45426582 
111  42.90408384 -106.45349679 
111  42.90415660 -106.45332653 
111  42.90408081 -106.45319874 
111  42.90411949 -106.45298752 
111  42.90459816 -106.45238612 
113  42.90531861 -106.45343637 
110   2 1.00 133.70 New Taxiway 128
111  42.90360419 -106.45667673 
111  42.90335055 -106.45630507 
111  42.90360057 -106.45598903 
113  42.90385398 -106.45635608 
110   2 1.00 133.70 New Taxiway 127
111  42.90297370 -106.45551972 
111  42.90287005 -106.45564782 
111  42.90276221 -106.45551780 
113  42.90287425 -106.45537632 
110   2 1.00 133.70 New Taxiway 126
111  42.90331681 -106.45521694 
111  42.90303765 -106.45482701 
111  42.90330620 -106.45448713 
113  42.90357640 -106.45489288 
110   2 1.00 133.70 New Taxiway 125
111  42.90488077 -106.45489823 
111  42.90451771 -106.45438468 
111  42.90449669 -106.45435599 
111  42.90456875 -106.45426582 
111  42.90497561 -106.45384809 
113  42.90530561 -106.45434602 
110   2 1.00 133.70 New Taxiway 124
111  42.90478823 -106.45356728 
111  42.90444160 -106.45398832 
111  42.90419596 -106.45362690 
113  42.90454259 -106.45321704 
110   2 1.00 133.70 New Taxiway 132
111  42.90217487 -106.45831503 
111  42.90197087 -106.45802040 
111  42.90213756 -106.45780333 
113  42.90234416 -106.45810041 
110   2 1.00 133.70 New Taxiway 131
111  42.90249795 -106.45808921 
111  42.90232193 -106.45782945 
111  42.90255296 -106.45753707 
113  42.90271326 -106.45778688 
110   2 1.00 133.70 New Taxiway 130
111  42.90286924 -106.45774615 
111  42.90280588 -106.45765377 
111  42.90247133 -106.45714093 
111  42.90271441 -106.45682830 
111  42.90306882 -106.45732855 
113  42.90319605 -106.45733360 
110   3 1.00 133.70 New Taxiway 137
111  42.89560581 -106.46723057 
111  42.89528987 -106.46680094 
111  42.89603774 -106.46575718 
112  42.89620848 -106.46561338  42.89628476 -106.46555388 
111  42.89652089 -106.46530785 
111  42.89670222 -106.46556000 
111  42.89702252 -106.46512510 
113  42.89710895 -106.46523614 
110   2 1.00 133.70 New Taxiway 136
111  42.89732561 -106.46508552 
111  42.89719253 -106.46488538 
111  42.89763915 -106.46432808 
111  42.89753990 -106.46418029 
111  42.89737298 -106.46438966 
111  42.89722862 -106.46417413 
111  42.89754242 -106.46378871 
111  42.89786724 -106.46424133 
111  42.89781536 -106.46431523 
111  42.89792137 -106.46445686 
111  42.89785145 -106.46454000 
111  42.89776573 -106.46441068 
111  42.89774092 -106.46444763 
113  42.89778603 -106.46451229 
110   2 1.00 133.70 New Taxiway 135
111  42.89716518 -106.46643920 
111  42.89722219 -106.46654855 
111  42.89689389 -106.46697019 
111  42.89682611 -106.46687556 
111  42.89615408 -106.46775017 
111  42.89573722 -106.46774503 
111  42.89556497 -106.46752391 
111  42.89560598 -106.46746793 
111  42.89552396 -106.46733917 
111  42.89560581 -106.46723057 
111  42.89710895 -106.46523614 
111  42.89702252 -106.46512510 
111  42.89670222 -106.46556000 
111  42.89652089 -106.46530785 
111  42.89673442 -106.46503951 
111  42.89665647 -106.46491690 
111  42.89722862 -106.46417413 
111  42.89737298 -106.46438966 
111  42.89753990 -106.46418029 
111  42.89763915 -106.46432808 
111  42.89719253 -106.46488538 
111  42.89732561 -106.46508552 
111  42.89778603 -106.46451229 
111  42.89774092 -106.46444763 
111  42.89776573 -106.46441068 
111  42.89785145 -106.46454000 
111  42.89792137 -106.46445686 
111  42.89781536 -106.46431523 
111  42.89786724 -106.46424133 
111  42.89754242 -106.46378871 
111  42.89787253 -106.46337599 
111  42.89778230 -106.46324359 
111  42.89797178 -106.46299727 
111  42.89836877 -106.46354226 
111  42.89841144 -106.46346400 
111  42.89851433 -106.46347137 
111  42.89820222 -106.46384037 
111  42.89828547 -106.46396880 
111  42.89865868 -106.46349574 
113  42.89902963 -106.46400471 
110   2 1.00 133.70 New Taxiway 134
111  42.90160575 -106.45906928 
111  42.90168347 -106.45918521 
111  42.90206284 -106.45972173 
111  42.90132866 -106.46069044 
111  42.90150606 -106.46096242 
111  42.90085656 -106.46182307 
111  42.90081370 -106.46175532 
111  42.90031120 -106.46241715 
111  42.90028347 -106.46238981 
111  42.90007568 -106.46266459 
111  42.90002773 -106.46262641 
111  42.90026349 -106.46234276 
111  42.89977198 -106.46167727 
111  42.90117904 -106.45981272 
111  42.90084521 -106.45931697 
111  42.90157232 -106.45835650 
113  42.90184501 -106.45875820 
110   1 1.00  43.70 New Taxiway 4
111  42.90823147 -106.48213294  51 102 
111  42.90759608 -106.48211781  51 102 
111  42.90735713 -106.48211318  51 102 
112  42.90685464 -106.48138561  42.90686141 -106.48076663  51 102 
111  42.90701543 -106.47019386  51 102 
112  42.90691905 -106.46999229  42.90683088 -106.46995310 
111  42.90670784 -106.46977113  51 102 
112  42.90677868 -106.46950192  42.90668620 -106.46933871  51 102 
111  42.90300557 -106.46331345 102 
112  42.90282848 -106.46340252  42.90275577 -106.46350177 
111  42.89820718 -106.46939074 
112  42.89827923 -106.46956697  42.89839632 -106.46957926 
111  42.89822283 -106.46980154 
111  42.89821513 -106.46994875 
111  42.89777485 -106.46996784 
111  42.89308423 -106.47608691 
111  42.89268949 -106.47555427 
111  42.89310002 -106.47501549  51 102 
111  42.89310002 -106.47486462  51 102 
111  42.89261338 -106.47416996  51 102 
112  42.89265436 -106.47316228  42.89298791 -106.47272955  51 102 
111  42.89655629 -106.46804340  51 102 
112  42.89646806 -106.46775854  42.89634060 -106.46776237  51 102 
111  42.89615408 -106.46775017 
111  42.89682611 -106.46687556 
111  42.89689389 -106.46697019 
111  42.89722219 -106.46654855 
111  42.89716518 -106.46643920 
111  42.89902963 -106.46400471 
111  42.89865868 -106.46349574 
111  42.89828547 -106.46396880 
111  42.89820222 -106.46384037 
111  42.89851433 -106.46347137 
111  42.89845486 -106.46338179 
111  42.89853483 -106.46326703 
111  42.89811802 -106.46264955 
112  42.89842050 -106.46234206  42.89850486 -106.46226078 
111  42.89869344 -106.46202031 
111  42.89898729 -106.46249527 
111  42.89909405 -106.46236733 
111  42.89911225 -106.46231735 
111  42.89912661 -106.46229857 
111  42.89936817 -106.46198251 
111  42.89939109 -106.46195251 
112  42.89959962 -106.46201455  42.89968266 -106.46192202 
111  42.89968266 -106.46192202 
111  42.89926954 -106.46133099 
111  42.89922894 -106.46126325 
111  42.89867856 -106.46059201 
111  42.89955490 -106.45944580 
111  42.89972957 -106.45966934 
111  42.89976232 -106.45960973 
111  42.89987696 -106.45975130 
111  42.89991268 -106.45970139 
111  42.89985990 -106.45960231 
111  42.90000252 -106.45946365 
111  42.90014639 -106.45926377 
111  42.90003307 -106.45909170 
112  42.90004235 -106.45897185  42.90000879 -106.45891332 
111  42.89995100 -106.45881662 
111  42.89991558 -106.45880899 
111  42.90012008 -106.45854075 
112  42.90021441 -106.45855195  42.90023901 -106.45852675 
111  42.90117728 -106.45732108 
111  42.90169823 -106.45804328 
111  42.90302157 -106.45631099 
112  42.90300520 -106.45611352  42.90296699 -106.45605018 
111  42.90255972 -106.45548455 
111  42.90261307 -106.45538961 
111  42.90310665 -106.45608171 
112  42.90315469 -106.45608171  42.90316970 -106.45605712 
111  42.90349094 -106.45566777 
112  42.90348794 -106.45553662  42.90346692 -106.45547924 
111  42.90331681 -106.45521694 
111  42.90357640 -106.45489288 
111  42.90330620 -106.45448713 
111  42.90408384 -106.45349679 
111  42.90456875 -106.45426582 
111  42.90449669 -106.45435599 
111  42.90451771 -106.45438468 
111  42.90488077 -106.45489823 
111  42.90530561 -106.45434602 
111  42.90497561 -106.45384809 
111  42.90531861 -106.45343637 
112  42.90528960 -106.45315914  42.90515422 -106.45299412 
111  42.90466586 -106.45230105 
111  42.90459816 -106.45238612 
111  42.90411949 -106.45298752 
111  42.90408081 -106.45319874 
111  42.90339629 -106.45220463 
111  42.90348662 -106.45143782 
111  42.90218936 -106.44955525 
111  42.90244563 -106.44927143 
111  42.90265837 -106.44902721 
111  42.90321925 -106.44979287 
111  42.90324812 -106.44825031 
112  42.90330806 -106.44791755  42.90335202 -106.44783027 
111  42.90346391 -106.44763934 
111  42.90372764 -106.44774299 
111  42.90388424 -106.44821456 
112  42.90345747 -106.44853296  42.90346492 -106.44900378 
111  42.90343266 -106.45008431 
111  42.90579329 -106.45344485 102 
112  42.90600983 -106.45346641  42.90611134 -106.45333092 102 
111  42.90683189 -106.45236988 
111  42.90694933 -106.45222481 102 
111  42.90849107 -106.45022312 102 
112  42.90861586 -106.44993075  42.90862048 -106.44986555 
111  42.90913373 -106.44976021  51 102 
111  42.90908254 -106.45161454  51 102 
112  42.90917186 -106.45158744  42.90922149 -106.45150952  51 102 
111  42.91236455 -106.44746009  51 102 
111  42.91331431 -106.44877055 
111  42.91365558 -106.44926341 
111  42.90940695 -106.45476792 
111  42.90925750 -106.45501997 
112  42.90937618 -106.45529002  42.90950365 -106.45547006 
111  42.90970146 -106.45578212 
111  42.90934102 -106.45626221 
111  42.90923992 -106.45611818 
112  42.90915201 -106.45604017  42.90909926 -106.45605817 
111  42.90910365 -106.45611218 
111  42.90907648 -106.45685961 
111  42.90895660 -106.45688143 
111  42.90882110 -106.46926879 
112  42.90917674 -106.46962886  42.90940052 -106.46964522 
111  42.90965626 -106.46964522 
111  42.90964427 -106.47029989 
111  42.90905686 -106.47027807 
112  42.90879712 -106.47060540  42.90873718 -106.47087273 
113  42.90838235 -106.48166158 
111  42.90844833 -106.47114045 
112  42.90839374 -106.47061878  42.90837191 -106.47026479 
111  42.90817048 -106.47023777 
112  42.90739138 -106.47020050  42.90723258 -106.47020728 102 
111  42.90722018 -106.47039359  51 102 
112  42.90708135 -106.48134978  42.90708953 -106.48177457  51 102 
111  42.90733790 -106.48177085  51 102 
112  42.90789196 -106.48179693  42.90814305 -106.48180066  51 102 
113  42.90824299 -106.48143940 
111  42.90852073 -106.46915078 
112  42.90860783 -106.45602912  42.90854829 -106.45586991 
111  42.90846567 -106.45601310 
112  42.90322775 -106.46285590  42.90313978 -106.46297600 102 
111  42.90324354 -106.46314844 102 
112  42.90543328 -106.46673874  42.90549192 -106.46684036 
111  42.90560471 -106.46679725 102 
111  42.90586636 -106.46650778 
112  42.90582801 -106.46635997  42.90582576 -106.46632610 
112  42.90590922 -106.46614749  42.90597914 -106.46607050 
112  42.90617087 -106.46623371  42.90622050 -106.46633225 
112  42.90613929 -106.46654781  42.90608967 -106.46660016 
111  42.90600846 -106.46661248 
112  42.90568591 -106.46699433  42.90565433 -106.46703744 
111  42.90569493 -106.46716370 102 
112  42.90708792 -106.46947770  42.90716707 -106.46960067 102 
111  42.90729535 -106.46956713 
112  42.90817692 -106.46958949  42.90838708 -106.46959321 
113  42.90842256 -106.46926158 
111  42.89321643 -106.47451933  51 102 
112  42.89336834 -106.47458244  42.89341458 -106.47458244 102 
111  42.89344430 -106.47456892 
111  42.89368538 -106.47423535 102 
112  42.89366557 -106.47405955  42.89363915 -106.47402349  51 102 
111  42.89319065 -106.47338971  51 102 
112  42.89279504 -106.47341825  42.89265038 -106.47363432  51 102 
113  42.89278958 -106.47391000  51 102 
111  42.89381034 -106.47204732  51 102 
111  42.89336819 -106.47271044  51 102 
112  42.89339549 -106.47318356  42.89353741 -106.47338473  51 102 
111  42.89378305 -106.47372746 102 
112  42.89418972 -106.47361570  42.89435075 -106.47339963 
111  42.89679891 -106.47019195 
112  42.89677225 -106.46998482  42.89664512 -106.46997922 102 
111  42.89654464 -106.46997362 102 
112  42.89641955 -106.46996243  42.89640315 -106.46995123 102 
111  42.89637034 -106.46991204  51 102 
111  42.89561162 -106.46984487  51 102 
114  42.89542297 -106.46994003  42.89534300 -106.47004360  51 102 
112  42.90093070 -106.46483257  42.90104806 -106.46468727 102 
111  42.90099620 -106.46436313  51 102 
112  42.90095526 -106.46429606  42.90092797 -106.46425881  51 102 
112  42.90037391 -106.46422900  42.89987718 -106.46422900  51 102 
111  42.89940453 -106.46472543  51 102 
112  42.89627667 -106.46881879  42.89612956 -106.46903189  51 102 
111  42.89633372 -106.46931057  51 102 
112  42.89659491 -106.46933925  42.89661893 -106.46933925 102 
111  42.89664895 -106.46928188 102 
112  42.89742954 -106.46930647  42.89746857 -106.46930647 
113  42.89752861 -106.46923270 
112  42.90199174 -106.46188046  42.90181806 -106.46165013  51 102 
111  42.90155753 -106.46191433  51 102 
112  42.90051790 -106.46327595  42.90050550 -106.46329966  51 102 
112  42.90046332 -106.46362483  42.90049061 -106.46385854  51 102 
111  42.90072136 -106.46390257  51 102 
112  42.90144339 -106.46384160  42.90152279 -106.46381451 
112  42.90184039 -106.46358080  42.90197189 -106.46348596 
112  42.90235896 -106.46294401  42.90243836 -106.46283224 102 
113  42.90232174 -106.46235804  51 102 
112  42.90799055 -106.45552664  42.90800695 -106.45547625 102 
112  42.90797824 -106.45524949  42.90793518 -106.45516830  51 102 
111  42.90782445 -106.45511511  51 102 
112  42.90689991 -106.45509194  42.90677585 -106.45509194  51 102 
111  42.90670637 -106.45518679  51 102 
112  42.90221972 -106.46105846  42.90200137 -106.46134535  51 102 
111  42.90222791 -106.46170304  51 102 
112  42.90249665 -106.46208508  42.90253213 -106.46214469  51 102 
112  42.90269226 -106.46222372  42.90269958 -106.46222631 102 
111  42.90274921 -106.46214270 102 
112  42.90286384 -106.46213897  42.90294299 -106.46213524 102 
113  42.90308491 -106.46200856 
111  42.90788978 -106.45477536 
112  42.90795335 -106.45457659  42.90791234 -106.45445900 
112  42.90779750 -106.45427423  42.90775239 -106.45424624 
112  42.90763961 -106.45415385  42.90759244 -106.45409786 
112  42.90754938 -106.45408946  42.90754118 -106.45410626  51 102 
111  42.90712901 -106.45463818  51 102 
114  42.90719668 -106.45476136  42.90729306 -106.45476976  51 102 
111  42.90816358 -106.45329033 
111  42.90830934 -106.45348932 
112  42.90842797 -106.45341528  42.90843475 -106.45329960 
111  42.90842289 -106.45318623  51 102 
112  42.90829917 -106.45316772  42.90826019 -106.45317929  51 102 
114  42.90820596 -106.45323713  42.90818902 -106.45325564  51 102 
111  42.90665025 -106.45465043  51 102 
112  42.90681430 -106.45465043  42.90688812 -106.45455525  51 102 
111  42.90740897 -106.45387776 
111  42.90685539 -106.45306814 
112  42.90671074 -106.45304206  42.90666707 -106.45309423 102 
111  42.90621946 -106.45369041 102 
114  42.90615395 -106.45393261  42.90619489 -106.45399968  51 102 
111  42.90845755 -106.45251444 
112  42.90847262 -106.45096103  42.90847449 -106.45081087 102 
111  42.90834772 -106.45091012 102 
112  42.90743696 -106.45207897  42.90734144 -106.45218703 
111  42.90737146 -106.45245904 
112  42.90781088 -106.45308877  42.90784909 -106.45315212 
111  42.90790368 -106.45311485 102 
111  42.90797464 -106.45302542 102 
113  42.90802650 -106.45307386  51 102 
111  42.91295580 -106.44911755  51 102 
112  42.91291113 -106.44878894  42.91284910 -106.44869747  51 102 
111  42.91245707 -106.44813850  51 102 
112  42.91220151 -106.44817576  42.91210970 -106.44829095  51 102 
111  42.91170527 -106.44869408  51 102 
111  42.90927800 -106.45183727 
111  42.90925319 -106.45370044 
112  42.90917627 -106.45384272  42.90916387 -106.45387998 
114  42.90923582 -106.45393079  42.90930778 -106.45384272 
111  42.90355481 -106.45171026 
111  42.90392138 -106.45134058 
112  42.90390817 -106.45123689  42.90388506 -106.45119180 
111  42.90325758 -106.45027661 
111  42.90254327 -106.44928636 
111  42.90231540 -106.44949825 
112  42.90231210 -106.44963350  42.90236494 -106.44970563 
111  42.90347788 -106.45130157 
114  42.90355053 -106.45147739  42.90355053 -106.45156305 
111  42.90365079 -106.45673272 
111  42.90360419 -106.45667673 
111  42.90385398 -106.45635608 
112  42.90352677 -106.45584544  42.90350872 -106.45581772 
111  42.90343880 -106.45586083 
112  42.90320872 -106.45614413  42.90318617 -106.45617184 
111  42.90320421 -106.45623651 
112  42.90356286 -106.45673843  42.90359444 -106.45676922 
113  42.90361474 -106.45676306 
111  42.90203042 -106.45851750 
111  42.90217487 -106.45831503 
111  42.90234416 -106.45810041 
111  42.90247540 -106.45810601 
111  42.90249795 -106.45808921 
111  42.90271326 -106.45778688 
111  42.90255296 -106.45753707 
111  42.90248155 -106.45742577 
111  42.90239953 -106.45726061 
113  42.90174949 -106.45810041 
111  42.90323377 -106.45728599 
111  42.90282552 -106.45668540 
111  42.90271441 -106.45682830 
111  42.90247133 -106.45714093 
111  42.90280588 -106.45765377 
111  42.90272756 -106.45776450 
111  42.90278823 -106.45784840 
111  42.90286924 -106.45774615 
113  42.90319605 -106.45733360 
111  42.90184501 -106.45875820 
111  42.90157232 -106.45835650 
111  42.90084521 -106.45931697 
111  42.90117904 -106.45981272 
111  42.89977198 -106.46167727 
111  42.90026349 -106.46234276 
111  42.90002773 -106.46262641 
111  42.90007568 -106.46266459 
111  42.90028347 -106.46238981 
111  42.90031120 -106.46241715 
111  42.90081370 -106.46175532 
111  42.90085656 -106.46182307 
111  42.90150606 -106.46096242 
111  42.90132866 -106.46069044 
111  42.90206284 -106.45972173 
111  42.90168347 -106.45918521 
113  42.90160575 -106.45906928 
110   1 1.00   0.00 New Taxiway 105
112  42.90460600 -106.45909440  42.90454876 -106.45909882 
112  42.90444509 -106.45889978  42.90444185 -106.45874571 
112  42.90459142 -106.45870443  42.90464110 -106.45870148 
114  42.90473398 -106.45890126  42.90473344 -106.45903985 
110   3 1.00 133.70 New Taxiway 129
111  42.90392351 -106.45637460 
111  42.90359015 -106.45687235 
111  42.90309359 -106.45618181 
113  42.90355038 -106.45572008 
120 Linear Feature 4
111  42.89855926 -106.46307922   1 
115  42.89824623 -106.46264843 
120 Linear Feature 3
111  42.89873741 -106.46283256   1 
111  42.89853636 -106.46255116   1 
112  42.89843710 -106.46250600  42.89839893 -106.46255463   1 
115  42.89839893 -106.46255463 
120 Linear Feature 3
111  42.89890538 -106.46261369   1 
111  42.89870432 -106.46233229   1 
112  42.89860507 -106.46228713  42.89856690 -106.46233577   1 
115  42.89856690 -106.46233577 
120 Linear Feature 1
111  42.90423834 -106.45523387   1 
116  42.90411773 -106.45528891  42.90406037 -106.45524715 
120 Linear Feature 140
111  42.90434104 -106.45538129   1 
112  42.90418540 -106.45538745  42.90411773 -106.45528891   1 
111  42.90411773 -106.45528891   1 
111  42.90402525 -106.45515342   1 
116  42.90401397 -106.45501485  42.90403427 -106.45495018 
120 Linear Feature 139
111  42.90473578 -106.45502101   1 
111  42.90444931 -106.45462685   1 
112  42.90431623 -106.45462069  42.90425533 -106.45469768   1 
111  42.90401397 -106.45501485   1 
112  42.90381322 -106.45508568  42.90371848 -106.45496558   1 
115  42.90339593 -106.45449752 
120 Linear Feature 44
111  42.90722041 -106.47039120  51 
116  42.90732685 -106.47001859  42.90747151 -106.47002231 
120 Linear Feature 20
111  42.90863944 -106.45343349  51 102 
116  42.90842289 -106.45318623  42.90823339 -106.45313575 
120 Linear Feature 75
111  42.90400247 -106.45117981  20 
115  42.90400594 -106.45106130 
120 Linear Feature 118
111  42.90543648 -106.45487182   1 
115  42.90541372 -106.45490075 
120 Linear Feature 118
111  42.90531495 -106.45468807   1 
115  42.90529219 -106.45471700 
120 Linear Feature 118
111  42.90547457 -106.45467135   1 
115  42.90541372 -106.45474568 
120 Linear Feature 118
111  42.90567450 -106.45441851   1 
115  42.90561365 -106.45449284 
120 Linear Feature 117
111  42.90542436 -106.45491544   1 
111  42.90541372 -106.45490075   1 
115  42.90540336 -106.45488646 
120 Linear Feature 117
111  42.90530283 -106.45473168   1 
111  42.90529219 -106.45471700   1 
115  42.90528183 -106.45470270 
120 Linear Feature 117
111  42.90544217 -106.45478340   1 
111  42.90541372 -106.45474568   1 
115  42.90538601 -106.45470894 
120 Linear Feature 117
111  42.90564210 -106.45453056   1 
111  42.90561365 -106.45449284   1 
115  42.90558594 -106.45445611 
120 Linear Feature 116
111  42.90506259 -106.45515055   1 
115  42.90539417 -106.45561553 
120 Linear Feature 115
111  42.90506485 -106.45587728   1 
111  42.90476484 -106.45545541   1 
111  42.90485733 -106.45535071   1 
111  42.90490695 -106.45531991   1 
111  42.90523402 -106.45578182   1 
111  42.90534454 -106.45577258   1 
115  42.90494530 -106.45517518 
120 Linear Feature 114
111  42.90495883 -106.45607744   1 
115  42.90461146 -106.45560322 
120 Linear Feature 113
111  42.90281141 -106.45782530   1 
115  42.90355925 -106.45886110 
120 Linear Feature 112
111  42.90220166 -106.45868071   1 
115  42.90224355 -106.45862798 
120 Linear Feature 112
111  42.90231090 -106.45883749   1 
115  42.90235280 -106.45878476 
120 Linear Feature 112
111  42.90222407 -106.45956404   1 
115  42.90226596 -106.45951131 
120 Linear Feature 112
111  42.90213236 -106.45942265   1 
115  42.90217425 -106.45936993 
120 Linear Feature 112
111  42.90204381 -106.45929098   1 
115  42.90208571 -106.45923826 
120 Linear Feature 112
111  42.90196554 -106.45915284   1 
115  42.90200744 -106.45910011 
120 Linear Feature 111
111  42.90199920 -106.45919763   1 
111  42.90196554 -106.45915284   1 
115  42.90193141 -106.45910741 
120 Linear Feature 110
111  42.90002254 -106.46250990   1 
115  42.89991146 -106.46265744 
120 Linear Feature 110
111  42.89987843 -106.46228860   1 
115  42.89976735 -106.46243613 
120 Linear Feature 110
111  42.89971631 -106.46206729   1 
115  42.89960523 -106.46221483 
120 Linear Feature 109
111  42.90032877 -106.46273121   1 
115  42.89970430 -106.46184189 
120 Linear Feature 108
111  42.89938285 -106.46302179   1 
115  42.89912166 -106.46294393 
120 Linear Feature 107
111  42.90608808 -106.45361486  51 
112  42.90576135 -106.45361032  42.90559622 -106.45337588  51 
115  42.90408331 -106.45122865 
120 Linear Feature 106
111  42.89655408 -106.46804188  52 
111  42.90649747 -106.45510761  52 
112  42.90647017 -106.45481697  42.90637192 -106.45466420  52 
111  42.90593795 -106.45404940  52 
112  42.90593968 -106.45368697  42.90600243 -106.45355171  52 
115  42.90604251 -106.45348362 
120 Linear Feature 104
111  42.91050621 -106.45726854  54 
115  42.91039548 -106.45741412 
120 Linear Feature 103
111  42.90791249 -106.45389739  54 
115  42.90802342 -106.45374594 
120 Linear Feature 102
111  42.91268021 -106.44845429  54 
115  42.91288820 -106.44818504 
120 Linear Feature 100
111  42.90959552 -106.45103555  54 
115  42.90973554 -106.45123977 
120 Linear Feature 99
111  42.90813141 -106.45112394  54 
115  42.90798659 -106.45092832 
120 Linear Feature 96
111  42.90810478 -106.45336512  54 
115  42.90796124 -106.45316152 
120 Linear Feature 93
111  42.89633506 -106.46833842  54 
115  42.89647526 -106.46854241 
120 Linear Feature 92
111  42.89338302 -106.47365702  54 
115  42.89356198 -106.47342548 
120 Linear Feature 91
111  42.89452263 -106.47110932  54 
115  42.89438141 -106.47090393 
120 Linear Feature 88
111  42.89279135 -106.47441756  54 
115  42.89297468 -106.47418414 
120 Linear Feature 87
111  42.89628055 -106.46990070  54 
115  42.89628895 -106.46924112 
120 Linear Feature 86
111  42.90061261 -106.46422728  54 
115  42.90062241 -106.46386593 
120 Linear Feature 85
111  42.90218771 -106.46215174  54 
115  42.90237118 -106.46190509 
120 Linear Feature 84
111  42.90345273 -106.46360980  54 
115  42.90329739 -106.46379058 
120 Linear Feature 83
111  42.90639364 -106.46886361  54 
115  42.90655338 -106.46868030 
120 Linear Feature 82
111  42.90721088 -106.47093510  54 
115  42.90700360 -106.47093127 
120 Linear Feature 81
111  42.90759608 -106.48211781  55 
115  42.90759951 -106.48179196 
120 Linear Feature 80
111  42.90776994 -106.47002202  55 
115  42.90776994 -106.46981551 
120 Linear Feature 79
111  42.90767035 -106.45510582  54 
115  42.90767805 -106.45477559 
120 Linear Feature 78
111  42.90731780 -106.45438740  54 
115  42.90717312 -106.45418670 
120 Linear Feature 76
111  42.90345254 -106.44896824  54 
115  42.90323839 -106.44897034 
120 Linear Feature 74
111  42.90404645 -106.45112292  20 
115  42.90396080 -106.45111502 
120 Linear Feature 73
111  42.89326143 -106.47323879  51 101 
116  42.89327175 -106.47255320  42.89346007 -106.47222910 
120 Linear Feature 72
111  42.89277063 -106.47320299  51 101 
112  42.89326143 -106.47323879  42.89344255 -106.47350633  51 101 
111  42.89380977 -106.47401095  51 101 
116  42.89422341 -106.47404432  42.89442538 -106.47378727 
120 Linear Feature 71
111  42.89680330 -106.46964867  51 101 
111  42.89749352 -106.46965362  51 101 
116  42.89770785 -106.46947511  42.89785316 -106.46928172 
120 Linear Feature 70
111  42.89540645 -106.46976837  51 101 
112  42.89581519 -106.46955941  42.89600410 -106.46956933  51 101 
111  42.89633831 -106.46961395  51 101 
111  42.89680330 -106.46964867  51 101 
116  42.89704669 -106.47033296  42.89688685 -106.47085362 
120 Linear Feature 69
111  42.89617765 -106.46876790  51 101 
116  42.89634194 -106.46961891  42.89678150 -106.46980238 
120 Linear Feature 68
111  42.90059411 -106.46405545  51 101 
116  42.89944969 -106.46445617  42.89916038 -106.46482503 
120 Linear Feature 67
111  42.90079622 -106.46548317  51 101 
111  42.90113457 -106.46502969  51 101 
116  42.90083387 -106.46408024  42.90021802 -106.46385622 
120 Linear Feature 66
111  42.90208543 -106.46175838  51 101 
116  42.90207682 -106.46103755  42.90226241 -106.46063888 
120 Linear Feature 65
111  42.90238488 -106.46217890  51 101 
112  42.90323926 -106.46226531  42.90361318 -106.46180330  51 101 
115  42.90361318 -106.46180330 
120 Linear Feature 64
111  42.90241273 -106.46336355  51 101 
112  42.90150593 -106.46405545  42.90101188 -106.46409512  51 101 
111  42.90083387 -106.46408024  51 101 
111  42.90059411 -106.46405545  51 101 
116  42.90026725 -106.46341109  42.90033263 -106.46287056 
120 Linear Feature 63
111  42.90156134 -106.46171941  51 101 
112  42.90208543 -106.46175838  42.90227897 -106.46203951  51 101 
111  42.90238488 -106.46217890  51 101 
116  42.90241273 -106.46336355  42.90202318 -106.46388178 
120 Linear Feature 62
111  42.90767277 -106.45373622  51 101 
112  42.90792560 -106.45377949  42.90805273 -106.45395307  51 101 
115  42.90804453 -106.45394697 
120 Linear Feature 61
111  42.90767277 -106.45373622  51 101 
112  42.90768773 -106.45342955  42.90758110 -106.45328677  51 101 
115  42.90738314 -106.45300912 
120 Linear Feature 59
111  42.90686573 -106.45258416  51 101 
112  42.90712029 -106.45263500  42.90721723 -106.45277752  51 101 
115  42.90738314 -106.45300912 
120 Linear Feature 58
111  42.90659027 -106.45512767  51 101 
112  42.90657663 -106.45478486  42.90650020 -106.45466563  51 101 
111  42.90601438 -106.45395021  51 101 
112  42.90608808 -106.45361486  42.90616996 -106.45351053  51 101 
111  42.90686573 -106.45258416  51 101 
111  42.90711590 -106.45227062  51 101 
111  42.90833649 -106.45066508  51 101 
115  42.90868698 -106.45022668 
120 Linear Feature 57
111  42.90828073 -106.45496931  51 101 
116  42.90879273 -106.45574436  42.90878613 -106.45634852 
120 Linear Feature 56
111  42.90787246 -106.45496007  51 101 
116  42.90815205 -106.45586610  42.90794730 -106.45657396 
120 Linear Feature 55
111  42.90671052 -106.45497492  51 101 
112  42.90686425 -106.45491465  42.90692290 -106.45492081  51 101 
111  42.90787246 -106.45496007  51 101 
111  42.90828073 -106.45496931  51 101 
111  42.90869949 -106.45495708  51 101 
116  42.90879502 -106.45492354  42.90882777 -106.45490863 
120 Linear Feature 54
111  42.90818325 -106.45306541  51 101 
116  42.90883694 -106.45354666  42.90889423 -106.45438700 
120 Linear Feature 53
111  42.90878353 -106.45227827  51 101 
112  42.90886111 -106.45198335  42.90886111 -106.45186118  51 101 
111  42.90887262 -106.45100340  51 101 
116  42.90833649 -106.45066508  42.90789439 -106.45092069 
120 Linear Feature 52
111  42.90927800 -106.45183727  51 102 
116  42.90907434 -106.45219282  42.90906130 -106.45234717 
120 Linear Feature 51
111  42.89335438 -106.47482082  51 101 
112  42.89308154 -106.47459876  42.89295782 -106.47443221  51 101 
111  42.89272904 -106.47408755  51 101 
112  42.89277063 -106.47320299  42.89312477 -106.47275965  51 101 
111  42.89327175 -106.47255320  51 101 
111  42.89540645 -106.46976837  51 101 
111  42.89617765 -106.46876790  51 101 
111  42.89944969 -106.46445617  51 101 
111  42.90026725 -106.46341109  51 101 
111  42.90156134 -106.46171941  51 101 
111  42.90207682 -106.46103755  51 101 
111  42.90659323 -106.45512890  51 101 
111  42.90671052 -106.45497492  51 101 
111  42.90767277 -106.45373622  51 101 
111  42.90791863 -106.45340364  51 101 
111  42.90818325 -106.45306541  51 101 
111  42.90878353 -106.45227827  51 101 
111  42.91211325 -106.44797782  51 101 
112  42.91261344 -106.44802660  42.91284816 -106.44833962  51 101 
111  42.91310866 -106.44872809  51 101 
116  42.91317069 -106.44896862  42.91317813 -106.44911429 
120 Linear Feature 50
111  42.90689653 -106.46947118  51 101 
112  42.90671695 -106.46986163  42.90643409 -106.46987179  51 101 
115  42.90591056 -106.46985824 
120 Linear Feature 49
111  42.90219339 -106.46370393  51 101 
111  42.90263554 -106.46314504  51 101 
116  42.90304659 -106.46316146  42.90318852 -106.46336639 
120 Linear Feature 48
111  42.90784353 -106.46988856  51 101 
111  42.90733461 -106.46988347  51 101 
112  42.90703448 -106.46968242  42.90689653 -106.46947118  51 101 
111  42.90689653 -106.46947118  51 101 
111  42.90304659 -106.46316146  51 101 
112  42.90311167 -106.46250449  42.90336086 -106.46217661  51 101 
115  42.90350945 -106.46198439 
120 Linear Feature 47
111  42.90822234 -106.48180750  51 101 
112  42.90788306 -106.48195766  42.90770783 -106.48195512  51 101 
111  42.90726229 -106.48193985  51 101 
112  42.90694655 -106.48132630  42.90695401 -106.48079948  51 101 
115  42.90712228 -106.47002645 
120 Linear Feature 46
111  42.90300557 -106.46331345  51 
116  42.90280384 -106.46329332  42.90267905 -106.46340479 
120 Linear Feature 45
111  42.90738504 -106.46980641  51 
112  42.90709192 -106.46955102  42.90697183 -106.46937216  51 
111  42.90313566 -106.46308726  51 
116  42.90312931 -106.46284370  42.90318169 -106.46272382 
120 Linear Feature 43
111  42.89370379 -106.47436381  51 
116  42.89366557 -106.47405955  42.89357065 -106.47392367 
120 Linear Feature 42
111  42.89336834 -106.47458244  51 
116  42.89356983 -106.47454166  42.89361558 -106.47449308 
120 Linear Feature 41
111  42.89378305 -106.47372746  51 
116  42.89415547 -106.47377168  42.89439442 -106.47362364 
120 Linear Feature 40
111  42.89688740 -106.47022014  51 
112  42.89676437 -106.46992344  42.89659212 -106.46991784  51 
115  42.89637034 -106.46991204 
120 Linear Feature 39
111  42.89659491 -106.46933925  51 
111  42.89744143 -106.46938969  51 
116  42.89755408 -106.46934634  42.89757368 -106.46932251 
120 Linear Feature 38
111  42.90102964 -106.46482221  51 
116  42.90099620 -106.46436313  42.90084733 -106.46414758 
120 Linear Feature 37
111  42.90144339 -106.46384160  51 
116  42.90202951 -106.46350746  42.90220320 -106.46327960 
120 Linear Feature 36
111  42.90234461 -106.46310198  51 
116  42.90232174 -106.46235804  42.90212594 -106.46202529 
120 Linear Feature 35
111  42.90269226 -106.46222372  51 
116  42.90308387 -106.46213644  42.90328367 -106.46194006 
120 Linear Feature 34
111  42.90801028 -106.45571830  51 
116  42.90797824 -106.45524949  42.90783714 -106.45505275 
120 Linear Feature 33
111  42.90810120 -106.45478551  51 102 
111  42.90827985 -106.45455516  51 102 
116  42.90829225 -106.45446370  42.90829225 -106.45442982 
120 Linear Feature 32
111  42.90788285 -106.45477534  51 102 
111  42.90810098 -106.45478637  51 
111  42.90821782 -106.45479228  51 
112  42.90835428 -106.45469066  42.90837165 -106.45460936  51 
115  42.90834684 -106.45452129 
120 Linear Feature 31
111  42.90414620 -106.45110538  51 102 
115  42.90559364 -106.45318799 
120 Linear Feature 30
111  42.90697233 -106.45225208  51 
111  42.90856590 -106.45016630  51 
116  42.90869799 -106.44994906  42.90869799 -106.44992857 
120 Linear Feature 29
111  42.90559364 -106.45318799  51 102 
111  42.90586206 -106.45352981  51 
112  42.90604251 -106.45348362  42.90615304 -106.45334504  51 
115  42.90684777 -106.45240889 
120 Linear Feature 28
111  42.90705854 -106.45270352  51 
112  42.90686681 -106.45277742  42.90679914 -106.45287597  51 
111  42.90614952 -106.45373514  51 
116  42.90615395 -106.45393261  42.90620583 -106.45399728 
120 Linear Feature 27
111  42.90845755 -106.45251444  51 
116  42.90865562 -106.45213965  42.90866383 -106.45196608 
120 Linear Feature 26
111  42.90868053 -106.45103894  51 
116  42.90831364 -106.45088763  42.90808955 -106.45119166 
120 Linear Feature 25
111  42.90831364 -106.45088763  51 
111  42.90722463 -106.45232610  51 
116  42.90719480 -106.45257297  42.90724886 -106.45272567 
120 Linear Feature 24
111  42.90740897 -106.45387776  51 102 
111  42.90757651 -106.45365834  51 102 
116  42.90758498 -106.45344086  42.90753075 -106.45333211 
120 Linear Feature 23
111  42.90793578 -106.45394061  51 102 
112  42.90768666 -106.45391516  42.90759854 -106.45401465  51 102 
115  42.90754938 -106.45408946 
120 Linear Feature 22
111  42.90771589 -106.45329872  51 102 
112  42.90783511 -106.45331768  42.90786868 -106.45327660  51 102 
115  42.90802650 -106.45307386 
120 Linear Feature 21
111  42.90816358 -106.45329033  51 102 
111  42.90798095 -106.45354683  51 102 
116  42.90798790 -106.45368589  42.90800526 -106.45375701 
14   42.90321315 -106.45682489   30 0 New Tower Viewpoint 68
15   42.90420269 -106.45453917 284.45 GA Hangers 1
15   42.90393022 -106.45209807 355.53 GA Hangers 2
15   42.90440457 -106.45624888 224.71 GA Parking 1
15   42.90196459 -106.45915254 218.87 GA Parking 2
15   42.89711167 -106.46587014 136.09 RPT Parking 1
15   42.89826304 -106.46420968 184.59 RPT Parking 2
15   42.89755507 -106.46502348 258.91 RPT Parking 3
18   42.89838800 -106.46110500 1 Light beacon
19   42.90459790 -106.45890052 1 New Windsock 1
20   42.90830909 -106.45330886  44.59  0 2 {@L}A{@R}08-26
20   42.90953639 -106.45092633 222.42  0 2 {@L}A{@R}26-08
20   42.89274189 -106.47446029 313.35  0 2 {@L}A1{@R}03-21
20   42.89299698 -106.47407725 133.70  0 2 {@L}A1{@Y}{^l}A
20   42.89331572 -106.47371777 314.03  0 2 {@L}A2{@R}03-21
20   42.89359607 -106.47331685 135.56  0 2 {@L}A2{@Y}{^l}A
20   42.89628036 -106.47004237 357.54  0 2 {@L}A3{@R}03-21
20   42.89647625 -106.46919100 178.18  0 2 {@L}A3{@Y}{^ld}A{^ru}
20   42.90060626 -106.46431770 357.75  0 2 {@L}A4{@R}03-21
20   42.90071877 -106.46379171 180.78  0 2 {@L}A4{@Y}{^ld}A{^ru}
20   42.90210654 -106.46224567 313.82  0 2 {@L}A5{@R}03-21
20   42.90233773 -106.46158365 134.47  0 2 {@L}A5{@Y}{^l}A{^r}
20   42.90765679 -106.45524374 358.10  0 2 {@L}A6{@R}03-21
20   42.90762016 -106.45463137 180.37  0 2 {@L}A6{@Y}{^ld}A{^ru}|{^lu}B
20   42.91256769 -106.44858466 314.82  0 2 {@L}A7{@R}03-21
20   42.91293966 -106.44803850 133.47  0 2 {@L}A7{@Y}A{^r}
20   42.90821072 -106.45131119  44.35  0 2 {@L}B1{@R}08-26
20   42.90604760 -106.45316287 222.68  0 2 {@L}B1{@Y}{^l}B{^r}
20   42.90359720 -106.46342876 129.47  0 2 {@L}C{@R}21-03
20   42.90776379 -106.47024083 357.79  0 2 {@L}C2{@R}08-26
20   42.90760698 -106.48225543 357.08  0 2 {@L}C3{@R}08-26
50 12615 ATIS
51 11830 CTAF
51 12295 UNICOM
53 12190 CASPER GND/CLNC DEL
54 11830 CASPER TWR
55 11900 CASPER APP/DEP
55 12065 CASPER APP/DEP


130 Airport Boundary
111  042.89261246 -106.47416687
111  042.89268875 -106.47555542
111  042.89308548 -106.47608948
111  042.90735626 -106.48211670
111  042.90843582 -106.48213959
111  042.91998291 -106.47073364
111  042.92011642 -106.47056580
111  042.92010880 -106.47028351
111  042.91365433 -106.44926453
111  042.91346359 -106.44897461
111  042.91331482 -106.44876862
111  042.91236496 -106.44745636
111  042.90335846 -106.44730377
111  042.90219116 -106.44955444
113  042.89265442 -106.47315979
99
