A
1000 Generated by Infinite Flight Airport Editing (World Parser)/AB

1     2025 1 0 LETO Torrejon
100   66.14   1   0 0.00 1 3 1 05   40.48477200 -003.46070001    0.00  834.85 3  3 0 1 23   40.50871900 -003.43103901    0.00  324.92 3  3 0 1
102 H9   40.49917108 -003.43234764  45.00   49.99   49.99   2 0   0 0.00 1
21   40.49338564 -003.44898953  3 225.00   3.00 New PAPI-4R
21   40.49418891 -003.45017560  2 225.00   3.00 New PAPI-4L
21   40.50571777 -003.43572324  2 225.00   3.00 New PAPI-4L
21   40.50504488 -003.43464129  3 225.00   3.00 New PAPI-4R
21   40.48691169 -003.45712002  3 225.00   3.00 New PAPI-4R
21   40.48764415 -003.45828853  2 225.00   3.00 New PAPI-4L
110   1 0.00  45.00 New Taxiway 6
111  40.47469290 -003.47278939 
111  40.47911420 -003.46718539 
111  40.47951241 -003.46774152 
113  40.47505078 -003.47328293 
110   2 0.00  45.00 New Taxiway 5
111  40.47108658 -003.47844373 
111  40.47070892 -003.47789269 
111  40.47469507 -003.47279731 
113  40.47503873 -003.47327725 
110   2 0.00  45.00 New Taxiway 3
111  40.47245824 -003.47571846 
111  40.47246458 -003.47534410 
112  40.47246458 -003.47534410  40.47245403 -003.47510824 
111  40.47091887 -003.47309572 
112  40.47091887 -003.47309572  40.47071319 -003.47236452 
111  40.47121215 -003.47173667 
111  40.47584547 -003.46587103 
111  40.47618767 -003.46644680 
112  40.47140378 -003.47231245  40.47120711 -003.47258483 
111  40.47135587 -003.47283423 
112  40.47270593 -003.47477859  40.47290390 -003.47492729 
113  40.47338851 -003.47450752 
110   2 0.00  45.00 New Taxiway 4
112  40.47135569 -003.47291859  40.47162612 -003.47299246 
111  40.47171230 -003.47280117 
112  40.47171230 -003.47280117  40.47211266 -003.47231643 
112  40.47178020 -003.47205154  40.47168186 -003.47199152 
111  40.47156893 -003.47206562 
111  40.47252744 -003.47083541 
112  40.47248512 -003.47131386  40.47261155 -003.47155854 
112  40.47279345 -003.47189896  40.47283560 -003.47224982 
111  40.47194103 -003.47326092 
112  40.47194103 -003.47326092  40.47188483 -003.47335325 
113  40.47181441 -003.47360786 
110   1 0.00 135.00 C-4
111  40.49910486 -003.44243086 
112  40.49910486 -003.44243086  40.49937623 -003.44167384 
111  40.49922035 -003.44113866 
112  40.49922035 -003.44113866  40.49889879 -003.44069748 
111  40.49809863 -003.43947056 
112  40.49809863 -003.43947056  40.49799710 -003.43931609 
111  40.49788848 -003.43944663 
111  40.49756441 -003.43876839 
111  40.49787144 -003.43837552 
111  40.49993368 -003.44109610 
114  40.50018349 -003.44111365  40.50032711 -003.44106928 
110   2 0.00  90.00 C-5
112  40.49944452 -003.44057921  40.49954811 -003.43997100 
111  40.49957739 -003.43852092 
111  40.49960915 -003.43723439 
112  40.49960915 -003.43723439  40.49958327 -003.43698567 
112  40.49944900 -003.43678450  40.49938728 -003.43652793 
111  40.49947410 -003.43561820 
111  40.50012287 -003.43564135 
112  40.50013325 -003.43685066  40.50006556 -003.43710723 
112  40.49991818 -003.43724762  40.49985248 -003.43748586 
111  40.49991818 -003.43724762 
111  40.49996980 -003.44114220 
114  40.49996980 -003.44114220  40.50001248 -003.44141259 
110   1 0.00  44.00 C-6
111  40.48543009 -003.45465527 
111  40.47615224 -003.46640371 
111  40.47580667 -003.46586859 
111  40.49759358 -003.43871033 
113  40.49799538 -003.43933471 
110   1 0.00   0.00 C-61
111  40.49965025 -003.43914444 
111  40.49832199 -003.43909151 
111  40.49784905 -003.43842991 
113  40.49967037 -003.43846960 
110   1 0.00   0.00 C-62
111  40.49991529 -003.43829679 
111  40.50538217 -003.43169983 
111  40.50633707 -003.43085885 
111  40.50649744 -003.43147710 
111  40.50529005 -003.43260546 
113  40.49992040 -003.43913925 
110   2 0.00   0.00 C-63
111  40.50811273 -003.43129874 
112  40.50761808 -003.43058178  40.50755627 -003.43051970 
112  40.50752124 -003.43053731  40.50749427 -003.43054322 
111  40.50752124 -003.43053731 
111  40.50649314 -003.43148642 
111  40.50632804 -003.43086215 
111  40.50738833 -003.42982847 
111  40.50909896 -003.42777727 
111  40.50967253 -003.42869039 
111  40.50829396 -003.43034458 
113  40.50853546 -003.43083422 
110   2 0.00   0.00 C-7
111  40.50533558 -003.43481753 
111  40.50539595 -003.43438082 
111  40.50540601 -003.43101632 
112  40.50523811 -003.43087405  40.50515848 -003.43075504 
111  40.50521587 -003.43019182 
111  40.50609285 -003.43020687 
112  40.50604319 -003.43090616  40.50594726 -003.43101803 
111  40.50588902 -003.43101949 
111  40.50580852 -003.43391764 
113  40.50594939 -003.43403675 
110   1 0.00  14.00 C-3
111  40.48748719 -003.45208959 
112  40.48748719 -003.45208959  40.48744840 -003.45232609 
111  40.48766689 -003.45219955 
111  40.49155639 -003.45088575 
112  40.49155639 -003.45088575  40.49167377 -003.45086244 
112  40.49327951 -003.44965793  40.49366092 -003.44934717 
111  40.49327951 -003.44965793 
111  40.49153718 -003.45183492 
112  40.49151539 -003.45164350  40.49138788 -003.45163432 
111  40.49151539 -003.45164350 
111  40.48724798 -003.45304726 
113  40.48646502 -003.45334287 
110   1 0.00 135.00 New Taxiway 11
111  40.48726988 -003.45673029 
111  40.48582847 -003.45470620 
112  40.48582847 -003.45470620  40.48578870 -003.45463281 
112  40.48539937 -003.45466306  40.48531284 -003.45470886 
111  40.48539937 -003.45466306 
111  40.48609217 -003.45382013 
112  40.48616265 -003.45428357  40.48624717 -003.45450201 
111  40.48763500 -003.45628364 
112  40.48795025 -003.45626266  40.48813574 -003.45608846 
111  40.48795025 -003.45626266 
114  40.48715733 -003.45725427  40.48729776 -003.45699994 
110   1 0.00 315.00 C-1
111  40.48222789 -003.45904134 
112  40.48195486 -003.45904084  40.48175348 -003.45918340 
111  40.48259017 -003.45817654 
112  40.48259017 -003.45817654  40.48244042 -003.45854314 
112  40.48259316 -003.45856114  40.48263124 -003.45858189 
112  40.48323847 -003.45840107  40.48345018 -003.45867941 
111  40.48323847 -003.45840107 
111  40.48438298 -003.45995371 
112  40.48438298 -003.45995371  40.48462051 -003.46019811 
111  40.48495084 -003.45997651 
111  40.48433874 -003.46076326 
112  40.48361592 -003.46088209  40.48327512 -003.46057660 
113  40.48361592 -003.46088209 
110   2 0.00 358.00 New Taxiway 33
111  40.49771880 -003.43546770 
112  40.49792671 -003.43557969  40.49804854 -003.43556283 
111  40.49792671 -003.43557969 
111  40.49948157 -003.43562861 
111  40.49945970 -003.43597855 
113  40.49791769 -003.43590776 
110   2 0.00  44.00 New Taxiway 32
111  40.49711744 -003.43457270 
111  40.49820875 -003.43321761 
112  40.49820875 -003.43321761  40.49840433 -003.43290982 
112  40.49849982 -003.43167569  40.49861524 -003.43150282 
111  40.49876243 -003.43132527 
111  40.49899719 -003.43167170 
111  40.49869720 -003.43204915 
112  40.49859771 -003.43201891  40.49852076 -003.43205686 
111  40.49854140 -003.43284580 
112  40.49878257 -003.43262709  40.49888517 -003.43250060 
112  40.49893226 -003.43196002  40.49908616 -003.43175342 
112  40.49945617 -003.43204750  40.49960366 -003.43228361 
112  40.49939796 -003.43275831  40.49926330 -003.43290167 
112  40.49890991 -003.43284409  40.49878808 -003.43296636 
113  40.49727675 -003.43480735 
110   2 0.00  43.00 New Taxiway 31
111  40.49575846 -003.43613750 
112  40.49575968 -003.43592484  40.49570493 -003.43579237 
111  40.49575968 -003.43592484 
111  40.49548278 -003.43556820 
111  40.49500529 -003.43615470 
112  40.49526698 -003.43656874  40.49534390 -003.43668901 
112  40.49542903 -003.43655803  40.49548815 -003.43655515 
111  40.49542903 -003.43655803 
111  40.49512740 -003.43693796 
111  40.49460351 -003.43607637 
111  40.49585529 -003.43440964 
111  40.49638153 -003.43522166 
112  40.49638153 -003.43522166  40.49641438 -003.43531381 
113  40.49653768 -003.43522450 
110   2 0.00  44.00 New Taxiway 13
111  40.47843297 -003.46260161 
111  40.47779595 -003.46153800 
112  40.47779595 -003.46153800  40.47772910 -003.46139203 
112  40.47794206 -003.46104182  40.47800913 -003.46092604 
111  40.47794206 -003.46104182 
111  40.47971342 -003.45878700 
111  40.47985364 -003.45897709 
111  40.47811252 -003.46121788 
112  40.47811252 -003.46121788  40.47800630 -003.46134930 
112  40.47807599 -003.46153800  40.47813267 -003.46163913 
111  40.47807599 -003.46153800 
113  40.47863607 -003.46235428 
110   2 0.00  44.00 New Taxiway 7
111  40.48263876 -003.45744469 
111  40.48181325 -003.45646359 
111  40.47983516 -003.45899983 
111  40.47874960 -003.45745774 
111  40.48627518 -003.44780971 
111  40.49605513 -003.43576107 
111  40.49712540 -003.43455030 
111  40.49797945 -003.43585465 
111  40.49697649 -003.43708551 
113  40.49789785 -003.43840995 
110   2 0.00 145.00 New Taxiway 17
111  40.48776842 -003.46653527 
111  40.48802148 -003.46602362 
111  40.48857458 -003.46653159 
113  40.48832787 -003.46704222 
110   2 0.00 133.00 New Taxiway 14
111  40.48815730 -003.45701358 
112  40.48814698 -003.45725326  40.48819081 -003.45734043 
111  40.48814698 -003.45725326 
111  40.49022461 -003.46018666 
112  40.49036074 -003.46017700  40.49045123 -003.46002708 
111  40.49036074 -003.46017700 
111  40.49119593 -003.45911863 
111  40.49191365 -003.46010791 
111  40.49070315 -003.46166812 
111  40.49001861 -003.46067973 
112  40.49008080 -003.46045483  40.49003193 -003.46035726 
111  40.49008080 -003.46045483 
111  40.48793567 -003.45746493 
112  40.48793567 -003.45746493  40.48791432 -003.45740287 
113  40.48781849 -003.45744002 
110   2 0.00  55.00 New Taxiway 18
111  40.48832365 -003.46636750 
112  40.48848045 -003.46631048  40.48854017 -003.46623195 
111  40.48848675 -003.46591652 
112  40.48810118 -003.46400801  40.48799965 -003.46329602 
112  40.48964345 -003.46028046  40.48973213 -003.46008056 
111  40.48972661 -003.45987291 
111  40.49005926 -003.46034010 
112  40.48977953 -003.46047926  40.48969085 -003.46060300 
112  40.48830510 -003.46398442  40.48838075 -003.46449747 
112  40.48867815 -003.46618136  40.48865824 -003.46638553 
113  40.48855360 -003.46657462 
110   2 0.00 145.00 New Taxiway 16
111  40.48979174 -003.46414334 
112  40.48979174 -003.46414334  40.48985870 -003.46401246 
111  40.48979174 -003.46396442 
111  40.48880136 -003.46304992 
112  40.48852610 -003.46305831  40.48840665 -003.46320823 
111  40.48881347 -003.46239603 
112  40.48881347 -003.46239603  40.48879307 -003.46268730 
111  40.48888452 -003.46279148 
111  40.48991270 -003.46369603 
112  40.48991270 -003.46369603  40.49004120 -003.46370555 
111  40.49011840 -003.46351416 
111  40.49089860 -003.46412332 
113  40.49055998 -003.46483286 
110   2 0.00 135.00 Platform PE-3
111  40.47811252 -003.46385914 
112  40.47828298 -003.46518756  40.47793934 -003.46579536 
111  40.47828298 -003.46518756 
111  40.47699236 -003.46674006 
112  40.47699236 -003.46674006  40.47657374 -003.46693718 
113  40.47612853 -003.46638100 
120 Linear Feature 10
111  40.47207145 -003.47160441   1 
116  40.47170811 -003.47152706  40.47143466 -003.47163742 
120 Linear Feature 9
112  40.47167453 -003.47329725  40.47157138 -003.47340761   1 
115  40.47140325 -003.47332632 
120 Linear Feature 8
112  40.47218096 -003.47093821  40.47195308 -003.47119677   1 
111  40.47207474 -003.47159811   1 
112  40.47213659 -003.47261588  40.47167843 -003.47322129 
111  40.47213659 -003.47261588   1 
111  40.47168000 -003.47329208 
112  40.47168000 -003.47329208  40.47158405 -003.47339614   1 
115  40.47164080 -003.47368450 
120 Linear Feature 7
111  40.47397807 -003.47418065   1 
111  40.47324878 -003.47508916   1 
112  40.47262893 -003.47515833  40.47229550 -003.47485878 
111  40.47262893 -003.47515833   1 
111  40.47140445 -003.47332910   1 
111  40.47109838 -003.47291741 
112  40.47109838 -003.47291741  40.47091608 -003.47261471   1 
111  40.47141569 -003.47187056   1 
115  40.47575224 -003.46643172 
120 Linear Feature 58
112  40.49948909 -003.44232729  40.49967987 -003.44200671   1 101 
115  40.49957762 -003.44121662 
120 Linear Feature 57
112  40.50033715 -003.44138604  40.49997413 -003.44171708   1 101 
111  40.49957947 -003.44121525   1 101 
112  40.49813450 -003.43913092  40.49801245 -003.43900129   1 101 
115  40.49780637 -003.43904512 
120 Linear Feature 60
111  40.49991787 -003.44011812   2 
115  40.49956367 -003.44009006 
120 Linear Feature 59
111  40.49888941 -003.44057268   4 103 
115  40.49919531 -003.44019792 
120 Linear Feature 55
111  40.49977655 -003.43703934   1 
112  40.49963196 -003.43641335  40.49962977 -003.43604473   1 
115  40.49962680 -003.43577469 
120 Linear Feature 54
112  40.49951867 -003.44228482  40.49977196 -003.44169032   1 
111  40.49972491 -003.44073329   1 
111  40.49977655 -003.43705292   1 
112  40.49997433 -003.43637488  40.49999623 -003.43601778   1 
111  40.49997774 -003.43578209   1 
115  40.49774206 -003.43572201 
120 Linear Feature 51
111  40.49947944 -003.44053725   3 102 
111  40.49958819 -003.43911609   3 102 
113  40.49838004 -003.43908165   3 102 
120 Linear Feature 63
111  40.50586836 -003.43102091   3 102 
111  40.50586849 -003.43129365   3 102 
115  40.50735838 -003.42991774 
120 Linear Feature 62
111  40.50826133 -003.43028148   3 102 
115  40.50851562 -003.43084189 
120 Linear Feature 61
111  40.50810766 -003.43126707   3 102 
111  40.50764091 -003.43057831   3 102 
112  40.50748616 -003.43053232  40.50740637 -003.43061509   3 102 
111  40.50583904 -003.43205626   3 102 
112  40.50578264 -003.43391954  40.50580432 -003.43398607   3 102 
115  40.50592456 -003.43405065 
120 Linear Feature 2
111  40.48261739 -003.45739489   3 102 
111  40.48181466 -003.45643475   3 102 
111  40.47810145 -003.46120995   3 102 
112  40.47807164 -003.46155186  40.47818735 -003.46174443 
111  40.47807164 -003.46155186   3 102 
113  40.47863399 -003.46236331   3 102 
120 Linear Feature 1
111  40.47843276 -003.46259614   3 102 
111  40.47780966 -003.46154407 
112  40.47780966 -003.46154407  40.47771548 -003.46135760   3 102 
111  40.47795946 -003.46104501   3 102 
111  40.47971521 -003.45879876   3 102 
115  40.47876362 -003.45745236 
120 Linear Feature 73
111  40.47810730 -003.46389064   3 102 
112  40.47826761 -003.46515898  40.47796681 -003.46571052 
111  40.47826761 -003.46515898   3 102 
111  40.47698220 -003.46671467 
112  40.47698220 -003.46671467  40.47653891 -003.46683261   3 102 
111  40.47617481 -003.46640047   3 102 
111  40.47583962 -003.46587934   3 102 
115  40.47843168 -003.46260289 
120 Linear Feature 56
111  40.49782937 -003.43903077   1 101 
112  40.49836170 -003.43875730  40.49870908 -003.43870792 
111  40.49836170 -003.43875730   1 101 
111  40.49944607 -003.43877767 
112  40.49944607 -003.43877767  40.49990611 -003.43881471   1 101 
112  40.50006571 -003.43849248  40.50019246 -003.43835050 
111  40.50006571 -003.43849248   1 101 
111  40.50520356 -003.43227902   1 101 
111  40.50589494 -003.43165862   1 101 
111  40.50735781 -003.43029443 
112  40.50735781 -003.43029443  40.50751165 -003.43016590   1 101 
112  40.50774403 -003.43016789  40.50785443 -003.43027738 
111  40.50774403 -003.43016789   1 101 
111  40.50819931 -003.43082334 
112  40.50819931 -003.43082334  40.50838210 -003.43106376   1 101 
116  40.50820824 -003.43167610  40.50802183 -003.43190699 
120 Linear Feature 53
111  40.49994832 -003.43828091   3 102 
111  40.50542327 -003.43168484   3 102 
115  40.50542309 -003.43102992 
120 Linear Feature 52
111  40.49792694 -003.43845947   3 102 
115  40.49959559 -003.43849317 
120 Linear Feature 50
111  40.50535579 -003.43476052   3 102 
112  40.50541570 -003.43435352  40.50542051 -003.43423947   3 102 
112  40.50540779 -003.43259195  40.50539093 -003.43249057   3 102 
111  40.50528867 -003.43257384   3 102 
111  40.50009918 -003.43886207 
112  40.50009918 -003.43886207  40.50004467 -003.43893797   3 102 
112  40.49991845 -003.43911327  40.49985112 -003.43926084 
111  40.49991845 -003.43911327   3 102 
111  40.49993340 -003.44112442 
112  40.49993340 -003.44112442  40.50002638 -003.44120874   3 102 
115  40.50024180 -003.44107688 
120 Linear Feature 72
111  40.49779507 -003.43906414   1 101 
111  40.49408913 -003.44353765   1 101 
111  40.49068675 -003.44774509   1 101 
111  40.48729313 -003.45194504   1 101 
111  40.48561016 -003.45401668   1 101 
111  40.48210219 -003.45844931   1 101 
111  40.47865420 -003.46272105   1 101 
115  40.47613187 -003.46591035 
120 Linear Feature 69
111  40.50500019 -003.43287338   5 
115  40.50478895 -003.43252148 
120 Linear Feature 67
111  40.50722995 -003.43072494   5 
115  40.50700932 -003.43030512 
120 Linear Feature 66
111  40.50800578 -003.43100719   5 
115  40.50833865 -003.43063115 
120 Linear Feature 65
111  40.50721789 -003.43042207   1 
112  40.50887218 -003.42829210  40.50902083 -003.42816943   1 
112  40.50913044 -003.42818336  40.50920914 -003.42826386 
111  40.50913044 -003.42818336   1 
111  40.50937865 -003.42852765 
112  40.50937865 -003.42852765  40.50947776 -003.42864265   1 
112  40.50928540 -003.42888771  40.50922419 -003.42892604 
111  40.50928540 -003.42888771   1 
111  40.50820621 -003.43017978 
112  40.50820621 -003.43017978  40.50810420 -003.43034079   1 
115  40.50815674 -003.43075883 
120 Linear Feature 71
112  40.50538042 -003.43041627  40.50539450 -003.43082990   1 
116  40.50563354 -003.43095005  40.50566244 -003.43117181 
120 Linear Feature 70
112  40.50546022 -003.43506503  40.50571841 -003.43471313   1 
111  40.50561044 -003.43400316   1 
111  40.50563391 -003.43094720 
112  40.50563391 -003.43094720  40.50564799 -003.43073730   1 
116  40.50589209 -003.43042244  40.50585923 -003.43008289 
120 Linear Feature 68
111  40.50545083 -003.43369448   5 
115  40.50576065 -003.43363891 
120 Linear Feature 48
112  40.48753798 -003.45260634  40.48702976 -003.45261654   1 101 
115  40.48729205 -003.45194500 
120 Linear Feature 47
112  40.49340811 -003.45002068  40.49302016 -003.45048490   1 101 
112  40.49154297 -003.45126718  40.49067395 -003.45159365 
111  40.49154297 -003.45126718   1 101 
111  40.48753798 -003.45260634   1 101 
116  40.48639642 -003.45308731  40.48598519 -003.45338826 
120 Linear Feature 46
112  40.49913480 -003.44240383  40.49924698 -003.44215993   3 102 
112  40.49928328 -003.44161412  40.49929525 -003.44144889   3 102 
112  40.49922197 -003.44111470  40.49915018 -003.44099078 
111  40.49922197 -003.44111470   3 102 
111  40.49806265 -003.43940397 
112  40.49806265 -003.43940397  40.49798195 -003.43934889   3 102 
111  40.49789919 -003.43941784   3 102 
111  40.48748092 -003.45211208   3 102 
112  40.48756282 -003.45226727  40.48770636 -003.45225707 
111  40.48756282 -003.45226727   3 102 
111  40.49154471 -003.45092746 
112  40.49154471 -003.45092746  40.49173869 -003.45086115   3 102 
116  40.49321167 -003.44973648  40.49350263 -003.44945082 
120 Linear Feature 45
111  40.49122159 -003.45170257   4 
115  40.49111049 -003.45105827 
120 Linear Feature 44
112  40.49158175 -003.45173533  40.49159700 -003.45168895   3 102 
112  40.49152048 -003.45163494  40.49147378 -003.45163808 
111  40.49152048 -003.45163494   3 102 
112  40.48649779 -003.45333105  40.48640584 -003.45345194 
111  40.48649779 -003.45333105   3 102 
112  40.48608376 -003.45384169  40.48606519 -003.45388198   3 102 
112  40.48623500 -003.45443704  40.48637210 -003.45456854 
111  40.48623500 -003.45443704   3 102 
111  40.48687103 -003.45530734   3 102 
111  40.48761944 -003.45628993 
112  40.48761944 -003.45628993  40.48770951 -003.45638918   3 102 
116  40.48790540 -003.45629529  40.48794726 -003.45624275 
120 Linear Feature 43
112  40.48746205 -003.45736565  40.48762986 -003.45715258   1 101 
112  40.48750654 -003.45655015  40.48740169 -003.45640478 
111  40.48750654 -003.45655015   1 101 
111  40.48590840 -003.45437011   1 101 
116  40.48537507 -003.45432234  40.48520621 -003.45458543 
120 Linear Feature 42
112  40.48750765 -003.45655012  40.48752756 -003.45657368   1 101 
116  40.48802327 -003.45665483  40.48823430 -003.45637475 
120 Linear Feature 41
112  40.48579419 -003.45379251  40.48567852 -003.45392239   1 101 
116  40.48590759 -003.45436990  40.48597669 -003.45449147 
120 Linear Feature 39
111  40.48696524 -003.45624554   4 103 
115  40.48726546 -003.45586231 
120 Linear Feature 38
111  40.48346488 -003.46057910   4 103 
115  40.48412216 -003.45973181 
120 Linear Feature 37
111  40.48720440 -003.45718369   3 102 
112  40.48727778 -003.45672270  40.48725224 -003.45653196 
111  40.48727778 -003.45672270   3 102 
111  40.48582826 -003.45468027 
112  40.48582826 -003.45468027  40.48574551 -003.45462386   3 102 
112  40.48541847 -003.45464909  40.48529690 -003.45470416 
111  40.48541847 -003.45464909   3 102 
112  40.48258393 -003.45823488  40.48251877 -003.45830151   3 102 
112  40.48257086 -003.45857186  40.48269393 -003.45862897   3 102 
112  40.48322655 -003.45841109  40.48346364 -003.45867283 
111  40.48322655 -003.45841109   3 102 
111  40.48437285 -003.45997876 
112  40.48437285 -003.45997876  40.48455571 -003.46014934   3 102 
116  40.48490714 -003.46001176  40.48498274 -003.45992714 
120 Linear Feature 36
112  40.48419332 -003.46088297  40.48397795 -003.46097339   3 102 
112  40.48361593 -003.46085494  40.48341322 -003.46067172 
111  40.48361593 -003.46085494   3 102 
111  40.48223401 -003.45901483 
112  40.48223401 -003.45901483  40.48210189 -003.45890538   3 102 
111  40.48197333 -003.45900390   3 102 
115  40.47812568 -003.46385845 
120 Linear Feature 35
112  40.48235701 -003.45813336  40.48217743 -003.45834641   1 101 
111  40.48236330 -003.45872856   1 101 
112  40.48267281 -003.45878617  40.48281516 -003.45878329   1 101 
112  40.48315880 -003.45866931  40.48333180 -003.45882190 
111  40.48315880 -003.45866931   1 101 
112  40.48422691 -003.46012334  40.48432765 -003.46025866   1 101 
116  40.48454577 -003.46046442  40.48484579 -003.46062278 
120 Linear Feature 34
112  40.48519862 -003.46015420  40.48487647 -003.46055396   1 101 
112  40.48443815 -003.46045661  40.48419945 -003.46046813   1 101 
112  40.48384198 -003.46064793  40.48363832 -003.46057019   1 101 
111  40.48234921 -003.45872239   1 101 
116  40.48186072 -003.45874992  40.48171400 -003.45893419 
120 Linear Feature 30
111  40.49010885 -003.46048375   3 102 
112  40.49000920 -003.46034420  40.48996540 -003.46031279   3 102 
115  40.48986151 -003.46038727 
120 Linear Feature 28
111  40.48967335 -003.46022831   3 102 
112  40.48971956 -003.45993576  40.48966780 -003.45984153 
111  40.48971956 -003.45993576   3 102 
111  40.48792245 -003.45743118 
112  40.48792245 -003.45743118  40.48785744 -003.45740342   3 102 
115  40.48783685 -003.45743459 
120 Linear Feature 26
111  40.48814742 -003.45704195   3 102 
112  40.48815737 -003.45728015  40.48823082 -003.45739005 
111  40.48815737 -003.45728015   3 102 
115  40.49026528 -003.46025783 
120 Linear Feature 25
112  40.48974583 -003.46032772  40.48984142 -003.46015798   1 
116  40.49004321 -003.46016934  40.49011439 -003.46017485 
120 Linear Feature 24
112  40.48850066 -003.46291697  40.48863886 -003.46277636   1 
115  40.48875095 -003.46283600 
120 Linear Feature 23
111  40.48998972 -003.46396274   1 
111  40.48875095 -003.46283983   1 
116  40.48868227 -003.46247191  40.48872998 -003.46231831 
120 Linear Feature 22
112  40.48977981 -003.45980031  40.48987610 -003.46004069   1 
111  40.48974609 -003.46032926   1 
112  40.48870304 -003.46241336  40.48861419 -003.46267080 
111  40.48870304 -003.46241336   1 
111  40.48831938 -003.46336487 
112  40.48831938 -003.46336487  40.48815156 -003.46379105   1 
112  40.48827032 -003.46445821  40.48834765 -003.46484761   1 
111  40.48857777 -003.46591958 
112  40.48857777 -003.46591958  40.48866004 -003.46628085   1 
115  40.48847331 -003.46652554 
120 Linear Feature 21
111  40.48820256 -003.45781321   4 
115  40.48837420 -003.45760170 
120 Linear Feature 20
112  40.48746346 -003.45736483  40.48770038 -003.45708360   1 101 
116  40.48808990 -003.45743899  40.48824785 -003.45766614 
120 Linear Feature 19
112  40.48802577 -003.45665066  40.48774278 -003.45701625   1 101 
111  40.48809311 -003.45743899   1 101 
115  40.49025731 -003.46046587 
14   40.49092209 -003.44122520 0030 0 Tower
15   40.47744738 -003.46552441   0.00 General Aviation
15   40.48960400 -003.44624100 223.00 general aviation 1
15   40.50586689 -003.43047176 270.00 Hangar
15   40.49589012 -003.43520048   0.00 Hangar 2
15   40.49915166 -003.43242199   0.00 Heli
15   40.47238723 -003.47170385   0.00 Mil
15   40.49087335 -003.46039398   0.00 New Ramp Start 16
15   40.49276700 -003.44311700 223.00 parking 2
15   40.50878320 -003.42900496 223.00 parking 3
18   40.49149055 -003.45402105 1 BCN
19   40.48631917 -003.46024829 0 New Windsock 1
19   40.49925347 -003.44425056 0 New Windsock 8
19   40.50614500 -003.43206500 1 WS
53 11830 GND
54 12210 TWR
55 11890 GCA
55 12530 GCA
55 11840 MADRID APP
55 11875 MADRID APP
55 11995 MADRID APP


130 Airport Boundary
111  040.47071075 -003.47789264
111  040.47108459 -003.47844362
111  040.48832703 -003.46704221
111  040.49055862 -003.46483278
111  040.50872040 -003.43103909
111  040.50967407 -003.42869020
111  040.50909805 -003.42777729
111  040.49876404 -003.43132520
111  040.49585342 -003.43440962
111  040.49460220 -003.43607640
111  040.47874832 -003.45745778
111  040.47121048 -003.47173667
113  040.47092056 -003.47309566
99
