A
1000 Generated by Infinite Flight Airport Editing (World Parser)/AB

1     2713 1 1 SWPZ Oricanga De Abreu
100   24.99   1   0 0.25 0 2 0 10  -14.11929200 -046.35220300    0.00    0.00 2  0 0 0 28  -14.11683300 -046.33855300    0.00    0.00 2  0 0 0
110   1 0.30  79.48 Default taxiway for RWY 10
111 -14.11940036 -046.35218225   3 102 
111 -14.11995543 -046.35207595   3 102 
111 -14.11749681 -046.33842580   3 102 
111 -14.11694174 -046.33853210 
112 -14.11698282 -046.33876013 -14.11696449 -046.33864569   3 102 
111 -14.11709718 -046.33862028   3 102 
112 -14.11727409 -046.33858640 -14.11740678 -046.33856099   3 102 
111 -14.11742732 -046.33867500   3 102 
111 -14.11860528 -046.34521504   3 102 
111 -14.11816078 -046.34530017 
111 -14.11818132 -046.34541418   3 102 
111 -14.11862582 -046.34532905   3 102 
112 -14.11980379 -046.35186909 -14.11982432 -046.35198310   3 102 
111 -14.11969163 -046.35200851   3 102 
112 -14.11951472 -046.35204239 -14.11938203 -046.35206780   3 102 
113 -14.11935929 -046.35195422 
120 Default hold RWY 10 (near)
111 -14.11962371 -046.35213947   4 
115 -14.11960317 -046.35202545 
120 Default hold RWY 10 (centre)
111 -14.11840467 -046.34537140   4 
115 -14.11838413 -046.34525739 
120 Default hold RWY 10 (far)
111 -14.11718563 -046.33860334   4 
115 -14.11716509 -046.33848932 
18  -14.11728884 -046.34552697 1 BCN
19  -14.11900136 -046.35249456 1 WS
19  -14.11712362 -046.33826142 1 WS


130 Airport Boundary
111 -014.11995506 -046.35207748
111 -014.11929226 -046.35220337
111 -014.11683273 -046.33855438
111 -014.11694145 -046.33853149
113 -014.11749649 -046.33842468
99
