A
1000 Generated by Infinite Flight Airport Editing (World Parser)/AB

1      219 1 0 SBTE Senador Petronio Portella
100   45.11   1   0 0.25 0 1 1 02  -05.06981700 -042.82245600    0.00   57.91 2  0 0 0 20  -05.05006400 -042.82450000    0.00   57.91 2  0 0 0
21  -05.06806774 -042.82304169  2 354.12   3.00 02  PAPI-4L
21  -05.05181326 -042.82391433  2 174.12   3.00 20  PAPI-4L
10  -05.06065200 -042.82172800 xxx 354.12  1000 0.0 0.0   300 161161  1 0 0 0.35 0
10  -05.06202500 -042.82254000 xxx  54.12   510 0.0 0.0    74 161161  1 0 0 0.35 0
10  -05.05987300 -042.82281900 xxx  84.12   444 0.0 0.0   120 161161  1 0 0 0.35 0
10  -05.07006900 -042.82288700 xxx 354.00   200 0.0 0.0   180 161161  1 0 0 0.35 0
10  -05.04979600 -042.82408100 xxx  84.12   180 0.0 0.0   200 161161  1 0 0 0.35 0
14  -05.05894100 -042.82190700 0030 0 Tower
15  -05.06055000 -042.82152900  80.00 Ramp
18  -05.06002400 -042.82428700 1 BCN
19  -05.04998100 -042.82368900 1 WS
19  -05.06990000 -042.82326900 1 WS
50 12780 TERESINA ATIS
54 11880 TWR
55 11960 TERESINA APP


130 Airport Boundary
111 -005.07006884 -042.82288742
111 -005.05006409 -042.82450104
111 -005.04979610 -042.82408142
111 -005.06065178 -042.82172775
113 -005.06981707 -042.82245636
99
