A
1000 Generated by Infinite Flight Airport Editing (World Parser)/AB

1      406 1 0 LFED Pontivy
100   29.87   1   1 0.00 0 0 0 10   48.05712500 -002.92881300    0.00    0.00 2  0 0 1 28   48.05644100 -002.91373100    0.00    0.00 2  0 0 1
110   1 0.00  93.88 Taxiway
112  48.05665000 -002.92327500  48.05671000 -002.92326900 
112  48.05672200 -002.92286500  48.05671000 -002.92259800 
111  48.05672200 -002.92286500 
111  48.05701100 -002.92330500 
111  48.05676400 -002.92380100 
112  48.05676400 -002.92380100  48.05675200 -002.92353400 
112  48.05665600 -002.92340900  48.05659600 -002.92341500 
111  48.05630100 -002.92344500 
113  48.05629500 -002.92331100 
110   1 0.00  93.88 Apron
111  48.05582400 -002.92526500 
111  48.05576500 -002.92492300 
111  48.05571600 -002.92493300 
111  48.05570100 -002.92447700 
111  48.05567200 -002.92358200 
111  48.05570500 -002.92357900 
111  48.05569500 -002.92336300 
111  48.05630900 -002.92331100 
111  48.05630800 -002.92335700 
111  48.05631600 -002.92343400 
111  48.05624900 -002.92345300 
111  48.05619700 -002.92350600 
111  48.05616700 -002.92356000 
111  48.05614200 -002.92364200 
111  48.05614000 -002.92373300 
113  48.05620300 -002.92524000 
110   2 0.00  93.88 Apron
111  48.05581400 -002.92309200 
111  48.05589500 -002.92318400 
111  48.05593100 -002.92316800 
111  48.05593100 -002.92309200 
111  48.05600500 -002.92309200 
111  48.05601000 -002.92321000 
111  48.05597600 -002.92321200 
111  48.05598500 -002.92333900 
111  48.05570100 -002.92337100 
111  48.05570700 -002.92330600 
111  48.05575400 -002.92330200 
113  48.05570300 -002.92318600 
120 Centreline for Path
111  48.05584600 -002.92459500  51 
112  48.05603200 -002.92457500  48.05609200 -002.92456900  51 
112  48.05611500 -002.92443200  48.05611100 -002.92434200  51 
112  48.05608700 -002.92386600  48.05608200 -002.92377700  51 
112  48.05608600 -002.92362200  48.05609100 -002.92354800  51 
112  48.05615100 -002.92344900  48.05619000 -002.92340800  51 
112  48.05625400 -002.92338200  48.05628300 -002.92338000  51 
116  48.05638800 -002.92336900  48.05644700 -002.92336300 
120 Centreline for Taxi
112  48.05638800 -002.92336900  48.05644700 -002.92336300  51 
116  48.05678700 -002.92332800  48.05684700 -002.92332200 
120 Centreline for Path
112  48.05615100 -002.92344900  48.05611200 -002.92349000  51 
116  48.05603300 -002.92356200  48.05599400 -002.92359600 
120 Centreline for Path
112  48.05608600 -002.92362200  48.05609100 -002.92354800  51 
116  48.05603300 -002.92356200  48.05599400 -002.92359600 
120 Centreline for Path
112  48.05611500 -002.92443200  48.05612000 -002.92452100  51 
116  48.05609700 -002.92462800  48.05608000 -002.92467000 
120 Centreline for Path
112  48.05603200 -002.92457500  48.05609200 -002.92456900  51 
116  48.05609700 -002.92462800  48.05608000 -002.92467000 
120 Taxi hold short
111  48.05630100 -002.92343800  54 
115  48.05629500 -002.92331800 
120 GA Ramp 1
111  48.05584800 -002.92462900  51 
115  48.05584400 -002.92456100 
14   48.05575700 -002.92320800   32 0 Pontivy Tower
15   48.05584600 -002.92459500 184.28 GA_Ramp_1
15   48.05584900 -002.92349400 295.33 GA_Ramp_2
15   48.05574100 -002.92369600 312.31 GA_Ramp_3
15   48.05575100 -002.92397100 183.31 GA_Ramp_4
15   48.05611900 -002.92512100 182.73 GA_Ramp_5
15   48.05591700 -002.92511700  15.61 GA_Ramp_6
15   48.05609600 -002.92488500 184.65 GA_Ramp_7
15   48.05576100 -002.92421900 183.63 GA_Ramp_8
18   48.05632677 -002.92610969 1 BCN
19   48.05631005 -002.92272649 1 WS
20   48.05631000 -002.92356300 333.86  0 3 {@L}PARK{@R}10-28
20   48.05667100 -002.92292200 273.55  0 3 {@Y}{^l}EXIT
20   48.05672700 -002.92370900  93.90  0 3 {@Y}EXIT{^r}
50 12975 PONTIVY FSS
51 12975 PONTIVY MULT


130 Airport Boundary
111  048.05567169 -002.92358208
111  048.05571747 -002.92493296
111  048.05582428 -002.92526507
111  048.05712509 -002.92881298
111  048.05701065 -002.92330503
111  048.05644226 -002.91373110
113  048.05570221 -002.92318606
99
