A
1000 Generated by Infinite Flight Airport Editing (World Parser)/AB

1     1011 0 1 K24  RUSSELL CO
100   22.86   1   0 0.25 0 2 0 17   37.01654200 -085.10342800    0.00    0.00 2  0 0 1 35   37.00285300 -085.10204200    0.00    0.00 2  0 0 1
21   37.01477225 -085.10287078  2 175.38   3.00 17  PAPI-4L
21   37.00462276 -085.10259911  2 355.38   3.00 35  PAPI-4L
110   1 0.30 175.38 Default taxiway for RWY 17
111  37.01653389 -085.10355360   3 102 
111  37.01649226 -085.10419844   3 102 
111  37.00280327 -085.10281205   3 102 
111  37.00284490 -085.10216732 
112  37.00304995 -085.10218810  37.00294725 -085.10218051   3 102 
111  37.00293730 -085.10233457   3 102 
112  37.00292404 -085.10253999  37.00291409 -085.10269404   3 102 
111  37.00301661 -085.10270444   3 102 
111  37.00960479 -085.10337165   3 102 
111  37.00963813 -085.10285527 
111  37.00974066 -085.10286566   3 102 
111  37.00970732 -085.10338204   3 102 
112  37.01629550 -085.10404926  37.01639802 -085.10405965   3 102 
111  37.01640797 -085.10390556   3 102 
112  37.01642123 -085.10370011  37.01643118 -085.10354603   3 102 
113  37.01632884 -085.10353283 
120 Default hold RWY 17 (near)
111  37.01651713 -085.10381322   4 
115  37.01641460 -085.10380284 
120 Default hold RWY 17 (centre)
111  37.00972390 -085.10312525   4 
115  37.00962137 -085.10311486 
120 Default hold RWY 17 (far)
111  37.00293067 -085.10243728   4 
115  37.00282814 -085.10242690 
18   37.00975657 -085.10183794 1 BCN
19   37.01677181 -085.10306526 1 WS
19   37.00262319 -085.10240468 1 WS
50 11842 AWOS 3
51 12300 CTAF/UNICOM


130 Airport Boundary
111  037.00280380 -085.10281372
111  037.01649094 -085.10419464
111  037.01651764 -085.10381317
111  037.01654053 -085.10343170
111  037.00285339 -085.10204315
113  037.00282669 -085.10242462
99
