A
1000 Generated by Infinite Flight Airport Editing (World Parser)/AB

1     1370 0 1 18I  MCCREARY CO
100   22.86   1   0 0.25 0 0 0 04   36.69274900 -084.39477500    0.00    0.00 2  0 0 0 22   36.69913900 -084.38839000    0.00    0.00 2  0 0 0
110   1 0.30  38.70 Default taxiway for RWY 04
111  36.69268609 -084.39467708   3 
111  36.69236312 -084.39417431   3 
111  36.69875329 -084.38778979   3 
111  36.69907626 -084.38829260 
112  36.69891571 -084.38845301  36.69899458 -084.38837062   3 
111  36.69891740 -084.38825047   3 
112  36.69881450 -084.38809027  36.69873733 -084.38797013   3 
111  36.69865706 -084.38805033   3 
111  36.69566266 -084.39104207   3 
111  36.69592131 -084.39144473 
111  36.69584104 -084.39152494   3 
111  36.69558239 -084.39112228   3 
112  36.69258799 -084.39411402  36.69250772 -084.39419422   3 
111  36.69258489 -084.39431435   3 
112  36.69268779 -084.39447454  36.69276497 -084.39459468   3 
113  36.69284664 -084.39451666 
120 Default hold RWY 04 (near)
111  36.69255606 -084.39447466   4 
115  36.69263634 -084.39439445 
120 Default hold RWY 04 (centre)
111  36.69571101 -084.39132251   4 
115  36.69579128 -084.39124230 
120 Default hold RWY 04 (far)
111  36.69886595 -084.38817037   4 
115  36.69894623 -084.38809016 
19   36.69278053 -084.39523442 1 WS
19   36.69910745 -084.38793054 1 WS
51 12290 CTAF


130 Airport Boundary
111  036.69236374 -084.39417267
111  036.69255447 -084.39447784
111  036.69274902 -084.39477539
111  036.69913864 -084.38838959
111  036.69907761 -084.38829041
113  036.69875336 -084.38778687
99
