I
1050 Generated by WorldEditor 2.1.0r1

1   1360 0 0 MN52 Gospel Ranch Airport
100 15.24 3 0 0.25 0 0 0 9  47.22856345 -093.09687128    0    0 0 0 0 0 27  47.22843756 -093.08556262    0    0 0 0 0 0
110 3 0.00 0.0000 New Taxiway 3
111  47.22820314 -093.08949140
111  47.22823050 -093.08749052
111  47.22830944 -093.08531608
111  47.22855861 -093.08531219
111  47.22860746 -093.08825977
111  47.22866840 -093.08952093
112  47.22847661 -093.08959710  47.22841693 -093.08963714
112  47.22831984 -093.08970374  47.22827305 -093.08972484
113  47.22823787 -093.08963460
110 5 0.00 0.0000 New Taxiway 2
111  47.22808433 -093.09638075
112  47.22811040 -093.09625525  47.22812256 -093.09618771
112  47.22832158 -093.09476645  47.22833431 -093.09465629
112  47.22834759 -093.09438649  47.22835157 -093.09423767
111  47.22834759 -093.09438649
112  47.22834759 -093.09438649  47.22834918 -093.09423767
112  47.22827207 -093.09025495  47.22826729 -093.09012019
111  47.22827207 -093.09025495
112  47.22827207 -093.09025495  47.22826597 -093.09003914
111  47.22822050 -093.08973464
111  47.22816733 -093.08951132
111  47.22820314 -093.08949140
111  47.22823787 -093.08963460
112  47.22831984 -093.08970374  47.22836663 -093.08968265
112  47.22847661 -093.08959710  47.22853630 -093.08955706
111  47.22866840 -093.08952093
111  47.22867087 -093.08958425
112  47.22848370 -093.08965035  47.22840545 -093.08969722
111  47.22831563 -093.08979660
112  47.22828751 -093.08999949  47.22830117 -093.09016882
111  47.22828751 -093.08999949
112  47.22828751 -093.08999949  47.22829852 -093.09018250
112  47.22831194 -093.09063452  47.22831830 -093.09086374
111  47.22831194 -093.09063452
112  47.22831194 -093.09063452  47.22831830 -093.09083843
112  47.22836800 -093.09443940  47.22836469 -093.09459760
111  47.22835051 -093.09473824
112  47.22815204 -093.09616685  47.22813270 -093.09629462
113  47.22810820 -093.09639130
110 3 0.00 0.0000 New Taxiway 1
111  47.22730117 -093.09810241
111  47.22726157 -093.09792503
112  47.22784012 -093.09693458  47.22792428 -093.09674504
112  47.22810481 -093.09605347  47.22815266 -093.09573029
111  47.22810481 -093.09605347
112  47.22823814 -093.09496873  47.22825739 -093.09476421
112  47.22832806 -093.09443384  47.22833920 -093.09430611
111  47.22832806 -093.09443384
112  47.22832806 -093.09443384  47.22833124 -093.09431782
111  47.22829627 -093.09288666
112  47.22828202 -093.09281888  47.22827318 -093.09279691
111  47.22825910 -093.09278343
112  47.22825910 -093.09278343  47.22824308 -093.09275901
112  47.22825715 -093.09270675  47.22827096 -093.09268234
111  47.22825715 -093.09270675
112  47.22828098 -093.09266279  47.22828872 -093.09264082
111  47.22828098 -093.09266279
112  47.22828098 -093.09266279  47.22828826 -093.09263268
111  47.22828816 -093.09262044
112  47.22824612 -093.09009168  47.22822632 -093.08987541
111  47.22821230 -093.08976727
111  47.22822050 -093.08973464
112  47.22827207 -093.09025495  47.22827817 -093.09047077
111  47.22827207 -093.09025495
112  47.22827207 -093.09025495  47.22827684 -093.09038972
112  47.22834759 -093.09438649  47.22834600 -093.09453532
111  47.22834759 -093.09438649
112  47.22834759 -093.09438649  47.22834361 -093.09453532
112  47.22832158 -093.09476645  47.22830884 -093.09487661
112  47.22811040 -093.09625525  47.22809825 -093.09632280
111  47.22808433 -093.09638075
111  47.22810820 -093.09639130
112  47.22815204 -093.09616685  47.22817138 -093.09603909
111  47.22835051 -093.09473824
112  47.22836800 -093.09443940  47.22837132 -093.09428120
112  47.22831194 -093.09063452  47.22830557 -093.09043062
111  47.22831194 -093.09063452
112  47.22831194 -093.09063452  47.22830557 -093.09040530
112  47.22828751 -093.08999949  47.22827650 -093.08981648
111  47.22828751 -093.08999949
112  47.22828751 -093.08999949  47.22827385 -093.08983015
111  47.22831563 -093.08979660
112  47.22848370 -093.08965035  47.22856195 -093.08960347
111  47.22867087 -093.08958425
113  47.22874481 -093.09693685
130 Airport Boundary 4
111  47.22722314 -093.09792088
111  47.22807574 -093.09605235
111  47.22820405 -093.09495222
111  47.22830671 -093.09441476
111  47.22826679 -093.09291571
111  47.22819835 -093.09273096
111  47.22826108 -093.09263018
111  47.22823257 -093.09010659
111  47.22810995 -093.08951033
111  47.22816698 -093.08938016
111  47.22818124 -093.08752841
111  47.22828675 -093.08528195
111  47.22859471 -093.08526095
111  47.22863178 -093.08825485
111  47.22870021 -093.08954814
111  47.22876868 -093.09706857
113  47.22731478 -093.09826647
14  47.22810377 -093.09643750  82.02 0 New Tower Viewpoint 1
1300  47.22828952 -093.09716816 114.30 tie_down props General Aviation 07
1301 A general_aviation 
1300  47.22816576 -093.09725564 114.30 tie_down props General Aviation 06
1301 A general_aviation 
1300  47.22776147 -093.09735770 -39.90 tie_down props General Aviation 05
1301 A general_aviation 
1300  47.22785718 -093.09719975 -39.90 tie_down props General Aviation 04
1301 A general_aviation 
1300  47.22794985 -093.09701021 -28.82 tie_down props General Aviation 03
1301 A general_aviation 
1300  47.22802338 -093.09681615 -28.82 tie_down props General Aviation 02
1301 A general_aviation 
1300  47.22809118 -093.09663193 -28.82 tie_down props General Aviation 01
1301 A general_aviation 
99
