A
1000 Generated by Infinite Flight Airport Editing (World Parser)

1      419 1 0 UUMS Severka
100   24.99   1   0 0.00 0 0 0 5    55.20492258  038.67463800    0.00    0.00 1  0 0 0 23   55.20741555  038.68148491    0.00    0.00 1  0 0 0
102 H1   55.20661109  038.67492101 150.40   10.06   10.06   1 0   0 0.00 0
102 H2   55.20564230  038.67415167  62.50   11.89   11.89   2 0   0 0.00 0
110   1 0.00  62.50 Vysota Appron
111  55.20657450  038.67413985 
111  55.20633495  038.67333590 
111  55.20660568  038.67308852 
111  55.20641895  038.67245959 
111  55.20609952  038.67275109 
113  55.20650071  038.67410042 
110   1 0.00 152.50 New Taxiway 7
111  55.20609580  038.67457561 
111  55.20657450  038.67413985 
111  55.20650071  038.67410042 
111  55.20629823  038.67428480 
111  55.20624783  038.67432975 
113  55.20606913  038.67449322 
110   2 0.00 152.50 New Taxiway 6
111  55.20582768  038.67396372 
111  55.20568588  038.67409341 
111  55.20569387  038.67412143 
113  55.20583597  038.67399225 
110   2 0.00 152.50 chelavia concrete
111  55.20620279  038.67330722 
111  55.20605239  038.67279901 
111  55.20560247  038.67320825 
113  55.20575414  038.67371646 
110   1 0.00 152.50 chelavia asphalt
111  55.20606913  038.67449322 
111  55.20597062  038.67416342 
111  55.20615104  038.67400262 
111  55.20624783  038.67432975 
111  55.20629823  038.67428480 
111  55.20620210  038.67395277 
111  55.20635389  038.67381199 
111  55.20620279  038.67330722 
111  55.20575414  038.67371646 
111  55.20582768  038.67396372 
111  55.20583597  038.67399225 
112  55.20598214  038.67448853  55.20599577  038.67453631 
113  55.20596840  038.67458345 
110   1 0.00 150.40 H1 road
111  55.20656747  038.67494610 
111  55.20630124  038.67521085 
111  55.20631001  038.67523835 
113  55.20657635  038.67497339 
110   1 0.00  58.00 main appron
111  55.20694402  038.67573055 
111  55.20657014  038.67604350 
111  55.20631001  038.67523835 
111  55.20630124  038.67521085 
111  55.20609580  038.67457561 
111  55.20606913  038.67449322 
111  55.20596840  038.67458345 
111  55.20572982  038.67479554 
111  55.20576507  038.67490203 
111  55.20628324  038.67642815 
111  55.20634973  038.67667161 
111  55.20645503  038.67700849 
113  55.20714555  038.67646127 
110   1 0.00   0.00 twy1
111  55.20592797  038.67705150 
112  55.20595699  038.67691848  55.20598286  038.67689698 
112  55.20629547  038.67664061  55.20631684  038.67662423 
112  55.20634973  038.67667161  55.20635507  038.67669033 
111  55.20628324  038.67642815 
112  55.20626703  038.67655164  55.20624302  038.67657077 
112  55.20593751  038.67683042  55.20590616  038.67685832 
113  55.20583599  038.67679784 
110   1 0.00   0.00 New Taxiway 1
111  55.20499567  038.67509161 
111  55.20495695  038.67513373 
111  55.20500502  038.67527646 
113  55.20506377  038.67528582 
110   1 0.00 150.00 twy2
111  55.20534429  038.67545059 
112  55.20538009  038.67527066  55.20542010  038.67523261 
111  55.20576507  038.67490203 
111  55.20572982  038.67479554 
112  55.20534385  038.67517623  55.20530536  038.67521429 
113  55.20523397  038.67514411 
130 Airport Boundary
111  55.20652856  038.67204922 
111  55.20435361  038.67411584 
111  55.20727414  038.68218115 
111  55.20775237  038.68162875 
113  55.20762201  038.67587594 
120 Linear Feature 2
111  55.20610863  038.67679134  54 
115  55.20608661  038.67670562 
120 Linear Feature 1
111  55.20552455  038.67512838  54 
115  55.20549571  038.67503386 
120 Linear Feature 1
112  55.20528822  038.67529205  55.20522946  038.67534148  51 
116  55.20525156  038.67552642  55.20527821  038.67559597 
120 Linear Feature 20
112  55.20585494  038.67390987  55.20586211  038.67393498  51 
116  55.20588689  038.67392659  55.20589846  038.67391606 
120 Linear Feature 19
112  55.20627093  038.67429601  55.20627882  038.67432329  51 
116  55.20631400  038.67432482  55.20633281  038.67430816 
120 Linear Feature 18
112  55.20587606  038.67398304  55.20586850  038.67395615  51 
112  55.20588689  038.67392659  55.20589846  038.67391606  51 
112  55.20607774  038.67375120  55.20609194  038.67373802  51 
112  55.20611735  038.67377007  55.20612504  038.67379672  51 
112  55.20627093  038.67429601  55.20627756  038.67431876  51 
116  55.20625941  038.67437405  55.20624380  038.67438833 
120 Linear Feature 14
112  55.20601337  038.67445973  55.20602770  038.67451167  51 
116  55.20609299  038.67452659  55.20612155  038.67449903 
120 Linear Feature 13
112  55.20600139  038.67461415  55.20603103  038.67458562  51 
112  55.20601337  038.67445973  55.20599905  038.67440780 
111  55.20601337  038.67445973 
112  55.20601337  038.67445973  55.20600621  038.67443377  51 
111  55.20587606  038.67398304  51 
111  55.20585494  038.67390987  51 
115  55.20579127  038.67368893 
120 Linear Feature 12
112  55.20601947  038.67459728  55.20595600  038.67465730  51 
116  55.20597519  038.67485010  55.20599879  038.67492593 
120 Linear Feature 11
111  55.20579147  038.67480569  51 
111  55.20600139  038.67461415  51 
111  55.20601947  038.67459728  51 
111  55.20609299  038.67452659  51 
111  55.20625941  038.67437405  51 
111  55.20631400  038.67432482  51 
112  55.20651010  038.67414688  55.20652047  038.67413768 
111  55.20651010  038.67414688 
112  55.20651010  038.67414688  55.20653083  038.67412848  51 
112  55.20652007  038.67406873  55.20650715  038.67402676  51 
115  55.20626852  038.67321448 
120 Linear Feature 2
112  55.20611990  038.67488420  55.20608434  038.67491889  51 
116  55.20597519  038.67485010  55.20594429  038.67475428 
120 Linear Feature 1
111  55.20612331  038.67489461  51 
111  55.20611990  038.67488420  51 
115  55.20611655  038.67487382 
120 Linear Feature 1
111  55.20620166  038.67513552  51 
111  55.20619825  038.67512510  51 
115  55.20619489  038.67511472 
120 Linear Feature 1
111  55.20628793  038.67540071  51 
111  55.20628452  038.67539029  51 
115  55.20628116  038.67537991 
120 Linear Feature 1
111  55.20637640  038.67567280  51 
111  55.20637297  038.67566237  51 
115  55.20636963  038.67565200 
120 Linear Feature 1
111  55.20646203  038.67593612  51 
111  55.20645847  038.67592560  51 
115  55.20645507  038.67591526 
120 Linear Feature 6
112  55.20619825  038.67512510  55.20616119  038.67516175  51 
116  55.20605774  038.67510653  55.20603851  038.67504467 
120 Linear Feature 5
112  55.20611990  038.67488420  55.20608434  038.67491889  51 
116  55.20605774  038.67510653  55.20607697  038.67516838 
120 Linear Feature 2
112  55.20628452  038.67539029  55.20624698  038.67542551  51 
116  55.20623021  038.67564223  55.20625090  038.67570698 
120 Linear Feature 1
112  55.20637297  038.67566237  55.20633721  038.67569884  51 
116  55.20623021  038.67564223  55.20620952  038.67557748 
120 Linear Feature 2
112  55.20637297  038.67566237  55.20633721  038.67569884  51 
116  55.20631327  038.67589987  55.20633037  038.67595296 
120 Linear Feature 1
112  55.20645847  038.67592560  55.20643522  038.67594820  51 
116  55.20631327  038.67589987  55.20629617  038.67584679 
120 Linear Feature 2
112  55.20645847  038.67592560  55.20643522  038.67594820  51 
116  55.20639379  038.67614965  55.20641345  038.67621152 
120 Linear Feature 16
111  55.20628990  038.67624811  51 
111  55.20629252  038.67625589  51 
115  55.20629510  038.67626364 
120 Linear Feature 16
111  55.20621495  038.67602362  51 
111  55.20621756  038.67603140  51 
115  55.20622015  038.67603915 
120 Linear Feature 4
112  55.20619825  038.67512510  55.20616119  038.67516175  51 
116  55.20614048  038.67536339  55.20616369  038.67543702 
120 Linear Feature 3
112  55.20628452  038.67539029  55.20624698  038.67542551  51 
116  55.20614048  038.67536339  55.20611727  038.67528975 
120 Linear Feature 16
111  55.20612989  038.67576878  51 
111  55.20613250  038.67577656  51 
115  55.20613509  038.67578430 
120 Linear Feature 16
111  55.20604505  038.67551461  51 
111  55.20604766  038.67552237  51 
115  55.20605025  038.67553012 
120 Linear Feature 16
111  55.20596794  038.67528360  51 
111  55.20597052  038.67529139  51 
115  55.20597311  038.67529914 
120 Linear Feature 16
111  55.20588711  038.67504139  51 
111  55.20588967  038.67504909  51 
115  55.20589222  038.67505698 
120 Linear Feature 14
111  55.20588967  038.67504909  51 
116  55.20588865  038.67476648  55.20579293  038.67473123 
120 Linear Feature 13
111  55.20588967  038.67504909  51 
116  55.20603765  038.67504432  55.20607299  038.67515359 
120 Linear Feature 12
112  55.20603765  038.67504432  55.20607392  038.67516000  51 
115  55.20597052  038.67529139 
120 Linear Feature 11
112  55.20611286  038.67527760  55.20607408  038.67515571  51 
115  55.20597052  038.67529139 
120 Linear Feature 10
111  55.20604766  038.67552237  51 
116  55.20611286  038.67527760  55.20607408  038.67515571 
120 Linear Feature 9
111  55.20604766  038.67552237  51 
116  55.20619714  038.67553903  55.20623699  038.67566345 
120 Linear Feature 8
111  55.20613250  038.67577656  51 
116  55.20619714  038.67553903  55.20615728  038.67541460 
120 Linear Feature 7
111  55.20613250  038.67577656  51 
116  55.20627963  038.67579492  55.20631445  038.67590249 
120 Linear Feature 6
112  55.20627963  038.67579492  55.20631445  038.67590249  51 
115  55.20621756  038.67603140 
120 Linear Feature 5
112  55.20635598  038.67603159  55.20632941  038.67594650  51 
115  55.20621756  038.67603140 
120 Linear Feature 4
111  55.20629252  038.67625589  51 
116  55.20635598  038.67603159  55.20632941  038.67594650 
120 Linear Feature 3
111  55.20629252  038.67625589  51 
116  55.20642441  038.67624473  55.20644457  038.67630814 
120 Linear Feature 11
112  55.20654560  038.67637945  55.20652791  038.67639395  51 
116  55.20645107  038.67632721  55.20644182  038.67629737 
120 Linear Feature 10
112  55.20654560  038.67637945  55.20652791  038.67639395  51 
116  55.20651763  038.67653235  55.20652671  038.67656107 
120 Linear Feature 9
112  55.20651763  038.67653235  55.20650854  038.67650363  51 
116  55.20642357  038.67648082  55.20641096  038.67649140 
120 Linear Feature 8
112  55.20645107  038.67632721  55.20646032  038.67635705  51 
116  55.20642357  038.67648082  55.20641096  038.67649140 
120 Linear Feature 4
112  55.20515801  038.67526518  55.20518579  038.67534268  51 
112  55.20528822  038.67529205  55.20534699  038.67524262  51 
112  55.20579147  038.67480569  55.20584330  038.67475654 
111  55.20579147  038.67480569 
112  55.20579147  038.67480569  55.20581739  038.67478112  51 
112  55.20588865  038.67476648  55.20592289  038.67476661  51 
112  55.20597519  038.67485010  55.20599515  038.67491110 
111  55.20597519  038.67485010 
112  55.20597519  038.67485010  55.20599515  038.67491110  51 
111  55.20603765  038.67504432  51 
111  55.20605774  038.67510653  51 
111  55.20611286  038.67527760  51 
111  55.20614048  038.67536339  51 
111  55.20619714  038.67553903  51 
111  55.20623021  038.67564223  51 
111  55.20627963  038.67579492  51 
111  55.20631327  038.67589987  51 
111  55.20635598  038.67603159  51 
111  55.20639379  038.67614965  51 
111  55.20642441  038.67624473  51 
111  55.20645107  038.67632721  51 
111  55.20651763  038.67653235  51 
115  55.20661747  038.67684318 
120 twy1-rwy centerline
112  55.20591652  038.67690265  55.20587034  038.67694232  51 
116  55.20584946  038.67716621  55.20588186  038.67725950 
120 twy1 centerline
112  55.20574355  038.67687474  55.20577337  038.67695550  51 
112  55.20590736  038.67691070  55.20595354  038.67687104 
111  55.20590736  038.67691070 
112  55.20590736  038.67691070  55.20593045  038.67689087  51 
111  55.20642357  038.67648082  51 
111  55.20654560  038.67637945  51 
115  55.20686857  038.67611059 
14   55.20671674  038.67693767   82 0 Tower Viewpoint
15   55.20627618  038.67627161 328.06 Main S1
15   55.20621684  038.67510705 150.05 Main S10
15   55.20614204  038.67486305 150.05 Main S11
15   55.20620157  038.67604839 328.06 Main S2
15   55.20611430  038.67579967 328.06 Main S3
15   55.20602821  038.67554263 328.06 Main S4
15   55.20595131  038.67531512 328.06 Main S5
15   55.20586911  038.67507322 328.06 Main S6
15   55.20647779  038.67590703 150.05 Main S7
15   55.20639102  038.67564375 150.05 Main S8
15   55.20630425  038.67537198 150.05 Main S9
15   55.20638244  038.67324856 149.69 Vysota
19   55.20591184  038.67567584 0 Windsock
54 13315 Severka Start
55 12400 Severka Approach

99
