I
1050 Generated by WorldEditor 2.3.0r2

1   2600 0 0 OICD Abdanan
1302 flatten 1
100 30.48 1 0 0.00 0 0 0 13  32.93977957  047.47254307  113    0 1 0 0 0 31  32.92904429  047.49423484   69    0 1 0 0 0
110 4 0.00 0.0000 New Taxiway 125
111  32.93723863  047.47599332
112  32.93723863  047.47599332  32.93730906  047.47612806
111  32.93729333  047.47638527
111  32.93718720  047.47666209
112  32.93719197  047.47676124  32.93721034  047.47681185
111  32.93719197  047.47676124
111  32.93734293  047.47705187
111  32.93768647  047.47635259
112  32.93728074  047.47588474  32.93716666  047.47581147
113  32.93728074  047.47588474
110 2 0.00 0.0000 New Taxiway 124
111  32.93712359  047.47592930
111  32.93723863  047.47599332
111  32.93728074  047.47588474
111  32.93728479  047.47587431
113  32.93716975  047.47581029
110 1 0.00 0.0000 New Taxiway 122
111  32.93252114  047.48676700
112  32.93252114  047.48676700  32.93244840  047.48689306
111  32.93223546  047.48688873
111  32.93185356  047.48662754
112  32.93177222  047.48634744  32.93180694  047.48619577
111  32.93177222  047.48634744
111  32.93183074  047.48615598
111  32.93143661  047.48586861
111  32.93132123  047.48604849
112  32.93132123  047.48604849  32.93123939  047.48615879
111  32.93106922  047.48613329
111  32.93090045  047.48605806
111  32.93085848  047.48613750
111  32.93102414  047.48633723
112  32.93108567  047.48663058  32.93105687  047.48679843
111  32.93108567  047.48663058
111  32.93101422  047.48682060
111  32.93137628  047.48706406
111  32.93147682  047.48693161
112  32.93147682  047.48693161  32.93156692  047.48681540
111  32.93173338  047.48685842
111  32.93216686  047.48717042
112  32.93222837  047.48750489  32.93217877  047.48765065
111  32.93222837  047.48750489
111  32.93179109  047.48840396
111  32.93169682  047.48845910
111  32.93160254  047.48862452
111  32.93022887  047.49143328
111  32.93018887  047.49169366
111  32.92954013  047.49299572
111  32.92942506  047.49301936
111  32.92897174  047.49396599
111  32.92890583  047.49413764
111  32.92893103  047.49415534
112  32.92960767  047.49338389  32.92985656  047.49345741
111  32.92960767  047.49338389
112  32.92960767  047.49338389  32.92977771  047.49343412
112  32.93002862  047.49316878  32.93008124  047.49291515
111  32.93002862  047.49316878
112  32.93002862  047.49316878  32.93005445  047.49299160
112  32.92998739  047.49264218  32.92999723  047.49239469
111  32.92998739  047.49264218
111  32.93043545  047.49171060
111  32.93050433  047.49175764
111  32.93569335  047.48127050
112  32.93580048  047.48118777  32.93586314  047.48116839
111  32.93580048  047.48118777
111  32.93597704  047.48113813
112  32.93597704  047.48113813  32.93642751  047.48089550
111  32.93611096  047.48044081
111  32.93887232  047.47482974
112  32.93887232  047.47482974  32.93892441  047.47476319
112  32.93898887  047.47473125  32.93902661  047.47471239
111  32.93917404  047.47465048
112  32.93917404  047.47465048  32.93961284  047.47442377
111  32.93930904  047.47397417
111  32.93994653  047.47265474
113  32.93962002  047.47242574
130 Airport Boundary 126
111  32.93609578  047.47338956
111  32.92440552  047.49699236
111  32.92880922  047.50006556
111  32.94168584  047.47398973
111  32.94086822  047.47322178
111  32.94078594  047.47329326
111  32.94074137  047.47325445
111  32.94075166  047.47316254
111  32.94052883  047.47266828
111  32.94000432  047.47214747
111  32.93966493  047.47203105
111  32.93886959  047.47128764
113  32.93775029  047.47130194
120 Linear Feature 123
112  32.93133516  047.48689607  32.93131698  047.48694236 20
112  32.93122169  047.48694020  32.93118208  047.48691694 20
112  32.93119895  047.48680388  32.93122995  047.48675874 20
114  32.93130518  047.48678180  32.93133330  047.48679753 20
120 Linear Feature 123
112  32.93165932  047.48624304  32.93164113  047.48628933 20
112  32.93154068  047.48629538  32.93150164  047.48627418 20
112  32.93150474  047.48614948  32.93153976  047.48608998 20
114  32.93162130  047.48611304  32.93164942  047.48612877 20
1300  32.93725019  047.47592777  24.85 hangar props Hangar
1301 A none 
1300  32.93128483  047.48680383 -60.50 tie_down jets|turboprops|props Stand 2
1301 B general_aviation 
1300  32.93155428  047.48624924 121.30 tie_down jets|turboprops|props Stand 1
1301 B general_aviation 
19  32.93137434  047.48567368 1 New Windsock 12
99
