I
1050 Generated by WorldEditor 2.2.0r2

1      8 0 0 AGGS Seghe
100 33.53 3 0 1.00 0 0 0 10 -08.57734718  157.87168779    0    0 0 0 0 0 28 -08.57955312  157.87971956    0    0 0 0 0 0
110 3 0.00 0.0000 New Taxiway 1
111 -08.57893671  157.87797088
111 -08.57933147  157.87929604
111 -08.57900923  157.87926770
111 -08.57899075  157.87919112
111 -08.57886405  157.87917594
111 -08.57883918  157.87920208
111 -08.57884067  157.87926796
111 -08.57876153  157.87927822
111 -08.57867664  157.87853949
112 -08.57867664  157.87853949 -08.57879855  157.87847097
113 -08.57887004  157.87836870
130 Airport Boundary
111 -08.57986768  157.87977000
111 -08.57991786  157.88011365
111 -08.57952502  157.88022420
111 -08.57933933  157.88012741
111 -08.57917094  157.87984720
111 -08.57907862  157.87961214
111 -08.57825195  157.87956386
111 -08.57826720  157.87788425
111 -08.57873560  157.87792769
111 -08.57677195  157.87073229
111 -08.57711696  157.87074031
111 -08.57743291  157.87097150
113 -08.57764373  157.87141991
14 -08.57887887  157.87934875  25.00 0 Tower
1300 -08.57896574  157.87904704 127.97 gate turboprops|props Commercial Ramp
1301 B airline 
99
