A
1000 Generated by Infinite Flight Airport Editing (World Parser)/AB

1       30 1 0 YWVA Warnervale
100    6.10   1   0 0.25 0 0 0 02  -33.24395814  151.42669159    0.00    0.00 1  0 0 0 20  -33.23765205  151.43220989   89.00    0.00 1  0 0 0
110   1 1.00 101.70 New Taxiway 55
112 -33.24117925  151.43020076 -33.24120934  151.43019596 
112 -33.24124103  151.43025448 -33.24124384  151.43029573 
112 -33.24118767  151.43033793 -33.24114555  151.43033793 
114 -33.24112629  151.43027174 -33.24112589  151.43025256 
110   2 1.00 101.70 New Taxiway 47
111 -33.24095244  151.43137882 
111 -33.24123320  151.43132011 
111 -33.24127097  151.43155494 
113 -33.24099147  151.43160914 
110   2 1.00 101.70 New Taxiway 46
111 -33.24085375  151.43085906 
111 -33.24113451  151.43078680 
111 -33.24122061  151.43126893 
111 -33.24101665  151.43131108 
111 -33.24100658  151.43123280 
111 -33.24098769  151.43122227 
113 -33.24092097  151.43123280 
110   2 1.00 101.70 Hanger Pad
111 -33.24024416  151.43127471 
111 -33.24034934  151.43124837 
111 -33.24034365  151.43121014 
111 -33.24041756  151.43119229 
111 -33.24052921  151.43182884 
111 -33.24041666  151.43184540 
111 -33.24041276  151.43181362 
111 -33.24037367  151.43182016 
111 -33.24036429  151.43176408 
111 -33.24040806  151.43175380 
111 -33.24040337  151.43172295 
111 -33.24038930  151.43172389 
111 -33.24038696  151.43170332 
111 -33.24035491  151.43170893 
111 -33.24034396  151.43164911 
111 -33.24037679  151.43164257 
111 -33.24037210  151.43161172 
111 -33.24040259  151.43160425 
111 -33.24039165  151.43155377 
111 -33.24032364  151.43156966 
111 -33.24031269  151.43151825 
111 -33.24038070  151.43150050 
111 -33.24037367  151.43145656 
111 -33.24038383  151.43145283 
111 -33.24037758  151.43141450 
111 -33.24032911  151.43142198 
111 -33.24032364  151.43137618 
111 -33.24036976  151.43136590 
111 -33.24035569  151.43128084 
113 -33.24025093  151.43130795 
110   1 1.00  36.20 New Taxiway 26
111 -33.24383639  151.42675985 
112 -33.24386921  151.42669167 -33.24388513  151.42667026 
112 -33.24394182  151.42666551 -33.24396271  151.42667502 
112 -33.24397464  151.42671744 -33.24397431  151.42673012 
112 -33.24393983  151.42679831 -33.24391165  151.42681654 
112 -33.24386490  151.42682487 -33.24385164  151.42682447 
112 -33.24381747  151.42685602 -33.24381747  151.42686093 
112 -33.24382393  151.42689605 -33.24383450  151.42690728 
112 -33.24384977  151.42693467 -33.24386152  151.42695504 
112 -33.24386328  151.42696838 -33.24385094  151.42695434 
112 -33.24381688  151.42690939 -33.24381159  151.42690237 
112 -33.24379573  151.42688973 -33.24378869  151.42688622 
113 -33.24377224  151.42688341 
110   1 1.00  36.20 New Taxiway 25
112 -33.23785977  151.43206299 -33.23783207  151.43209761 
111 -33.23777541  151.43222556 
111 -33.23774268  151.43225567 
112 -33.23770994  151.43225567 -33.23767847  151.43226169 
112 -33.23764573  151.43221653 -33.23762433  151.43219094 
112 -33.23764196  151.43211568 -33.23766210  151.43206751 
112 -33.23774268  151.43204944 -33.23776786  151.43204493 
113 -33.23783711  151.43201181 
110   2 1.00  36.20 New Taxiway 23
111 -33.24387284  151.43076690 
111 -33.24391182  151.43076051 
111 -33.24391876  151.43084734 
111 -33.24388993  151.43085308 
113 -33.24388031  151.43085372 
110   1 1.00  36.20 New Taxiway 22
112 -33.24386438  151.43071545 -33.24387100  151.43071658 
111 -33.24387195  151.43073241 
111 -33.24389276  151.43073241 
111 -33.24389307  151.43076389 
111 -33.24387284  151.43076690 
111 -33.24388031  151.43085372 
111 -33.24388993  151.43085308 
111 -33.24389465  151.43094278 
111 -33.24383790  151.43095070 
113 -33.24381614  151.43074372 
110   4 1.00  36.20 New Taxiway 24
111 -33.24404099  151.43065220 
111 -33.24405094  151.43083320 
112 -33.24395101  151.43090951 -33.24393839  151.43093273 
112 -33.24392661  151.43095527 -33.24391016  151.43097353 
112 -33.24392309  151.43105991 -33.24391193  151.43108098 
112 -33.24390135  151.43104165 -33.24390135  151.43102831 
112 -33.24388080  151.43097634 -33.24387669  151.43094895 
111 -33.24388726  151.43093912 
111 -33.24386376  151.43071580 
111 -33.24390664  151.43069964 
111 -33.24390903  151.43068611 
111 -33.24369925  151.43075678 
112 -33.24135600  151.43184929 -33.24132923  151.43184929 
112 -33.24134038  151.43192930 -33.24134038  151.43195596 
111 -33.24131139  151.43193996 
112 -33.24128462  151.43189730 -33.24128239  151.43188396 
112 -33.24121325  151.43190263 -33.24118425  151.43191863 
111 -33.24106997  151.43193567 
112 -33.24044228  151.43205638 -33.24039990  151.43205638 
111 -33.24041998  151.43209905 
112 -33.24047797  151.43233639 -33.24050919  151.43248573 
112 -33.24060487  151.43261011 -33.24063677  151.43267465 
111 -33.24073491  151.43254264 
112 -33.24092873  151.43256318 -33.24105877  151.43256318 
112 -33.24127976  151.43238907 -33.24138013  151.43234373 
112 -33.24167455  151.43232240 -33.24179053  151.43231973 
111 -33.24196674  151.43240773 
112 -33.24206488  151.43252774 -33.24210279  151.43257841 
112 -33.24197789  151.43283442 -33.24187752  151.43297043 
112 -33.24166724  151.43282892 -33.24160630  151.43277974 
112 -33.24143579  151.43251007 -33.24140071  151.43243908 
112 -33.24118480  151.43247458 -33.24109574  151.43251007 
112 -33.24105493  151.43261677 -33.24101924  151.43266477 
112 -33.24107946  151.43280344 -33.24108839  151.43283544 
111 -33.24117314  151.43303278 
111 -33.24080512  151.43343013 
111 -33.24035378  151.43302218 
111 -33.24058503  151.43265753 
112 -33.24047108  151.43244515 -33.24045265  151.43239306 
112 -33.24036718  151.43213459 -33.24034204  151.43208250 
112 -33.24022139  151.43215062 -33.24018955  151.43217266 
111 -33.24011079  151.43224279 
112 -33.23751416  151.43519154 -33.23744792  151.43528540 
111 -33.23745037  151.43533820 
111 -33.23725409  151.43514754 
112 -33.23738413  151.43515634 -33.23743810  151.43515047 
111 -33.23756189  151.43496917 
112 -33.24016576  151.43209473 -33.24019471  151.43206923 
111 -33.24017490  151.43198726 
112 -33.24011092  151.43181058 -33.24009873  151.43178144 
112 -33.24004084  151.43175776 -33.24001037  151.43172862 
111 -33.23985042  151.43144812 
111 -33.23987327  151.43134612 
112 -33.23999362  151.43124776 -33.24001647  151.43122955 
111 -33.24006217  151.43115487 
111 -33.24009873  151.43118583 
112 -33.24008198  151.43121315 -33.24007893  151.43121862 
111 -33.24006979  151.43126051 
112 -33.24020648  151.43198008 -33.24021202  151.43202644 
112 -33.24024802  151.43202313 -33.24025910  151.43201982 
111 -33.24028819  151.43201154 
112 -33.24063196  151.43195159 -33.24067238  151.43194542 
112 -33.24068242  151.43192252 -33.24069166  151.43190468 
111 -33.24067815  151.43182310 
111 -33.24071937  151.43181630 
112 -33.24071511  151.43189873 -33.24071653  151.43191997 
111 -33.24072790  151.43193612 
112 -33.24114470  151.43186492 -33.24120193  151.43185995 
111 -33.24135930  151.43178702 
112 -33.24378487  151.43066967 -33.24382443  151.43065014 
112 -33.24382787  151.43059153 -33.24383561  151.43056788 
112 -33.24387861  151.43056274 -33.24389064  151.43055863 
112 -33.24390354  151.43057097 -33.24391128  151.43058022 
112 -33.24391558  151.43061929 -33.24392676  151.43062443 
112 -33.24395428  151.43061415 -33.24396804  151.43061723 
113 -33.24400760  151.43065425 
110   4 1.00  36.20 New Taxiway 29
111 -33.24147766  151.42897166 
112 -33.24146863  151.42897610 -33.24146233  151.42897008 
112 -33.24141952  151.42897158 -33.24138931  151.42896255 
111 -33.24138175  151.42894599 
111 -33.24144974  151.42890083 
113 -33.24150279  151.42893159 
110   1 1.00  36.20 New Taxiway 28
112 -33.24322285  151.42751625 -33.24323575  151.42751184 
111 -33.24325418  151.42749642 
112 -33.24330580  151.42763086 -33.24332423  151.42767715 
111 -33.24332532  151.42776835 
111 -33.24331694  151.42781844 
112 -33.24327446  151.42790195 -33.24323759  151.42795485 
111 -33.24316219  151.42803163 
112 -33.24120409  151.42976999 -33.24114879  151.42980967 
111 -33.24111940  151.42994265 
111 -33.24100378  151.43032734 
112 -33.24097696  151.43031131 -33.24096691  151.43030129 
111 -33.24094512  151.43031732 
112 -33.24105740  151.42999674 -33.24107919  151.42993062 
111 -33.24099707  151.42995066 
111 -33.24049654  151.43036075 
111 -33.24046303  151.43033471 
112 -33.24155642  151.42936838 -33.24165026  151.42928222 
112 -33.24159496  151.42904780 -33.24157653  151.42901374 
111 -33.24147766  151.42897166 
111 -33.24150279  151.42893159 
111 -33.24155474  151.42890153 
112 -33.24165529  151.42906383 -33.24169718  151.42916000 
112 -33.24163183  151.42931228 -33.24162680  151.42933231 
111 -33.24164858  151.42931829 
112 -33.24321325  151.42789559 -33.24328892  151.42782547 
111 -33.24325960  151.42766487 
113 -33.24317541  151.42751897 
110   4 1.00  36.20 New Taxiway 27
111 -33.24393115  151.42678013 
112 -33.24392689  151.42693054 -33.24392049  151.42698832 
112 -33.24391694  151.42708944 -33.24391552  151.42713788 
112 -33.24383958  151.42731541 -33.24375397  151.42741326 
112 -33.24338062  151.42780642 -33.24334711  151.42781844 
111 -33.24331694  151.42781844 
111 -33.24332532  151.42776835 
112 -33.24338397  151.42774831 -33.24340743  151.42771826 
112 -33.24351468  151.42759203 -33.24353144  151.42757800 
112 -33.24363040  151.42745174 -33.24366086  151.42743170 
112 -33.24380370  151.42726937 -33.24381376  151.42725334 
112 -33.24386403  151.42708704 -33.24386403  151.42701691 
112 -33.24383052  151.42695680 -33.24381376  151.42693677 
111 -33.24375470  151.42689689 
113 -33.24384268  151.42682111 
110   1 1.00  36.20 New Taxiway 30
112 -33.24099097  151.43028541 -33.24101161  151.43029055 
111 -33.24100378  151.43032734 
112 -33.24098461  151.43039308 -33.24097700  151.43040583 
112 -33.24094348  151.43049144 -33.24092977  151.43050237 
111 -33.24089473  151.43053151 
112 -33.24085969  151.43057705 -33.24083836  151.43058069 
112 -33.24078200  151.43059162 -33.24075762  151.43059890 
111 -33.24068298  151.43062258 
112 -33.24061687  151.43061009 -33.24058670  151.43061610 
111 -33.24050794  151.43056601 
112 -33.24043253  151.43050591 -33.24040069  151.43048387 
112 -33.24026998  151.43054398 -33.24022306  151.43056601 
112 -33.24015268  151.43067822 -33.24013927  151.43072630 
112 -33.24011079  151.43073632 -33.24008733  151.43073832 
112 -33.24010408  151.43068823 -33.24011581  151.43066820 
112 -33.24012252  151.43063013 -33.24012084  151.43060208 
112 -33.24013425  151.43058004 -33.24016106  151.43057203 
112 -33.24030894  151.43043786 -33.24042452  151.43033119 
111 -33.24046303  151.43033471 
111 -33.24049654  151.43036075 
112 -33.24048360  151.43039400 -33.24047598  151.43041586 
112 -33.24051406  151.43049782 -33.24053844  151.43053607 
112 -33.24067098  151.43052150 -33.24073039  151.43051603 
112 -33.24079318  151.43046825 -33.24081711  151.43044835 
112 -33.24082960  151.43041351 -33.24084104  151.43038366 
112 -33.24090764  151.43037370 -33.24093157  151.43035131 
113 -33.24094512  151.43031732 
110   1 1.00  36.20 New Taxiway 31
111 -33.24061687  151.43061009 
112 -33.24060295  151.43062259 -33.24059665  151.43062861 
112 -33.24059791  151.43070839 -33.24060043  151.43075205 
112 -33.24062532  151.43096816 -33.24063086  151.43105592 
112 -33.24070288  151.43139206 -33.24071119  151.43144174 
112 -33.24080675  151.43146326 -33.24085522  151.43146326 
112 -33.24086534  151.43122433 -33.24085733  151.43117506 
112 -33.24076929  151.43080265 -33.24074896  151.43076526 
112 -33.24070049  151.43066338 -33.24068720  151.43064936 
112 -33.24068564  151.43059982 -33.24069033  151.43057552 
111 -33.24074036  151.43058954 
111 -33.24075521  151.43060262 
112 -33.24080476  151.43068576 -33.24081849  151.43071587 
112 -33.24083302  151.43084969 -33.24083645  151.43089485 
112 -33.24093145  151.43138340 -33.24093374  151.43141761 
112 -33.24097266  151.43159141 -33.24097151  151.43161330 
112 -33.24092344  151.43156404 -33.24091200  151.43155446 
112 -33.24085019  151.43153804 -33.24081127  151.43153804 
112 -33.24074718  151.43158593 -33.24072429  151.43159551 
112 -33.24068652  151.43165983 -33.24067736  151.43167489 
112 -33.24070368  151.43179258 -33.24070368  151.43180215 
111 -33.24068194  151.43180352 
112 -33.24066706  151.43174057 -33.24066248  151.43171047 
112 -33.24066598  151.43161430 -33.24067612  151.43156824 
112 -33.24068017  151.43150278 -33.24068017  151.43146884 
112 -33.24063353  151.43125307 -33.24061934  151.43116822 
112 -33.24054357  151.43073470 -33.24053927  151.43069563 
113 -33.24050831  151.43056505 
110   1 1.00  36.20 New Taxiway 32
111 -33.24000537  151.43017783 
112 -33.23999393  151.43027636 -33.24000423  151.43035436 
112 -33.24004543  151.43046110 -33.24006374  151.43048710 
112 -33.24008206  151.43053226 -33.24010724  151.43054458 
112 -33.24012326  151.43055553 -33.24014272  151.43056237 
111 -33.24013425  151.43058004 
112 -33.24012555  151.43060069 -33.24012555  151.43061027 
112 -33.24012326  151.43065816 -33.24011868  151.43068690 
112 -33.24009765  151.43071715 -33.24009536  151.43072126 
112 -33.24006603  151.43070880 -33.24004772  151.43069922 
112 -33.24003055  151.43070880 -33.24000995  151.43070880 
112 -33.24000652  151.43069922 -33.24001796  151.43068964 
111 -33.24006031  151.43065269 
112 -33.24006145  151.43060753 -33.24004886  151.43058290 
112 -33.23997790  151.43042963 -33.23995043  151.43037078 
112 -33.23990350  151.43032562 -33.23986917  151.43032152 
113 -33.23983597  151.43031741 
110   5 1.00  36.20 New Taxiway 35
112 -33.23996968  151.43079686 -33.23998105  151.43078582 
112 -33.23997678  151.43081641 -33.23997394  151.43083340 
112 -33.23996470  151.43084360 -33.23996328  151.43085040 
112 -33.23992846  151.43094216 -33.23991496  151.43097105 
112 -33.23972232  151.43145943 -33.23969462  151.43152867 
111 -33.23955121  151.43166077 
112 -33.23935012  151.43181104 -33.23929985  151.43184711 
111 -33.23916411  151.43189920 
112 -33.23850547  151.43208794 -33.23848886  151.43208959 
112 -33.23840299  151.43214589 -33.23838776  151.43214589 
112 -33.23844175  151.43209401 -33.23847216  151.43207704 
112 -33.23857306  151.43199265 -33.23858647  151.43198663 
111 -33.23860658  151.43200467 
112 -33.23878484  151.43196430 -33.23886580  151.43194670 
112 -33.23923975  151.43182842 -33.23933566  151.43180708 
112 -33.23960348  151.43156314 -33.23964919  151.43152671 
112 -33.23970650  151.43139651 -33.23973420  151.43133193 
113 -33.23994017  151.43082217 
110   1 1.00  36.20 New Taxiway 34
112 -33.24002931  151.43069569 -33.24003963  151.43069774 
111 -33.24005941  151.43070083 
112 -33.24005253  151.43071111 -33.24004737  151.43071420 
112 -33.24001641  151.43075532 -33.24000266  151.43076869 
112 -33.23997170  151.43082832 -33.23996052  151.43083655 
112 -33.23993988  151.43082318 -33.23993128  151.43081907 
112 -33.23989946  151.43084271 -33.23988742  151.43084683 
112 -33.23986507  151.43084477 -33.23985561  151.43083963 
112 -33.23985647  151.43082215 -33.23985733  151.43081495 
112 -33.23994676  151.43075018 -33.23998030  151.43072550 
113 -33.24000652  151.43069922 
110   1 1.00  36.20 New Taxiway 37
111 -33.23968631  151.43086083 
111 -33.23973103  151.43092663 
111 -33.23975510  151.43091121 
112 -33.23976112  151.43094206 -33.23976456  151.43094514 
111 -33.23977058  151.43095439 
111 -33.23975940  151.43097907 
111 -33.23978434  151.43102945 
111 -33.23967771  151.43112507 
111 -33.23974220  151.43122994 
111 -33.23906698  151.43183028 
111 -33.23905987  151.43182263 
112 -33.23901794  151.43180904 -33.23901012  151.43179714 
112 -33.23895895  151.43175126 -33.23892910  151.43175296 
112 -33.23886839  151.43178122 -33.23882884  151.43182132 
112 -33.23875755  151.43186715 -33.23874121  151.43186970 
112 -33.23875827  151.43183231 -33.23877674  151.43181616 
112 -33.23881938  151.43178643 -33.23883076  151.43178133 
111 -33.23883999  151.43177453 
111 -33.23883004  151.43175923 
111 -33.23889756  151.43169381 
112 -33.23890325  151.43159949 -33.23889614  151.43157315 
113 -33.23889401  151.43155191 
110   5 1.00  36.20 New Taxiway 36
111 -33.23989946  151.43084271 
111 -33.23977069  151.43095406 
112 -33.23975363  151.43094216 -33.23975150  151.43093197 
111 -33.23975505  151.43091073 
113 -33.23985647  151.43082215 
110   4 1.00  36.20 New Taxiway 38
111 -33.23886839  151.43178122 
111 -33.23860658  151.43200467 
112 -33.23858155  151.43201147 -33.23857121  151.43201147 
111 -33.23857306  151.43199265 
112 -33.23869816  151.43187052 -33.23875122  151.43182325 
113 -33.23883004  151.43175923 
110   5 1.00  36.20 New Taxiway 33
112 -33.24013481  151.43072967 -33.24015157  151.43072967 
112 -33.24015461  151.43074242 -33.24015614  151.43074788 
112 -33.24017747  151.43084624 -33.24018051  151.43086445 
112 -33.24020793  151.43101928 -33.24021098  151.43106299 
112 -33.24022926  151.43118503 -33.24022926  151.43120506 
112 -33.24024145  151.43144003 -33.24023536  151.43151653 
112 -33.24020946  151.43138174 -33.24019422  151.43132528 
112 -33.24017899  151.43117410 -33.24017290  151.43111945 
112 -33.24013120  151.43114627 -33.24010566  151.43113948 
111 -33.24009809  151.43118585 
111 -33.24006214  151.43115532 
112 -33.24011629  151.43109510 -33.24014147  151.43106910 
112 -33.24012544  151.43091994 -33.24011400  151.43088709 
112 -33.24009797  151.43077077 -33.24008538  151.43074751 
113 -33.24008309  151.43070645 
110   1 1.00  36.20 New Taxiway 39
111 -33.23847614  151.43209960 
112 -33.23845473  151.43212369 -33.23844088  151.43213573 
112 -33.23840563  151.43215680 -33.23839556  151.43216433 
112 -33.23835023  151.43217035 -33.23834897  151.43217035 
112 -33.23822433  151.43216583 -33.23818908  151.43215981 
112 -33.23812109  151.43212369 -33.23811228  151.43211466 
111 -33.23813746  151.43209358 
112 -33.23826053  151.43213325 -33.23832348  151.43214146 
113 -33.23841919  151.43211910 
110   5 1.00  36.20 New Taxiway 40
111 -33.23812070  151.43212342 
111 -33.23811717  151.43212026 
112 -33.23807079  151.43209154 -33.23804520  151.43207115 
112 -33.23798337  151.43205755 -33.23796845  151.43205501 
112 -33.23799190  151.43202866 -33.23800114  151.43201507 
112 -33.23805373  151.43196579 -33.23808785  151.43194285 
112 -33.23809780  151.43203461 -33.23811485  151.43209239 
113 -33.23813830  151.43209324 
110   4 1.00  36.20 New Taxiway 41
111 -33.23777541  151.43222556 
112 -33.23790904  151.43235296 -33.23796305  151.43238610 
112 -33.23811799  151.43236437 -33.23820482  151.43230244 
111 -33.23835149  151.43217035 
111 -33.23844210  151.43212178 
111 -33.23845473  151.43212369 
112 -33.23838315  151.43220707 -33.23835288  151.43222743 
112 -33.23811167  151.43243100 -33.23805208  151.43246945 
112 -33.23796700  151.43245517 -33.23790404  151.43242370 
112 -33.23783381  151.43237329 -33.23781027  151.43235839 
112 -33.23776041  151.43232196 -33.23775349  151.43231368 
113 -33.23774268  151.43225567 
110   2 1.00  15.00 New Taxiway 44
111 -33.24033675  151.43072185 
111 -33.24036411  151.43086767 
111 -33.24039069  151.43088916 
111 -33.24040789  151.43095553 
111 -33.24041883  151.43095272 
111 -33.24043056  151.43100974 
111 -33.24043838  151.43100974 
111 -33.24045323  151.43109386 
111 -33.24039851  151.43111162 
111 -33.24038678  151.43106582 
111 -33.24030079  151.43109012 
113 -33.24024372  151.43074803 
110   1 1.00  36.20 New Taxiway 43
111 -33.24067815  151.43182310 
111 -33.24066975  151.43173920 
111 -33.24106257  151.43165038 
111 -33.24105249  151.43159468 
111 -33.24107138  151.43159468 
111 -33.24109782  151.43176479 
111 -33.24072137  151.43183102 
113 -33.24071937  151.43181630 
110   3 1.00  36.20 New Taxiway 42
111 -33.23634236  151.43231672 
111 -33.23803772  151.43103970 
111 -33.24239890  151.42714394 
112 -33.24298816  151.42688539 -33.24309065  151.42686311 
112 -33.24337948  151.42665145 -33.24347265  151.42655120 
112 -33.24402236  151.42610561 -33.24404100  151.42610561 
112 -33.24446027  151.42600535 -33.24454412  151.42609447 
111 -33.24513110  151.42667373 
112 -33.24479568  151.42724186 -33.24464661  151.42746465 
112 -33.24380807  151.42817759 -33.24369626  151.42826671 
112 -33.24348197  151.42852293 -33.24349129  151.42860090 
111 -33.24379875  151.43053921 
111 -33.24120260  151.43177208 
111 -33.24021598  151.43197863 
111 -33.23760131  151.43480310 
111 -33.23742441  151.43491743 
113 -33.23562877  151.43295775 
120 Linear Feature 54
111 -33.23960707  151.43108760   1 
112 -33.23961000  151.43111990 -33.23961646  151.43113044 
111 -33.23961000  151.43111990 
112 -33.23961000  151.43111990 -33.23961705  151.43113044   1 
115 -33.23962292  151.43114308 
120 Linear Feature 54
111 -33.23950197  151.43118215   1 
112 -33.23950491  151.43121445 -33.23951137  151.43122498 
111 -33.23950491  151.43121445 
112 -33.23950491  151.43121445 -33.23951196  151.43122498   1 
115 -33.23951783  151.43123763 
120 Linear Feature 54
111 -33.23939376  151.43128043   1 
112 -33.23939670  151.43131273 -33.23940316  151.43132327 
111 -33.23939670  151.43131273 
112 -33.23939670  151.43131273 -33.23940374  151.43132327   1 
115 -33.23940962  151.43133591 
120 Linear Feature 54
111 -33.23928569  151.43137874   1 
112 -33.23928862  151.43141105 -33.23929509  151.43142158 
111 -33.23928862  151.43141105 
112 -33.23928862  151.43141105 -33.23929567  151.43142158   1 
115 -33.23930155  151.43143422 
120 Linear Feature 54
111 -33.23917292  151.43148127   1 
112 -33.23917585  151.43151357 -33.23918232  151.43152411 
111 -33.23917585  151.43151357 
112 -33.23917585  151.43151357 -33.23918290  151.43152411   1 
115 -33.23918859  151.43153345 
120 Linear Feature 54
111 -33.23906308  151.43158380   1 
112 -33.23906602  151.43161610 -33.23907248  151.43162663 
111 -33.23906602  151.43161610 
112 -33.23906602  151.43161610 -33.23907307  151.43162663   1 
115 -33.23907660  151.43163263 
120 Linear Feature 53
111 -33.23909513  151.43166261   1 
111 -33.23912231  151.43170730   1 
112 -33.23912474  151.43174967 -33.23911745  151.43176534   1 
111 -33.23911260  151.43176882   1 
111 -33.23909998  151.43176940   1 
111 -33.23909852  151.43174909   1 
111 -33.23907619  151.43176650   1 
111 -33.23909998  151.43178159   1 
115 -33.23909998  151.43176940 
120 Linear Feature 53
111 -33.23920864  151.43156391   1 
111 -33.23923582  151.43160860   1 
112 -33.23923825  151.43165096 -33.23923097  151.43166663   1 
111 -33.23922611  151.43167012   1 
111 -33.23921349  151.43167070   1 
111 -33.23921203  151.43165038   1 
111 -33.23918971  151.43166780   1 
111 -33.23921349  151.43168288   1 
115 -33.23921349  151.43167070 
120 Linear Feature 53
111 -33.23932129  151.43146418   1 
111 -33.23934847  151.43150887   1 
112 -33.23935090  151.43155123 -33.23934362  151.43156690   1 
111 -33.23933876  151.43157039   1 
111 -33.23932614  151.43157097   1 
111 -33.23932469  151.43155065   1 
111 -33.23930236  151.43156806   1 
111 -33.23932614  151.43158315   1 
115 -33.23932614  151.43157097 
120 Linear Feature 53
111 -33.23943136  151.43137062   1 
111 -33.23945854  151.43141531   1 
112 -33.23946097  151.43145767 -33.23945369  151.43147334   1 
111 -33.23944883  151.43147683   1 
111 -33.23943621  151.43147741   1 
111 -33.23943476  151.43145709   1 
111 -33.23941243  151.43147450   1 
111 -33.23943621  151.43148959   1 
115 -33.23943621  151.43147741 
120 Linear Feature 53
111 -33.23965076  151.43118026   1 
111 -33.23967795  151.43122495   1 
112 -33.23968037  151.43126731 -33.23967309  151.43128298   1 
111 -33.23966824  151.43128647   1 
111 -33.23965562  151.43128705   1 
111 -33.23965416  151.43126673   1 
111 -33.23963183  151.43128414   1 
111 -33.23965562  151.43129923   1 
115 -33.23965562  151.43128705 
120 Linear Feature 53
111 -33.23954058  151.43127776   1 
111 -33.23956776  151.43132245   1 
112 -33.23957019  151.43136481 -33.23956290  151.43138048   1 
111 -33.23955805  151.43138397   1 
111 -33.23954543  151.43138455   1 
111 -33.23954397  151.43136423   1 
111 -33.23952165  151.43138165   1 
111 -33.23954543  151.43139673   1 
115 -33.23954543  151.43138455 
120 Linear Feature 52
111 -33.23909464  151.43166203   1 
111 -33.23908396  151.43165971   1 
113 -33.23909464  151.43165100   1 
120 Linear Feature 52
111 -33.23920815  151.43156333   1 
111 -33.23919747  151.43156101   1 
113 -33.23920815  151.43155230   1 
120 Linear Feature 52
111 -33.23932080  151.43146360   1 
111 -33.23931012  151.43146128   1 
113 -33.23932080  151.43145257   1 
120 Linear Feature 52
111 -33.23943087  151.43137004   1 
111 -33.23942019  151.43136772   1 
113 -33.23943087  151.43135901   1 
120 Linear Feature 52
111 -33.23965028  151.43117968   1 
111 -33.23963960  151.43117736   1 
113 -33.23965028  151.43116865   1 
120 Linear Feature 52
111 -33.23954009  151.43127718   1 
111 -33.23952941  151.43127486   1 
113 -33.23954009  151.43126615   1 
120 Linear Feature 48
111 -33.23896352  151.43167293   1 
115 -33.23974430  151.43095767 
14  -33.24029220  151.43064210    6 0 New Tower Viewpoint 9
15  -33.24072351  151.43096477 234.82 GA Parking 1
15  -33.24050719  151.43102488 233.90 GA Parking 2
19  -33.24118446  151.43027126 0 New Windsock 10
51 13210 WARNERVALE TRAFFIC CTAF
54 12580 SYDNEY RADAR CNTR


130 Airport Boundary
111 -033.24513245  151.42666626
111 -033.24446106  151.42601013
111 -033.24402237  151.42610168
111 -033.24239731  151.42713928
111 -033.23634338  151.43231201
111 -033.23563004  151.43295288
111 -033.23725510  151.43515015
111 -033.23744965  151.43533325
111 -033.24197769  151.43283081
111 -033.24392319  151.43106079
113 -033.24404907  151.43083191
99
