A
1000 Generated by InfiniteFlight-AirportParser

1       70 0 0 EGSB Bedford Castle Mill
100   14.94   3   0 0.00 0 0 0 04   52.14070811 -000.40643594    0.00    0.00 0  0 0 0 22   52.14299161 -000.40279623    0.00    0.00 0  0 0 0
102 H1   52.14049229 -000.40697734   9.86   39.93   39.93   3 0   0 0.00 0
130 Airport Boundary 8
111  52.14017964 -000.40657806 
111  52.14103708 -000.40534810 
112  52.14157862 -000.40467965  52.14158272 -000.40467296 
111  52.14209144 -000.40395103 
111  52.14257144 -000.40316894 
111  52.14290375 -000.40246706 
111  52.14295709 -000.40246706 
111  52.14311709 -000.40263417 
111  52.14314170 -000.40276118 
111  52.14305145 -000.40301519 
111  52.14270683 -000.40375718 
111  52.14232119 -000.40454596 
111  52.14209554 -000.40506735 
111  52.14182888 -000.40552190 
111  52.14140221 -000.40590961 
111  52.14106169 -000.40626389 
111  52.14079503 -000.40699919 
111  52.14075400 -000.40733342 
111  52.14070887 -000.40739358 
111  52.14032733 -000.40753396 
111  52.14027400 -000.40749385 
113  52.14016323 -000.40667833 
14   52.14424900 -000.40614800   35 0 ATC Tower
15   52.14084341 -000.40655240  91.15 Grass Parking
19   52.14078473 -000.40683269 0 WS

