A
1000 Generated by Infinite Flight Airport Editing (World Parser)/AB

1      347 1 1 KCXY CAPITAL CITY
100   45.72   1   0 0.25 0 3 0 08   40.21558900 -076.85853600    0.00    0.00 3 10 0 0 26   40.22000800 -076.84158300    0.00    0.00 2  0 0 0
100   30.48   1   0 0.25 0 2 0 12   40.21870800 -076.85954200    0.00    0.00 2  0 0 1 30   40.21390300 -076.84696900    0.00    0.00 2  0 0 1
21   40.21817815 -076.85725348  1 116.58   3.00 12  VASI
21   40.21907019 -076.84365449  1 251.16   3.00 26  VASI
21   40.21443310 -076.84925726  1 296.59   3.00 30  VASI
110   1 0.30  71.15 Default taxiway for RWY 08
111  40.21539644 -076.85844989   3 102 
111  40.21442088 -076.85801365   3 102 
111  40.21884112 -076.84106173   3 102 
111  40.21981668 -076.84149800 
112  40.21968372 -076.84200790  40.21974807 -076.84175200   3 102 
111  40.21951445 -076.84164752   3 102 
112  40.21920295 -076.84150822  40.21896933 -076.84140374   3 102 
111  40.21890285 -076.84165869   3 102 
111  40.21685893 -076.84949728   3 102 
111  40.21763980 -076.84984647 
111  40.21757332 -076.85010142   3 102 
111  40.21679245 -076.84975223   3 102 
112  40.21474853 -076.85759081  40.21468205 -076.85784576   3 102 
111  40.21491567 -076.85795023   3 102 
112  40.21522717 -076.85808952  40.21546079 -076.85819399   3 102 
113  40.21552940 -076.85793999 
110   1 0.30 116.58 Default taxiway for RWY 12
111  40.21858736 -076.85962106   3 102 
111  40.21797209 -076.86002425   3 102 
111  40.21316777 -076.84745032   3 102 
111  40.21378304 -076.84704716 
112  40.21390579 -076.84736841  40.21384240 -076.84720910   3 102 
111  40.21369522 -076.84730554   3 102 
112  40.21349898 -076.84743413  40.21335180 -076.84753057   3 102 
111  40.21341318 -076.84769120   3 102 
111  40.21566190 -076.85357660   3 102 
111  40.21615451 -076.85325379 
111  40.21621589 -076.85341442   3 102 
111  40.21572328 -076.85373723   3 102 
112  40.21797200 -076.85962262  40.21803338 -076.85978324   3 102 
111  40.21818056 -076.85968679   3 102 
112  40.21837680 -076.85955819  40.21852398 -076.85946174   3 102 
113  40.21846461 -076.85929981 
120 Default hold RWY 08 (near)
111  40.21500494 -076.85827483   4 
115  40.21507142 -076.85801988 
120 Default hold RWY 12 (near)
111  40.21834005 -076.85978312   4 
115  40.21827868 -076.85962249 
120 Default hold RWY 08 (centre)
111  40.21718182 -076.84992635   4 
115  40.21724830 -076.84967140 
120 Default hold RWY 12 (centre)
111  40.21596858 -076.85357648   4 
115  40.21590720 -076.85341585 
120 Default hold RWY 08 (far)
111  40.21935870 -076.84157787   4 
115  40.21942518 -076.84132292 
120 Default hold RWY 12 (far)
111  40.21359710 -076.84736984   4 
115  40.21353573 -076.84720922 
18   40.21716443 -076.85269254 1 BCN
19   40.21604010 -076.85930707 1 WS
19   40.21919870 -076.85962213 1 WS
19   40.21955678 -076.84081199 1 WS
19   40.21341229 -076.84688897 1 WS
50 13495 ATIS
51 11950 CTAF
51 12295 UNICOM
53 12190 GND
54 11950 TWR
55 11825 HARRISBURG APP/DEP
55 12410 HARRISBURG APP/DEP
55 12645 HARRISBURG APP/DEP


130 Airport Boundary
111  040.21316910 -076.84745026
111  040.21442032 -076.85801697
111  040.21797180 -076.86002350
111  040.21870804 -076.85954285
111  040.22000885 -076.84158325
113  040.21884155 -076.84106445
99
