A
1000 Generated by Infinite Flight Airport Editing (World Parser)

1      919 1 0 SANR TERMAS DE RIO HONDO
100   29.87   1   0 0.00 0 2 0 1   -27.50806400 -064.93663200    0.00    0.00 3  0 0 0 19  -27.48551100 -064.93604700    0.00    0.00 3  0 0 0
21  -27.48662992 -064.93651953  3 181.53   3.00 API PAPI-4R
21  -27.50700187 -064.93708620  2   1.25   3.00 API PAPI-4L
110   1 0.00   0.00 PARKING
111 -27.50731969 -064.93394829 
111 -27.50698388 -064.93351224 
111 -27.50738685 -064.93309709 
111 -27.50700704 -064.93260360 
111 -27.50702325 -064.93256443 
111 -27.50696999 -064.93251482 
111 -27.50669208 -064.93279682 
111 -27.50665966 -064.93276026 
111 -27.50665502 -064.93273676 
111 -27.50666660 -064.93271587 
111 -27.50689819 -064.93250177 
111 -27.50696304 -064.93248871 
111 -27.50698851 -064.93249132 
111 -27.50700472 -064.93240255 
111 -27.50689588 -064.93241299 
111 -27.50683566 -064.93243910 
111 -27.50672913 -064.93252527 
111 -27.50663186 -064.93258271 
111 -27.50642112 -064.93281771 
111 -27.50633080 -064.93269760 
111 -27.50629143 -064.93264799 
111 -27.50624511 -064.93269238 
113 -27.50726874 -064.93399529 
110   2 0.00   0.00 CAB 01 TRN
111 -27.50806699 -064.93648560  20 102 
111 -27.50807289 -064.93628415  20 102 
111 -27.50766336 -064.93627933  20 102 
113 -27.50746017 -064.93646533 
110   2 0.00   0.00 CAB 19 TRN
111 -27.48551444 -064.93589506  20 
111 -27.48552241 -064.93574018  20 
111 -27.48595301 -064.93575129  20 
113 -27.48610010 -064.93591118 
110   2 0.00   0.00 TWY A
111 -27.50437879 -064.93638674  53 102 
111 -27.50426229 -064.93634068  53 102 
112 -27.50416485 -064.93626221 -27.50412309 -064.93620336  53 102 
111 -27.50411787 -064.93613078  53 102 
112 -27.50411439 -064.93606801 -27.50411613 -064.93600720  53 102 
111 -27.50416485 -064.93594442  53 102 
111 -27.50585160 -064.93425789  53 102 
112 -27.50601009 -064.93418100 -27.50612508 -064.93417600  53 102 
111 -27.50620868 -064.93425652 
111 -27.50578197 -064.93372458  53 102 
112 -27.50582631 -064.93394237 -27.50580702 -064.93405312  53 102 
111 -27.50573632 -064.93410515  53 102 
111 -27.50396631 -064.93587187  53 102 
112 -27.50347559 -064.93624883 -27.50333610 -064.93634597  53 102 
113 -27.50322207 -064.93635778 
110   2 0.00  50.00 APRON
111 -27.50690326 -064.93389578 
111 -27.50617132 -064.93297704  53 102 
111 -27.50562827 -064.93353002  53 102 
111 -27.50577959 -064.93372127 
111 -27.50620558 -064.93425729  53 102 
113 -27.50635699 -064.93444342  53 102 
110   1 0.00   0.00 CAB 01 TRN MRG
111 -27.50738042 -064.93681934 
111 -27.50811538 -064.93684523 
111 -27.50813452 -064.93623454 
111 -27.50762924 -064.93622376 
113 -27.50739382 -064.93646328 
110   1 0.00   0.00 CAB 19 TRN MRG
111 -27.48618055 -064.93591341 
111 -27.48597479 -064.93568302 
111 -27.48545934 -064.93566459 
111 -27.48544288 -064.93624954 
113 -27.48617084 -064.93626378 
130 APT LMTS
111 -27.51451465 -064.93549980 
111 -27.51425432 -064.93520638 
111 -27.51386382 -064.93505966 
111 -27.51171611 -064.93513302 
111 -27.51139070 -064.93483959 
111 -27.51113037 -064.93439945 
111 -27.51073987 -064.93410602 
111 -27.51034938 -064.93351916 
111 -27.51021921 -064.93315238 
111 -27.50982872 -064.93278559 
111 -27.50911282 -064.93241881 
111 -27.48203857 -064.93117174 
111 -27.48138775 -064.93740709 
111 -27.51080496 -064.93880087 
111 -27.51087004 -064.93836073 
113 -27.51438448 -064.93836073 
120 TWY A CTRL 19
111 -27.50289866 -064.93649821  51 
111 -27.50314109 -064.93650535  51 
112 -27.50342600 -064.93640617 -27.50360250 -064.93629936  51 
115 -27.50410812 -064.93586585 
120 TWY A CTRL 01
111 -27.50582773 -064.93415031  51 
111 -27.50410836 -064.93586584  51 
116 -27.50438311 -064.93653606 -27.50511787 -064.93670847 
120 POS4 AXIS
111 -27.50586431 -064.93409716  51 
112 -27.50592142 -064.93382911 -27.50591997 -064.93375902  51 
111 -27.50587549 -064.93371690  51 
111 -27.50581232 -064.93363921  51 
112 -27.50577843 -064.93353811 -27.50578608 -064.93348283  51 
111 -27.50582171 -064.93345517  51 
115 -27.50593865 -064.93333064 
120 POS3 AXIS
111 -27.50592908 -064.93390032  51 
111 -27.50603817 -064.93353564  51 
112 -27.50605645 -064.93348679 -27.50606854 -064.93346149  51 
111 -27.50609368 -064.93343637  51 
115 -27.50621808 -064.93330259 
120 POS1 AXIS
111 -27.50587893 -064.93411610  51 
112 -27.50599224 -064.93407942 -27.50604966 -064.93407942  51 
111 -27.50608219 -064.93408805  51 
111 -27.50634249 -064.93418947  51 
112 -27.50644393 -064.93414847 -27.50650952 -064.93409237  51 
111 -27.50651666 -064.93403626  51 
115 -27.50667361 -064.93387874 
120 POS2 AXIS
111 -27.50587357 -064.93410532  51 
111 -27.50617024 -064.93377732  51 
115 -27.50641522 -064.93362842 
120 APRON ROADWAY
111 -27.50681524 -064.93397800  21 
111 -27.50615301 -064.93315153  21 
112 -27.50612239 -064.93312996 -27.50610614 -064.93313018  21 
111 -27.50607645 -064.93316017  21 
111 -27.50593482 -064.93330043  21 
111 -27.50591568 -064.93327669  21 
115 -27.50610516 -064.93308896 
120 RWY 01/19 HLD
111 -27.50416520 -064.93594407  54 104 
115 -27.50404812 -064.93579090 
18  -27.49676621 -064.93739983 1 BCN
19  -27.50832346 -064.93709346 1 WS
19  -27.48525153 -064.93558563 1 WS
20  -27.50311197 -064.93632286 140.18  0 2 {@L}A{@Y}{^l}APRON
20  -27.50593216 -064.93425307 319.40  0 2 {@R}01-19
20  -27.50576935 -064.93400891 314.63  0 2 {@R}01-19
20  -27.50403144 -064.93576277 318.21  0 2 {@Y}{^l}01-19{^r}
20  -27.50418777 -064.93596971 316.98  0 2 {@Y}{^l}01-19{^r}
20  -27.50453570 -064.93635102  26.09  0 2 {@Y}APRON{^r}
54 11830 TWR

99
