I
1050 Generated by WorldEditor 1.6.0r1

1    925 0 0 Y47 OAKLAND SOUTHWEST
100 12.19 1 0 0.25 0 1 0 07  42.50175606 -083.62920310  140    0 2 0 0 0 25  42.50450606 -083.61821410  142    0 2 0 0 0
110 2 0.00 0.0000 New Taxiway 2
111  42.50440311 -083.62219392
111  42.50440585 -083.62212512
111  42.50444561 -083.62212884
113  42.50444286 -083.62219949
110 1 0.00 0.0000 New Taxiway 1
111  42.50549676 -083.62266150
111  42.50550484 -083.62242925
111  42.50546105 -083.62242482
111  42.50546352 -083.62236802
111  42.50550894 -083.62237246
111  42.50551509 -083.62221461
111  42.50547035 -083.62221033
111  42.50547291 -083.62215134
111  42.50551895 -083.62215641
111  42.50552302 -083.62200525
111  42.50547943 -083.62200103
111  42.50548150 -083.62195330
111  42.50552406 -083.62195617
111  42.50552609 -083.62187233
111  42.50556059 -083.62187490
111  42.50555841 -083.62195444
111  42.50560438 -083.62195699
111  42.50560189 -083.62201526
111  42.50555755 -083.62201356
111  42.50555238 -083.62216080
111  42.50559553 -083.62216403
111  42.50559292 -083.62222524
111  42.50554938 -083.62222256
111  42.50554358 -083.62236508
111  42.50558678 -083.62236874
111  42.50558426 -083.62242776
111  42.50554079 -083.62242435
111  42.50553175 -083.62266440
111  42.50561748 -083.62266795
111  42.50561240 -083.62274533
111  42.50542292 -083.62273469
111  42.50541476 -083.62305160
111  42.50549958 -083.62305450
111  42.50549928 -083.62309543
111  42.50541309 -083.62309205
111  42.50540951 -083.62322388
111  42.50550046 -083.62322794
111  42.50550122 -083.62326982
111  42.50540901 -083.62326644
111  42.50540655 -083.62339723
111  42.50549209 -083.62340259
111  42.50549129 -083.62344432
111  42.50540561 -083.62343982
111  42.50540244 -083.62357906
111  42.50541523 -083.62357944
111  42.50541438 -083.62362288
111  42.50519986 -083.62361003
111  42.50519796 -083.62356621
111  42.50536699 -083.62357476
111  42.50536829 -083.62352741
111  42.50525339 -083.62352095
111  42.50525410 -083.62347361
111  42.50536958 -083.62348125
111  42.50537205 -083.62334986
111  42.50526291 -083.62334080
111  42.50526441 -083.62329928
111  42.50537309 -083.62330574
111  42.50537785 -083.62316908
111  42.50526917 -083.62316155
111  42.50526838 -083.62311850
111  42.50537785 -083.62312496
111  42.50538347 -083.62299864
111  42.50527393 -083.62299583
111  42.50527314 -083.62293450
111  42.50538444 -083.62293704
111  42.50538915 -083.62272830
111  42.50536370 -083.62272747
113  42.50536507 -083.62265396
110 1 0.00 0.0000 New Taxiway 23
111  42.50501999 -083.62263296
112  42.50501999 -083.62263296  42.50506915 -083.62263677
111  42.50503995 -083.62253981
111  42.50498244 -083.62253684
111  42.50501116 -083.62187013
111  42.50516493 -083.62187998
111  42.50513643 -083.62254701
111  42.50508209 -083.62254267
112  42.50508209 -083.62254267  42.50507156 -083.62263888
111  42.50511790 -083.62264174
111  42.50527779 -083.62264873
111  42.50528155 -083.62250388
111  42.50522764 -083.62250033
111  42.50523029 -083.62243921
111  42.50528485 -083.62244242
111  42.50528853 -083.62230630
111  42.50523629 -083.62230107
111  42.50523897 -083.62223919
111  42.50529073 -083.62224318
111  42.50529583 -083.62209851
111  42.50524527 -083.62209391
111  42.50524823 -083.62202569
111  42.50529721 -083.62202853
111  42.50529940 -083.62195918
111  42.50534587 -083.62196361
111  42.50534358 -083.62203671
111  42.50538820 -083.62204032
111  42.50538540 -083.62210594
111  42.50534016 -083.62210294
111  42.50533463 -083.62224376
111  42.50537937 -083.62224695
111  42.50537667 -083.62231033
111  42.50533164 -083.62230858
111  42.50532621 -083.62245097
111  42.50537055 -083.62245342
111  42.50536811 -083.62251055
111  42.50532367 -083.62250891
111  42.50532071 -083.62265135
111  42.50536507 -083.62265396
111  42.50536370 -083.62272747
111  42.50522044 -083.62272176
112  42.50522044 -083.62272176  42.50518181 -083.62271985
111  42.50518322 -083.62276081
111  42.50517446 -083.62301788
111  42.50527549 -083.62303098
111  42.50527305 -083.62307443
111  42.50517305 -083.62306184
111  42.50516771 -083.62319806
111  42.50526923 -083.62320999
111  42.50526712 -083.62325593
111  42.50516371 -083.62324656
111  42.50515901 -083.62337503
111  42.50526117 -083.62338477
111  42.50526117 -083.62343049
111  42.50515431 -083.62342142
111  42.50515091 -083.62349813
112  42.50515091 -083.62349813  42.50514810 -083.62356957
111  42.50519796 -083.62356621
111  42.50519986 -083.62361003
111  42.50505435 -083.62359815
111  42.50505549 -083.62354916
111  42.50508630 -083.62282940
111  42.50514459 -083.62283417
111  42.50514670 -083.62278177
112  42.50514670 -083.62278177  42.50514880 -083.62271604
111  42.50512212 -083.62271223
113  42.50501595 -083.62270566
110 1 0.00 0.0000 New Taxiway 22
111  42.50462827 -083.62261303
112  42.50476111 -083.62261650  42.50480257 -083.62261787
111  42.50480156 -083.62257123
111  42.50480225 -083.62252595
111  42.50474606 -083.62252382
111  42.50476704 -083.62184709
111  42.50492223 -083.62185883
111  42.50489357 -083.62252938
111  42.50484132 -083.62252844
111  42.50484100 -083.62257809
112  42.50484100 -083.62257809  42.50483797 -083.62261238
111  42.50487134 -083.62261924
111  42.50501999 -083.62263296
111  42.50501595 -083.62270566
111  42.50499067 -083.62270429
112  42.50499067 -083.62270429  42.50494819 -083.62270018
111  42.50494314 -083.62276876
111  42.50494516 -083.62282500
111  42.50499269 -083.62282638
111  42.50496640 -083.62353968
111  42.50488404 -083.62353461
111  42.50488538 -083.62347655
111  42.50481970 -083.62347396
111  42.50482207 -083.62341919
111  42.50488674 -083.62342262
111  42.50489189 -083.62326889
111  42.50482860 -083.62326873
111  42.50483121 -083.62320858
111  42.50489219 -083.62321083
111  42.50489731 -083.62306315
111  42.50483762 -083.62306065
111  42.50484023 -083.62300045
111  42.50490071 -083.62300088
112  42.50490977 -083.62277288  42.50491280 -083.62270704
111  42.50487842 -083.62269606
112  42.50475706 -083.62268920  42.50470650 -083.62269057
111  42.50470549 -083.62275916
111  42.50470256 -083.62288664
111  42.50475542 -083.62289040
111  42.50475281 -083.62295153
111  42.50470065 -083.62294648
111  42.50469657 -083.62309051
111  42.50474673 -083.62309381
111  42.50474404 -083.62315661
111  42.50469346 -083.62315285
111  42.50468807 -083.62330457
111  42.50473768 -083.62330548
111  42.50473516 -083.62336446
111  42.50468668 -083.62336248
111  42.50468491 -083.62351553
111  42.50464022 -083.62351458
111  42.50464162 -083.62346509
111  42.50458866 -083.62346261
111  42.50459103 -083.62340803
111  42.50464425 -083.62341144
111  42.50464870 -083.62325520
111  42.50459774 -083.62325313
111  42.50460033 -083.62319360
111  42.50465092 -083.62319712
111  42.50465492 -083.62304174
111  42.50460704 -083.62303871
111  42.50460953 -083.62298132
111  42.50465824 -083.62298413
112  42.50466605 -083.62277288  42.50467009 -083.62267000
113  42.50462911 -083.62267932
110 1 0.00 0.0000 New Taxiway 21
111  42.50411073 -083.62257569
111  42.50450860 -083.62259702
112  42.50450860 -083.62259702  42.50454905 -083.62260045
111  42.50455832 -083.62256616
111  42.50459287 -083.62183800
111  42.50467729 -083.62184373
111  42.50464892 -083.62250766
111  42.50460228 -083.62250525
111  42.50460046 -083.62254787
112  42.50460046 -083.62254787  42.50459793 -083.62261417
111  42.50462827 -083.62261303
111  42.50462911 -083.62267932
111  42.50452040 -083.62267132
112  42.50452040 -083.62267132  42.50447321 -083.62266904
111  42.50447321 -083.62272848
111  42.50446905 -083.62286002
111  42.50452505 -083.62286357
111  42.50452301 -083.62291117
111  42.50446731 -083.62290913
111  42.50446100 -083.62307440
111  42.50451597 -083.62307590
111  42.50451383 -083.62312617
111  42.50445719 -083.62312514
111  42.50445330 -083.62328860
111  42.50450674 -083.62329194
111  42.50450462 -083.62334159
111  42.50445274 -083.62333874
111  42.50444966 -083.62348817
111  42.50441255 -083.62348738
111  42.50441525 -083.62333835
111  42.50436341 -083.62333498
111  42.50436594 -083.62327821
111  42.50441732 -083.62328022
111  42.50442097 -083.62312833
111  42.50437272 -083.62312550
111  42.50437543 -083.62306463
111  42.50442331 -083.62306732
111  42.50442666 -083.62292765
111  42.50438091 -083.62292706
111  42.50438337 -083.62287019
111  42.50442854 -083.62287022
111  42.50443276 -083.62272276
112  42.50443276 -083.62272276  42.50443865 -083.62266447
111  42.50440614 -083.62267006
111  42.50427157 -083.62266278
111  42.50423729 -083.62270417
111  42.50422886 -083.62295794
111  42.50428984 -083.62296031
111  42.50428729 -083.62302005
111  42.50422323 -083.62301677
111  42.50421634 -083.62316354
111  42.50428095 -083.62316840
111  42.50427852 -083.62322531
111  42.50421348 -083.62322094
111  42.50420809 -083.62336997
111  42.50427213 -083.62337463
111  42.50426960 -083.62343392
111  42.50420657 -083.62343056
111  42.50420595 -083.62350313
111  42.50409599 -083.62349829
111  42.50412919 -083.62275638
111  42.50418202 -083.62275224
111  42.50418415 -083.62269876
111  42.50415762 -083.62265277
113  42.50411076 -083.62264991
110 1 0.00 0.0000 New Taxiway 19
111  42.50611187 -083.62278414
111  42.50589706 -083.62276651
111  42.50589267 -083.62292935
111  42.50594699 -083.62293357
111  42.50592087 -083.62363088
111  42.50591893 -083.62366952
111  42.50567647 -083.62364460
111  42.50567855 -083.62360764
111  42.50576762 -083.62361015
111  42.50579867 -083.62292328
111  42.50582985 -083.62292442
111  42.50583322 -083.62276096
111  42.50565370 -083.62274838
111  42.50565035 -083.62290728
111  42.50570597 -083.62291071
111  42.50569766 -083.62312204
111  42.50564613 -083.62311876
111  42.50564273 -083.62326673
111  42.50569186 -083.62326938
111  42.50568956 -083.62332774
111  42.50564273 -083.62332617
111  42.50564016 -083.62347363
111  42.50568374 -083.62347576
111  42.50568142 -083.62353479
111  42.50563783 -083.62353079
111  42.50563761 -083.62360633
111  42.50567855 -083.62360764
111  42.50567647 -083.62364460
111  42.50541438 -083.62362288
111  42.50541523 -083.62357944
111  42.50559249 -083.62359545
111  42.50559474 -083.62354322
111  42.50553291 -083.62353905
111  42.50553374 -083.62349749
111  42.50559530 -083.62350020
111  42.50559810 -083.62336375
111  42.50552449 -083.62335957
111  42.50552531 -083.62331918
111  42.50559977 -083.62332299
111  42.50560202 -083.62319076
111  42.50552478 -083.62318506
111  42.50552561 -083.62314505
111  42.50560314 -083.62314962
111  42.50560680 -083.62300749
111  42.50554669 -083.62300444
111  42.50554753 -083.62296786
111  42.50560764 -083.62297016
111  42.50561240 -083.62274533
111  42.50561748 -083.62266795
111  42.50571331 -083.62267256
111  42.50571638 -083.62254530
111  42.50566861 -083.62254162
111  42.50567125 -083.62248076
111  42.50571912 -083.62248492
111  42.50572386 -083.62234348
111  42.50567733 -083.62234069
111  42.50568012 -083.62227624
111  42.50572619 -083.62227970
111  42.50573209 -083.62213225
111  42.50568650 -083.62212913
111  42.50568934 -083.62206366
111  42.50573491 -083.62206707
111  42.50573827 -083.62199506
111  42.50577621 -083.62199849
111  42.50577283 -083.62207050
111  42.50581547 -083.62207437
111  42.50581290 -083.62213447
111  42.50577002 -083.62213224
111  42.50576438 -083.62227855
111  42.50580659 -083.62228225
111  42.50580392 -083.62234464
111  42.50576158 -083.62234181
111  42.50575681 -083.62248698
111  42.50579770 -083.62249014
111  42.50579505 -083.62255215
111  42.50575344 -083.62254985
111  42.50574946 -083.62267667
111  42.50592766 -083.62268986
111  42.50593420 -083.62245644
111  42.50588860 -083.62245253
111  42.50589128 -083.62239064
111  42.50593688 -083.62239401
111  42.50594273 -083.62225699
111  42.50589725 -083.62225284
111  42.50590023 -083.62218416
111  42.50594505 -083.62218785
111  42.50595010 -083.62204342
111  42.50590644 -083.62204112
111  42.50590952 -083.62197002
111  42.50595439 -083.62197237
111  42.50595610 -083.62190918
111  42.50599317 -083.62191088
111  42.50599173 -083.62198046
111  42.50603710 -083.62198361
111  42.50603432 -083.62204919
111  42.50598853 -083.62204612
111  42.50598209 -083.62219043
111  42.50602820 -083.62219391
111  42.50602526 -083.62226021
111  42.50597757 -083.62225693
111  42.50597127 -083.62239505
111  42.50601928 -083.62240017
111  42.50601654 -083.62246422
111  42.50596899 -083.62246103
111  42.50596158 -083.62269468
113  42.50611362 -083.62270668
110 1 0.00 0.0000 New Taxiway 18
111  42.50629686 -083.62279216
111  42.50615556 -083.62278177
111  42.50615032 -083.62294724
111  42.50622260 -083.62294913
111  42.50619292 -083.62365596
111  42.50628610 -083.62365999
111  42.50628428 -083.62370182
111  42.50591893 -083.62366952
111  42.50592087 -083.62363088
111  42.50600959 -083.62363381
111  42.50604140 -083.62293988
111  42.50610804 -083.62294252
111  42.50611187 -083.62278414
111  42.50611362 -083.62270668
111  42.50613362 -083.62270763
111  42.50613634 -083.62257792
111  42.50610100 -083.62257549
111  42.50610388 -083.62250920
111  42.50613878 -083.62251112
111  42.50614304 -083.62236696
111  42.50611015 -083.62236465
111  42.50611293 -083.62230045
111  42.50614812 -083.62230362
111  42.50615373 -083.62216007
111  42.50611912 -083.62215772
111  42.50612201 -083.62209105
111  42.50615625 -083.62209370
111  42.50615731 -083.62204695
111  42.50620140 -083.62205131
111  42.50619982 -083.62210450
111  42.50625496 -083.62210857
111  42.50625242 -083.62216801
111  42.50619575 -083.62216547
111  42.50619031 -083.62231007
111  42.50624618 -083.62231406
111  42.50624367 -083.62237279
111  42.50618702 -083.62236933
111  42.50618311 -083.62251750
111  42.50623731 -083.62252153
111  42.50623449 -083.62258747
111  42.50618003 -083.62258503
111  42.50617730 -083.62270978
113  42.50629129 -083.62272168
110 2 0.00 0.0000 New Taxiway 16
111  42.50388105 -083.62348170
111  42.50388979 -083.62326837
111  42.50397192 -083.62327311
111  42.50398066 -083.62302660
111  42.50396493 -083.62302423
111  42.50397891 -083.62273505
111  42.50412919 -083.62275638
113  42.50409599 -083.62349829
110 1 0.00 0.0000 New Taxiway 15
111  42.50350503 -083.62330762
111  42.50377424 -083.62332276
111  42.50383744 -083.62326465
111  42.50388979 -083.62326837
111  42.50388105 -083.62348170
111  42.50382691 -083.62346374
111  42.50377073 -083.62339801
113  42.50349289 -083.62338170
110 1 0.00 0.0000 New Taxiway 3
111  42.50356570 -083.62272872 102
111  42.50357451 -083.62268354
112  42.50357451 -083.62268354  42.50358359 -083.62266138 102
112  42.50358441 -083.62263137  42.50357947 -083.62261903
111  42.50358441 -083.62263137
112  42.50358441 -083.62263137  42.50357944 -083.62261897 102
112  42.50352961 -083.62261112  42.50349554 -083.62261029
111  42.50352961 -083.62261112
112  42.50352961 -083.62261112  42.50346165 -083.62260947 102
111  42.50343131 -083.62268519
111  42.50349320 -083.62242018
112  42.50349320 -083.62242018  42.50348713 -083.62246297 102
112  42.50356601 -083.62253705  42.50362184 -083.62254528
111  42.50356601 -083.62253705
112  42.50356601 -083.62253705  42.50358386 -083.62253968 102
112  42.50360660 -083.62252283  42.50361621 -083.62251261
111  42.50360660 -083.62252283
112  42.50360660 -083.62252283  42.50362705 -083.62250107 102
111  42.50363154 -083.62246297 102
111  42.50464968 -083.61851391
112  42.50464968 -083.61851391  42.50466674 -083.61823214 102
111  42.50450386 -083.61841336
111  42.50454921 -083.61822879 102
111  42.50470228 -083.61830010 102
111  42.50485762 -083.61837247 102
111  42.50480957 -083.61859568
112  42.50480957 -083.61859568  42.50471345 -083.61856210 102
111  42.50466540 -083.61871419 102
111  42.50370925 -083.62241082
112  42.50370925 -083.62241082  42.50367689 -083.62253153 102
111  42.50376790 -083.62254525 102
111  42.50411073 -083.62257569
111  42.50411076 -083.62264991 102
111  42.50390139 -083.62263167 102
111  42.50374566 -083.62262207
112  42.50374566 -083.62262207  42.50364554 -083.62261521 102
113  42.50362436 -083.62274792
110 1 0.00 0.0000 New Taxiway 2
111  42.50191126 -083.62877379
112  42.50191126 -083.62877379  42.50196078 -083.62888189 102
112  42.50202492 -083.62883004  42.50204979 -083.62879484
111  42.50202492 -083.62883004
112  42.50202492 -083.62883004  42.50202639 -083.62882797 102
112  42.50202917 -083.62882364  42.50203054 -083.62882146
111  42.50202917 -083.62882364
112  42.50202917 -083.62882364  42.50204578 -083.62879708 102
111  42.50205486 -083.62876419 102
111  42.50208317 -083.62865994
112  42.50208317 -083.62865994  42.50208462 -083.62864947 102
112  42.50208322 -083.62863208  42.50208205 -083.62862399
111  42.50208322 -083.62863208
112  42.50208322 -083.62863208  42.50207947 -083.62860625 102
111  42.50206598 -083.62859273 102
111  42.50196789 -083.62854746
111  42.50199049 -083.62846425 102
111  42.50207508 -083.62850494
112  42.50207508 -083.62850494  42.50209609 -083.62851206 102
112  42.50211799 -083.62849482  42.50212647 -083.62848459
111  42.50211799 -083.62849482
112  42.50211799 -083.62849482  42.50211957 -083.62849292 102
112  42.50212222 -083.62848886  42.50212347 -083.62848681
111  42.50212222 -083.62848886
112  42.50212222 -083.62848886  42.50212980 -083.62847641 102
111  42.50213171 -083.62846242 102
111  42.50275062 -083.62599614
112  42.50275062 -083.62599614  42.50275463 -083.62597814 102
112  42.50274947 -083.62595177  42.50274565 -083.62594007
111  42.50274947 -083.62595177
112  42.50274947 -083.62595177  42.50274078 -083.62592511 102
111  42.50271932 -083.62591386 102
111  42.50268084 -083.62590149
112  42.50268084 -083.62590149  42.50263230 -083.62589326 102
111  42.50262100 -083.62594123
112  42.50267477 -083.62572848  42.50265859 -083.62579569 102
111  42.50270612 -083.62583016 102
111  42.50274657 -083.62584939
112  42.50274657 -083.62584939  42.50275899 -083.62585213 102
112  42.50277680 -083.62584107  42.50278467 -083.62583400
111  42.50277680 -083.62584107
112  42.50277680 -083.62584107  42.50279649 -083.62582338 102
111  42.50280320 -083.62578627 102
111  42.50356570 -083.62272872
111  42.50362436 -083.62274792 102
111  42.50349032 -083.62330636 102
111  42.50350503 -083.62330762
111  42.50349289 -083.62338170 102
111  42.50346559 -083.62338718 102
111  42.50209430 -083.62887393
112  42.50209430 -083.62887393  42.50208028 -083.62893155 102
112  42.50199134 -083.62895360  42.50194619 -083.62895666
111  42.50199134 -083.62895360
112  42.50199134 -083.62895360  42.50193224 -083.62895761 102
113  42.50187081 -083.62893428
110 2 0.00 0.0000 New Taxiway 30
111  42.50744885 -083.62333746
111  42.50751199 -083.62310149
111  42.50768724 -083.62317490
113  42.50762410 -083.62341612
110 2 0.00 0.0000 New Taxiway 29
111  42.50696886 -083.62348806
111  42.50697532 -083.62314240
111  42.50708078 -083.62314898
113  42.50707305 -083.62349189
110 2 0.00 0.0000 New Taxiway 28
111  42.50706972 -083.62367961
111  42.50707305 -083.62349189
111  42.50722529 -083.62349322
113  42.50722341 -083.62367924
110 2 0.00 0.0000 New Taxiway 27
111  42.50724652 -083.62362754
111  42.50724982 -083.62349344
111  42.50725513 -083.62327330
111  42.50742426 -083.62327330
111  42.50741481 -083.62359113
113  42.50741367 -083.62362911
110 2 0.00 0.0000 New Taxiway 26
111  42.50746115 -083.62283508
111  42.50746368 -083.62277134
111  42.50746607 -083.62271088
111  42.50746968 -083.62261971
111  42.50747215 -083.62255736
111  42.50747588 -083.62246302
111  42.50747811 -083.62240677
111  42.50748212 -083.62230532
111  42.50748436 -083.62224871
111  42.50748785 -083.62216054
111  42.50749016 -083.62210227
111  42.50749208 -083.62205375
111  42.50757970 -083.62206074
113  42.50754878 -083.62284382
110 2 0.00 0.0000 New Taxiway 25
111  42.50628610 -083.62365999
111  42.50619292 -083.62365596
111  42.50622260 -083.62294913
113  42.50631402 -083.62296056
110 2 0.00 0.0000 New Taxiway 25
111  42.50711376 -083.62272467
111  42.50702469 -083.62272216
111  42.50703169 -083.62253840
111  42.50703416 -083.62247364
111  42.50703957 -083.62233157
111  42.50704176 -083.62227424
111  42.50704766 -083.62211930
111  42.50705014 -083.62205425
111  42.50705139 -083.62202139
111  42.50714121 -083.62202386
111  42.50713561 -083.62216691
111  42.50713325 -083.62222694
111  42.50712734 -083.62237780
111  42.50712496 -083.62243868
111  42.50711955 -083.62257673
113  42.50711688 -083.62264493
110 2 0.00 0.0000 New Taxiway 25
111  42.50733303 -083.62273514
111  42.50724396 -083.62273262
111  42.50724714 -083.62265817
111  42.50724972 -083.62259793
111  42.50725606 -083.62244957
111  42.50725908 -083.62237884
111  42.50726475 -083.62224624
111  42.50726767 -083.62217790
111  42.50727365 -083.62203793
111  42.50736271 -083.62205051
111  42.50736117 -083.62208625
111  42.50735855 -083.62214652
111  42.50735241 -083.62228809
111  42.50734967 -083.62235131
111  42.50734343 -083.62249526
113  42.50734081 -083.62255572
110 2 0.00 0.0000 New Taxiway 25
111  42.50632058 -083.62265974
111  42.50623151 -083.62265722
111  42.50623449 -083.62258747
111  42.50623731 -083.62252153
111  42.50624367 -083.62237279
111  42.50624618 -083.62231406
111  42.50625242 -083.62216801
111  42.50625496 -083.62210857
111  42.50626120 -083.62196252
113  42.50634968 -083.62196208
110 2 0.00 0.0000 New Taxiway 25
111  42.50609799 -083.62264495
111  42.50600892 -083.62264244
111  42.50601654 -083.62246422
111  42.50601928 -083.62240017
111  42.50602526 -083.62226021
111  42.50602820 -083.62219391
111  42.50603432 -083.62204919
111  42.50603710 -083.62198361
111  42.50603861 -083.62194774
111  42.50612768 -083.62196033
111  42.50612201 -083.62209105
111  42.50611912 -083.62215772
111  42.50611293 -083.62230045
111  42.50611015 -083.62236465
111  42.50610388 -083.62250920
113  42.50610100 -083.62257549
110 2 0.00 0.0000 New Taxiway 25
111  42.50588081 -083.62263205
111  42.50579174 -083.62262953
111  42.50579505 -083.62255215
111  42.50579770 -083.62249014
111  42.50580392 -083.62234464
111  42.50580659 -083.62228225
111  42.50581290 -083.62213447
111  42.50581547 -083.62207437
111  42.50582143 -083.62193484
111  42.50591050 -083.62194742
111  42.50590952 -083.62197002
111  42.50590644 -083.62204112
111  42.50590023 -083.62218416
111  42.50589725 -083.62225284
111  42.50589128 -083.62239064
113  42.50588860 -083.62245253
110 2 0.00 0.0000 New Taxiway 25
111  42.50566557 -083.62261191
111  42.50557650 -083.62260940
111  42.50558426 -083.62242776
111  42.50558678 -083.62236874
111  42.50559292 -083.62222524
111  42.50559553 -083.62216403
111  42.50560189 -083.62201526
111  42.50560438 -083.62195699
111  42.50560619 -083.62191470
111  42.50569525 -083.62192728
111  42.50568934 -083.62206366
111  42.50568650 -083.62212913
111  42.50568012 -083.62227624
111  42.50567733 -083.62234069
111  42.50567125 -083.62248076
113  42.50566861 -083.62254162
110 2 0.00 0.0000 New Taxiway 25
111  42.50545366 -083.62259531
111  42.50536459 -083.62259280
111  42.50536811 -083.62251055
111  42.50537055 -083.62245342
111  42.50537667 -083.62231033
111  42.50537937 -083.62224695
111  42.50538540 -083.62210594
111  42.50538820 -083.62204032
111  42.50539428 -083.62189810
111  42.50548335 -083.62191069
111  42.50548150 -083.62195330
111  42.50547943 -083.62200103
111  42.50547291 -083.62215134
111  42.50547035 -083.62221033
111  42.50546352 -083.62236802
113  42.50546105 -083.62242482
110 2 0.00 0.0000 New Taxiway 25
111  42.50522431 -083.62257719
111  42.50513524 -083.62257467
111  42.50513643 -083.62254701
111  42.50516493 -083.62187998
111  42.50525400 -083.62189256
111  42.50524823 -083.62202569
111  42.50524527 -083.62209391
111  42.50523897 -083.62223919
111  42.50523629 -083.62230107
111  42.50523029 -083.62243921
113  42.50522764 -083.62250033
110 2 0.00 0.0000 New Taxiway 25
111  42.50498160 -083.62255605
111  42.50489254 -083.62255353
111  42.50489357 -083.62252938
111  42.50492223 -083.62185883
111  42.50501129 -083.62187142
113  42.50498244 -083.62253684
110 2 0.00 0.0000 New Taxiway 25
111  42.50576762 -083.62361015
111  42.50567855 -083.62360764
111  42.50568142 -083.62353479
111  42.50568374 -083.62347576
111  42.50568956 -083.62332774
111  42.50569186 -083.62326938
111  42.50569766 -083.62312204
111  42.50570597 -083.62291071
113  42.50579867 -083.62292328
110 2 0.00 0.0000 New Taxiway 25
111  42.50474624 -083.62254355
111  42.50464760 -083.62253843
111  42.50464892 -083.62250766
111  42.50467729 -083.62184373
111  42.50476704 -083.62184709
113  42.50474606 -083.62252382
110 2 0.00 0.0000 New Taxiway 25
111  42.50505549 -083.62354916
111  42.50496640 -083.62353968
111  42.50499269 -083.62282638
113  42.50508630 -083.62282940
110 2 0.00 0.0000 New Taxiway 25
111  42.50435539 -083.62351553
111  42.50426632 -083.62351064
111  42.50426960 -083.62343392
111  42.50427213 -083.62337463
111  42.50427852 -083.62322531
111  42.50428095 -083.62316840
111  42.50428729 -083.62302005
111  42.50428984 -083.62296031
111  42.50429601 -083.62281594
111  42.50438508 -083.62283090
111  42.50438337 -083.62287019
111  42.50438091 -083.62292706
111  42.50437543 -083.62306463
111  42.50437272 -083.62312550
111  42.50436594 -083.62327821
113  42.50436341 -083.62333498
110 2 0.00 0.0000 New Taxiway 25
111  42.50458606 -083.62352264
111  42.50449699 -083.62352012
111  42.50450462 -083.62334159
111  42.50450674 -083.62329194
111  42.50451383 -083.62312617
111  42.50451597 -083.62307590
111  42.50452301 -083.62291117
111  42.50452505 -083.62286357
111  42.50452668 -083.62282543
111  42.50461575 -083.62283801
111  42.50460953 -083.62298132
111  42.50460704 -083.62303871
111  42.50460033 -083.62319360
111  42.50459774 -083.62325313
111  42.50459103 -083.62340803
113  42.50458866 -083.62346261
110 2 0.00 0.0000 New Taxiway 25
111  42.50481672 -083.62354255
111  42.50472766 -083.62354003
111  42.50473516 -083.62336446
111  42.50473768 -083.62330548
111  42.50474404 -083.62315661
111  42.50474673 -083.62309381
111  42.50475281 -083.62295153
111  42.50475542 -083.62289040
111  42.50475735 -083.62284534
111  42.50484641 -083.62285792
111  42.50484023 -083.62300045
111  42.50483762 -083.62306065
111  42.50483121 -083.62320858
111  42.50482860 -083.62326873
111  42.50482207 -083.62341919
113  42.50481970 -083.62347396
110 2 0.00 0.0000 New Taxiway 25
111  42.50600959 -083.62363381
111  42.50592087 -083.62363088
111  42.50594699 -083.62293357
113  42.50604140 -083.62293988
110 2 0.00 0.0000 New Taxiway 25
111  42.50656222 -083.62367506
111  42.50646983 -083.62366846
111  42.50649658 -083.62297588
113  42.50658654 -083.62298083
110 1 0.00 0.0000 New Taxiway 20
111  42.50628419 -083.62370183
111  42.50628601 -083.62366001
111  42.50631393 -083.62296057
111  42.50638753 -083.62296057
112  42.50638939 -083.62285485  42.50638939 -083.62279948
111  42.50636526 -083.62279948
111  42.50629661 -083.62279445
111  42.50629104 -083.62272397
111  42.50636898 -083.62273152
111  42.50636796 -083.62266377
111  42.50632033 -083.62266202
111  42.50634943 -083.62196437
111  42.50645672 -083.62201230
111  42.50705014 -083.62205425
111  42.50704766 -083.62211930
111  42.50699964 -083.62211667
111  42.50699510 -083.62227167
111  42.50704176 -083.62227424
111  42.50703957 -083.62233157
111  42.50699229 -083.62232950
111  42.50698780 -083.62247184
111  42.50703416 -083.62247364
111  42.50703169 -083.62253840
111  42.50698525 -083.62253574
111  42.50698131 -083.62266608
112  42.50698131 -083.62266608  42.50697760 -083.62276676
111  42.50702956 -083.62277431
111  42.50710563 -083.62277934
112  42.50710563 -083.62277934  42.50715202 -083.62278186
111  42.50715073 -083.62272320
111  42.50715410 -083.62265044
111  42.50711688 -083.62264493
111  42.50711955 -083.62257673
111  42.50715790 -083.62258378
111  42.50716394 -083.62244381
111  42.50712496 -083.62243868
111  42.50712734 -083.62237780
111  42.50716749 -083.62238298
111  42.50717388 -083.62223237
111  42.50713325 -083.62222694
111  42.50713561 -083.62216691
111  42.50717599 -083.62217329
111  42.50718058 -083.62210785
111  42.50722398 -083.62211484
111  42.50722181 -083.62217448
111  42.50726767 -083.62217790
111  42.50726475 -083.62224624
111  42.50722037 -083.62224573
111  42.50721666 -083.62237717
111  42.50725908 -083.62237884
111  42.50725606 -083.62244957
111  42.50721697 -083.62244786
111  42.50721027 -083.62259714
111  42.50724972 -083.62259793
111  42.50724714 -083.62265817
111  42.50720621 -083.62265812
111  42.50720448 -083.62270910
112  42.50720448 -083.62270910  42.50720077 -083.62279216
111  42.50724295 -083.62278941
111  42.50731717 -083.62279193
112  42.50731717 -083.62279193  42.50736727 -083.62279444
111  42.50738043 -083.62273266
111  42.50738402 -083.62256053
111  42.50734081 -083.62255572
111  42.50734343 -083.62249526
111  42.50738579 -083.62250057
111  42.50739032 -083.62235494
111  42.50734967 -083.62235131
111  42.50735241 -083.62228809
111  42.50739376 -083.62229334
111  42.50739988 -083.62215085
111  42.50735855 -083.62214652
111  42.50736117 -083.62208625
111  42.50740774 -083.62209041
111  42.50740809 -083.62205695
111  42.50744943 -083.62205695
111  42.50744925 -083.62209860
111  42.50749016 -083.62210227
111  42.50748785 -083.62216054
111  42.50744615 -083.62216015
111  42.50744340 -083.62224742
111  42.50748436 -083.62224871
111  42.50748212 -083.62230532
111  42.50743973 -083.62230455
111  42.50743598 -083.62240787
111  42.50747811 -083.62240677
111  42.50747588 -083.62246302
111  42.50743371 -083.62246374
111  42.50743051 -083.62255609
111  42.50747215 -083.62255736
111  42.50746968 -083.62261971
111  42.50742719 -083.62261931
111  42.50742575 -083.62270838
111  42.50746607 -083.62271088
111  42.50746368 -083.62277134
111  42.50742378 -083.62277082
112  42.50742378 -083.62277082  42.50741636 -083.62285388
111  42.50745262 -083.62288506
111  42.50756396 -083.62292533
112  42.50756396 -083.62292533  42.50758994 -083.62294295
111  42.50762148 -083.62290268
111  42.50770684 -083.62282465
111  42.50772910 -083.62285989
111  42.50764746 -083.62295302
111  42.50777920 -083.62300336
111  42.50776621 -083.62307887
111  42.50743036 -083.62295805
111  42.50742416 -083.62327331
111  42.50725503 -083.62327331
111  42.50724972 -083.62349345
111  42.50722519 -083.62349324
111  42.50707295 -083.62349191
111  42.50708069 -083.62314900
112  42.50708069 -083.62314900  42.50702316 -083.62304077
111  42.50694889 -083.62313524
111  42.50693338 -083.62363556
111  42.50696431 -083.62363807
111  42.50696877 -083.62348808
111  42.50707295 -083.62349191
111  42.50706963 -083.62367962
111  42.50722331 -083.62367926
111  42.50724643 -083.62362755
111  42.50741358 -083.62362913
111  42.50741472 -083.62359114
111  42.50747590 -083.62359287
111  42.50747489 -083.62365527
111  42.50749530 -083.62368296
113  42.50745061 -083.62377092
111  42.50656222 -083.62367506
111  42.50658654 -083.62298083
111  42.50649658 -083.62297588
113  42.50646983 -083.62366846
130 Airport Boundary 15
111  42.50134450 -083.62926869
111  42.50154213 -083.62899107
111  42.50178916 -083.62817735
111  42.50200090 -083.62739236
111  42.50198679 -083.62716260
111  42.50234675 -083.62569792
111  42.50243851 -083.62550645
111  42.50307373 -083.62299830
111  42.50273495 -083.62242391
111  42.50238204 -083.62235690
111  42.50155624 -083.62228036
111  42.50154213 -083.62162940
111  42.50327136 -083.62181128
111  42.50334194 -083.62175383
111  42.50341252 -083.62130389
111  42.50340546 -083.62116987
111  42.50361721 -083.62034658
111  42.50363132 -083.62018383
111  42.50358897 -083.62012640
111  42.50359603 -083.61999237
111  42.50365250 -083.61997323
111  42.50368779 -083.61991579
111  42.50388541 -083.61960945
111  42.50405481 -083.61876700
111  42.50419597 -083.61869999
111  42.50423126 -083.61862340
111  42.50421715 -083.61857554
111  42.50423832 -083.61850852
111  42.50431596 -083.61824047
111  42.50421715 -083.61802986
111  42.50421715 -083.61776181
111  42.50435831 -083.61738845
111  42.50436537 -083.61723528
111  42.50463357 -083.61674704
111  42.50454182 -083.61633539
111  42.50509235 -083.61580886
111  42.50510647 -083.61639283
111  42.50495119 -083.61752248
111  42.50530409 -083.61790541
111  42.50461946 -083.62055719
111  42.50544540 -083.62062600
111  42.50735109 -083.62078876
111  42.50764753 -083.62127701
111  42.50760518 -083.62170786
111  42.50760518 -083.62200465
111  42.50829687 -083.62204294
111  42.50747550 -083.62390794
111  42.50366313 -083.62361176
113  42.50212104 -083.62927071
120 Linear Feature 17
111  42.50680586 -083.62233046 1
111  42.50680666 -083.62228795 1
115  42.50680746 -083.62224507
120 Linear Feature 17
111  42.50662961 -083.62249225 1
111  42.50663044 -083.62244777 1
115  42.50663120 -083.62240686
120 Linear Feature 17
111  42.50663623 -083.62232147 1
111  42.50663706 -083.62227740 1
115  42.50663783 -083.62223608
120 Linear Feature 17
111  42.50664087 -083.62215609 1
111  42.50664172 -083.62211012 1
115  42.50664247 -083.62207069
120 Linear Feature 18
111  42.50658411 -083.62244679 1
115  42.50663044 -083.62244777
120 Linear Feature 18
111  42.50654029 -083.62235418 1
115  42.50658708 -083.62235660
120 Linear Feature 18
111  42.50659186 -083.62227573 1
115  42.50663706 -083.62227740
120 Linear Feature 18
111  42.50654695 -083.62218941 1
115  42.50659110 -083.62219062
120 Linear Feature 18
111  42.50659411 -083.62210858 1
115  42.50664172 -083.62211012
120 Linear Feature 18
111  42.50680005 -083.62245607 1
115  42.50684416 -083.62245750
120 Linear Feature 18
111  42.50680666 -083.62228795 1
115  42.50685499 -083.62229028
120 Linear Feature 18
111  42.50653501 -083.62252085 1
115  42.50658156 -083.62252282
120 Linear Feature 17
111  42.50653419 -083.62256506 1
111  42.50653501 -083.62252085 1
115  42.50653579 -083.62247967
120 Linear Feature 17
111  42.50653949 -083.62239698 1
111  42.50654029 -083.62235418 1
115  42.50654109 -083.62231158
120 Linear Feature 17
111  42.50654611 -083.62223429 1
111  42.50654695 -083.62218941 1
115  42.50654771 -083.62214889
120 Linear Feature 17
111  42.50679924 -083.62249944 1
111  42.50680005 -083.62245607 1
115  42.50680084 -083.62241405
120 Linear Feature 10
111  42.50358441 -083.62263137 4 104
115  42.50360660 -083.62252283
120 Linear Feature 9
111  42.50377833 -083.62259014 1 101
116  42.50367706 -083.62242112  42.50372333 -083.62225075
120 Linear Feature 8
111  42.50360904 -083.62269233 1 101
116  42.50359772 -083.62257862  42.50355893 -083.62256853
120 Linear Feature 7
111  42.50359772 -083.62257862 1 101
116  42.50367706 -083.62242112  42.50372042 -083.62224815
120 Linear Feature 5
111  42.50360904 -083.62269233 1 101
116  42.50377833 -083.62259014  42.50392588 -083.62260951
120 Linear Feature 4
111  42.50361571 -083.62177439 1 101
111  42.50344984 -083.62243075 1 101
116  42.50351543 -083.62257401  42.50361962 -083.62257959
120 Linear Feature 3
111  42.50324127 -083.62327128 1 101
111  42.50338635 -083.62269022 1 101
112  42.50351543 -083.62257401  42.50361253 -083.62257556
111  42.50351543 -083.62257401
112  42.50351543 -083.62257401  42.50352157 -083.62257411 1 101
111  42.50359772 -083.62257862 1 101
111  42.50377833 -083.62259014
112  42.50377833 -083.62259014  42.50464220 -083.62264651 1 101
115  42.50732288 -083.62283122
120 Linear Feature 17
111  42.50464968 -083.61851391 4 104
115  42.50470228 -083.61830010
120 Linear Feature 14
111  42.50274947 -083.62595177 4 104
115  42.50277680 -083.62584107
120 Linear Feature 12
111  42.50281552 -083.62586249 1 101
116  42.50276429 -083.62589732  42.50273014 -083.62588125
120 Linear Feature 11
111  42.50279060 -083.62596175 1 101
112  42.50276485 -083.62589809  42.50273493 -083.62588393 1 101
115  42.50265394 -083.62584641
120 Linear Feature 9
111  42.50189487 -083.62888215 1 101
112  42.50200840 -083.62890041  42.50206283 -083.62888692 1 101
112  42.50208683 -083.62878690  42.50209853 -083.62874086 1 101
111  42.50223313 -083.62818997 1 101
111  42.50243855 -083.62735965 1 101
111  42.50265625 -083.62649679 1 101
111  42.50279060 -083.62596175 1 101
111  42.50281552 -083.62586249 1 101
111  42.50287630 -083.62562044 1 101
111  42.50304426 -083.62495205 1 101
111  42.50327367 -083.62403600 1 101
111  42.50342876 -083.62340730 1 101
111  42.50355575 -083.62290482 1 101
111  42.50360904 -083.62269233 1 101
111  42.50367706 -083.62242112 1 101
111  42.50375941 -083.62209275 1 101
111  42.50395429 -083.62132909 1 101
111  42.50412928 -083.62064879 1 101
111  42.50428904 -083.62004469 1 101
111  42.50446637 -083.61936121 1 101
111  42.50468080 -083.61851572 1 101
112  42.50463084 -083.61831600  42.50453525 -083.61826837 1 101
115  42.50454988 -083.61827631
120 Linear Feature 8
111  42.50208322 -083.62863204 4 104
111  42.50210270 -083.62856049 4 104
115  42.50212222 -083.62848882
120 Linear Feature 7
111  42.50210270 -083.62856049 1 101
115  42.50198913 -083.62850711
120 Linear Feature 10
111  42.50199134 -083.62895360 4 104
115  42.50202492 -083.62883004
21  42.50297134 -083.62479465 1 71.2500 3.00 07  VASI
21  42.50364073 -083.62120501 1 251.2500 3.00 25  VASI
14  42.50442589 -083.62214383  82.02 0 New Tower Viewpoint 12
1300  42.50392638 -083.62338045 176.91 hangar props Hangar 01
1301 A none 
1300  42.50653511 -083.62252086 176.42 tie_down props Tiw Down 6
1301 A general_aviation 
1300  42.50680011 -083.62245608 -180.95 tie_down props Tiw Down 1
1301 A general_aviation 
1300  42.50664165 -083.62211011   0.00 tie_down props Tiw Down 5
1301 A general_aviation 
1300  42.50663702 -083.62227740   0.00 tie_down props Tiw Down 4
1301 A general_aviation 
1300  42.50663039 -083.62244776   0.00 tie_down props Tiw Down 3
1301 A general_aviation 
1300  42.50680674 -083.62228796 178.09 tie_down props Tiw Down 2
1301 A general_aviation 
1300  42.50654703 -083.62218942 176.35 tie_down props Tiw Down 8
1301 A general_aviation 
1300  42.50654036 -083.62235419 176.57 tie_down props Tiw Down 7
1301 A general_aviation 
18  42.50442351 -083.62218149 1 New Airport Beacon 11
19  42.50321298 -083.62196691 0 New Windsock 20
51 12270 CTAF/UNICOM
55 12750 DETROIT APP/DEP
99
