A
1000 Generated by Infinite Flight Airport Editing (World Parser)/AB

1     1623 0 1 SSQF FAZENDA FLORESTA NEGRA
100   18.29   1   0 0.25 0 0 0 12  -23.81272500 -054.70474400    0.00    0.00 2  0 0 0 30  -23.81539700 -054.69289700    0.00    0.00 2  0 0 0
110   1 0.30 103.85 Default taxiway for RWY 12
111 -23.81280271 -054.70476494   3 
111 -23.81320438 -054.70487320   3 
111 -23.81587683 -054.69302644   3 
111 -23.81547516 -054.69291819 
112 -23.81543576 -054.69309286 -23.81545765 -054.69300610   3 
111 -23.81555352 -054.69303195   3 
112 -23.81568136 -054.69306640 -23.81577723 -054.69309224   3 
111 -23.81575753 -054.69317958   3 
111 -23.81447056 -054.69888463   3 
111 -23.81414879 -054.69879791 
111 -23.81412909 -054.69888524   3 
111 -23.81445086 -054.69897196   3 
112 -23.81316388 -054.70467701 -23.81314418 -054.70476434   3 
111 -23.81304831 -054.70473850   3 
112 -23.81292047 -054.70470404 -23.81282460 -054.70467820   3 
113 -23.81284211 -054.70459028 
120 Default hold RWY 12 (near)
111 -23.81296469 -054.70480860   4 
115 -23.81298439 -054.70472127 
120 Default hold RWY 12 (centre)
111 -23.81429107 -054.69892889   4 
115 -23.81431077 -054.69884156 
120 Default hold RWY 12 (far)
111 -23.81561744 -054.69304917   4 
115 -23.81563714 -054.69296184 
19  -23.81244591 -054.70485406 1 WS
19  -23.81567608 -054.69278691 1 WS


130 Airport Boundary
111 -023.81587601 -054.69302750
111 -023.81320381 -054.70487213
111 -023.81280327 -054.70476532
111 -023.81272507 -054.70474243
111 -023.81539726 -054.69289780
113 -023.81547546 -054.69291687
99
