A
1000 Generated by Infinite Flight Airport Editing (World Parser)/AB

1      164 1 1 SVON ORO NEGRO
100   28.96   1   0 0.25 0 0 0 06   10.32538900 -071.32961100    0.00    0.00 2  0 0 0 24   10.33475000 -071.31544400    0.00    0.00 2  0 0 0
110   1 0.30  56.11 Default taxiway for RWY 06
111  10.32528271 -071.32953843   3 
111  10.32474005 -071.32916794   3 
111  10.33410136 -071.31500135   3 
111  10.33464402 -071.31537185 
112  10.33449872 -071.31559173  10.33456950 -071.31548051   3 
111  10.33443971 -071.31539190   3 
112  10.33426666 -071.31527375  10.33413687 -071.31518513   3 
111  10.33406422 -071.31529507   3 
111  10.32956519 -071.32210352   3 
111  10.32999969 -071.32240017 
111  10.32992704 -071.32251011   3 
111  10.32949254 -071.32221346   3 
112  10.32499351 -071.32902190  10.32492086 -071.32913184   3 
111  10.32505065 -071.32922045   3 
112  10.32522370 -071.32933860  10.32535349 -071.32942722   3 
113  10.32542801 -071.32931855 
120 Default hold RWY 06 (near)
111  10.32506453 -071.32938947   4 
115  10.32513718 -071.32927953 
120 Default hold RWY 06 (centre)
111  10.32970886 -071.32236115   4 
115  10.32978151 -071.32225121 
120 Default hold RWY 06 (far)
111  10.33435319 -071.31533282   4 
115  10.33442584 -071.31522288 
19   10.32556704 -071.33005163 1 WS
19   10.33457194 -071.31500336 1 WS
54 11815 TWR


130 Airport Boundary
111  010.32474041 -071.32917023
111  010.32538891 -071.32961273
111  010.33475018 -071.31544495
111  010.33464432 -071.31536865
113  010.33410168 -071.31500244
99
