A
1000 Generated by Infinite Flight Airport Editing (World Parser)

1      622 1 0 CYQG Windsor
100   60.96   1   0 0.00 0 3 0 07   42.27333600 -082.97055800  274.93    0.00 2 10 0 1 25   42.28488900 -082.94116400  348.08    0.00 3 10 0 0
100   46.02   1   0 0.00 0 2 0 12   42.27333600 -082.97055800  174.04    0.00 2 10 0 0 30   42.26722200 -082.95333100   99.06    0.00 2  0 0 0
21   42.27655184 -082.96407736  2  62.01   3.00 07  PAPI-4L
21   42.27208723 -082.96536363  2 115.62   3.00 12  PAPI-4L
21   42.28151144 -082.94824934  2 242.03   3.00 25  PAPI-4L
21   42.26820161 -082.95754895  2 295.63   3.00 30  PAPI-4L
110   1 0.00 152.00 Taxiway 1
111  42.28025077 -082.95224333 
111  42.28026139 -082.95214085 102 
112  42.28019467 -082.95190064  42.28012329 -082.95184275 
111  42.28019467 -082.95190064 102 
111  42.27960063 -082.95146401 102 
111  42.27973278 -082.95110678 102 
111  42.27995535 -082.95127599 
112  42.27995535 -082.95127599  42.27995892 -082.95143760 102 
111  42.28003882 -082.95156271 102 
111  42.28022661 -082.95170842 
112  42.28022661 -082.95170842  42.28029621 -082.95175425 102 
111  42.28045614 -082.95164732 
113  42.28049787 -082.95161912 
110   1 0.00  62.00 Taxiway 2
111  42.28415856 -082.94226391 
111  42.28417014 -082.94219567 102 
111  42.28401571 -082.94151608 102 
111  42.28431922 -082.94075542 102 
111  42.28463671 -082.94100328 
111  42.28464976 -082.94099007 
111  42.28483438 -082.94052603 
111  42.28532103 -082.94086372 
111  42.28513232 -082.94134460 
111  42.28467963 -082.94102037 
113  42.28463537 -082.94103746 
110   1 0.00  15.00 Taxiway 3
111  42.27692172 -082.96069629 
111  42.27668186 -082.96026976 
111  42.27083371 -082.96245385 
112  42.27083371 -082.96245385  42.27078828 -082.96258758 102 
111  42.27079570 -082.96274386 
111  42.27079149 -082.96286328 
111  42.27035807 -082.96162360 
111  42.27042119 -082.96169184 102 
111  42.27051605 -082.96179680 
111  42.27743234 -082.95921570  51 
111  42.27750388 -082.95915049 
113  42.27755438 -082.95910500 
110   1 0.00  15.00 Taxiway 4
111  42.27036682 -082.96280378 
111  42.27033594 -082.96276205 
111  42.27024805 -082.96266575 
111  42.26835364 -082.96338476  51 102 
111  42.26818736 -082.96378278 
112  42.26818736 -082.96378278  42.26815862 -082.96387458 102 
111  42.26818974 -082.96394327 
111  42.26793233 -082.96404838 102 
111  42.26765830 -082.96287896 102 
111  42.26776401 -082.96259112 
111  42.26837749 -082.96262049 
111  42.26992144 -082.96203153 
112  42.26992144 -082.96203153  42.26998034 -082.96188683 102 
111  42.26996123 -082.96168483 
113  42.26995740 -082.96157628 
110   1 0.00  25.60 Taxiway 5
111  42.27153683 -082.96609766 
111  42.27151006 -082.96606664 102 
112  42.27111603 -082.96591155  42.27092950 -082.96601409 
111  42.27111603 -082.96591155 102 
111  42.27040832 -082.96637164 
111  42.27028524 -082.96602191 102 
111  42.27100510 -082.96558588 
112  42.27100510 -082.96558588  42.27120427 -082.96544061 102 
111  42.27113134 -082.96499655 
113  42.27113899 -082.96491384 
110   1 0.00 155.00 Taxiway 6
111  42.27040832 -082.96637164 102 
111  42.27023508 -082.96644837 102 
111  42.27012948 -082.96649686 
111  42.26993820 -082.96652505 
111  42.26980953 -082.96651565 
111  42.26977913 -082.96657448 
111  42.26971974 -082.96661942 
111  42.26969836 -082.96657769 
111  42.26968174 -082.96658090 
111  42.26966749 -082.96662584 
111  42.26956060 -082.96655522 
111  42.26957010 -082.96651991 
111  42.26905099 -082.96619484 
111  42.26901593 -082.96630203 
111  42.26892876 -082.96625349 
111  42.26896439 -082.96610584 
111  42.26893351 -082.96596782 
111  42.26886226 -082.96592288 
111  42.26880762 -082.96607695 
111  42.26877300 -082.96605594 
111  42.26882389 -082.96590323 
111  42.26874320 -082.96585596 
111  42.26873161 -082.96589720 
111  42.26869908 -082.96588028 
111  42.26871261 -082.96583942 
111  42.26863497 -082.96578612 
111  42.26858536 -082.96575773 
111  42.26855584 -082.96573671 
111  42.26828683 -082.96550106 
111  42.26816928 -082.96517820 102 
111  42.26811940 -082.96491721 
111  42.26837831 -082.96482091 102 
111  42.26867285 -082.96502313 106 
111  42.26905052 -082.96484338 106 
111  42.26983804 -082.96534411 106 
111  42.26996869 -082.96582880 102 
113  42.27028524 -082.96602191 
110   1 0.00 107.00 Taxiway 7
111  42.26811940 -082.96491721 
111  42.26798093 -082.96429304 102 
111  42.26793233 -082.96404838 
111  42.26818974 -082.96394327 102 
113  42.26837831 -082.96482091 
110   1 0.00 115.00 Taxiway 8
111  42.26776401 -082.96259112 102 
111  42.26726930 -082.96120538 102 
111  42.26695370 -082.96105754 
111  42.26744603 -082.96073343 
111  42.26728613 -082.96026717 102 
111  42.26750495 -082.96056853 102 
111  42.26817977 -082.96247646  51 102 
113  42.26837749 -082.96262049 
110   2 0.00 115.00 Taxiway 9
111  42.26744603 -082.96073343 
111  42.26695370 -082.96105754 
111  42.26683499 -082.96112809 
111  42.26688991 -082.96130469 
111  42.26676050 -082.96139299 
111  42.26670082 -082.96121639 
111  42.26660053 -082.96127748 
111  42.26546332 -082.95809403 
111  42.26565459 -082.95730924 
111  42.26613104 -082.95698968 
111  42.26625074 -082.95733645 102 
113  42.26728613 -082.96026717  51 
110   1 0.00  65.00 Taxiway 10
111  42.26552812 -082.95784646 102 
111  42.26557136 -082.95725123 102 
111  42.26647187 -082.95379854 102 
111  42.26702835 -082.95346856 
111  42.26706825 -082.95344697 
111  42.26741026 -082.95443497 
111  42.26737079 -082.95441085 102 
111  42.26703995 -082.95416772 102 
111  42.26674801 -082.95432969 102 
111  42.26620677 -082.95644216 102 
111  42.26625074 -082.95733645 
111  42.26613104 -082.95698968 
113  42.26565459 -082.95730924 
110   1 0.00 116.00 Taxiway 11
111  42.27012948 -082.96649686 102 
112  42.27011442 -082.96660437  42.27012927 -082.96665453 
111  42.27011442 -082.96660437 102 
111  42.27087011 -082.96872062 
111  42.27078791 -082.96877614 
111  42.27075930 -082.96869685 
112  42.27071960 -082.96869229  42.27070048 -082.96870901 
111  42.27071960 -082.96869229 
111  42.27055323 -082.96879981 
111  42.27057156 -082.96884760 
111  42.27042545 -082.96893666 
111  42.27033704 -082.96868795 
111  42.27047608 -082.96859410 
111  42.27049296 -082.96864016 
112  42.27055082 -082.96868252  42.27058457 -082.96866276 
111  42.27055082 -082.96868252 
111  42.27066896 -082.96861735 
112  42.27066896 -082.96861735  42.27070496 -082.96858999 
111  42.27069402 -082.96851220 102 
111  42.27054838 -082.96810434 
112  42.27046161 -082.96823288  42.27041175 -082.96826943 
111  42.27046161 -082.96823288 
111  42.27022993 -082.96837151 
111  42.27025583 -082.96844302 
111  42.27017229 -082.96848376 
111  42.27010478 -082.96828176 
111  42.27018581 -082.96823547 
111  42.27020604 -082.96829674 
111  42.27043509 -082.96816772 
112  42.27043509 -082.96816772  42.27048157 -082.96813803 
111  42.27051513 -082.96800867 102 
111  42.27039473 -082.96766840 
112  42.27039473 -082.96766840  42.27038566 -082.96764670 
111  42.27035336 -082.96766586 
111  42.27033439 -082.96759942 
112  42.27035684 -082.96756536  42.27034986 -082.96754649 
111  42.27035684 -082.96756536 102 
111  42.27016498 -082.96702182 
112  42.27016498 -082.96702182  42.27011549 -082.96696163 
111  42.27005655 -082.96709902 
112  42.26987572 -082.96741181  42.26979283 -082.96750043 
111  42.26964185 -082.96753563 
111  42.26965150 -082.96758776 
111  42.26959604 -082.96777022 
111  42.26943209 -082.96764315 
111  42.26953540 -082.96733407 
111  42.26952612 -082.96718048 
111  42.26939351 -082.96710199 
111  42.26937905 -082.96714109 
111  42.26932359 -082.96710199 
111  42.26933324 -082.96706615 
111  42.26926814 -082.96703357 
112  42.26923197 -082.96710525  42.26922956 -082.96710199 
111  42.26893588 -082.96692279 
111  42.26901063 -082.96658394 
111  42.26946261 -082.96685596 
111  42.26956060 -082.96655522 
111  42.26966749 -082.96662584 
111  42.26960857 -082.96682179 
111  42.26988083 -082.96696039 
111  42.26971974 -082.96661942 
111  42.26977913 -082.96657448 
111  42.26994612 -082.96692931 
112  42.26994612 -082.96692931  42.27003396 -082.96698281 
112  42.27009115 -082.96681665  42.27008991 -082.96677987 
111  42.27009115 -082.96681665 102 
111  42.27002810 -082.96663933 
112  42.27002810 -082.96663933  42.27000335 -082.96658750 102 
113  42.26993820 -082.96652505 
111  42.26984597 -082.96713655 
111  42.26981704 -082.96720823 
111  42.26974807 -082.96717681 
111  42.26972656 -082.96725183 
111  42.26966384 -082.96721642 
111  42.26968202 -082.96716262 
111  42.26961692 -082.96713003 
111  42.26959763 -082.96719846 
112  42.26969166 -082.96737766  42.26981122 -082.96739235 
113  42.26991107 -082.96717891 
111  42.26969519 -082.96711534 
111  42.26971438 -082.96704959 
111  42.26965660 -082.96701387 
113  42.26963414 -082.96708375 
111  42.26972453 -082.96724755 
111  42.26977555 -082.96707912 
111  42.26971762 -082.96704867 
113  42.26966738 -082.96721491 
110   1 0.00  65.00 Taxiway 12
111  42.26863497 -082.96578612 
111  42.26859133 -082.96592109 
111  42.26866081 -082.96596543 
111  42.26864713 -082.96601264 
111  42.26857646 -082.96597099 
111  42.26854776 -082.96605464 
111  42.26861737 -082.96609934 
111  42.26859904 -082.96615391 
111  42.26852824 -082.96611065 
111  42.26849768 -082.96620920 
111  42.26856861 -082.96625139 
111  42.26855028 -082.96630291 
111  42.26847988 -082.96626180 
111  42.26845440 -082.96633749 
112  42.26845440 -082.96633749  42.26842628 -082.96641805 
111  42.26849871 -082.96646219 
111  42.26852053 -082.96639536 
111  42.26855347 -082.96641116 
111  42.26852982 -082.96648503 
111  42.26857141 -082.96650540 
111  42.26865111 -082.96626306 
111  42.26874033 -082.96631517 
111  42.26868073 -082.96650066 
111  42.26868871 -082.96656672 
111  42.26866705 -082.96656464 
111  42.26868897 -082.96661146 
111  42.26875544 -082.96662191 
111  42.26875698 -082.96667717 
111  42.26869322 -082.96667109 
112  42.26869322 -082.96667109  42.26870438 -082.96669747 
111  42.26869296 -082.96679621 
111  42.26828049 -082.96803845 
111  42.26809318 -082.96793343 
111  42.26806927 -082.96792536 
111  42.26805134 -082.96787419 
111  42.26803539 -082.96786881 
111  42.26801148 -082.96779072 
111  42.26800750 -082.96775302 
111  42.26806353 -082.96773687 
111  42.26813732 -082.96750986 
111  42.26807235 -082.96747053 
111  42.26808768 -082.96742337 
111  42.26815296 -082.96745952 
111  42.26818285 -082.96737335 
111  42.26811709 -082.96733215 
111  42.26813279 -082.96728727 
111  42.26819879 -082.96732489 
111  42.26822608 -082.96724215 
111  42.26815773 -082.96720518 
111  42.26817596 -082.96715794 
111  42.26824087 -082.96719254 
111  42.26826962 -082.96710637 
111  42.26820483 -082.96706680 
111  42.26822016 -082.96702061 
111  42.26828465 -082.96706051 
111  42.26831062 -082.96698210 
111  42.26824782 -082.96693901 
111  42.26826207 -082.96689455 
111  42.26833030 -082.96692637 
111  42.26835790 -082.96683898 
111  42.26829250 -082.96679802 
111  42.26830645 -082.96675763 
111  42.26837215 -082.96679443 
111  42.26843192 -082.96661132 
112  42.26842196 -082.96649015  42.26839497 -082.96646735 
111  42.26837510 -082.96648172 
111  42.26835820 -082.96652246 
111  42.26831564 -082.96649692 
111  42.26833628 -082.96644168 
111  42.26829230 -082.96641798 
111  42.26830546 -082.96637561 
111  42.26837679 -082.96638477 
111  42.26840204 -082.96631243 
111  42.26834226 -082.96626934 
111  42.26835594 -082.96621908 
111  42.26842076 -082.96624780 
113  42.26858536 -082.96575773 
111  42.26865310 -082.96677754 
112  42.26862122 -082.96661401  42.26857753 -082.96658135 
111  42.26862122 -082.96661401 
111  42.26854949 -082.96656554 
112  42.26848847 -082.96657631  42.26847947 -082.96660823 
111  42.26848847 -082.96657631 
111  42.26844814 -082.96669312 
111  42.26849418 -082.96672171 
111  42.26851692 -082.96665375 
111  42.26860734 -082.96671911 
111  42.26848724 -082.96708597 
113  42.26853953 -082.96711485 
111  42.26842341 -082.96693444 
111  42.26845849 -082.96683109 
111  42.26841369 -082.96680364 
113  42.26837879 -082.96690840 
111  42.26835621 -082.96713908 
111  42.26840795 -082.96698437 
111  42.26836164 -082.96695753 
113  42.26831128 -082.96711313 
111  42.26829045 -082.96734103 
111  42.26833996 -082.96718983 
111  42.26829419 -082.96716299 
113  42.26824583 -082.96731370 
111  42.26822270 -082.96754837 
111  42.26827312 -082.96739374 
111  42.26822868 -082.96736527 
113  42.26817754 -082.96752030 
111  42.26815532 -082.96775180 
111  42.26820507 -082.96759978 
111  42.26815954 -082.96757253 
113  42.26811087 -082.96772283 
111  42.26830240 -082.96783600 
111  42.26831382 -082.96779986 
111  42.26826430 -082.96776444 
113  42.26825120 -082.96780059 
111  42.26833459 -082.96773637 
111  42.26837873 -082.96760019 
111  42.26832952 -082.96756861 
113  42.26828315 -082.96770488 
111  42.26840059 -082.96753516 
111  42.26844787 -082.96739130 
111  42.26839612 -082.96736013 
113  42.26835029 -082.96750325 
111  42.26847178 -082.96732129 
111  42.26851761 -082.96718397 
111  42.26846495 -082.96715320 
113  42.26841919 -082.96729053 
111  42.26860321 -082.96672029 
111  42.26851808 -082.96666056 
111  42.26816149 -082.96774628 
113  42.26824860 -082.96779795 
110   1 0.00  15.00 Taxiway 13
111  42.26855584 -082.96573671 
111  42.26852398 -082.96581929 
111  42.26843381 -082.96585155 
111  42.26787685 -082.96604508 
111  42.26790603 -082.96622786 
111  42.26783972 -082.96629954 
111  42.26777342 -082.96598057 
111  42.26779198 -082.96597340 
111  42.26774690 -082.96573686 
111  42.26741315 -082.96583797 
111  42.26734348 -082.96548241 
111  42.26782883 -082.96531291 
111  42.26792961 -082.96528065 
111  42.26816928 -082.96517820 
113  42.26828683 -082.96550106 
111  42.26769546 -082.96569739 
111  42.26765574 -082.96551092 
111  42.26738894 -082.96560901 
113  42.26742911 -082.96578845 
110   1 0.00  15.00 Taxiway 14
111  42.26811940 -082.96491721 102 
112  42.26790725 -082.96471127  42.26780939 -082.96474167 
111  42.26790725 -082.96471127 102 
111  42.26781305 -082.96474349 
111  42.26769884 -082.96478636 102 
111  42.26694281 -082.96507153 102 
112  42.26680027 -082.96535345  42.26681295 -082.96557865 
111  42.26680027 -082.96535345 102 
111  42.26685875 -082.96565240 
111  42.26709794 -082.96596985 
111  42.26713166 -082.96612533 
111  42.26721016 -082.96609614 
111  42.26730297 -082.96659322 
111  42.26704009 -082.96667315 
111  42.26696915 -082.96633037 
111  42.26694586 -082.96633771 
111  42.26690019 -082.96640205 
111  42.26673841 -082.96645581 
111  42.26673841 -082.96639130 
111  42.26669067 -082.96612251 
111  42.26663498 -082.96613684 
111  42.26664558 -082.96616551 
111  42.26649984 -082.96622041 
111  42.26652344 -082.96633861 
111  42.26644291 -082.96636614 
111  42.26642266 -082.96627410 
111  42.26615907 -082.96638105 
111  42.26612376 -082.96639789 
111  42.26611766 -082.96637086 
111  42.26585998 -082.96647479 
111  42.26576715 -082.96626693 
111  42.26572737 -082.96616658 102 
111  42.26554967 -082.96544982 102 
111  42.26681204 -082.96498449 
111  42.26683766 -082.96493153 
111  42.26680247 -082.96476274 
111  42.26708528 -082.96465313 
111  42.26713567 -082.96484307 
111  42.26716362 -082.96485566 102 
111  42.26767113 -082.96466967 
111  42.26778403 -082.96462652 102 
111  42.26788401 -082.96459220 
112  42.26788401 -082.96459220  42.26798411 -082.96454812 102 
113  42.26798093 -082.96429304 
111  42.26669352 -082.96590860 
112  42.26677583 -082.96567813  42.26675654 -082.96553803 
111  42.26677583 -082.96567813 102 
111  42.26671952 -082.96538541 102 
112  42.26648091 -082.96524263  42.26632901 -082.96528173 
111  42.26648091 -082.96524263 102 
111  42.26580042 -082.96549838 102 
112  42.26573335 -082.96580843  42.26576228 -082.96597133 
111  42.26573335 -082.96580843 102 
111  42.26576477 -082.96592919 
112  42.26576477 -082.96592919  42.26577924 -082.96600739 
111  42.26586667 -082.96598695 
111  42.26655584 -082.96573688 
113  42.26659820 -082.96594199 
110   2 0.00  15.00 Pad
111  42.26680247 -082.96476274 
111  42.26662670 -082.96397388 
111  42.26665893 -082.96395627 
111  42.26658932 -082.96367518 
111  42.26668029 -082.96363883 
111  42.26674819 -082.96392051 
111  42.26681697 -082.96389278 
111  42.26680342 -082.96383304 
111  42.26689813 -082.96380043 
111  42.26689492 -082.96378312 
111  42.26692398 -082.96376955 
111  42.26694084 -082.96384084 
111  42.26701773 -082.96422177 
111  42.26702244 -082.96432739 
113  42.26708528 -082.96465313 
110   2 0.00 116.00 Pad
111  42.27035336 -082.96766586 
111  42.27029658 -082.96770614 
111  42.27034261 -082.96784239 
111  42.27015191 -082.96796087 
111  42.27012342 -082.96788386 
111  42.27016214 -082.96785891 
111  42.27009559 -082.96766728 
111  42.27011904 -082.96765283 
111  42.27010715 -082.96762159 
111  42.27023520 -082.96753434 
111  42.27026994 -082.96763541 
113  42.27033439 -082.96759942 
110   2 0.00 116.00 Pad
111  42.26965150 -082.96758776 
112  42.26978638 -082.96778538  42.26972973 -082.96805425 
111  42.26978638 -082.96778538 
112  42.26978638 -082.96778538  42.26968137 -082.96796089 
113  42.26959604 -082.96777022 
110   1 0.00 116.00 Pad
111  42.27016214 -082.96785891 
111  42.27012342 -082.96788386 
111  42.27001229 -082.96794859 
111  42.26994310 -082.96775004 
113  42.27009559 -082.96766728 
110   2 0.00 116.00 Pad
111  42.27001902 -082.96858183 
111  42.26994993 -082.96837643 
111  42.27010478 -082.96828176 
113  42.27017229 -082.96848376 
110   2 0.00   0.00 Pad
111  42.26966738 -082.96721491 
111  42.26971762 -082.96704867 
111  42.26977555 -082.96707912 
113  42.26972453 -082.96724755 
110   2 0.00   0.00 Pad
111  42.26870668 -082.96641308 
111  42.26884209 -082.96651017 
111  42.26881583 -082.96658486 
113  42.26867905 -082.96648963 
110   2 0.00 155.00 Pad
111  42.26901063 -082.96658394 
111  42.26898713 -082.96656694 
111  42.26903662 -082.96642252 
111  42.26898531 -082.96639198 
111  42.26901593 -082.96630203 
111  42.26905099 -082.96619484 
111  42.26957010 -082.96651991 
111  42.26956060 -082.96655522 
113  42.26946261 -082.96685596 
110   2 0.00   0.00 Pad
111  42.26937905 -082.96714109 
111  42.26935577 -082.96721669 
111  42.26929784 -082.96718592 
113  42.26932359 -082.96710199 
110   2 0.00 115.00 Pad
111  42.26567376 -082.95898138 
111  42.26557869 -082.95869982 
111  42.26565354 -082.95865335 
113  42.26575266 -082.95894037 
110   1 0.00 115.00 Pad
111  42.26623487 -082.96024243 
111  42.26610471 -082.96031566 
111  42.26580808 -082.95945881 
111  42.26539847 -082.95831216 
111  42.26552099 -082.95824598 
111  42.26600080 -082.95958270 
111  42.26592957 -082.95962692 
111  42.26600268 -082.95983190 
113  42.26607780 -082.95979081 
111  42.26575266 -082.95894037 
111  42.26565354 -082.95865335 
111  42.26557869 -082.95869982 
113  42.26567376 -082.95898138 
110   2 0.00 115.00 Pad
111  42.26643035 -082.96123278 
111  42.26619991 -082.96138063 
111  42.26571511 -082.95998989 
111  42.26577224 -082.95996068 
111  42.26563731 -082.95957048 
111  42.26580808 -082.95945881 
111  42.26610471 -082.96031566 
111  42.26623487 -082.96024243 
111  42.26632935 -082.96048456 
113  42.26619903 -082.96057261 
110   2 0.00 115.00 Pad
111  42.26687976 -082.96303408 
111  42.26680275 -082.96269389 
111  42.26695084 -082.96263786 
113  42.26702380 -082.96298059 
110   2 0.00   0.00 Pad
111  42.26943209 -082.96764315 
111  42.26929824 -082.96757322 
111  42.26933891 -082.96744282 
111  42.26935534 -082.96744977 
111  42.26940620 -082.96729406 
111  42.26946537 -082.96732778 
111  42.26947576 -082.96729967 
113  42.26953540 -082.96733407 
110   1 0.00  15.00 Pad
111  42.26682113 -082.96383380 
111  42.26677451 -082.96361885 
111  42.26685559 -082.96358553 
111  42.26689492 -082.96378312 
113  42.26689813 -082.96380043 
110   1 0.00  15.00 Pad
111  42.26694084 -082.96384084 
111  42.26732860 -082.96369101 
111  42.26741093 -082.96407290 
113  42.26701773 -082.96422177 
110   2 0.00  15.00 Pad
111  42.26611766 -082.96637086 
111  42.26612376 -082.96639789 
111  42.26620130 -082.96674057 
111  42.26594154 -082.96683392 
113  42.26585998 -082.96647479 
110   2 0.00  15.00 Pad
111  42.26642266 -082.96627410 
111  42.26644291 -082.96636614 
111  42.26646984 -082.96649579 
111  42.26620548 -082.96660163 
113  42.26615907 -082.96638105 
110   2 0.00  15.00 Pad
111  42.26672403 -082.96669931 
111  42.26668245 -082.96647686 
111  42.26691254 -082.96638755 
113  42.26696149 -082.96661909 
110   2 0.00  65.00 Pad
111  42.26742911 -082.96578845 
111  42.26738894 -082.96560901 
111  42.26765574 -082.96551092 
113  42.26769546 -082.96569739 
110   2 0.00  15.00 Pad
111  42.26721016 -082.96609614 
111  42.26763288 -082.96595755 
111  42.26772100 -082.96640078 
113  42.26728774 -082.96655624 
110   2 0.00  15.00 Pad
111  42.26843381 -082.96585155 
111  42.26846823 -082.96602761 
111  42.26825490 -082.96609968 
111  42.26824197 -082.96605160 
111  42.26811190 -082.96610096 
111  42.26811996 -082.96614407 
111  42.26790603 -082.96622786 
113  42.26787685 -082.96604508 
110   2 0.00  65.00 Pad
111  42.26879305 -082.96622060 
111  42.26867497 -082.96614873 
111  42.26871599 -082.96602259 
113  42.26883466 -082.96609159 
110   2 0.00  65.00 Pad
111  42.26816008 -082.96656804 
111  42.26820907 -082.96642715 
111  42.26831564 -082.96649692 
111  42.26835820 -082.96652246 
111  42.26838366 -082.96654088 
113  42.26834096 -082.96667497 
110   1 0.00  65.00 Pad
111  42.26795123 -082.96769647 
111  42.26783161 -082.96762395 
111  42.26791089 -082.96738547 
111  42.26803357 -082.96746072 
113  42.26801428 -082.96751740 
110   2 0.00  65.00 Pad
111  42.26800750 -082.96775302 
111  42.26801014 -082.96773026 
111  42.26795123 -082.96769647 
111  42.26801428 -082.96751740 
111  42.26811653 -082.96757902 
113  42.26806353 -082.96773687 
110   1 0.00  65.00 Pad
111  42.26796177 -082.96795918 
111  42.26792044 -082.96808987 
111  42.26781827 -082.96802664 
113  42.26786164 -082.96790491 
110   2 0.00  65.00 Pad
111  42.26803539 -082.96786881 
111  42.26800282 -082.96787826 
111  42.26796935 -082.96797048 
111  42.26786164 -082.96790491 
111  42.26790524 -082.96778988 
111  42.26794469 -082.96779550 
111  42.26794469 -082.96782075 
111  42.26798621 -082.96782075 
113  42.26801148 -082.96779072 
110   2 0.00  65.00 Pad
111  42.26826961 -082.96802563 
111  42.26821484 -082.96818946 
111  42.26804368 -082.96808320 
113  42.26809318 -082.96793343 
110   2 0.00  65.00 Pad
111  42.26824860 -082.96779795 
111  42.26816149 -082.96774628 
111  42.26851808 -082.96666056 
113  42.26860321 -082.96672029 
110   2 0.00 116.00 Pad
111  42.27024910 -082.96904346 
111  42.27016082 -082.96880239 
111  42.27033704 -082.96868795 
113  42.27042545 -082.96893666 
110   1 0.00   0.00 Filet
111  42.27311617 -082.96933132 
111  42.27323022 -082.96947349 
111  42.27336444 -082.96951114 
111  42.27349489 -082.96943368 
113  42.27330509 -082.96989509 
110   1 0.00  62.00 Filet
111  42.27315296 -082.97067472 
111  42.27333586 -082.97054760 
111  42.27357885 -082.97072415 
111  42.27305106 -082.97069237 
111  42.27295700 -082.97037811 
113  42.27291258 -082.96997909 
110   1 0.00 115.00 Road
111  42.26767113 -082.96466967 
111  42.26769421 -082.96460154 
111  42.26722675 -082.96248247 
111  42.26714870 -082.96251603 
111  42.26713001 -082.96243434 
111  42.26718164 -082.96240679 
111  42.26718313 -082.96235419 
111  42.26721607 -082.96232587 
112  42.26706337 -082.96219722  42.26692393 -082.96223868 
111  42.26706337 -082.96219722 
111  42.26705000 -082.96225589 
111  42.26681124 -082.96231784 
111  42.26678352 -082.96223971 
112  42.26685089 -082.96203539  42.26682486 -082.96190726 
111  42.26685089 -082.96203539 
111  42.26666076 -082.96149082 
111  42.26653635 -082.96156288 
111  42.26643021 -082.96125413 
111  42.26656572 -082.96117195 
111  42.26660053 -082.96127748 
111  42.26670082 -082.96121639 
111  42.26676050 -082.96139299 
111  42.26673262 -082.96148880 
111  42.26692425 -082.96205726 
112  42.26692425 -082.96205726  42.26695864 -082.96215524 
111  42.26704551 -082.96214223 
112  42.26704551 -082.96214223  42.26725188 -082.96209073 
111  42.26725660 -082.96231216 
111  42.26774292 -082.96458068 
113  42.26778403 -082.96462652 
110   1 0.00 105.00 Road
111  42.26782883 -082.96531291 
111  42.26783332 -082.96523932 
111  42.26774561 -082.96483111 
111  42.26769884 -082.96478636 
111  42.26781305 -082.96474349 
111  42.26780166 -082.96481145 
111  42.26789237 -082.96522733 
113  42.26792961 -082.96528065 
130 Airport Boundary
111  42.26463824 -082.96428567 
111  42.26394146 -082.96204126 
111  42.26627771 -082.95298161 
111  42.26503677 -082.94928838 
111  42.26647058 -082.94851862 
111  42.27783325 -082.95189381 
111  42.27929729 -082.94783415 
111  42.28252801 -082.94434798 
111  42.28585690 -082.93523900 
111  42.28771163 -082.93659369 
111  42.27237776 -082.97789709 
111  42.26986551 -082.97633636 
111  42.27155802 -082.97154378 
111  42.27040075 -082.97011022 
111  42.26967745 -082.96931528 
111  42.26629490 -082.96768258 
113  42.26522452 -082.96616957 
120 Taxi Lights
111  42.26837749 -082.96262049  51 102 
111  42.26853745 -082.96273745  51 102 
111  42.26974525 -082.96228624 
112  42.26974525 -082.96228624  42.26983509 -082.96224819  51 102 
115  42.26992144 -082.96203153 
120 Taxi Lights
111  42.27024805 -082.96266575  51 102 
112  42.26998538 -082.96258377  42.26992125 -082.96260945 
111  42.26998538 -082.96258377  51 102 
111  42.26844230 -082.96316874  51 102 
115  42.26835364 -082.96338476 
120 Taxi Lights
111  42.27051605 -082.96179680  51 102 
112  42.27081517 -082.96187532  42.27096875 -082.96181931 
111  42.27081517 -082.96187532  51 102 
111  42.27702269 -082.95954677  51 102 
115  42.27743234 -082.95921570 
120 Taxi Lights
111  42.27691118 -082.96066674  51 102 
111  42.27659246 -082.96010420  51 102 
111  42.27105921 -082.96216301 
112  42.27105921 -082.96216301  42.27088595 -082.96224197  51 102 
115  42.27083371 -082.96245385 
120 Taxi boundry
111  42.26776401 -082.96259112  51 
111  42.26781810 -082.96242447  51 
111  42.26735522 -082.96110630  51 
111  42.26702623 -082.96094088 
111  42.26744603 -082.96073343  51 
111  42.26800937 -082.96235210  51 
115  42.26817977 -082.96247646 
120 Taxi boundry
111  42.26669067 -082.96612251   2 
111  42.26691429 -082.96604230   2 
115  42.26696915 -082.96633037 
120 Taxi boundry
111  42.27002810 -082.96663933  21 
111  42.26992359 -082.96646917  21 
115  42.26832765 -082.96551653 
120 Taxi boundry
111  42.26565459 -082.95730924  51 
111  42.26659356 -082.95373817 
111  42.26704250 -082.95417148  51 
111  42.26692848 -082.95409124  51 
111  42.26667670 -082.95424852  51 
111  42.26611850 -082.95642136  51 
115  42.26613104 -082.95698968 
120 TL
111  42.26602116 -082.95924646   1 
111  42.26627267 -082.95825036 
111  42.26614257 -082.95802770   1 
111  42.26590947 -082.95895786 
111  42.26578699 -082.95863122   1 
111  42.26602329 -082.95769365 
111  42.26592576 -082.95721324   1 
115  42.26564389 -082.95825036 
120 TL
111  42.26614330 -082.95961621   1 
111  42.26632966 -082.95893339   1 
112  42.26661538 -082.95880958  42.26674227 -082.95900590 
111  42.26661538 -082.95880958 
111  42.26640645 -082.95823305 
112  42.26640645 -082.95823305  42.26644154 -082.95833001   1 
111  42.26644273 -082.95851672   1 
115  42.26632966 -082.95893339 
120 TL
111  42.26639536 -082.96031409   1 
111  42.26658172 -082.95963127   1 
112  42.26686744 -082.95950745  42.26699433 -082.95970377 
111  42.26686744 -082.95950745 
111  42.26665851 -082.95893092 
112  42.26665851 -082.95893092  42.26669361 -082.95902788   1 
111  42.26669479 -082.95921459   1 
115  42.26658172 -082.95963127 
120 TL
111  42.26663441 -082.96097533   1 
111  42.26682077 -082.96029251   1 
112  42.26710649 -082.96016869  42.26723338 -082.96036501 
111  42.26710649 -082.96016869 
111  42.26689756 -082.95959216 
112  42.26689756 -082.95959216  42.26693266 -082.95968913   1 
111  42.26693384 -082.95987583   1 
115  42.26682077 -082.96029251 
120 TL
111  42.26791831 -082.96241537   1 
111  42.26710649 -082.96016869   1 
111  42.26689756 -082.95959216   1 
111  42.26686744 -082.95950745   1 
111  42.26665851 -082.95893092   1 
111  42.26661538 -082.95880958   1 
111  42.26640645 -082.95823305   1 
111  42.26603277 -082.95719826   1 
112  42.26599338 -082.95651037  42.26605530 -082.95617564 
111  42.26599338 -082.95651037   1 
111  42.26659017 -082.95414078 
112  42.26659017 -082.95414078  42.26681365 -082.95358410   1 
115  42.26725045 -082.95377317 
120 TL
111  42.26791831 -082.96241537   1 
112  42.26796666 -082.96301348  42.26791334 -082.96324161   1 
115  42.26798080 -082.96359916 
120 TL
111  42.27018395 -082.96836240   1 
111  42.27045297 -082.96820220 
112  42.27045297 -082.96820220  42.27054264 -082.96813442   1 
115  42.27054387 -082.96796930 
120 TL
111  42.27043728 -082.96879990   1 
111  42.27070161 -082.96864640   1 
112  42.27073571 -082.96851667  42.27071140 -082.96844272 
111  42.27073571 -082.96851667   1 
111  42.27054387 -082.96796930   1 
111  42.27005979 -082.96658594   1 
112  42.27023177 -082.96620839  42.27042631 -082.96614061 
111  42.27023177 -082.96620839 
111  42.26986972 -082.96611622 
112  42.26986972 -082.96611622  42.26993453 -082.96620677   1 
111  42.26998121 -082.96636459   1 
115  42.27005979 -082.96658594 
120 TL
111  42.26852154 -082.96527719   1 
112  42.26864768 -082.96551847  42.26866149 -082.96558942   1 
111  42.26863463 -082.96570158   1 
112  42.26893120 -082.96554090  42.26910115 -082.96557451 
111  42.26893120 -082.96554090 
111  42.26863463 -082.96570158   1 
111  42.26842354 -082.96633733 
112  42.26842354 -082.96633733  42.26839437 -082.96642428   1 
111  42.26843651 -082.96646341   1 
111  42.26859005 -082.96655662 
112  42.26859005 -082.96655662  42.26871385 -082.96661957   1 
111  42.26867461 -082.96679418   1 
111  42.26832407 -082.96783845 
112  42.26832407 -082.96783845  42.26829747 -082.96790917   1 
111  42.26825763 -082.96788979   1 
111  42.26811045 -082.96780650   1 
112  42.26808921 -082.96771723  42.26810723 -082.96766042 
111  42.26808921 -082.96771723   1 
111  42.26845209 -082.96661720 
112  42.26845209 -082.96661720  42.26849070 -082.96651170   1 
115  42.26843651 -082.96646341 
120 TL
111  42.26821081 -082.96533878   1 
111  42.26830204 -082.96531172   1 
115  42.26862093 -082.96535046 
120 TL
111  42.26784803 -082.96570374   1 
115  42.26772348 -082.96555528 
120 TL
111  42.26829040 -082.96500657   1 
111  42.26829008 -082.96517125   1 
111  42.26820966 -082.96534273   1 
111  42.26791319 -082.96545720   1 
112  42.26784803 -082.96570374  42.26787695 -082.96585108   1 
111  42.26795554 -082.96585343   1 
111  42.26824947 -082.96575217 
112  42.26824947 -082.96575217  42.26829398 -082.96574014   1 
111  42.26828889 -082.96566412   1 
115  42.26829008 -082.96517125 
120 TL
111  42.26669974 -082.96599719   1 
111  42.26675278 -082.96622983 
112  42.26675278 -082.96622983  42.26682261 -082.96638286   1 
111  42.26688171 -082.96621935   1 
111  42.26687908 -082.96593714   1 
115  42.26682384 -082.96565369 
120 TL
111  42.26682384 -082.96565369   1 
111  42.26699383 -082.96598237   2 
111  42.26705463 -082.96625963 
112  42.26705463 -082.96625963  42.26707331 -082.96633258   2 
111  42.26712150 -082.96631098   2 
115  42.26722637 -082.96627606 
120 TL
111  42.26688129 -082.96421615   1 
111  42.26702964 -082.96490332   1 
112  42.26708201 -082.96494934  42.26710860 -082.96494586 
111  42.26708201 -082.96494934 
111  42.26700690 -082.96497706 
112  42.26700690 -082.96497706  42.26703350 -082.96496083   1 
115  42.26702964 -082.96490332 
120 TL
112  42.26822081 -082.96468896  42.26816555 -082.96456946   1 
111  42.26804355 -082.96458460   1 
112  42.26814287 -082.96433812  42.26812775 -082.96419694 
111  42.26814287 -082.96433812 
111  42.26804355 -082.96458460   1 
111  42.26708201 -082.96494934   1 
111  42.26700690 -082.96497706   1 
111  42.26679907 -082.96505646   1 
111  42.26661290 -082.96512699   1 
111  42.26577448 -082.96544482 
112  42.26577448 -082.96544482  42.26563288 -082.96550346   1 
111  42.26566433 -082.96571935   1 
111  42.26575734 -082.96607657 
112  42.26575734 -082.96607657  42.26584185 -082.96631111   1 
111  42.26600457 -082.96627172   1 
111  42.26669974 -082.96599719   1 
112  42.26682384 -082.96565369  42.26677703 -082.96538983 
111  42.26682384 -082.96565369   1 
111  42.26674673 -082.96526335   1 
112  42.26679907 -082.96505646  42.26683447 -082.96504720 
111  42.26679907 -082.96505646 
111  42.26661290 -082.96512699 
112  42.26661290 -082.96512699  42.26668598 -082.96511773   1 
115  42.26674673 -082.96526335 
120 TL
111  42.26855822 -082.96294419   1 
111  42.26812295 -082.96311021   1 
112  42.26798080 -082.96359916  42.26805570 -082.96392411 
111  42.26798080 -082.96359916   1 
111  42.26814287 -082.96433812   1 
111  42.26822081 -082.96468896   1 
111  42.26829040 -082.96500657   1 
111  42.26852154 -082.96527719   1 
111  42.26862093 -082.96535046   1 
111  42.26874276 -082.96542457   1 
111  42.26893120 -082.96554090   1 
111  42.26986972 -082.96611622 
112  42.26986972 -082.96611622  42.27002347 -082.96624407   1 
111  42.27023177 -082.96620839   1 
111  42.27121979 -082.96564118   1 
112  42.27138123 -082.96508149  42.27126297 -082.96474587 
111  42.27138123 -082.96508149   1 
111  42.27114417 -082.96441281 
111  42.27155560 -082.96539301 
111  42.27186895 -082.96645689   1 
111  42.27163188 -082.96578821 
112  42.27163188 -082.96578821  42.27154121 -082.96553782   1 
115  42.27121979 -082.96564118 
120 TL
111  42.26995283 -082.96105564   1 
111  42.27018990 -082.96172432 
112  42.27018990 -082.96172432  42.27024366 -082.96205364   1 
111  42.26997117 -082.96241180   1 
112  42.27058326 -082.96283401  42.27079829 -082.96334735 
111  42.27058326 -082.96283401   1 
111  42.27082033 -082.96350269 
111  42.26997117 -082.96241180   1 
111  42.26855822 -082.96294419   1 
116  42.26791831 -082.96241537  42.26771368 -082.96172054 
120 TL
111  42.27693342 -082.96136382   1 
111  42.27731503 -082.96040327 
112  42.27731503 -082.96040327  42.27752968 -082.95979729   1 
111  42.27706699 -082.95972636   1 
111  42.27749152 -082.95953941 
112  42.27749152 -082.95953941  42.27762985 -082.95947495   1 
111  42.27776341 -082.95922997   1 
111  42.27807823 -082.95843059 
111  42.27706699 -082.95972636   1 
111  42.27082118 -082.96208881   1 
112  42.27063724 -082.96292800  42.27076756 -082.96329783 
111  42.27063724 -082.96292800   1 
111  42.27087431 -082.96359668 
111  42.27053156 -082.96223117 
111  42.26999436 -082.96111175   1 
111  42.27023142 -082.96178043 
112  42.27023142 -082.96178043  42.27041061 -082.96220750   1 
115  42.27082118 -082.96208881 
120 TL
111  42.28023039 -082.95298755   1 
111  42.28048794 -082.95233285 
112  42.28048794 -082.95233285  42.28056137 -082.95214638   1 
111  42.28041423 -082.95192110   1 
112  42.28066681 -082.95187772  42.28072689 -082.95174238 
111  42.28066681 -082.95187772   1 
111  42.28092436 -082.95122302 
111  42.28041423 -082.95192110   1 
111  42.27995380 -082.95160086   1 
111  42.27977568 -082.95147405   1 
112  42.27971345 -082.95130778  42.27975403 -082.95120574   1 
111  42.27983533 -082.95125878 
112  42.27983533 -082.95125878  42.27987874 -082.95129194   1 
112  42.27988133 -082.95143177  42.27988605 -082.95149427   1 
115  42.27995380 -082.95160086 
120 RH
111  42.27646785 -082.96014336   4 
111  42.27640427 -082.95977858 
111  42.27985686 -082.95163951   4 
115  42.27996006 -082.95136640 
120 RH
111  42.27138435 -082.96166081   4 
111  42.27146563 -082.96201136 
111  42.27363276 -082.96903832   4 
115  42.27410755 -082.96935838 
120 RH
111  42.27062176 -082.96622263   4 
111  42.27050280 -082.96589029 
111  42.26937738 -082.96281648   4 
111  42.26930377 -082.96245275 
111  42.26667670 -082.95424852   4 
115  42.26648283 -082.95416092 
14   42.26616325 -082.96060253 0030 0 Tower
15   42.26667981 -082.96080883 250.35 Gate 1
15   42.26644771 -082.96011964 252.00 Gate 2
15   42.26618893 -082.95945122 250.50 Gate 3
15   42.27036890 -082.96613191  24.58 Hold Short Rwy 07 or 12
15   42.26651456 -082.95445905  68.99 Hold Short Rwy 30
15   42.28421265 -082.94157888  58.52 Turnaround Rwy 25
18   42.26713600 -082.96264600 1 BCN
19   42.26675488 -082.95587287 1 WS
19   42.28422498 -082.94555241 1 WS
19   42.27720843 -082.95856512 1 WS
19   42.27327656 -082.96818012 0 WS
19   42.26869473 -082.96416573 1 WS
20   42.27068755 -082.96639328  25.00  0 2 {@L}A{@R}12-30
20   42.26678732 -082.95429766  72.73  0 2 {@L}D{@R}12-30
20   42.27650519 -082.96033584  15.00  0 2 {@L}F{@R}07-25
20   42.26941508 -082.96298753  15.00  0 2 {@L}F{@R}12-30
20   42.26927019 -082.96227556  15.00  0 2 {@L}F{@R}12-30
20   42.27133987 -082.96147567 195.00  0 2 {@L}F{@R}30-12
20   42.27150682 -082.96220405 195.00  0 2 {@L}F{@R}30-12
20   42.26865763 -082.96239852 195.00  0 2 {@L}F{@Y,^l}G{^r}
20   42.26836275 -082.96389276 110.50  0 2 {@L}G{@Y,^l}F
20   42.26819580 -082.96214598 294.77  0 2 {@L}G{@Y}F{^r}
20   42.27430434 -082.96948285 242.00  0 2 {@R}30-12
20   42.27348007 -082.96889682 242.00  0 2 {@R}30-12
20   42.27088110 -082.96486037 295.60  0 2 {@Y,^l}A
20   42.27100275 -082.96288612 115.60  0 2 {@Y,^l}F
20   42.26975720 -082.96170877 295.60  0 2 {@Y,^l}F
20   42.27665512 -082.96083252  62.00  0 2 {@Y,^ld}F
20   42.27145302 -082.96646991 115.60  0 2 {@Y}A{^r}
20   42.26734218 -082.95486765 115.60  0 2 {@Y}D{^rd}
20   42.27043697 -082.96126300 295.60  0 2 {@Y}F{^r}
20   42.27022772 -082.96299858 115.60  0 2 {@Y}F{^r}
20   42.27761916 -082.95836720 242.00  0 2 {@Y}F{^r}
53 12170 GND
54 12470 TWR
55 12685 DETROIT  APP/DEP
55 13430 DETROIT  APP/DEP

99
