A
1000 Generated by Infinite Flight Airport Editing (World Parser)/AB

1     2885 0 1 CL35 WARNER SPRINGS GLIDERPORT
100   21.34   1   0 0.25 0 1 0 08   33.28472200 -116.68221900    0.00    0.00 2  0 0 0 26   33.28388900 -116.66695000    0.00    0.00 2  0 0 0
110   1 0.30  93.73 Default taxiway for RWY 08
111  33.28462844 -116.68222630   3 102 
111  33.28414719 -116.68226382   3 102 
111  33.28331512 -116.66699467   3 102 
111  33.28379637 -116.66695715 
112  33.28380886 -116.66718636  33.28380038 -116.66707193   3 102 
111  33.28368542 -116.66708089   3 102 
112  33.28353214 -116.66709285  33.28341718 -116.66710181   3 102 
111  33.28342342 -116.66721641   3 102 
111  33.28382384 -116.67456448   3 102 
111  33.28420928 -116.67453443 
111  33.28421553 -116.67464903   3 102 
111  33.28383009 -116.67467908   3 102 
112  33.28423051 -116.68202715  33.28423676 -116.68214175   3 102 
111  33.28435172 -116.68213279   3 102 
112  33.28450500 -116.68212084  33.28461996 -116.68211187   3 102 
113  33.28461595 -116.68199710 
120 Default hold RWY 08 (near)
111  33.28443460 -116.68224141   4 
115  33.28442836 -116.68212681 
120 Default hold RWY 08 (centre)
111  33.28402169 -116.67466414   4 
115  33.28401544 -116.67454954 
120 Default hold RWY 08 (far)
111  33.28360878 -116.66708687   4 
115  33.28360253 -116.66697226 
18   33.28497669 -116.67453429 1 BCN
19   33.28502189 -116.68242579 1 WS
19   33.28358908 -116.66674326 1 WS
51 12280 CTAF/UNICOM


130 Airport Boundary
111  033.28331375 -116.66699219
111  033.28414536 -116.68226624
111  033.28462982 -116.68222809
111  033.28472137 -116.68222046
113  033.28388977 -116.66694641
99
