A
1000 Generated by Infinite Flight Airport Editing (World Parser)/AB

1      371 1 1 HTMT MTWARA
100   29.87   1   0 0.25 0 0 0 01  -10.34924400  040.18108300    0.00    0.00 2  0 0 0 19  -10.32887200  040.18247500    0.00    0.00 2  0 0 0
100   29.87   4   0 0.25 0 0 0 08  -10.33692200  040.17731700    0.00    0.00 1  0 0 0 26  -10.33511100  040.18777500    0.00    0.00 1  0 0 0
110   1 0.30   3.85 Default taxiway for RWY 01
111 -10.34925286  040.18121704   3 
111 -10.34929809  040.18190093   3 
111 -10.32892609  040.18329296   3 
111 -10.32888086  040.18260912 
112 -10.32914907  040.18259079 -10.32901512  040.18260224   3 
111 -10.32902594  040.18276582   3 
112 -10.32904037  040.18298392 -10.32905118  040.18314749   3 
111 -10.32918528  040.18313832   3 
111 -10.33903602  040.18246521   3 
111 -10.33899981  040.18191766 
111 -10.33913391  040.18190850   3 
111 -10.33917012  040.18245604   3 
112 -10.34902086  040.18178294 -10.34915497  040.18177377   3 
111 -10.34914416  040.18161018   3 
112 -10.34912973  040.18139207 -10.34911891  040.18122848   3 
113 -10.34898465  040.18123537 
120 Default hold RWY 01 (near)
111 -10.34927104  040.18149196   4 
115 -10.34913694  040.18150112 
120 Default hold RWY 01 (centre)
111 -10.33915209  040.18218341   4 
115 -10.33901799  040.18219258 
120 Default hold RWY 01 (far)
111 -10.32903315  040.18287487   4 
115 -10.32889904  040.18288403 
19  -10.34948517  040.18065571 1 WS
19  -10.33657149  040.17697684 1 WS
19  -10.32863083  040.18290227 1 WS
19  -10.33546150  040.18811517 1 WS
54 11810 TWR


130 Airport Boundary
111 -010.34929752  040.18190002
111 -010.34924412  040.18108368
111 -010.33692169  040.17731857
111 -010.32887173  040.18247604
111 -010.32892609  040.18329239
113 -010.33511066  040.18777466
99
