A
1000 Generated by Infinite Flight Airport Editing (World Parser)/AB

1     1506 1 1 DAAD BOU SAADA
100   29.87   1   0 0.25 0 0 0 04   35.32508100  004.19843100    0.00    0.00 2  0 0 0 22   35.33994200  004.21461700    0.00    0.00 2  0 0 0
110   1 0.30  41.62 Default taxiway for RWY 04
111  35.32499323  004.19855209   3 
111  35.32454540  004.19916993   3 
111  35.33940748  004.21535309   3 
111  35.33985531  004.21473514 
112  35.33965435  004.21451632  35.33975333  004.21462779   3 
111  35.33964621  004.21477560   3 
112  35.33950338  004.21497269  35.33939626  004.21512050   3 
111  35.33929578  004.21501109   3 
111  35.33211594  004.20719305   3 
111  35.33247451  004.20669833 
111  35.33237403  004.20658892   3 
111  35.33201546  004.20708364   3 
112  35.32483562  004.19926560  35.32473514  004.19915619   3 
111  35.32484226  004.19900840   3 
112  35.32498509  004.19881135  35.32509221  004.19866357   3 
113  35.32519419  004.19877091 
120 Default hold RWY 04 (near)
111  35.32481320  004.19880047   4 
115  35.32491368  004.19890988 
120 Default hold RWY 04 (centre)
111  35.33219400  004.20683731   4 
115  35.33229448  004.20694672 
120 Default hold RWY 04 (far)
111  35.33957480  004.21487414   4 
115  35.33967528  004.21498355 
19   35.32514784  004.19784271 1 WS
19   35.33987508  004.21520538 1 WS
54 11810 TWR


130 Airport Boundary
111  035.32454681  004.19917011
111  035.32499313  004.19855213
111  035.32508087  004.19843102
111  035.33994293  004.21461678
113  035.33940887  004.21535301
99
