A
1000 Generated by Infinite Flight Airport Editing (World Parser)/AB

1      814 0 1 M38  Hazel Green
100   12.19   1   0 0.25 0 2 0 07   34.91494617 -086.65113672    0.00    0.00 2  0 0 0 25   34.91745105 -086.64274384    0.00    0.00 2  0 0 0
110   1 0.30  70.00 Default taxiway for RWY 07
111  34.91489673 -086.65111477   3 102 
111  34.91463687 -086.65099941   3 102 
111  34.91714204 -086.64260679   3 102 
111  34.91740190 -086.64272215 
112  34.91736437 -086.64284788  34.91738102 -086.64278407   3 102 
111  34.91731916 -086.64275661   3 102 
112  34.91723668 -086.64272000  34.91717482 -086.64269253   3 102 
111  34.91715606 -086.64275540   3 102 
111  34.91595039 -086.64679456   3 102 
111  34.91615870 -086.64688703 
111  34.91613993 -086.64694989   3 102 
111  34.91593162 -086.64685742   3 102 
112  34.91472595 -086.65089657  34.91470719 -086.65095943   3 102 
111  34.91476905 -086.65098689   3 102 
112  34.91485153 -086.65102350  34.91491339 -086.65105097   3 102 
113  34.91493426 -086.65098904 
120 Default hold RWY 07 (near)
111  34.91479152 -086.65106807   4 
115  34.91481029 -086.65100520 
120 Default hold RWY 07 (centre)
111  34.91603472 -086.64690319   4 
115  34.91605349 -086.64684033 
120 Default hold RWY 07 (far)
111  34.91727792 -086.64273830   4 
115  34.91729669 -086.64267544 
18   34.91655947 -086.64710051 1 BCN
19   34.91506329 -086.65133110 1 WS
19   34.91733391 -086.64254946 1 WS


130 Airport Boundary
111  034.91463852 -086.65100098
111  034.91479111 -086.65106964
111  034.91494751 -086.65113831
111  034.91744995 -086.64274597
111  034.91740036 -086.64272308
111  034.91729736 -086.64267731
113  034.91714096 -086.64260864
99
