A
1000 Generated by Infinite Flight Airport Editing (World Parser)/AB

1     2350 0 1 AV4  McBride
100   22.86   1   0 0.25 0 0 0 11   53.31152346 -120.17353159    0.00    0.00 2  0 0 0 29   53.30647254 -120.16446641    0.00    0.00 2  0 0 0
110   1 0.30 133.00 Default taxiway for RWY 11
111  53.31144987 -120.17364643   3 
111  53.31107206 -120.17423604   3 
111  53.30602148 -120.16516970   3 
111  53.30639929 -120.16458017 
112  53.30653959 -120.16483201  53.30646780 -120.16470865   3 
111  53.30637752 -120.16484953   3 
112  53.30625715 -120.16503736  53.30616687 -120.16517823   3 
111  53.30623702 -120.16530415   3 
111  53.30858694 -120.16952250   3 
111  53.30888951 -120.16905033 
111  53.30895966 -120.16917625   3 
111  53.30865709 -120.16964842   3 
112  53.31100701 -120.17386679  53.31107715 -120.17399271   3 
111  53.31116743 -120.17385182   3 
112  53.31128780 -120.17366397  53.31137808 -120.17352308   3 
113  53.31130958 -120.17339459 
120 Default hold RWY 11 (near)
111  53.31129776 -120.17388381   4 
115  53.31122761 -120.17375789 
120 Default hold RWY 11 (centre)
111  53.30880755 -120.16941362   4 
115  53.30873740 -120.16928770 
120 Default hold RWY 11 (far)
111  53.30631733 -120.16494344   4 
115  53.30624718 -120.16481752 
19   53.31188845 -120.17343277 1 WS
19   53.30610756 -120.16456529 1 WS


130 Airport Boundary
111  053.30602264 -120.16516876
111  053.31107330 -120.17423248
111  053.31145096 -120.17364502
111  053.31152344 -120.17353058
113  053.30647278 -120.16446686
99
