A
1000 Generated by Infinite Flight Airport Editing (World Parser)/AB

1      248 0 1 87CA Swanson Ranch Nr 1
100   10.67   1   0 0.25 0 0 0 07   36.39965144 -119.62187309    0.00    0.00 2  0 0 0 25   36.40024910 -119.61338581    0.00    0.00 2  0 0 0
110   1 0.30  85.00 Default taxiway for RWY 07
111  36.39960586 -119.62186813   3 
111  36.39936452 -119.62184189   3 
111  36.39996248 -119.61335468   3 
111  36.40020382 -119.61338092 
112  36.40019545 -119.61349974  36.40019739 -119.61344009   3 
111  36.40014001 -119.61343385   3 
112  36.40006350 -119.61342553  36.40000611 -119.61341929   3 
111  36.40000193 -119.61347870   3 
111  36.39971341 -119.61757378   3 
111  36.39990693 -119.61759482 
111  36.39990275 -119.61765423   3 
111  36.39970923 -119.61763319   3 
112  36.39942071 -119.62172827  36.39941653 -119.62178768   3 
111  36.39947392 -119.62179392   3 
112  36.39955043 -119.62180224  36.39960781 -119.62180848   3 
113  36.39961423 -119.62174931 
120 Default hold RWY 07 (near)
111  36.39950798 -119.62185749   4 
115  36.39951217 -119.62179808 
120 Default hold RWY 07 (centre)
111  36.39980487 -119.61764359   4 
115  36.39980905 -119.61758418 
120 Default hold RWY 07 (far)
111  36.40010175 -119.61342969   4 
115  36.40010594 -119.61337028 
19   36.39978516 -119.62200736 1 WS
19   36.40011537 -119.61325155 1 WS


130 Airport Boundary
111  036.39936447 -119.62184143
111  036.39965057 -119.62187195
111  036.40024948 -119.61338806
111  036.40020370 -119.61338043
113  036.39996338 -119.61335754
99
