I
1050 Generated by WorldEditor 1.7.21r1

1    165 0 0 SCFX Isla San Felix
100 29.87 1 0 0.25 0 0 0 11 -26.28916855 -080.10465117    0    0 3 0 0 0 29 -26.29858673 -080.08740044    0    0 3 0 0 0
110 1 0.00 121.3400 New Taxiway 3
111 -26.29322802 -080.09693000
111 -26.29319536 -080.09692352
112 -26.29319536 -080.09692352 -26.29308824 -080.09708574
111 -26.29296874 -080.09701234
111 -26.29284009 -080.09692268
112 -26.29284009 -080.09692268 -26.29272426 -080.09682846
111 -26.29281890 -080.09664778
111 -26.29274266 -080.09655029
111 -26.29228502 -080.09625191
111 -26.29162482 -080.09745511
111 -26.29209472 -080.09778295
111 -26.29242314 -080.09718430
111 -26.29246581 -080.09720567
111 -26.29251197 -080.09719207
112 -26.29274700 -080.09711828 -26.29288199 -080.09720279
111 -26.29274700 -080.09711828
111 -26.29288064 -080.09721589
112 -26.29290228 -080.09747856 -26.29283539 -080.09768605
111 -26.29290228 -080.09747856
113 -26.29291534 -080.09750479
110 1 0.00 121.3400 New Taxiway 2
111 -26.29845155 -080.08793169
112 -26.29845155 -080.08793169 -26.29854212 -080.08783649
111 -26.29863548 -080.08789672
111 -26.29867624 -080.08792237
112 -26.29867624 -080.08792237 -26.29874504 -080.08796511
111 -26.29877030 -080.08791304
111 -26.29888178 -080.08771641
112 -26.29888178 -080.08771641 -26.29892460 -080.08763545
111 -26.29885954 -080.08759507
113 -26.29870081 -080.08747871
110 1 0.00 121.3400 New Taxiway 1
111 -26.28928310 -080.10472820
111 -26.28944165 -080.10483392
112 -26.28956054 -080.10480202 -26.28960931 -080.10472237
111 -26.28956054 -080.10480202
111 -26.28970023 -080.10455638
112 -26.28968866 -080.10438069 -26.28960520 -080.10432484
111 -26.28968866 -080.10438069
111 -26.28964101 -080.10434992
112 -26.28958853 -080.10416609 -26.28963208 -080.10403739
113 -26.28958853 -080.10416609
130 Airport Boundary 8
111 -26.28886329 -080.10457305
111 -26.28945932 -080.10496983
111 -26.28984627 -080.10489674
111 -26.29916370 -080.08758122
111 -26.29832304 -080.08697604
111 -26.29370615 -080.09541932
111 -26.29230758 -080.09452743
111 -26.29056995 -080.09784310
111 -26.29172694 -080.09866443
113 -26.28909970 -080.10371500
120 Linear Feature 7
111 -26.29205742 -080.09691662 1
115 -26.29207177 -080.09688929
120 Linear Feature 7
111 -26.29211377 -080.09695331 1
115 -26.29212812 -080.09692599
120 Linear Feature 6
111 -26.29231496 -080.09716807 1
115 -26.29234471 -080.09710898
120 Linear Feature 5
111 -26.29308288 -080.09722377 1
112 -26.29311264 -080.09741717 -26.29305777 -080.09753277
111 -26.29311264 -080.09741717 1
115 -26.29294804 -080.09772044
120 Linear Feature 4
111 -26.29342462 -080.09684610 1
111 -26.29325218 -080.09715966
112 -26.29325218 -080.09715966 -26.29318216 -080.09727740 1
111 -26.29308288 -080.09722377 1
111 -26.29292305 -080.09710910
111 -26.29283561 -080.09704635 1
111 -26.29278976 -080.09701345
111 -26.29275088 -080.09698556
112 -26.29275088 -080.09698556 -26.29266741 -080.09692484 1
115 -26.29257470 -080.09694703
14 -26.29189384 -080.09669696  82.02 0 Tower Viewpoint
1300 -26.29262883 -080.09658776 -58.75 tie_down jets|turboprops|props Ramp GA 08
1301 A general_aviation 
1300 -26.29245701 -080.09647726 -58.75 tie_down jets|turboprops|props Ramp GA 07
1301 A general_aviation 
1300 -26.29229775 -080.09637375 -58.75 tie_down jets|turboprops|props Ramp GA 06
1301 A general_aviation 
1300 -26.29172324 -080.09741729 121.98 tie_down jets|turboprops|props Ramp GA 05
1301 A general_aviation 
1300 -26.29183761 -080.09749786 121.98 tie_down jets|turboprops|props Ramp GA 04
1301 A general_aviation 
1300 -26.29195299 -080.09758039 121.98 tie_down jets|turboprops|props Ramp GA 03
1301 A general_aviation 
1300 -26.29207213 -080.09766432 121.98 tie_down jets|turboprops|props Ramp GA 02
1301 A general_aviation 
1300 -26.29207177 -080.09688929 120.19 tie_down jets|turboprops|props Ramp GA 01
1301 B general_aviation 
99
