A
1000 Generated by Infinite Flight Airport Editing (World Parser)

1      954 0 0 CKW9 Nejalini Lake
100   35.05   4   0 0.00 0 2 1 18   59.49040400 -097.78092300    0.00    0.00 0  0 0 0 36   59.48034500 -097.78140700    0.00    0.00 0  0 0 0
110   4 0.00   0.00 New Taxiway 7
111  59.48282645 -097.78120231 
111  59.48354214 -097.78047152 
111  59.48535790 -097.78044542 
113  59.48594106 -097.78106312 
130 Airport Boundary 8
111  59.47954289 -097.78529067 
111  59.47928134 -097.77814758 
111  59.49144332 -097.77743971 
113  59.49163948 -097.78496891 
14   59.48428877 -097.78211600   16 0 New Tower Viewpoint 12
15   59.48354656 -097.78064552 318.30 Nejalini Ramp
18   59.48534793 -097.77899404 1 BCN
19   59.48453175 -097.78208101 0 New Windsock 11

99
