A
1000 Generated by Infinite Flight Airport Editing (World Parser)/AB

1      512 0 0 YBTN Barton Siding
100   36.88   4   0 0.25 0 0 0 10  -30.52369450  132.67130561    0.00    0.00 2  0 0 0 28  -30.52580100  132.68077000    0.00    0.00 2  0 0 0
110   4 0.25   0.00 New Taxiway 25
111 -30.52630965  132.68132397 
112 -30.52610593  132.68176317 -30.52597496  132.68178007 
112 -30.52581489  132.68169560 -30.52581489  132.68167871 
111 -30.52316647  132.66966827 
112 -30.52296274  132.66872230 -30.52296274  132.66851959 
111 -30.52294819  132.66824932 
112 -30.52227091  132.66502384 -30.52219140  132.66478155 
112 -30.52184353  132.66381239 -30.52181371  132.66366240 
112 -30.52167457  132.66267017 -30.52170438  132.66249710 
112 -30.52172651  132.66203073 -30.52168675  132.66185767 
112 -30.52193523  132.66212303 -30.52205450  132.66226148 
112 -30.52223340  132.66237686 -30.52237255  132.66256146 
112 -30.52249182  132.66326525 -30.52254151  132.66347293 
112 -30.52278005  132.66383059 -30.52287944  132.66398058 
112 -30.52267072  132.66458053 -30.52257133  132.66477667 
112 -30.52243218  132.66486897 -30.52243218  132.66494974 
112 -30.52243218  132.66518049 -30.52244212  132.66522664 
111 -30.52304841  132.66820333 
112 -30.52332670  132.66876867 -30.52343603  132.66890712 
114 -30.52359506  132.66944939 -30.52359506  132.66955323 
14  -30.52329498  132.67005167    6 0 New Tower Viewpoint 14
15  -30.52319877  132.66885108 110.56 New Ramp Start 12
19  -30.52352348  132.66952118 0 New Windsock 13
51 12670 CTAF


130 Airport Boundary
111 -030.52630997  132.68132019
111 -030.52277946  132.66383362
111 -030.52223396  132.66238403
111 -030.52193451  132.66212463
111 -030.52172661  132.66203308
111 -030.52167511  132.66267395
111 -030.52184296  132.66381836
111 -030.52581406  132.68170166
113 -030.52610588  132.68176270
99
