A
1000 Generated by Infinite Flight Airport Editing (World Parser)/AB

1     2450 0 1 FVOT KOTWA
100   17.07   1   0 0.25 0 0 0 11  -16.98395800  032.66762800    0.00   60.96 2  0 0 0 29  -16.98571100  032.67774700    0.00   60.96 2  0 0 0
110   1 0.30 100.27 Default taxiway for RWY 11
111 -16.98403136  032.66761410   3 
111 -16.98441144  032.66754211   3 
111 -16.98616469  032.67766102   3 
111 -16.98578461  032.67773301 
112 -16.98575723  032.67757497 -16.98577313  032.67765357   3 
111 -16.98586382  032.67763640   3 
112 -16.98598474  032.67761349 -16.98607543  032.67759631   3 
111 -16.98606174  032.67751729   3 
111 -16.98521934  032.67265538   3 
111 -16.98491483  032.67271306 
111 -16.98490114  032.67263404   3 
111 -16.98520565  032.67257636   3 
112 -16.98436325  032.66771446 -16.98434956  032.66763544   3 
111 -16.98425887  032.66765262   3 
112 -16.98413795  032.66767553 -16.98404726  032.66769270   3 
113 -16.98405874  032.66777214 
120 Default hold RWY 11 (near)
111 -16.98418472  032.66758505   4 
115 -16.98419841  032.66766407 
120 Default hold RWY 11 (centre)
111 -16.98505450  032.67260499   4 
115 -16.98506819  032.67268401 
120 Default hold RWY 11 (far)
111 -16.98592428  032.67762494   4 
115 -16.98593797  032.67770396 
19  -16.98370390  032.66751291 1 WS
19  -16.98596509  032.67786210 1 WS


130 Airport Boundary
111 -016.98616409  032.67766190
111 -016.98441124  032.66754150
111 -016.98418427  032.66758347
111 -016.98403168  032.66761398
111 -016.98395729  032.66762924
111 -016.98571014  032.67774582
113 -016.98578453  032.67773438
99
