A
1000 Generated by Infinite Flight Airport Editing (World Parser)/AB

1        1 0 0 YPAJ PAJINKA
100   49.99  15   0 0.25 0 0 0 15  -10.70115600  142.53789300    0.00    0.00 0  0 0 0 33  -10.70802800  142.54067103    0.00    0.00 0  0 0 0
14  -10.70744546  142.54012352    6 0 New Tower Viewpoint 8
15  -10.70786053  142.54054594   0.00 New Ramp Start 7
19  -10.70048883  142.53836221 1 WS
19  -10.70869517  142.54020182 1 WS


130 Airport Boundary
111 -010.70802784  142.54066467
113 -010.70115566  142.53788757
99
