A
1000 Generated by Infinite Flight Airport Editing (World Parser)/AB

1      836 0 1 SK53 YAGUARITO
100   14.94   1   0 0.25 0 0 0 07   03.87913900 -073.34527800    0.00   24.38 2  0 0 0 25   03.88411100 -073.33486100    0.00   24.38 2  0 0 0
110   1 0.30  64.43 Default taxiway for RWY 07
111  03.87908041 -073.34524990   3 
111  03.87877526 -073.34510359   3 
111  03.88374732 -073.33468665   3 
111  03.88405247 -073.33483296 
112  03.88399447 -073.33495449  03.88402144 -073.33489275   3 
111  03.88394869 -073.33485787   3 
112  03.88385169 -073.33481136  03.88377895 -073.33477648   3 
111  03.88374995 -073.33483725   3 
111  03.88133642 -073.33989381   3 
111  03.88158094 -073.34001105 
111  03.88155194 -073.34007181   3 
111  03.88130742 -073.33995457   3 
112  03.87889389 -073.34501114  03.87886489 -073.34507190   3 
111  03.87893763 -073.34510678   3 
112  03.87903463 -073.34515329  03.87910738 -073.34518817   3 
113  03.87913841 -073.34512838 
120 Default hold RWY 07 (near)
111  03.87895713 -073.34519079   4 
115  03.87898613 -073.34513003 
120 Default hold RWY 07 (centre)
111  03.88142866 -073.34001270   4 
115  03.88145766 -073.33995194 
120 Default hold RWY 07 (far)
111  03.88390019 -073.33483461   4 
115  03.88392919 -073.33477385 
19   03.87926163 -073.34548613 1 WS
19   03.88398837 -073.33465286 1 WS


130 Airport Boundary
111  003.87877512 -073.34510040
111  003.87895703 -073.34519196
111  003.87908030 -073.34525299
111  003.87913895 -073.34527588
111  003.88411093 -073.33486176
111  003.88405252 -073.33483124
111  003.88392901 -073.33477020
113  003.88374734 -073.33468628
99
