A
1000 Generated by Infinite Flight Airport Editing (World Parser)

1     4321 0 0 KTVY Bolinder Field Tooele Valley
100   24.08   1   2 0.00 0 2 0 17   40.61971186 -112.35086226    0.00    0.00 2  0 0 1 35   40.60482384 -112.35056965    0.00    0.00 2  0 0 1
21   40.61787880 -112.35032817  2 179.11   3.00 17  PAPI-4L
21   40.60729669 -112.35103430  2 359.11   3.00 35  PAPI-4L
110   1 0.00   0.00 New Taxiway 21
112  40.61950178 -112.35071253  40.61939886 -112.35070964 
111  40.61950178 -112.35071253 
112  40.61950178 -112.35071253  40.61961968 -112.35068069  51 102 
111  40.61961482 -112.35057602  51 102 
112  40.61962895 -112.34979109  40.61962895 -112.34967320  51 102 
111  40.61952062 -112.34963907  51 102 
112  40.61885182 -112.34962666  40.61874349 -112.34962666  51 102 
111  40.61873878 -112.34977558  51 102 
112  40.61873407 -112.35056360  40.61873407 -112.35068459  51 102 
111  40.61886124 -112.35070320 
112  40.61851977 -112.35069700  40.61848716 -112.35069287 
111  40.61851977 -112.35069700 
112  40.61851977 -112.35069700  40.61860471 -112.35068563  51 102 
111  40.61864694 -112.35055739  51 102 
112  40.61865636 -112.34975386  40.61865400 -112.34962976  51 102 
111  40.61855981 -112.34962046  51 102 
112  40.61388291 -112.34952118  40.61378636 -112.34951808  51 102 
111  40.61378636 -112.34967319  51 102 
112  40.61378636 -112.35047044  40.61379343 -112.35059453  51 102 
111  40.61392295 -112.35060384 
112  40.61356264 -112.35059453  40.61349968 -112.35058662 
111  40.61356264 -112.35059453 
112  40.61356264 -112.35059453  40.61366626 -112.35059453  51 102 
111  40.61369687 -112.35045493  51 102 
112  40.61369923 -112.34964216  40.61369216 -112.34951187  51 102 
111  40.61359326 -112.34952428  51 102 
112  40.60889046 -112.34942501  40.60878684 -112.34942812  51 102 
111  40.60878684 -112.34955530  51 102 
112  40.60878449 -112.35037111  40.60878684 -112.35049829  51 102 
111  40.60891401 -112.35050759 
112  40.60855606 -112.35050139  40.60845676 -112.35049842 
111  40.60855606 -112.35050139 
112  40.60855606 -112.35050139  40.60867380 -112.35050139  51 102 
111  40.60869029 -112.35031838  51 102 
112  40.60869264 -112.34952738  40.60866910 -112.34940640  51 102 
111  40.60859374 -112.34941261  51 102 
112  40.60548994 -112.34935678  40.60544048 -112.34936298  51 102 
111  40.60541458 -112.34950257  51 102 
112  40.60541223 -112.35026251  40.60541929 -112.35045172  51 102 
111  40.60556765 -112.35043621 
112  40.60519557 -112.35043001  40.60515659 -112.35039669 
111  40.60519557 -112.35043001 
112  40.60519557 -112.35043001  40.60533759 -112.35041207  51 102 
111  40.60532509 -112.35021288  51 102 
112  40.60532509 -112.34955220  40.60532509 -112.34937539  51 102 
111  40.60518851 -112.34935678  51 102 
112  40.60503779 -112.34935678  40.60495772 -112.34935678  51 102 
111  40.60493653 -112.34953359  51 102 
112  40.60492946 -112.35029973  40.60492946 -112.35040520  51 102 
111  40.60502602 -112.35043001 
111  40.60482585 -112.35042691  51 102 
111  40.60485882 -112.34905280  51 102 
111  40.60507782 -112.34905900  51 102 
112  40.60508253 -112.34918928  40.60508489 -112.34924822  51 102 
111  40.60515789 -112.34924822  51 102 
111  40.60628826 -112.34926683  51 102 
111  40.60642249 -112.34902488  51 102 
111  40.60649785 -112.34901558  51 102 
111  40.60649549 -112.34885738  51 102 
111  40.60658969 -112.34886359  51 102 
111  40.60658498 -112.34901868  51 102 
111  40.60667918 -112.34901868  51 102 
111  40.60668153 -112.34885428  51 102 
111  40.60678515 -112.34886049  51 102 
111  40.60678986 -112.34902178  51 102 
111  40.60688170 -112.34902178  51 102 
111  40.60688170 -112.34885738  51 102 
111  40.60698061 -112.34886049  51 102 
111  40.60697354 -112.34903109  51 102 
111  40.60707245 -112.34902799  51 102 
111  40.60707245 -112.34887289  51 102 
111  40.60718078 -112.34886669  51 102 
111  40.60718078 -112.34902489  51 102 
111  40.60725849 -112.34902489  51 102 
111  40.60727027 -112.34886669  51 102 
111  40.60737624 -112.34886979  51 102 
111  40.60737624 -112.34901868  51 102 
111  40.60748221 -112.34902489  51 102 
111  40.60749398 -112.34886669  51 102 
111  40.60757876 -112.34885428  51 102 
111  40.60762822 -112.34885428  51 102 
111  40.60762586 -112.34902799  51 102 
111  40.60757405 -112.34918308  51 102 
111  40.60757876 -112.34929475  51 102 
111  40.60801442 -112.34929786  51 102 
111  40.60802620 -112.34883567  51 102 
111  40.60886691 -112.34882327  51 102 
111  40.60887633 -112.34810670  51 102 
111  40.60925076 -112.34810670  51 102 
111  40.60926489 -112.34819976  51 102 
111  40.60942738 -112.34820597  51 102 
112  40.60943445 -112.34924824  40.60943445 -112.34931649  51 102 
111  40.60946271 -112.34932889  51 102 
112  40.61165986 -112.34937855  40.61175641 -112.34937545  51 102 
111  40.61175405 -112.34925447  51 102 
112  40.61175641 -112.34919553  40.61175876 -112.34908385  51 102 
111  40.61165986 -112.34907765  51 102 
111  40.61130426 -112.34909005  51 102 
111  40.61133252 -112.34778406  51 102 
111  40.61158685 -112.34779027  51 102 
111  40.61159627 -112.34801362  51 102 
111  40.61184119 -112.34804154  51 102 
112  40.61183177 -112.34926377  40.61183177 -112.34938165  51 102 
111  40.61191890 -112.34937855  51 102 
112  40.61855039 -112.34949955  40.61865400 -112.34949955  51 102 
111  40.61865871 -112.34937235  51 102 
112  40.61867049 -112.34878909  40.61867520 -112.34863087  51 102 
111  40.61863987 -112.34861535  51 102 
112  40.61859278 -112.34852228  40.61854803 -112.34840439  51 102 
112  40.61864929 -112.34828649  40.61868462 -112.34825547  51 102 
111  40.61874585 -112.34826788  51 102 
112  40.61884946 -112.34842921  40.61885417 -112.34855331  51 102 
112  40.61879530 -112.34859674  40.61873878 -112.34870843  51 102 
111  40.61874585 -112.34877978  51 102 
112  40.61874585 -112.34939097  40.61874585 -112.34950886  51 102 
111  40.61884946 -112.34951507  51 102 
112  40.61942407 -112.34952438  40.61949471 -112.34953058  51 102 
111  40.61948294 -112.34946543  51 102 
111  40.61949236 -112.34934133  51 102 
111  40.61971843 -112.34934754  51 102 
113  40.61971372 -112.35072193 
111  40.60751282 -112.34918005  51 102 
111  40.60745631 -112.34911491  51 102 
111  40.60652846 -112.34911180  51 102 
111  40.60643662 -112.34924829  51 102 
111  40.60645781 -112.34927310  51 102 
111  40.60748692 -112.34930102  51 102 
113  40.60751282 -112.34925759  51 102 
130 Airport Boundary 80
111  40.60243557 -112.35116092 
111  40.60252840 -112.34865433 
111  40.60631143 -112.34856263 
111  40.60872514 -112.34859320 
111  40.60879477 -112.34730934 
111  40.60893402 -112.34721763 
111  40.61188154 -112.34727877 
111  40.62169885 -112.34746209 
111  40.62153639 -112.35158888 
111  40.62090975 -112.35152774 
111  40.62025991 -112.35201684 
111  40.60542950 -112.35177222 
111  40.60415302 -112.35164995 
113  40.60378167 -112.35119147 
120 Linear Feature 49
111  40.61962774 -112.35006965  54 104 
115  40.61971333 -112.35006898 
120 Linear Feature 48
111  40.61865655 -112.35004940  54 104 
115  40.61873497 -112.35005075 
120 Linear Feature 47
111  40.61370388 -112.34995452  54 104 
115  40.61378281 -112.34995452 
120 Linear Feature 46
111  40.60870541 -112.34985306  54 104 
115  40.60878231 -112.34985306 
120 Linear Feature 45
111  40.60532876 -112.34978156  54 104 
115  40.60540965 -112.34978374 
120 Linear Feature 44
111  40.60484426 -112.34977178  54 104 
115  40.60493257 -112.34977395 
120 Linear Feature 42
111  40.60900422 -112.34925972  51 
116  40.60893158 -112.34937171  40.60886555 -112.34936953 
120 Linear Feature 41
111  40.60907438 -112.34937388  51 
112  40.60900422 -112.34925972  40.60900257 -112.34914665  51 
115  40.60900422 -112.34894333 
120 Linear Feature 40
111  40.60928402 -112.34926298  51 
116  40.60921387 -112.34937606  40.60915526 -112.34937497 
120 Linear Feature 39
111  40.60935501 -112.34937932  51 
112  40.60928402 -112.34926298  40.60928402 -112.34916622  51 
115  40.60928485 -112.34894551 
120 Linear Feature 38
111  40.61179342 -112.34914039  51 
116  40.61172150 -112.34903424  40.61164871 -112.34903706 
120 Linear Feature 37
111  40.61173084 -112.34942726  51 
116  40.61179000 -112.34931343  40.61179000 -112.34921473 
120 Linear Feature 36
111  40.61186922 -112.34942906  51 
112  40.61179000 -112.34931343  40.61179429 -112.34920345  51 
111  40.61180071 -112.34834332  51 
112  40.61172364 -112.34821923  40.61164015 -112.34821641  51 
111  40.61155023 -112.34821923  51 
112  40.61147744 -112.34833204  40.61147530 -112.34844484  51 
111  40.61147102 -112.34891016  51 
112  40.61154595 -112.34902860  40.61162088 -112.34902860  51 
111  40.61172150 -112.34903424  51 
116  40.61179556 -112.34893848  40.61179770 -112.34884824 
120 Linear Feature 35
111  40.61870280 -112.34956166  51 
115  40.61870922 -112.34863939 
120 Linear Feature 34
111  40.61869639 -112.34977550  51 101 
116  40.61852684 -112.34956068  40.61836435 -112.34955758 
120 Linear Feature 33
111  40.61850093 -112.35083653  51 101 
116  40.61868933 -112.35063798  40.61869404 -112.35045493 
120 Linear Feature 32
111  40.61886595 -112.35084584  51 101 
112  40.61868933 -112.35063798  40.61868697 -112.35042081  51 101 
111  40.61869639 -112.34977550  51 101 
116  40.61884485 -112.34956689  40.61900263 -112.34956379 
120 Linear Feature 31
111  40.61375104 -112.34964522  51 101 
116  40.61358384 -112.34946367  40.61344490 -112.34946057 
120 Linear Feature 30
111  40.61356735 -112.35074030  51 101 
116  40.61373455 -112.35049833  40.61373455 -112.35026256 
120 Linear Feature 29
111  40.61390646 -112.35074664  51 101 
112  40.61373455 -112.35049833  40.61373691 -112.35023154  51 101 
111  40.61375104 -112.34964522  51 101 
116  40.61386172 -112.34946852  40.61397947 -112.34945611 
120 Linear Feature 28
111  40.60873974 -112.34957700  51 101 
116  40.60857490 -112.34936309  40.60841712 -112.34935689 
120 Linear Feature 27
111  40.60853251 -112.35064185  51 101 
116  40.60872797 -112.35039592  40.60874210 -112.35013535 
120 Linear Feature 26
111  40.60890694 -112.35065028  51 101 
112  40.60872797 -112.35039592  40.60872797 -112.35014156  51 101 
111  40.60873974 -112.34957700  51 101 
116  40.60886399 -112.34937004  40.60900764 -112.34935453 
120 Linear Feature 25
111  40.60536984 -112.34947777  51 101 
116  40.60522619 -112.34929786  40.60509666 -112.34929476 
120 Linear Feature 24
111  40.60548052 -112.34930096  51 101 
112  40.60536984 -112.34947777  40.60536748 -112.34964216  51 101 
111  40.60536042 -112.35038039  51 101 
116  40.60552526 -112.35058201  40.60570424 -112.35059441 
120 Linear Feature 23
111  40.61948058 -112.35085675  51 101 
112  40.61966191 -112.35066912  40.61966191 -112.35047366  51 101 
111  40.61967133 -112.34978182  51 101 
112  40.61951826 -112.34958016  40.61934871 -112.34957706  51 101 
111  40.60507782 -112.34929476  51 101 
112  40.60488472 -112.34947777  40.60488001 -112.34969489  51 101 
111  40.60487059 -112.35037729  51 101 
116  40.60508489 -112.35057270  40.60529448 -112.35057580 
18   40.61068675 -112.34796897 1 BCN
19   40.61313887 -112.34888028 1 WS
19   40.61941605 -112.35039371 1 WS
19   40.60514639 -112.35006721 1 WS
20   40.61859848 -112.35004660 270.00  0 3 {@R}17{safety}
20   40.61957221 -112.35006220 270.00  0 3 {@R}17{safety}
20   40.60478594 -112.34977049 270.00  0 3 {@R}35-17{safety}
20   40.60527177 -112.34977875 270.00  0 3 {@R}35-17{safety}
20   40.60864440 -112.34984481 270.00  0 3 {@R}35-17{safety}
20   40.61365551 -112.34995162 270.00  0 3 {@R}35-17{safety}
50 11972 AWOS 3
51 12300 CTAF/UNICOM
55 12440 APP/DEP
55 13550 APP/DEP

99
