A
1000 Generated by Infinite Flight Airport Editing (World Parser)/AB

1      220 1 1 SWTP Tapuruquara
100   18.59   2   0 0.25 0 2 0 09  -00.41768250 -065.03964914    0.00    0.00 2 10 0 0 27  -00.41565150 -065.02813046    0.00    0.00 2 10 0 0
21  -00.41711918 -065.03792080  1  80.00   3.00 09  VASI
21  -00.41621482 -065.02985880  1 260.00   3.00 27  VASI
110   2 0.30  80.00 Default taxiway for RWY 09
111 -00.41776267 -065.03963500  53 102 
111 -00.41817684 -065.03956197  53 102 
111 -00.41614585 -065.02804329  53 102 
111 -00.41573168 -065.02811632 
112 -00.41576073 -065.02828110 -00.41574843 -065.02819832  53 102 
111 -00.41584730 -065.02818089  53 102 
112 -00.41597912 -065.02815764 -00.41607799 -065.02814021  53 102 
111 -00.41609251 -065.02822260  53 102 
111 -00.41707169 -065.03377596  53 102 
111 -00.41673991 -065.03383446 
111 -00.41675444 -065.03391685  53 102 
111 -00.41708622 -065.03385835  53 102 
112 -00.41806539 -065.03941172 -00.41807992 -065.03949411  53 102 
111 -00.41798105 -065.03951154  53 102 
112 -00.41784923 -065.03953479 -00.41775036 -065.03955222  53 102 
113 -00.41773361 -065.03947022 
120 Default hold RWY 09 (near)
111 -00.41792967 -065.03960556  54 
115 -00.41791514 -065.03952317 
120 Default hold RWY 09 (centre)
111 -00.41692144 -065.03388741  54 
115 -00.41690691 -065.03380502 
120 Default hold RWY 09 (far)
111 -00.41591321 -065.02816927  54 
115 -00.41589868 -065.02808688 
18  -00.41609162 -065.03399126 1 BCN
19  -00.41746574 -065.03985727 1 WS
19  -00.41586826 -065.02792233 1 WS


130 Airport Boundary
111 -000.41817680 -065.03955841
111 -000.41768250 -065.03964996
111 -000.41565150 -065.02812958
111 -000.41573161 -065.02811432
111 -000.41589859 -065.02808380
113 -000.41614580 -065.02804565
99
