A
1000 Generated by Infinite Flight Airport Editing (World Parser)/AB

1      988 0 1 KFVE NORTHERN AROOSTOOK RGNL
100   22.86   1   0 0.25 0 2 0 14   47.28822200 -068.32109700    0.00    0.00 2  0 0 1 32   47.28278600 -068.30437200    0.00    0.00 2  0 0 1
21   47.28329259 -068.30695623  2 295.61   3.00 32  PAPI-4L
110   1 0.30 115.60 Default taxiway for RWY 14
111  47.28813126 -068.32116108   3 102 
111  47.28766539 -068.32149006   3 102 
111  47.28223061 -068.30476330   3 102 
111  47.28269648 -068.30443435 
112  47.28278535 -068.30470788  47.28273888 -068.30457254   3 102 
111  47.28262756 -068.30465115   3 102 
112  47.28247913 -068.30475596  47.28236781 -068.30483456   3 102 
111  47.28241225 -068.30497133   3 102 
111  47.28501855 -068.31299280   3 102 
111  47.28539165 -068.31272933 
111  47.28543609 -068.31286609   3 102 
111  47.28506299 -068.31312956   3 102 
112  47.28766929 -068.32115102  47.28771372 -068.32128779   3 102 
111  47.28782504 -068.32120918   3 102 
112  47.28797347 -068.32110436  47.28808479 -068.32102575   3 102 
113  47.28804239 -068.32088755 
120 Default hold RWY 14 (near)
111  47.28794370 -068.32129353   4 
115  47.28789926 -068.32115677 
120 Default hold RWY 14 (centre)
111  47.28524853 -068.31299854   4 
115  47.28520409 -068.31286178 
120 Default hold RWY 14 (far)
111  47.28255335 -068.30470355   4 
115  47.28250892 -068.30456679 
18   47.28615299 -068.31227669 1 BCN
19   47.28858794 -068.32117487 1 WS
19   47.28242005 -068.30429426 1 WS
50 13572 ASOS
51 12280 CTAF/UNICOM


130 Airport Boundary
111  047.28223038 -068.30476379
111  047.28766632 -068.32148743
111  047.28794479 -068.32129669
111  047.28822327 -068.32109833
111  047.28278732 -068.30437469
111  047.28269577 -068.30443573
113  047.28250885 -068.30456543
99
