A
1000 Generated by InfiniteFlight-AirportParser

1      195 0 1 KOGB ORANGEBURG MUNI
100   30.48   1   0 0.25 0 2 0 17   33.46057800 -080.86192500    0.00    0.00 2 11 0 0 35   33.44609700 -080.85803300    0.00    0.00 2 11 0 0
100   30.48   1   0 0.25 0 2 0 05   33.45638100 -080.86388300    0.00    0.00 2  0 0 0 23   33.46552800 -080.85395000    0.00    0.00 2  0 0 0
100   50.29   3   0 0.25 0 0 0 13   33.46583300 -080.86027500    0.00    0.00 1  0 0 0 31   33.46194400 -080.85277500    0.00    0.00 1  0 0 0
21   33.45792179 -080.86270840  1  42.17   3.00 05  VASI
21   33.45889511 -080.86106093  2 167.36   3.00 17  PAPI-4L
21   33.44777993 -080.85889686  2 347.36   3.00 35  PAPI-4L
110   1 0.30  42.17 Default taxiway for RWY 05
111  33.45629043 -080.86376317   3 102 
111  33.45582854 -080.86315201   3 102 
111  33.46497594 -080.85321998   3 102 
111  33.46543783 -080.85383120 
112  33.46523454 -080.85405192  33.46533467 -080.85393957   3 102 
111  33.46522418 -080.85379335   3 102 
112  33.46507686 -080.85359840  33.46496637 -080.85345219   3 102 
111  33.46486473 -080.85356255   3 102 
111  33.46054514 -080.85825265   3 102 
111  33.46091495 -080.85874200 
111  33.46081331 -080.85885237   3 102 
111  33.46044350 -080.85836302   3 102 
112  33.45612391 -080.86305311  33.45602227 -080.86316348   3 102 
111  33.45613276 -080.86330968   3 102 
112  33.45628008 -080.86350461  33.45639057 -080.86365081   3 102 
113  33.45649372 -080.86354244 
110   1 0.30 167.36 Default taxiway for RWY 17
111  33.46054848 -080.86208278   3 102 
111  33.46039793 -080.86288746   3 102 
111  33.44591699 -080.85899465   3 102 
111  33.44606754 -080.85819010 
112  33.44633519 -080.85826205  33.44620088 -080.85822870   3 102 
111  33.44616486 -080.85842117   3 102 
112  33.44611685 -080.85867778  33.44608083 -080.85887024   3 102 
111  33.44621465 -080.85890622   3 102 
111  33.45312056 -080.86076268   3 102 
111  33.45324110 -080.86011846 
111  33.45337492 -080.86015443   3 102 
111  33.45325438 -080.86079865   3 102 
112  33.46016029 -080.86265510  33.46029411 -080.86269108   3 102 
111  33.46033013 -080.86249859   3 102 
112  33.46037814 -080.86224193  33.46041416 -080.86204944   3 102 
113  33.46028083 -080.86201083 
120 Default hold RWY 05 (near)
111  33.45610477 -080.86351750   4 
115  33.45620642 -080.86340714 
120 Default hold RWY 17 (near)
111  33.46048796 -080.86240623   4 
115  33.46035413 -080.86237026 
120 Default hold RWY 05 (centre)
111  33.46062765 -080.85860669   4 
115  33.46072929 -080.85849632 
120 Default hold RWY 17 (centre)
111  33.45331440 -080.86047785   4 
115  33.45318058 -080.86044188 
120 Default hold RWY 05 (far)
111  33.46515052 -080.85369588   4 
115  33.46525217 -080.85358552 
120 Default hold RWY 17 (far)
111  33.44614085 -080.85854947   4 
115  33.44600702 -080.85851350 
18   33.45354814 -080.85885604 1 BCN
19   33.45645394 -080.86446923 1 WS
19   33.46664734 -080.86030707 1 WS
19   33.46093569 -080.86151572 1 WS
19   33.46112965 -080.85274300 1 WS
19   33.46545501 -080.85336373 1 WS
19   33.44573933 -080.85844223 1 WS
50 11852 ASOS
51 12270 CTAF/UNICOM
55 12415 COLUMBIA APP/DEP

