A
1000 Generated by Infinite Flight Airport Editing (World Parser)/AB

1     2936 0 0 YPRD PARADISE STATION
100   42.98   3   0 0.25 0 0 0 10  -29.87583138  151.47472529    0.00    0.00 0  0 0 0 28  -29.87999273  151.48824492    0.00    0.00 0  0 0 0
14  -29.87861590  151.48574297    6 0 New Tower Viewpoint 30
15  -29.87823427  151.48442269 144.67 New Ramp Start 28
19  -29.87851182  151.48506283 0 New Windsock 29


130 Airport Boundary
111 -029.87999344  151.48825073
113 -029.87583160  151.47473145
99
