I
1050 Generated by WorldEditor 2.1.0r1

1   2696 0 0 ENFG Fagernes Leirin
1302 city Fagernes
1302 country Norway
1302 iata_code VDB
1302 state Oppland
1302 transition_alt 7000
100 45.00 1 0 0.25 0 3 0 15  61.01923473  009.28365880  143    0 3 10 0 1 33  61.00341626  009.30281485   62    0 3 10 0 1
110 1 0.00 149.0000 15 Turn
111  61.01887760  009.28457181 3
111  61.01896633  009.28459883 3
111  61.01936781  009.28410949 3
111  61.01910161  009.28317883 3
111  61.01869723  009.28367718 3
113  61.01867541  009.28385431
110 1 0.00 149.0000 55 Turn
111  61.00379847  009.30187013 3
111  61.00370634  009.30183012 3
111  61.00328450  009.30235024 3
111  61.00356209  009.30331045 3
111  61.00398514  009.30278533 3
113  61.00400454  009.30258529
110 1 0.00 149.0000 Hangar Apron
111  61.00833315  009.29316752
111  61.00815210  009.29339711
111  61.00819958  009.29355133
111  61.00834908  009.29336585
111  61.00836019  009.29338669
113  61.00838437  009.29335015
110 1 0.00 149.0000 Apron A B
111  61.00814162  009.29670073
111  61.00812141  009.29662431
111  61.00802545  009.29659305
111  61.00791601  009.29651142
111  61.00783941  009.29632038
111  61.00770304  009.29573510
111  61.00772829  009.29547459
111  61.00781247  009.29535823
111  61.00782005  009.29524881 3 102
111  61.00800693  009.29502998
111  61.00772661  009.29400357
111  61.00773652  009.29389242
111  61.00774495  009.29379791
111  61.00791517  009.29360413
111  61.00790170  009.29353987
111  61.00788066  009.29353639
111  61.00783520  009.29333146
112  61.00783520  009.29333146  61.00781163  009.29321162
111  61.00785962  009.29316300
111  61.00788152  009.29313445
111  61.00786409  009.29307529
112  61.00779351  009.29321921  61.00778674  009.29329672
111  61.00780490  009.29337140
111  61.00785438  009.29358886
111  61.00780321  009.29364581
111  61.00778133  009.29357460
111  61.00772829  009.29361107
111  61.00774513  009.29367533
111  61.00741476  009.29404800
111  61.00734876  009.29412244
111  61.00733097  009.29414251
111  61.00731931  009.29410549
111  61.00728888  009.29413904
111  61.00724578  009.29398794
111  61.00722100  009.29403970
111  61.00695634  009.29434280
111  61.00696562  009.29437159
111  61.00700098  009.29449854
111  61.00675593  009.29481065
111  61.00677437  009.29487625
111  61.00668885  009.29498100
111  61.00667062  009.29491929
111  61.00638639  009.29528130
111  61.00636761  009.29530521
111  61.00634102  009.29533908
111  61.00639142  009.29552212
111  61.00670972  009.29667806
111  61.00670804  009.29676142
111  61.00665837  009.29683263
111  61.00670215  009.29699414
111  61.00675265  009.29694030
111  61.00677791  009.29695767
111  61.00691849  009.29753946
111  61.00691933  009.29779996
111  61.00689913  009.29812647
113  61.00691007  009.29816641
111  61.00727914  009.29624917
112  61.00738100  009.29622660  61.00743151  009.29625612
111  61.00748202  009.29634817
111  61.00760660  009.29678929
112  61.00760997  009.29704980  61.00758976  009.29715921
111  61.00753841  009.29725994
111  61.00743572  009.29737631
112  61.00731534  009.29739020  61.00727157  009.29735894
111  61.00722274  009.29729815
111  61.00710573  009.29692823
112  61.00708385  009.29664862  61.00709479  009.29653400
113  61.00713688  009.29642806
110 1 0.00 149.0000 C
111  61.00953864  009.29455302
111  61.00929776  009.29371461
111  61.00927881  009.29373971 4
111  61.00919934  009.29384493
111  61.00915742  009.29390044
111  61.00943182  009.29485554
111  61.00947473  009.29501036
111  61.00948133  009.29503470
111  61.00969317  009.29476496
111  61.00968601  009.29474200
113  61.00963290  009.29457463
110 5 0.00 149.0000 Gravel
111  61.00791601  009.29651142
111  61.00802545  009.29659305
111  61.00812141  009.29662431
111  61.00814162  009.29670073
111  61.00691007  009.29816641
111  61.00689913  009.29812647
111  61.00691933  009.29779996
111  61.00689419  009.29788884
112  61.00611297  009.29879731  61.00607376  009.29879109
111  61.00606471  009.29871020
112  61.00598025  009.29836796  61.00596215  009.29832441
112  61.00586865  009.29826218  61.00584150  009.29826218
112  61.00582944  009.29844263  61.00583245  009.29856708
112  61.00597120  009.29889687  61.00598628  009.29900888
112  61.00596215  009.29906488  61.00593199  009.29916444
112  61.00401061  009.30132355  61.00392313  009.30139821
112  61.00381455  009.30134221  61.00372104  009.30132355
112  61.00371501  009.30127377  61.00367278  009.30126755
112  61.00363055  009.30139821  61.00357023  009.30152887
112  61.00356118  009.30174041  61.00354610  009.30180263
112  61.00319922  009.30223195  61.00319319  009.30230661
112  61.00321129  009.30244349  61.00318716  009.30253682
112  61.00300316  009.30267370  61.00290966  009.30280436
112  61.00269248  009.30308435  61.00263216  009.30317146
111  61.00263819  009.30328345
111  61.00267438  009.30333322
111  61.00281615  009.30322745
112  61.00286140  009.30300346  61.00290374  009.30290385
112  61.00323240  009.30259286  61.00327765  009.30256797
112  61.00331384  009.30262397  61.00333495  009.30266130
112  61.00330178  009.30280441  61.00328066  009.30289152
111  61.00324748  009.30296619
112  61.00329574  009.30307196  61.00331686  009.30310307
112  61.00344656  009.30311552  61.00350387  009.30315285
112  61.00357023  009.30345773  61.00360642  009.30349507
112  61.00382058  009.30319640  61.00392917  009.30307818
112  61.00407998  009.30313418  61.00417952  009.30314040
112  61.00418857  009.30299730  61.00421572  009.30291641
112  61.00432732  009.30238753  61.00438765  009.30222576
112  61.00487327  009.30175914  61.00493661  009.30169069
112  61.00524605  009.30138690  61.00533352  009.30138690
111  61.00524605  009.30138690
112  61.00524605  009.30138690  61.00526806  009.30140191
111  61.00527867  009.30150152
111  61.00530158  009.30147914
112  61.00538001  009.30122402  61.00543129  009.30111824
112  61.00553686  009.30091913  61.00560020  009.30084446
112  61.00706009  009.29912712  61.00715359  009.29907734
112  61.00893321  009.29681855  61.00902068  009.29668786
112  61.01009449  009.29548687  61.01020307  009.29539974
112  61.01064345  009.29475881  61.01074601  009.29461567
112  61.01092699  009.29445386  61.01100843  009.29437918
112  61.01140658  009.29386268  61.01147897  009.29375688
112  61.01212747  009.29292914  61.01225416  009.29264286
112  61.01255579  009.29236902  61.01256182  009.29236902
112  61.01276391  009.29219476  61.01284234  009.29213252
112  61.01306856  009.29176532  61.01308666  009.29174043
111  61.01311691  009.29175159
111  61.01333660  009.29237144
111  61.01337961  009.29231930
112  61.01327065  009.29200183  61.01324049  009.29189602
111  61.01330082  009.29187735
112  61.01345659  009.29170387  61.01354475  009.29163327
111  61.01345659  009.29170387
112  61.01345659  009.29170387  61.01366366  009.29153805
112  61.01415993  009.29121006  61.01429744  009.29111839
111  61.01415993  009.29121006
112  61.01415993  009.29121006  61.01435599  009.29107935
111  61.01483608  009.29088542
111  61.01483682  009.29081964
112  61.01483682  009.29081964  61.01465815  009.29086822
112  61.01403420  009.29120360  61.01373054  009.29139270
111  61.01403420  009.29120360
112  61.01403420  009.29120360  61.01367653  009.29142633
112  61.01334130  009.29170559  61.01320013  009.29177322
111  61.01334130  009.29170559
112  61.01334130  009.29170559  61.01331113  009.29172426
111  61.01323446  009.29179022
112  61.01318921  009.29169064  61.01317715  009.29163463
111  61.01322239  009.29157239
111  61.01580736  009.28844783
112  61.01608185  009.28816773  61.01617234  009.28810549
112  61.01624171  009.28838558  61.01630204  009.28847273
112  61.01626282  009.28853497  61.01625076  009.28861589
111  61.01621456  009.28887109
112  61.01615424  009.28915741  61.01613312  009.28925077
111  61.01609016  009.28933338
111  61.01575735  009.28996401
111  61.01567464  009.29015331
111  61.01570481  009.29019065
111  61.01574704  009.29007861
112  61.01616329  009.28926322  61.01619948  009.28916985
112  61.01625679  009.28880884  61.01628695  009.28861589
112  61.01630505  009.28855988  61.01631410  009.28852876
111  61.01633220  009.28854743
112  61.01638348  009.28858478  61.01639740  009.28857856
112  61.01640761  009.28851631  61.01641911  009.28843876
112  61.01661875  009.28750171  61.01662478  009.28748303
111  61.01732155  009.28661787
112  61.01804847  009.28586466  61.01812690  009.28580241
111  61.01830788  009.28583983
111  61.01836217  009.28582115
111  61.01841345  009.28564685
112  61.01851299  009.28524222  61.01855220  009.28514884
112  61.01882366  009.28477534  61.01885684  009.28473799
112  61.01898956  009.28474421  61.01902877  009.28472554
112  61.01922483  009.28456369  61.01927008  009.28453256
112  61.01927008  009.28459481  61.01928817  009.28461971
112  61.01931230  009.28478156  61.01932443  009.28479657
111  61.01934266  009.28475958
111  61.01933560  009.28470201
112  61.01931515  009.28449464  61.01934362  009.28444961
112  61.01943597  009.28431468  61.01946312  009.28423998
111  61.01944201  009.28412793
111  61.01938168  009.28382913
111  61.01920609  009.28318969
112  61.01909815  009.28293895  61.01907402  009.28289538
111  61.01901972  009.28297008
112  61.01873016  009.28341205  61.01868491  009.28346807
112  61.01861554  009.28356145  61.01859141  009.28354900
111  61.01858839  009.28351165
111  61.01846034  009.28295440
111  61.01842404  009.28298475
111  61.01854616  009.28358012
112  61.01855220  009.28373575  61.01853712  009.28382912
112  61.01844361  009.28391006  61.01842551  009.28392251
112  61.01818119  009.28419017  61.01810277  009.28420262
112  61.01797307  009.28420262  61.01792782  009.28415905
112  61.01792475  009.28412054  61.01789808  009.28411804
112  61.01784035  009.28422130  61.01783429  009.28424631
112  61.01779812  009.28461345  61.01777399  009.28473172
112  61.01772875  009.28475662  61.01772573  009.28475662
112  61.01274280  009.29077529  61.01270962  009.29080018
112  61.01258294  009.29058858  61.01254372  009.29052634
112  61.01248943  009.29012803  61.01248641  009.29010314
112  61.01235370  009.28949322  61.01234465  009.28941232
111  61.01232655  009.28935631
112  61.01228131  009.28935631  61.01229337  009.28945588
111  61.01224511  009.28936253
112  61.01217875  009.28977329  61.01215764  009.28989153
111  61.01203397  009.29020272
112  61.01164487  009.29056990  61.01161470  009.29056990
111  61.01156343  009.29048277
112  61.01147897  009.29036453  61.01143372  009.29033964
111  61.01140356  009.29037075
112  61.01094508  009.29095576  61.01090587  009.29103666
111  61.01089984  009.29113623
112  61.01080030  009.29177102  61.01077617  009.29195150
112  61.01056503  009.29263608  61.01042628  009.29309039
112  61.01005156  009.29343217  61.01002489  009.29338215
112  61.01007047  009.29326110  61.01008211  009.29313504
112  61.01001083  009.29287693  61.00997301  009.29283191
112  61.00977227  009.29290693  61.00968936  009.29289793
112  61.00950899  009.29316804  61.00941007  009.29327908
112  61.00922679  009.29330307  61.00920788  009.29325205
112  61.00906533  009.29328807  61.00901005  009.29325805
112  61.00890241  009.29341111  61.00885441  009.29345313
112  61.00875113  009.29342912  61.00869585  009.29341411
111  61.00869731  009.29335109
112  61.00864058  009.29319802  61.00861585  009.29316801
111  61.00857753  009.29320218
111  61.00840327  009.29341754
111  61.00838437  009.29335015
111  61.00836019  009.29338669
111  61.00834908  009.29336585
111  61.00819958  009.29355133
111  61.00815210  009.29339711
112  61.00816055  009.29335108  61.00816201  009.29334207
112  61.00826674  009.29319202  61.00829438  009.29315901
111  61.00830650  009.29310899
112  61.00831620  009.29302996  61.00832202  009.29299394
111  61.00834238  009.29295193
112  61.00843111  009.29277186  61.00843984  009.29269984
112  61.00839038  009.29257079  61.00837438  009.29250176
112  61.00832347  009.29234270  61.00831038  009.29229769
112  61.00826238  009.29218065  61.00825510  009.29211762
111  61.00826257  009.29209305
111  61.00819275  009.29219809
112  61.00824201  009.29228268  61.00826529  009.29233670
111  61.00834820  009.29252577
112  61.00839038  009.29271784  61.00839475  009.29275686
112  61.00836129  009.29277186  61.00835402  009.29276886
111  61.00833511  009.29269684
112  61.00826383  009.29250477  61.00821874  009.29236972
111  61.00813552  009.29232014
111  61.00806329  009.29240907
111  61.00797271  009.29208990
111  61.00795074  009.29211615
111  61.00790559  009.29196035
111  61.00792844  009.29193236
112  61.00786090  009.29189256  61.00785580  009.29186732
111  61.00789600  009.29181695
111  61.00787836  009.29178152
112  61.00777508  009.29182053  61.00772999  009.29180252
112  61.00761071  009.29189556  61.00759180  009.29189856
112  61.00748270  009.29214164  61.00747397  009.29214764
112  61.00730960  009.29248076  61.00727881  009.29257579
111  61.00718159  009.29288590
112  61.00714086  009.29314999  61.00714814  009.29321901
112  61.00724414  009.29336306  61.00728778  009.29341408
111  61.00732530  009.29342854
111  61.00734325  009.29338449
111  61.00731416  009.29333149
111  61.00733064  009.29329045
111  61.00739707  009.29340450
111  61.00736216  009.29348553
111  61.00738650  009.29356071
111  61.00741677  009.29367773
111  61.00742285  009.29369808
111  61.00760837  009.29348535
111  61.00757143  009.29334883
111  61.00763841  009.29327512
111  61.00772829  009.29361107
111  61.00778133  009.29357460
111  61.00780321  009.29364581
111  61.00785438  009.29358886
111  61.00780490  009.29337140
112  61.00779351  009.29321921  61.00780029  009.29314169
111  61.00786409  009.29307529
111  61.00782512  009.29294301
111  61.00815662  009.29250362
111  61.00825419  009.29283497
112  61.00827983  009.29287387  61.00828129  009.29292789
112  61.00821147  009.29305994  61.00818237  009.29310196
112  61.00812564  009.29317698  61.00810237  009.29319499
111  61.00799618  009.29337206
112  61.00790309  009.29337206  61.00787981  009.29333004
111  61.00791536  009.29324933
111  61.00788152  009.29313445
111  61.00785962  009.29316300
112  61.00783520  009.29333146  61.00785877  009.29345129
111  61.00783520  009.29333146
111  61.00788066  009.29353639
111  61.00790170  009.29353987
111  61.00791517  009.29360413
111  61.00774495  009.29379791
111  61.00772661  009.29400357
111  61.00800693  009.29502998
112  61.00818819  009.29489061  61.00831221  009.29475211
111  61.00818819  009.29489061
112  61.00818819  009.29489061  61.00822149  009.29487619
112  61.00828420  009.29503766  61.00833802  009.29513970
112  61.00849948  009.29510069  61.00861876  009.29512169
112  61.00880059  009.29512170  61.00889368  009.29509169
112  61.00924570  009.29467753  61.00931698  009.29459350
112  61.00934025  009.29468353  61.00938680  009.29472255
111  61.00938243  009.29481258
111  61.00938607  009.29491862
111  61.00919940  009.29516972
111  61.00826141  009.29622961
112  61.00806528  009.29651371  61.00803037  009.29652572
111  61.00792636  009.29645419
111  61.00785799  009.29632214
113  61.00783941  009.29632038
111  61.01936781  009.28410949
111  61.01896633  009.28459883
111  61.01887760  009.28457181
111  61.01867541  009.28385431
111  61.01869723  009.28367718
113  61.01910161  009.28317883
111  61.00379847  009.30187013
111  61.00400454  009.30258529
111  61.00398514  009.30278533
111  61.00356209  009.30331045
111  61.00328450  009.30235024
113  61.00370634  009.30183012
111  61.00947473  009.29501036
111  61.00943182  009.29485554
111  61.00915742  009.29390044
111  61.00919934  009.29384493
111  61.00927881  009.29373971
111  61.00929776  009.29371461
111  61.00953864  009.29455302
111  61.00963290  009.29457463
111  61.00968601  009.29474200
111  61.00969317  009.29476496
113  61.00948133  009.29503470
111  61.00967650  009.29452373
112  61.00961710  009.29450622  61.00959771  009.29446620
112  61.00956135  009.29427112  61.00957953  009.29418359
112  61.00990561  009.29385345  61.01008258  009.29361835
112  61.01050442  009.29293806  61.01054806  009.29284552
112  61.01082444  009.29185508  61.01085475  009.29155245
112  61.01094081  009.29115226  61.01094808  009.29112725
112  61.01101112  009.29093967  61.01103657  009.29089715
111  61.01141477  009.29044945
112  61.01148244  009.29044342  61.01151698  009.29048753
111  61.01156900  009.29055381
112  61.01164900  009.29063885  61.01169633  009.29064323
111  61.01174115  009.29058121
112  61.01202935  009.29031939  61.01203784  009.29030688
112  61.01213966  009.29009678  61.01217603  009.29001174
112  61.01224997  009.28983916  61.01232997  009.28974411
112  61.01235785  009.28992920  61.01237119  009.29000424
112  61.01251907  009.29066708  61.01252756  009.29069959
112  61.01254453  009.29079214  61.01254332  009.29084467
114  61.01254089  009.29095222  61.01250210  009.29103976
111  61.00727924  009.29311040
111  61.00722688  009.29293634
111  61.00734421  009.29279934
113  61.00739271  009.29297536
110 2 0.00 149.0000 GA Hangar Floor
111  61.00832293  009.29311546
111  61.00833658  009.29316348
111  61.00833315  009.29316752
111  61.00838437  009.29335015
111  61.00838878  009.29334511
111  61.00840425  009.29340342
111  61.00856823  009.29319815
113  61.00848015  009.29290942
130 Airport Boundary
111  61.00365709  009.30085597
111  61.00345149  009.30081488
111  61.00304352  009.30147151
111  61.00260314  009.30266974
111  61.00257939  009.30292343
111  61.00265291  009.30376655
111  61.00270199  009.30386523
111  61.00275161  009.30399202
111  61.00281062  009.30435818
111  61.00287584  009.30452046
111  61.00298119  009.30452430
111  61.00318380  009.30436115
111  61.00357489  009.30380694
111  61.00377982  009.30391158
111  61.00405798  009.30390401
111  61.00467629  009.30407924
111  61.00494670  009.30379024
111  61.00498102  009.30379656
111  61.00499611  009.30377675
111  61.00506222  009.30323601
111  61.00513540  009.30314254
111  61.00531986  009.30197273
111  61.00640109  009.30067242
111  61.00753578  009.29940604
111  61.00834634  009.29844960
111  61.00871528  009.29827149
111  61.00949384  009.29732466
111  61.00991531  009.29663159
111  61.01046400  009.29581452
111  61.01135306  009.29467887
111  61.01197677  009.29397146
111  61.01319171  009.29250578
111  61.01334167  009.29238540
111  61.01338468  009.29233325
111  61.01338992  009.29230680
111  61.01353318  009.29253910
111  61.01384563  009.29285574
111  61.01401850  009.29249840
111  61.01408241  009.29216802
111  61.01604744  009.29090423
111  61.01609418  009.29083333
111  61.01639337  009.28865829
111  61.01672756  009.28809406
111  61.01745383  009.28732135
111  61.01760799  009.28744303
111  61.01767349  009.28751235
111  61.01773334  009.28749069
111  61.01774185  009.28721697
111  61.01781280  009.28693944
111  61.01795096  009.28667354
111  61.01930436  009.28514381
111  61.01935894  009.28498105
111  61.01935599  009.28486823
111  61.01935727  009.28475355
111  61.01935021  009.28469598
111  61.01932765  009.28463717
111  61.01932037  009.28455912
111  61.01940738  009.28445373
111  61.01946752  009.28431239
111  61.01947711  009.28412841
111  61.01937683  009.28376095
111  61.01928075  009.28335916
111  61.01918360  009.28302417
111  61.01913428  009.28287759
111  61.01906360  009.28273939
111  61.01896977  009.28278478
111  61.01873774  009.28308031
112  61.01868156  009.28309734  61.01865630  009.28307232
111  61.01868156  009.28309734
111  61.01847956  009.28296683
111  61.01845011  009.28292727
111  61.01841382  009.28295762
111  61.01841069  009.28300134
111  61.01817605  009.28329291
111  61.01797459  009.28351594
111  61.01770174  009.28367795
111  61.01751646  009.28384646
111  61.01693304  009.28451534
111  61.01696822  009.28473645
111  61.01615015  009.28567981
111  61.01607880  009.28584744
111  61.01588981  009.28605808
111  61.01573286  009.28616797
111  61.01555519  009.28636850
111  61.01531838  009.28671907
111  61.01440381  009.28779063
111  61.01299364  009.28950396
111  61.01278877  009.28929704
111  61.01272227  009.28875628
111  61.01280648  009.28803590
111  61.01273770  009.28750486
111  61.01234929  009.28746809
111  61.01208083  009.28775241
111  61.01149559  009.28802234
111  61.01107034  009.28870026
111  61.01082287  009.28972761
111  61.00908867  009.29110295
111  61.00885764  009.29125015
111  61.00874793  009.29084272
111  61.00851347  009.29104496
111  61.00848569  009.29106262
111  61.00844405  009.29109754
111  61.00843261  009.29110713
111  61.00853621  009.29142651
111  61.00878854  009.29232751
111  61.00873651  009.29235345
111  61.00859583  009.29200074
111  61.00824697  009.29204161
111  61.00819078  009.29187795
111  61.00812458  009.29197098
111  61.00809818  009.29176593
111  61.00804360  009.29164002
111  61.00793385  009.29160267
111  61.00761746  009.29183199
111  61.00730917  009.29242153
111  61.00708452  009.29317478
111  61.00738202  009.29356491
111  61.00741229  009.29368193
111  61.00724685  009.29387473
111  61.00726980  009.29395740
111  61.00724070  009.29396701
111  61.00721491  009.29402296
111  61.00695026  009.29432606
111  61.00693393  009.29436847
111  61.00688987  009.29420759
111  61.00663479  009.29452537
111  61.00662500  009.29449561
111  61.00660155  009.29452345
111  61.00661232  009.29455337
111  61.00630482  009.29493645
111  61.00634435  009.29507074
111  61.00623383  009.29519988
111  61.00621880  009.29535645
111  61.00578276  009.29587577
111  61.00539442  009.29633116
111  61.00543750  009.29701744
111  61.00551054  009.29753159
111  61.00554062  009.29773376
111  61.00541053  009.29803290
111  61.00472575  009.29945909
111  61.00467806  009.29948985
111  61.00459261  009.29973199
113  61.00388752  009.30060447
120 15 Turn
111  61.01808187  009.28502126 1
111  61.01858140  009.28442920 1
112  61.01861682  009.28441594  61.01863717  009.28441305
111  61.01861682  009.28441594 1
111  61.01901335  009.28439451 1
112  61.01921868  009.28405473  61.01925292  009.28375217 1
112  61.01904126  009.28346885  61.01890567  009.28341221 1
111  61.01880946  009.28367015 1
111  61.01860317  009.28437077
112  61.01860317  009.28437077  61.01859449  009.28441130 1
115  61.01858140  009.28442920
120 33 Turn
111  61.00452407  009.30145995 1
111  61.00405922  009.30199998 1
112  61.00402374  009.30201260  61.00400338  009.30201512
111  61.00402374  009.30201260 1
111  61.00364819  009.30204540 1
112  61.00343624  009.30235954  61.00340071  009.30266147 1
112  61.00360743  009.30299581  61.00374277  009.30305491 1
111  61.00383291  009.30282767 1
111  61.00403720  009.30205802
112  61.00403720  009.30205802  61.00404605  009.30201764 1
115  61.00405922  009.30199998
120 A
111  61.00636761  009.29530521 3 102
111  61.00678589  009.29676757 3 102
111  61.00697878  009.29744191 3 102
112  61.00699786  009.29782955  61.00696410  009.29806577 3 102
115  61.00689913  009.29812647
120 A B
111  61.00744999  009.29745404 3 102
112  61.00731053  009.29748130  61.00722539  009.29744798 3 102
111  61.00718576  009.29732684 3 102
111  61.00695822  009.29655457 3 102
112  61.00698465  009.29627594  61.00704630  009.29618812
111  61.00698465  009.29627594 3 102
111  61.00730319  009.29586104
112  61.00730319  009.29586104  61.00736485  009.29578835 3 102
111  61.00742063  009.29595795 3 102
111  61.00762908  009.29670599 3 102
112  61.00764669  009.29702096  61.00763055  009.29720873 3 102
115  61.00755568  009.29732382
120 B
111  61.00812141  009.29662431 3 102
112  61.00793147  009.29666058  61.00783753  009.29660303 3 102
111  61.00781110  009.29649401 3 102
111  61.00764816  009.29593069 3 102
112  61.00763054  009.29569144  61.00763495  009.29557635
111  61.00763054  009.29569144
112  61.00763054  009.29569144  61.00765110  009.29543704 3 102
111  61.00773004  009.29535670 3 102
115  61.00782005  009.29524881
120 SL C N
111  61.00968601  009.29474200 3
112  61.00955004  009.29471638  61.00950988  009.29457682
111  61.00955004  009.29471638 3
115  61.00927881  009.29373971
120 CL C S
111  61.00919934  009.29384493 3
111  61.00947141  009.29480789
112  61.00947141  009.29480789  61.00950101  009.29493872 3
115  61.00947473  009.29501036
120 SL gravel
111  61.00800693  009.29502998 3
111  61.00848196  009.29451351 3
115  61.00907594  009.29379828
120 A B
111  61.00774845  009.29672881 1
111  61.00753155  009.29595098 1
111  61.00734471  009.29528092 1
112  61.00712375  009.29519301  61.00699036  009.29533256
111  61.00712375  009.29519301 1
111  61.00707080  009.29526382 1
111  61.00684203  009.29556979 1
111  61.00676129  009.29567777
112  61.00676129  009.29567777  61.00667017  009.29584440 1
111  61.00672324  009.29612696 1
115  61.00712064  009.29753122
120 B
111  61.00753155  009.29595098 2
112  61.00756666  009.29541611  61.00763175  009.29520058
111  61.00756666  009.29541611
112  61.00756666  009.29541611  61.00765622  009.29519553 2
111  61.00757878  009.29499676 2
112  61.00738698  009.29486225  61.00725849  009.29497956
111  61.00738698  009.29486225 2
115  61.00712375  009.29519301
120 C
111  61.00956424  009.29495381 1
115  61.00924750  009.29383459
120 Stand N
111  61.00705737  009.29521651 1
111  61.00707080  009.29526382 1
115  61.00708682  009.29532017
120 Stand S
111  61.00682618  009.29551976 1
111  61.00684203  009.29556979 1
115  61.00685562  009.29561266
120 Hold A
111  61.00695822  009.29655457 4
115  61.00678589  009.29676757
120 Hold B
111  61.00763054  009.29569144 4
115  61.00742063  009.29595795
120 A RWY
111  61.00751693  009.29782403 1
112  61.00712064  009.29753122  61.00691042  009.29704307
111  61.00712064  009.29753122
112  61.00712064  009.29753122  61.00725049  009.29812577 1
115  61.00700066  009.29844988
120 B RWY
111  61.00820586  009.29699035 1
112  61.00774845  009.29672881  61.00755745  009.29623556
111  61.00774845  009.29672881
112  61.00774845  009.29672881  61.00787918  009.29729809 1
115  61.00763981  009.29767507
120 C RWY
111  61.00978619  009.29507310 1
112  61.00956424  009.29495381  61.00948125  009.29469169
111  61.00956424  009.29495381
112  61.00956424  009.29495381  61.00962316  009.29524696 1
115  61.00950302  009.29541638
120 CL RWY Taxi
111  61.01033791  009.29440428 1
111  61.00978619  009.29507310 1
111  61.00950302  009.29541638 1
111  61.00820586  009.29699035 1
111  61.00763981  009.29767507 1
111  61.00751693  009.29782403 1
111  61.00700066  009.29844988 1
115  61.00648860  009.29907063
120 CL Hangar
111  61.00847510  009.29311557 1
115  61.00823464  009.29340143
120 RED
111  61.00639142  009.29552212 20
111  61.00740082  009.29429915 20
111  61.00746773  009.29421808 20
115  61.00773652  009.29389242
120 aux white
111  61.00741476  009.29404800 20
111  61.00746773  009.29421808 20
111  61.00734876  009.29412244 20
113  61.00740082  009.29429915 20
21  61.01629844  009.28828758 2 148.1300 3.80 15  PAPI-4L
21  61.00597511  009.29859655 2 329.6800 3.30 33  PAPI-4L
14  61.00896385  009.29213222  75.46 0 Tower Viewpoint
1300  61.00823464  009.29340143 149.53 tie_down turboprops|props Hangar Apron
1301 A general_aviation 
1300  61.00768625  009.29425311 240.25 tie_down turboprops|props GA
1301 B general_aviation 
1300  61.00707080  009.29526382 149.52 gate jets|turboprops|props Gate North
1301 D airline 
1300  61.00684203  009.29556979 146.66 gate turboprops|props Gate South
1301 B airline 
18  61.00896385  009.29213222 1 BCN
19  61.01770493  009.28741701 1 WS 15
19  61.00466037  009.30011552 1 WS 33
54 11992 AFIS
99
