A
1000 Generated by Infinite Flight Airport Editing (World Parser)/AB

1      225 0 1 AL12 KERSHAW
100   15.24   1   0 0.25 0 2 0 09   32.35861100 -086.13250000    0.00    0.00 2  0 0 0 27   32.35861100 -086.11750000    0.00    0.00 2  0 0 0
110   1 0.30  90.00 Default taxiway for RWY 09
111  32.35854468 -086.13249999   3 102 
111  32.35819955 -086.13249997   3 102 
111  32.35820044 -086.11749997   3 102 
111  32.35854557 -086.11749999 
112  32.35854556 -086.11766235  32.35854331 -086.11758117   3 102 
111  32.35846102 -086.11758117   3 102 
112  32.35835130 -086.11758116  32.35826901 -086.11758115   3 102 
111  32.35826901 -086.11766233   3 102 
111  32.35826858 -086.12495938   3 102 
111  32.35854513 -086.12495940 
111  32.35854512 -086.12504058   3 102 
111  32.35826857 -086.12504056   3 102 
112  32.35826814 -086.13233761  32.35826813 -086.13241879   3 102 
111  32.35835042 -086.13241880   3 102 
112  32.35846014 -086.13241881  32.35854243 -086.13241881   3 102 
113  32.35854469 -086.13233763 
120 Default hold RWY 09 (near)
111  32.35840528 -086.13249998   4 
115  32.35840528 -086.13241880 
120 Default hold RWY 09 (centre)
111  32.35840572 -086.12504057   4 
115  32.35840573 -086.12495939 
120 Default hold RWY 09 (far)
111  32.35840616 -086.11758116   4 
115  32.35840617 -086.11749998 
18   32.35909146 -086.12500219 1 BCN
19   32.35881671 -086.13266238 1 WS
19   32.35840527 -086.11733766 1 WS


130 Airport Boundary
111  032.35820007 -086.13249969
111  032.35861206 -086.13249969
111  032.35861206 -086.11750031
113  032.35820007 -086.11750031
99
