A
1000 Generated by Infinite Flight Airport Editing (World Parser)/AB

1      690 0 1 37K  FALCONHEAD
100   22.86   1   0 0.25 0 0 0 18   33.93193100 -097.29518300    0.00    0.00 2  0 0 0 36   33.91999700 -097.29751400    0.00    0.00 2  0 0 0
110   1 0.30 189.21 Default taxiway for RWY 18
111  33.93194710 -097.29530270   3 
111  33.93202974 -097.29591726   3 
111  33.92009576 -097.29824849   3 
111  33.92001312 -097.29763401 
112  33.92021620 -097.29759434  33.92011502 -097.29761685   3 
111  33.92013477 -097.29776368   3 
112  33.92016110 -097.29795946  33.92018085 -097.29810629   3 
111  33.92028239 -097.29808646   3 
111  33.92599553 -097.29697042   3 
111  33.92592934 -097.29647827 
111  33.92603088 -097.29645844   3 
111  33.92609707 -097.29695059   3 
112  33.93181022 -097.29583456  33.93191175 -097.29581473   3 
111  33.93189200 -097.29566787   3 
112  33.93186567 -097.29547207  33.93184592 -097.29532522   3 
113  33.93174403 -097.29534237 
120 Default hold RWY 18 (near)
111  33.93198037 -097.29555013   4 
115  33.93187883 -097.29556997 
120 Default hold RWY 18 (centre)
111  33.92606415 -097.29670586   4 
115  33.92596261 -097.29672569 
120 Default hold RWY 18 (far)
111  33.92014793 -097.29786157   4 
115  33.92004639 -097.29788141 
19   33.93208492 -097.29477783 1 WS
19   33.91984308 -097.29791911 1 WS
51 12290 CTAF


130 Airport Boundary
111  033.91999817 -097.29751587
111  033.92001343 -097.29763031
111  033.92009735 -097.29824829
111  033.93202972 -097.29591370
113  033.93193054 -097.29518127
99
