A
1000 Generated by Infinite Flight Airport Editing (World Parser)/AB

1     1267 0 1 KVVS CONNELLSVILLE
100   30.48   1   0 0.25 0 2 0 05   39.95754700 -079.66146100    0.00    0.00 2  0 0 1 23   39.96474700 -079.65342800    0.00    0.00 2  0 0 0
100   30.48   1   0 0.25 0 2 0 14   39.95847200 -079.65995300    0.00    0.00 2  0 0 0 32   39.95416900 -079.65345000    0.00    0.00 2  0 0 0
21   39.95913274 -079.66026731  2  40.53   3.00 05  PAPI-4L
21   39.95754965 -079.65788980  2 130.80   3.00 14  PAPI-4L
21   39.96316134 -079.65462201  2 220.54   3.00 23  PAPI-4L
110   1 0.30  40.53 Default taxiway for RWY 05
111  39.95745933 -079.66132724   3 102 
111  39.95701221 -079.66064507   3 102 
111  39.96421249 -079.65261284   3 102 
111  39.96465961 -079.65329508 
112  39.96445113 -079.65352764  39.96455391 -079.65340913   3 102 
111  39.96444695 -079.65324593   3 102 
112  39.96430434 -079.65302832  39.96419738 -079.65286512   3 102 
111  39.96409314 -079.65298140   3 102 
111  39.96075360 -079.65670680   3 102 
111  39.96111159 -079.65725302 
111  39.96100735 -079.65736930   3 102 
111  39.96064936 -079.65682309   3 102 
112  39.95730981 -079.66054850  39.95720558 -079.66066478   3 102 
111  39.95731254 -079.66082797   3 102 
112  39.95745515 -079.66104555  39.95756211 -079.66120873   3 102 
113  39.95766780 -079.66109468 
120 Default hold RWY 05 (near)
111  39.95727961 -079.66105304   4 
115  39.95738385 -079.66093676 
120 Default hold RWY 05 (centre)
111  39.96082763 -079.65709508   4 
115  39.96093187 -079.65697879 
120 Default hold RWY 05 (far)
111  39.96437565 -079.65313712   4 
115  39.96447989 -079.65302084 
18   39.95704798 -079.65588389 1 BCN
19   39.95760592 -079.66210152 1 WS
19   39.95896270 -079.65987315 1 WS
19   39.96468804 -079.65278741 1 WS
19   39.95367830 -079.65352989 1 WS
51 12280 CTAF/UNICOM


130 Airport Boundary
111  039.95417023 -079.65345001
111  039.95701218 -079.66064453
111  039.95727921 -079.66105652
111  039.95754623 -079.66146088
111  039.96474838 -079.65342712
113  039.96421051 -079.65261078
99
