I
1050 Generated by WorldEditor 1.7.0r3

1   5470 0 0 WY27 Wagonhound
100 17.98 4 0 0.25 0 0 0 08  42.58771029 -105.54595957    0    0 0 0 0 0 26  42.58772053 -105.53490809    0    0 0 0 0 0
110 2 0.00 0.0000 New Taxiway 4
111  42.58807548 -105.53831772
111  42.58823296 -105.53820742
111  42.58837938 -105.53860432
111  42.58836232 -105.53861628
111  42.58822927 -105.53870960
111  42.58822066 -105.53871545
113  42.58818979 -105.53863088
110 2 0.00 25.0000 New Taxiway 3
111  42.58822927 -105.53870960
111  42.58836232 -105.53861628
111  42.58846735 -105.53890262
113  42.58833458 -105.53898946
110 4 0.00 0.0000 New Taxiway 2
111  42.58779003 -105.53869707
111  42.58810316 -105.53870793
112  42.58818979 -105.53863088  42.58819901 -105.53856069
111  42.58818979 -105.53863088
111  42.58822066 -105.53871545
111  42.58822927 -105.53870960
111  42.58833458 -105.53898946
111  42.58825549 -105.53905010
111  42.58817512 -105.53887510
112  42.58809348 -105.53881099  42.58805104 -105.53880013
111  42.58809348 -105.53881099
113  42.58779498 -105.53876075
130 Airport Boundary 1
111  42.58727666 -105.53532889
111  42.58748070 -105.53489978
111  42.58781639 -105.53444385
111  42.58826397 -105.53422930
111  42.58837587 -105.53791246
111  42.58870497 -105.53913720
111  42.58800727 -105.53979874
111  42.58797436 -105.54252535
111  42.58837587 -105.54476923
111  42.58831005 -105.54641414
113  42.58730957 -105.54652141
14  42.58839073 -105.53857506   6.00 0 New Tower Viewpoint 4
1300  42.58824789 -105.53842246 204.21 tie_down props Apron 1
1301 A general_aviation 
1300  42.58828542 -105.53854946 204.89 tie_down props Apron 2
1301 A general_aviation 
1300  42.58831864 -105.53882103 206.16 hangar props Hangar 1
1301 A none 
99
