A
1000 Generated by Infinite Flight Airport Editing (World Parser)/AB

1      590 1 0 VTUO Burirum
100   45.11   1   0 0.25 0 3 1 04   15.22175300  103.24759400    0.00  526.09 3  0 0 0 22   15.23732200  103.25886700    0.00  519.38 2  0 0 0
21   15.22413904  103.24881459  2  34.94   3.00 04  PAPI-4L
21   15.23561694  103.25813926  2 214.94   3.00 22  PAPI-4L
10   15.22799800  103.24849700 xxx  34.94   700 0.0 0.0   370 101101  2 0 0 0.25 0
10   15.22774700  103.25032000 xxx 124.94   800 0.0 0.0   120 101101  2 0 0 0.25 0
10   15.23717300  103.25828600 xxx  34.94   300 0.0 0.0   140 101101  2 0 0 0.25 0
10   15.22233100  103.24753600 xxx  34.94   300 0.0 0.0   140 101101  2 0 0 0.25 0
10   15.23679000  103.25808000 xxx 154.94   160 0.0 0.0    80 101101  2 0 0 0.25 0
10   15.22265800  103.24784100 xxx  94.94   160 0.0 0.0    80 101101  2 0 0 0.25 0
14   15.22907900  103.24830600   30 0 ATC Tower
15   15.22770600  103.24797800  35.00 Platform
18   15.23000200  103.25254100 1 BCN
19   15.22221800  103.24690200 1 WS
19   15.23685700  103.25956000 1 WS
54 11990 TWR
55 12360 APP


130 Airport Boundary
111  015.22175312  103.24759674
111  015.22233105  103.24753571
111  015.22799778  103.24849701
111  015.23717308  103.25828552
113  015.23732185  103.25886536
99
