A
1000 Generated by Infinite Flight Airport Editing (World Parser)

1       14 1 0 EDDW Bremen
100   46.02   1   0 0.00 1 2 0 09   53.04643533  008.77006328  288.04    0.00 3  1 0 1 27   53.04734167  008.80930913  299.92    0.00 3  1 0 1
100   22.86   1   0 0.00 0 0 1 05   53.04256700  008.78423900    0.00    0.00 2  0 0 0 23   53.04651400  008.79240000    0.00    0.00 2  0 0 0
102 H1   53.04891933  008.78179615  50.00   32.92   32.92   3 0   0 1.00 0
102 H2   53.04907100  008.78750800   0.00   14.94   14.94   2 0   0 0.00 1
102 H3   53.04462793  008.78651022   0.00   42.06   42.06   1 0   0 1.00 0
21   53.04708334  008.77915081  2  87.83   3.00 09  PAPI-4L
21   53.04676494  008.80050993  2 267.85   3.00 27  PAPI-4L
110   2 0.00 319.00 BigTaxiField+Holes
111  53.04676621  008.77543465 
112  53.04676621  008.77543465  53.04676010  008.77515454  53 102 
112  53.04735908  008.77465081  53.04770023  008.77464791 
111  53.04735908  008.77465081 
112  53.04735908  008.77465081  53.04760327  008.77463388  53 102 
112  53.04791585  008.77471332  53.04811030  008.77476183 
111  53.04791585  008.77471332 
112  53.04791585  008.77471332  53.04852174  008.77488822  53 102 
112  53.04940321  008.77602783  53.04977526  008.77668495 
111  53.04940321  008.77602783  53 102 
111  53.05115936  008.77918179  53 102 
112  53.05132232  008.77950716  53.05137607  008.77963330  59 
112  53.05157900  008.78016300  53.05164400  008.78035800  53 102 
112  53.05173200  008.78075100  53.05176700  008.78094300 
111  53.05173200  008.78075100  53 102 
111  53.05175100  008.78115900  53 102 
111  53.05159232  008.78149976  53 102 
111  53.04955612  008.78444954  53 102 
111  53.04947642  008.78448532  53 102 
111  53.04850013  008.78589602 
111  53.04840406  008.78603354  53 102 
111  53.04813515  008.78642476  53 102 
111  53.04777547  008.78644643  53 102 
111  53.04748398  008.78639951 
112  53.04748398  008.78639951  53.04724844  008.78636005  53 102 
112  53.04717390  008.78617314  53.04715347  008.78611283 
111  53.04717390  008.78617314 
111  53.04714108  008.78603398 
111  53.04698984  008.78585888 
111  53.04682206  008.78671930 
111  53.04704139  008.78763784 
112  53.04704139  008.78763784  53.04703467  008.78743828  53 102 
112  53.04755124  008.78684797  53.04788788  008.78682797 
111  53.04755124  008.78684797  53 102 
111  53.04800028  008.78681774 
112  53.04800028  008.78681774  53.04817304  008.78680373  53 102 
112  53.04831926  008.78724049  53.04833443  008.78742163 
111  53.04831926  008.78724049  53 102 
111  53.04839444  008.78814970  53 102 
111  53.04847696  008.79178768  53 102 
111  53.04845986  008.79225774 
112  53.04845986  008.79225774  53.04845034  008.79247941  53 102 
112  53.04818754  008.79269083  53.04807094  008.79271854 
111  53.04818754  008.79269083  53 102 
111  53.04793865  008.79274708  53 102 
112  53.04772205  008.79276171  53.04750868  008.79277490  53 102 
112  53.04713928  008.79185900  53.04712976  008.79127581 
111  53.04713928  008.79185900 
111  53.04695569  008.79277543 
111  53.04717516  008.79337262 
112  53.04717516  008.79337262  53.04716961  008.79321033  53 102 
112  53.04731840  008.79312197  53.04741676  008.79311801  53 102 
111  53.04835888  008.79305729 
112  53.04835888  008.79305729  53.04844058  008.79305201  53 102 
112  53.04851255  008.79329221  53.04851493  008.79342548 
111  53.04851255  008.79329221  53 102 
111  53.04862698  008.79835655 
112  53.04862698  008.79835655  53.04864381  008.79918413  53 102 
112  53.04794489  008.79959595  53.04758766  008.79960217  53 102 
112  53.04729073  008.79859031  53.04728325  008.79812986 
111  53.04729073  008.79859031 
111  53.04711057  008.79963556 
111  53.04732888  008.80021142 
112  53.04732888  008.80021142  53.04732451  008.80007041  53 102 
112  53.04748517  008.79996045  53.04756282  008.79995656 
111  53.04748517  008.79996045  53 102 
111  53.04791877  008.79993371  53 102 
112  53.04864865  008.79932138  53.04886374  008.79868048 
111  53.04864865  008.79932138  53 102 
111  53.04873317  008.80305181  53 102 
111  53.04871393  008.80356249 
112  53.04871393  008.80356249  53.04869309  008.80410627  53 102 
112  53.04818300  008.80439535  53.04791742  008.80441405 
111  53.04818300  008.80439535  53 102 
111  53.04795576  008.80441065 
112  53.04795576  008.80441065  53.04766770  008.80442935  53 102 
112  53.04740718  008.80366172  53.04740156  008.80332746 
111  53.04740718  008.80366172 
111  53.04722395  008.80445225 
111  53.04743210  008.80482676  53 102 
111  53.04817550  008.80477723 
112  53.04817550  008.80477723  53.04864314  008.80474654  53 102 
112  53.04894412  008.80340624  53.04892303  008.80242742 
111  53.04894412  008.80340624  53 102 
111  53.04893200  008.80289226  59 102 
111  53.04888770  008.80095719  53 102 
111  53.04863299  008.78969976 
112  53.04863299  008.78969976  53.04862370  008.78934816  53 102 
112  53.04887619  008.78886062  53.04901671  008.78866164 
111  53.04887619  008.78886062  53 102 
111  53.04925594  008.78830989  53 102 
111  53.04938718  008.78832981  53 102 
111  53.04971416  008.78895472  53 102 
111  53.04967737  008.78900962 
111  53.04971031  008.78907008 
111  53.04965933  008.78914123 
111  53.04995996  008.78970949 
111  53.04998935  008.78966820 
111  53.05006579  008.78981339 
111  53.05034854  008.78940285 
111  53.05027432  008.78925790 
111  53.05030382  008.78921415 
111  53.05000596  008.78864252 
111  53.04994730  008.78872668 
111  53.04991419  008.78865926 
111  53.04987999  008.78870811 
111  53.04980972  008.78857552 
111  53.05131300  008.78638800 
111  53.05185700  008.78734400 
111  53.05246018  008.78638478 
111  53.05273558  008.78580213 
111  53.05318658  008.78451990 
111  53.05262700  008.78399000 
111  53.05225100  008.78367300 
111  53.05234500  008.78292200 
111  53.05248500  008.78296400 
111  53.05250900  008.78278600 
111  53.05235600  008.78272000 
111  53.05236000  008.78237900 
111  53.05278100  008.78239600 
111  53.05283400  008.78235000 
111  53.05285400  008.78219800 
111  53.05299300  008.78218400 
111  53.05300700  008.78207100 
111  53.05323800  008.78215200 
111  53.05326300  008.78196800 
111  53.05331200  008.78198600 
111  53.05337646  008.78150424 
111  53.05309134  008.78140365 
111  53.05306474  008.78159419 
111  53.05293032  008.78154762 
111  53.05289674  008.78182014 
111  53.05285966  008.78180530 
111  53.05291829  008.78132489 
111  53.05301777  008.78118020 
111  53.05326476  008.78126830 
111  53.05343323  008.78156174 
111  53.05377054  008.78103459 
111  53.05357739  008.78069410 
111  53.05403736  008.77998802 
111  53.05365693  008.77932449 
111  53.05375354  008.77917052 
111  53.05366474  008.77901896 
111  53.05307344  008.77994164 
111  53.05297306  008.77976660 
111  53.05314587  008.77949513 
111  53.05283864  008.77895062 
111  53.05250532  008.77945900 
111  53.05255445  008.77954525 
111  53.05252165  008.77959467 
111  53.05249012  008.77954056  53 102 
111  53.05196407  008.78036661  53 102 
111  53.05185341  008.78035721 
112  53.05185341  008.78035721  53.05179754  008.78011946  53 102 
112  53.05170395  008.77985423  53.05168475  008.77979907  59 
112  53.05161651  008.77962222  53.05157998  008.77953339  53 102 
112  53.05126759  008.77889035  53.05110069  008.77858879 
111  53.05126759  008.77889035  53 102 
111  53.04945802  008.77564429 
112  53.04945802  008.77564429  53.04904006  008.77489862  53 
112  53.04840287  008.77457795  53.04825980  008.77449932  53 102 
112  53.04795030  008.77438910  53.04781106  008.77435297  53 102 
112  53.04735162  008.77432192  53.04723026  008.77432829  53 102 
112  53.04706621  008.77428532  53.04698358  008.77429006  53 102 
112  53.04679883  008.77430361  53.04676212  008.77430688  53 102 
111  53.04674454  008.77432883 
113  53.04655732  008.77492574 
111  53.04868681  008.78638950  53 102 
111  53.04868231  008.78618733 
112  53.04868231  008.78618733  53.04868096  008.78612130  53 102 
112  53.04870611  008.78604647  53.04872966  008.78601345 
111  53.04870611  008.78604647  53 102 
111  53.04961161  008.78474187  53 102 
111  53.05012564  008.78571406  53 102 
111  53.04995200  008.78595704 
112  53.04995200  008.78595704  53.04977600  008.78620297  53 102 
112  53.04949908  008.78633749  53.04932778  008.78634876 
113  53.04949908  008.78633749  53 102 
111  53.04861288  008.78880682  53 102 
111  53.04859759  008.78815192  53 102 
111  53.04860846  008.78785364  53 102 
111  53.04863379  008.78785123  53 102 
111  53.04866661  008.78731584 
112  53.04866661  008.78731584  53.04868139  008.78706997  53 102 
112  53.04893600  008.78679331  53.04911653  008.78673360 
111  53.04893600  008.78679331  53 102 
111  53.04923562  008.78668561  53 102 
112  53.04953969  008.78666487  53.04979729  008.78664379 
111  53.04953969  008.78666487 
112  53.04953969  008.78666487  53.04964315  008.78665960  53 102 
112  53.04973617  008.78686781  53.04976367  008.78698411  53 102 
112  53.04967927  008.78726263  53.04960537  008.78737591 
111  53.04967927  008.78726263 
114  53.04967927  008.78726263  53.04948079  008.78754890  53 102 
110   2 0.00 319.00 BigTaxiField Add On
111  53.05173200  008.78075100 
111  53.05168700  008.78078300 
111  53.05174601  008.78111043 
111  53.05172880  008.78119280 
111  53.05167700  008.78127600 
111  53.05168385  008.78130381 
113  53.05175100  008.78115900 
110   1 0.00   0.00 General Aviation Taxiway - Asphalt
111  53.05225100  008.78367300 
111  53.05262700  008.78399000 
111  53.05322847  008.78455937 
111  53.05327970  008.78445793 
111  53.05360311  008.78186508 
111  53.05338045  008.78147005 
111  53.05331200  008.78198600 
111  53.05326300  008.78196800 
111  53.05323800  008.78215200 
111  53.05300700  008.78207100 
111  53.05299300  008.78218400 
111  53.05285400  008.78219800 
111  53.05283400  008.78235000 
111  53.05278100  008.78239600 
111  53.05236000  008.78237900 
111  53.05235600  008.78272000 
111  53.05250900  008.78278600 
111  53.05248500  008.78296400 
113  53.05234500  008.78292200 
110   2 0.00  46.00 Taxiway 01 to RWY 09 - add on
111  53.04830455  008.77455158 
111  53.04892274  008.77497592 
111  53.04944599  008.77565924 
111  53.04945861  008.77564591 102 
111  53.04858795  008.77407304 102 
111  53.04842168  008.77433193 102 
112  53.04844714  008.77448577  53.04842544  008.77458110 
111  53.04844714  008.77448577 
112  53.04844714  008.77448577  53.04842544  008.77460266 102 
113  53.04830570  008.77452958 
110   1 0.00  88.54 RWY 09 Tourn-A-Round - 02
111  53.04579300  008.77011600  53 102 
111  53.04581100  008.77097000  53 102 
111  53.04628200  008.77169700 
111  53.04645144  008.77084892 
113  53.04623619  008.77007611  53 102 
110   1 0.00 321.00 Old Big Asphalt Field
111  53.05132232  008.77950716  53 102 
111  53.05031800  008.78096600 
111  53.05034600  008.78101300 
111  53.05105800  008.77998200 
111  53.05111600  008.78009400 
111  53.05005400  008.78163500 
111  53.04996800  008.78147300  53 102 
111  53.04757600  008.78494600  53 102 
111  53.04758300  008.78533800  53 102 
111  53.04728600  008.78574900  53 102 
112  53.04717800  008.78585800  53.04714541  008.78587607  53 102 
112  53.04705800  008.78588700  53.04702146  008.78585743  53 102 
111  53.04700100  008.78565100 
111  53.04686004  008.78574534 
111  53.04714543  008.78620887 
111  53.04717400  008.78617300  53 102 
112  53.04717900  008.78611700  53.04719461  008.78609475  53 102 
111  53.04811700  008.78473400  53 102 
111  53.04824413  008.78499676  53 102 
111  53.04837100  008.78480800  59 
111  53.04847300  008.78465700  53 102 
111  53.05157900  008.78016300 
113  53.05153822  008.77972901 
110   2 0.00 318.89 Old Big Asphalt - Beton Add on
111  53.04996800  008.78147300 
111  53.05005400  008.78163500 
111  53.05111600  008.78009400 
111  53.05105800  008.77998200 
111  53.05034600  008.78101300 
113  53.05031800  008.78096600  53 102 
110   1 0.00  87.50 Old Big Asphalt Taxiway - Add on
111  53.04847300  008.78465700 
111  53.04837100  008.78480800 
111  53.04840400  008.78603400 
113  53.04850053  008.78589607 
110   1 0.00 321.00 Old Big Asphalt - Add on
111  53.04759531  008.78491845 
111  53.04745802  008.78511744 
111  53.04758508  008.78534351 
113  53.04771651  008.78514131 
110   1 0.00 321.00 Old Big Asphalt - Add on
111  53.05157900  008.78016300 
111  53.05147089  008.78031505 
112  53.05153615  008.78030968  53.05156744  008.78031418 
112  53.05158269  008.78032646  53.05158530  008.78032846 
111  53.05168824  008.78072677 
111  53.05168700  008.78078300 
111  53.05173200  008.78075100 
113  53.05175189  008.78039991 
110   1 0.00 321.00 Old Big Asphalt - Add on
111  53.04720727  008.78584911 
111  53.04708795  008.78570830 
111  53.04710630  008.78558955 
111  53.04699004  008.78551660 
114  53.04701656  008.78592545  53.04709101  008.78598482 
110   2 0.00  49.00 Truck Place 02
111  53.04909300  008.78375000 
111  53.04952900  008.78458400 
111  53.04992900  008.78400600 
113  53.04948700  008.78317500 
110   1 0.00  56.00 Truck Place - Asphalt Surround
111  53.05118477  008.78072297 
112  53.05118477  008.78072297  53.05126508  008.78064182 
112  53.05142035  008.78072198  53.05150066  008.78078730 
111  53.05142035  008.78072198 
111  53.05143343  008.78071011 
112  53.05143343  008.78071011  53.05151974  008.78090769 
112  53.05160607  008.78128769  53.05162476  008.78139180 
111  53.05160607  008.78128769 
111  53.05140600  008.78157800 
111  53.05137015  008.78151574 
111  53.05139176  008.78148726 
111  53.05136700  008.78143700 
111  53.05130600  008.78152100 
111  53.05137000  008.78163800 
111  53.05100800  008.78216000 
111  53.05091600  008.78225600 
111  53.05088900  008.78220300 
111  53.05091600  008.78216600 
111  53.05089400  008.78212100 
111  53.05083400  008.78220300 
111  53.05087400  008.78230500 
111  53.05043500  008.78292700 
111  53.05041600  008.78289100 
111  53.05044100  008.78285500 
111  53.05042100  008.78281200 
111  53.05035900  008.78288800 
111  53.05040200  008.78297700 
111  53.04996100  008.78361400 
111  53.04994100  008.78357500 
111  53.04996600  008.78353900 
111  53.04994200  008.78348600 
111  53.04988500  008.78357900 
111  53.04992600  008.78365400 
112  53.04992600  008.78365400  53.04989649  008.78368753 
112  53.04979000  008.78361200  53.04975977  008.78357009 
111  53.04979000  008.78361200 
112  53.04960100  008.78325600  53.04955968  008.78317843 
111  53.04958200  008.78304800 
111  53.04948000  008.78317700 
111  53.04989611  008.78398659 
111  53.05170778  008.78139831 
111  53.05167700  008.78127600 
112  53.05167700  008.78127600  53.05163357  008.78103650 
112  53.05138465  008.78042014  53.05127995  008.78028356 
113  53.05138465  008.78042014 
110   2 0.00 319.00 Truck Place Field
111  53.05121409  008.78068671 
112  53.05121409  008.78068671  53.05124741  008.78066890 
112  53.05141500  008.78079900  53.05148460  008.78093953 
112  53.05134100  008.78124800  53.05126723  008.78135686 
111  53.05134100  008.78124800 
111  53.05101500  008.78172100 
111  53.05076800  008.78184200 
111  53.04978400  008.78326900 
112  53.04978400  008.78326900  53.04971559  008.78336796 
111  53.04963800  008.78334900 
111  53.04978188  008.78362394 
111  53.05137000  008.78132200 
112  53.05137000  008.78132200  53.05141456  008.78125739 
112  53.05150400  008.78130400  53.05153434  008.78136536 
111  53.05150800  008.78144600 
111  53.05164755  008.78126962 
111  53.05145261  008.78066486 
113  53.05123969  008.78056146 
110   1 0.00 318.00 Asp_Tower
111  53.04994045  008.78838529 
111  53.05050162  008.78946698 
111  53.05094372  008.78881857 
111  53.05092789  008.78879038 
111  53.05180247  008.78749977 
111  53.05178311  008.78746632 
111  53.05185700  008.78734400 
113  53.05131300  008.78638800 
110   2 0.00 319.00 Airbus Taxiway
111  53.04892940  008.80289148 
111  53.04896877  008.80288835 
111  53.04899066  008.80234673 
112  53.04899066  008.80234673  53.04899542  008.80223721 
112  53.04907699  008.80221895  53.04912537  008.80220839 
111  53.04907699  008.80221895 
111  53.04962906  008.80208364 
111  53.04983618  008.80205708 
111  53.04992577  008.80221759 
111  53.05019884  008.80182195 
111  53.05011205  008.80165421 
111  53.05100029  008.80036567 
111  53.05083410  008.80002969 
111  53.05060930  008.80034489 
111  53.05039149  008.80035445 
111  53.04981268  008.80120006 
111  53.05001777  008.80119589 
111  53.05001779  008.80123518 
111  53.04987330  008.80144319 
111  53.04954814  008.80170080 
111  53.04905394  008.80164385 
112  53.04905394  008.80164385  53.04902051  008.80163949 
112  53.04897326  008.80153790  53.04896539  008.80144630 
111  53.04897326  008.80153790 
111  53.04892331  008.80095532 
111  53.04888465  008.80095774 
113  53.04880936  008.80200000 
110   1 0.00  48.00 PostAsphalt
111  53.05125475  008.77755422 
111  53.05130040  008.77763501 
111  53.05132505  008.77759524 
112  53.05132505  008.77759524  53.05133537  008.77757930 
112  53.05135176  008.77759289  53.05135913  008.77760556 
111  53.05135176  008.77759289 
111  53.05142752  008.77773375 
111  53.05173271  008.77727532 
111  53.05167118  008.77716494 
111  53.05170702  008.77710691 
111  53.05176802  008.77721569 
111  53.05208907  008.77671474 
111  53.05203091  008.77660795 
111  53.05206490  008.77655519 
111  53.05212274  008.77666150 
111  53.05246973  008.77613051 
111  53.05237747  008.77596191 
111  53.05244833  008.77585502 
112  53.05244833  008.77585502  53.05250277  008.77577312 
111  53.05257089  008.77579726 
111  53.05247202  008.77562518 
111  53.05237275  008.77578137 
112  53.05237275  008.77578137  53.05235346  008.77581074 
112  53.05232220  008.77577450  53.05230847  008.77575220 
111  53.05232220  008.77577450 
111  53.05231931  008.77576955 
111  53.05237252  008.77568684 
111  53.05212769  008.77524388 
111  53.05210126  008.77528535 
111  53.05209546  008.77527519 
111  53.05205398  008.77534005 
111  53.05198310  008.77521562 
111  53.05202704  008.77514927 
111  53.05203351  008.77516174 
111  53.05210470  008.77505981 
111  53.05164970  008.77424681 
111  53.05159768  008.77432907 
111  53.05157575  008.77428914 
111  53.05150609  008.77439498 
111  53.05140841  008.77422292 
112  53.05140841  008.77422292  53.05135715  008.77413231 
112  53.05125351  008.77420815  53.05119717  008.77429338 
111  53.05125351  008.77420815 
111  53.05095225  008.77466717 
112  53.05095225  008.77466717  53.05092164  008.77471266 
112  53.05086103  008.77467961  53.05083696  008.77463659 
111  53.05086103  008.77467961 
111  53.05070983  008.77441007 
111  53.05049485  008.77473992 
111  53.05052407  008.77479335 
111  53.05049219  008.77484224 
111  53.05046153  008.77479176 
111  53.05024749  008.77511460 
111  53.05029541  008.77519902 
111  53.05024860  008.77519442 
111  53.05022615  008.77515341 
111  53.05015698  008.77526145 
111  53.05031178  008.77554104 
111  53.05038154  008.77543566 
111  53.05035800  008.77539060 
111  53.05037839  008.77535787 
111  53.05049117  008.77556182 
111  53.05031462  008.77582864 
111  53.05037385  008.77593742 
111  53.05038490  008.77592012 
111  53.05053148  008.77618025 
111  53.05052068  008.77619855 
111  53.05070820  008.77653490 
111  53.05073842  008.77648964 
112  53.05073842  008.77648964  53.05074985  008.77647252 
112  53.05077017  008.77649091  53.05078046  008.77650962 
111  53.05077017  008.77649091 
111  53.05128294  008.77741854 
111  53.05126557  008.77744420 
111  53.05127908  008.77746467 
112  53.05127908  008.77746467  53.05128792  008.77747979 
112  53.05127866  008.77751483  53.05126957  008.77753036 
113  53.05127866  008.77751483 
111  53.05054275  008.77529213 
111  53.05052761  008.77531616 
111  53.05040783  008.77510121 
113  53.05042424  008.77507655 
111  53.05135610  008.77434615 
111  53.05132566  008.77429452 
111  53.05121288  008.77446876 
111  53.05124285  008.77452329 
111  53.05123022  008.77454203 
112  53.05123022  008.77454203  53.05122352  008.77455047 
112  53.05120732  008.77453699  53.05119839  008.77452112 
111  53.05120732  008.77453699 
111  53.05119470  008.77451442 
112  53.05119470  008.77451442  53.05118049  008.77448875 
112  53.05119600  008.77441827  53.05121671  008.77438788 
111  53.05119600  008.77441827 
111  53.05129389  008.77427150 
112  53.05129389  008.77427150  53.05131543  008.77423805 
112  53.05135907  008.77426886  53.05138138  008.77430676 
111  53.05135907  008.77426886 
111  53.05137036  008.77428817 
112  53.05137036  008.77428817  53.05137655  008.77429899 
112  53.05137080  008.77432548  53.05136106  008.77433911 
113  53.05137080  008.77432548 
111  53.05142297  008.77446871 
111  53.05139316  008.77441466 
111  53.05140664  008.77439451 
112  53.05140664  008.77439451  53.05141716  008.77438039 
112  53.05143596  008.77440171  53.05144482  008.77441798 
111  53.05143596  008.77440171 
111  53.05149310  008.77450778 
112  53.05149310  008.77450778  53.05150122  008.77452282 
112  53.05149326  008.77454898  53.05148440  008.77456280 
111  53.05149326  008.77454898 
111  53.05148046  008.77456841 
111  53.05144943  008.77451440 
111  53.05133617  008.77469103 
111  53.05136680  008.77474479 
111  53.05135514  008.77476182 
112  53.05135514  008.77476182  53.05134720  008.77477318 
112  53.05133019  008.77475768  53.05132170  008.77474294 
111  53.05133019  008.77475768 
111  53.05127210  008.77465444 
112  53.05127210  008.77465444  53.05126010  008.77463510 
112  53.05126980  008.77460699  53.05127866  008.77459225 
111  53.05126980  008.77460699 
111  53.05128063  008.77458983 
113  53.05131106  008.77464501 
111  53.05154766  008.77468887 
111  53.05151839  008.77463501 
111  53.05153223  008.77461357 
112  53.05153223  008.77461357  53.05154035  008.77460344 
112  53.05155359  008.77461359  53.05155986  008.77462556 
111  53.05155359  008.77461359 
111  53.05161678  008.77473075 
112  53.05161678  008.77473075  53.05162416  008.77474457 
112  53.05161659  008.77476952  53.05160884  008.77478149 
111  53.05161659  008.77476952 
111  53.05160370  008.77478882 
111  53.05157388  008.77473495 
111  53.05145862  008.77491336 
111  53.05148956  008.77496804 
111  53.05147722  008.77498654 
112  53.05147722  008.77498654  53.05147039  008.77499667 
112  53.05145882  008.77498632  53.05145218  008.77497404 
111  53.05145882  008.77498632 
111  53.05139218  008.77486799 
112  53.05139218  008.77486799  53.05138295  008.77485203 
112  53.05139208  008.77482937  53.05140002  008.77481740 
111  53.05139208  008.77482937 
111  53.05140371  008.77481125 
113  53.05143409  008.77486781 
111  53.05168840  008.77490951 
111  53.05155564  008.77511533 
111  53.05153031  008.77506859 
111  53.05151609  008.77509105 
112  53.05151609  008.77509105  53.05150612  008.77507785 
112  53.05151616  008.77504847  53.05152502  008.77503465 
111  53.05152633  008.77503181 
111  53.05155597  008.77508591 
111  53.05167125  008.77490989 
111  53.05164200  008.77485539 
111  53.05165617  008.77483362 
112  53.05165617  008.77483362  53.05166337  008.77482380 
112  53.05167517  008.77483372  53.05168108  008.77484354 
111  53.05167517  008.77483372 
111  53.05169241  008.77486458 
113  53.05167654  008.77488719 
111  53.05169730  008.77495526 
111  53.05158263  008.77513465 
111  53.05161386  008.77518831 
111  53.05160169  008.77520639 
112  53.05160169  008.77520639  53.05159394  008.77521775 
112  53.05158082  008.77520678  53.05157399  008.77519481 
111  53.05158082  008.77520678 
111  53.05156185  008.77517198 
111  53.05157591  008.77514956 
111  53.05156612  008.77513291 
111  53.05169846  008.77492575 
111  53.05171002  008.77494750 
111  53.05172451  008.77492410 
111  53.05174151  008.77495519 
112  53.05174151  008.77495519  53.05174834  008.77496870 
112  53.05174134  008.77499174  53.05173322  008.77500433 
111  53.05174134  008.77499174 
113  53.05172842  008.77501012 
111  53.05179674  008.77513076 
111  53.05176627  008.77507645 
111  53.05177895  008.77505634 
112  53.05177895  008.77505634  53.05178928  008.77504283 
112  53.05180216  008.77506213  53.05181139  008.77507871 
111  53.05180216  008.77506213 
111  53.05186109  008.77517060 
112  53.05186109  008.77517060  53.05186884  008.77518564 
112  53.05186411  008.77521177  53.05185507  008.77522559 
111  53.05186411  008.77521177 
111  53.05185184  008.77523033 
111  53.05181912  008.77517441 
111  53.05170663  008.77535564 
111  53.05173687  008.77540961 
111  53.05172527  008.77542838 
112  53.05172527  008.77542838  53.05171936  008.77543728 
112  53.05170156  008.77542404  53.05169455  008.77541053 
111  53.05170156  008.77542404 
111  53.05163992  008.77531301 
112  53.05163992  008.77531301  53.05163180  008.77529889 
112  53.05163817  008.77527435  53.05164555  008.77526207 
111  53.05163817  008.77527435 
111  53.05165114  008.77525314 
113  53.05168382  008.77531152 
111  53.05191908  008.77535538 
111  53.05188904  008.77529859 
111  53.05190240  008.77527753 
112  53.05190240  008.77527753  53.05191218  008.77526187 
112  53.05192700  008.77528555  53.05193641  008.77530274 
111  53.05192700  008.77528555 
111  53.05225994  008.77588182 
112  53.05225994  008.77588182  53.05227291  008.77590430 
112  53.05225880  008.77594814  53.05224448  008.77597062 
111  53.05225880  008.77594814 
111  53.05221147  008.77602188 
112  53.05221147  008.77602188  53.05220120  008.77603671 
112  53.05218380  008.77601671  53.05217677  008.77600053 
111  53.05218380  008.77601671 
111  53.05223122  008.77594062 
111  53.05193357  008.77540396 
111  53.05181824  008.77558414 
112  53.05181824  008.77558414  53.05180883  008.77559857 
112  53.05179343  008.77558735  53.05178716  008.77557660 
111  53.05179343  008.77558735 
111  53.05176143  008.77553016 
112  53.05176143  008.77553016  53.05175497  008.77551880 
112  53.05176081  008.77549734  53.05176708  008.77548659 
111  53.05176081  008.77549734 
111  53.05177432  008.77547577 
113  53.05180473  008.77553076 
111  53.05035759  008.77532410 
111  53.05033760  008.77535135 
111  53.05027944  008.77524832 
113  53.05031870  008.77525319 
111  53.05057005  008.77556372 
111  53.05054301  008.77551770 
112  53.05054301  008.77551770  53.05052837  008.77549138 
112  53.05054454  008.77541683  53.05056828  008.77538129 
111  53.05054454  008.77541683 
111  53.05103856  008.77466427 
111  53.05106905  008.77471529 
111  53.05107851  008.77470054 
111  53.05104812  008.77465020 
111  53.05110507  008.77456322 
112  53.05110507  008.77456322  53.05112119  008.77453990 
112  53.05115082  008.77456911  53.05116806  008.77459977 
111  53.05115082  008.77456911 
111  53.05116368  008.77459156 
111  53.05112753  008.77464965 
111  53.05126668  008.77489832 
111  53.05130236  008.77484089 
111  53.05131637  008.77486550 
111  53.05127635  008.77493064 
111  53.05129084  008.77495639 
111  53.05133006  008.77489153 
111  53.05134239  008.77491307 
111  53.05130252  008.77497754 
111  53.05137446  008.77510700 
111  53.05141418  008.77504235 
111  53.05147348  008.77514729 
111  53.05143368  008.77521370 
111  53.05145324  008.77524890 
111  53.05149337  008.77518217 
111  53.05168693  008.77552999 
111  53.05165683  008.77557941 
111  53.05153965  008.77536869 
111  53.05152892  008.77538517 
111  53.05111622  008.77464285 
111  53.05105341  008.77473987 
111  53.05104177  008.77471918 
111  53.05063794  008.77533625 
111  53.05065120  008.77535824 
111  53.05059471  008.77544570 
111  53.05119060  008.77652163 
111  53.05117402  008.77654598 
111  53.05103639  008.77629322 
111  53.05100427  008.77634294 
111  53.05098610  008.77631089 
111  53.05101924  008.77626058 
111  53.05088197  008.77601374 
111  53.05085026  008.77606340 
111  53.05083405  008.77603544 
111  53.05087985  008.77596069 
111  53.05086375  008.77593157 
111  53.05081694  008.77600612 
111  53.05079961  008.77597456 
111  53.05083286  008.77592173 
113  53.05060364  008.77551344 
110   1 0.00   0.00 Patrol01
111  53.05113392  008.77776926 
112  53.05099088  008.77757857  53.05090520  008.77743829 
112  53.04913403  008.77424961  53.04896261  008.77393939 
112  53.04881626  008.77368251  53.04876464  008.77359065 
111  53.04863384  008.77335303 
112  53.04863384  008.77335303  53.04857382  008.77324320 
112  53.04851511  008.77292073  53.04851031  008.77270607 
111  53.04851511  008.77292073 
111  53.04837495  008.76675840 
112  53.04837495  008.76675840  53.04837258  008.76665414 
112  53.04826867  008.76660994  53.04820430  008.76661389 
111  53.04826867  008.76660994 
111  53.04702742  008.76668631 
112  53.04702742  008.76668631  53.04698069  008.76669040 
112  53.04695366  008.76657522  53.04695202  008.76649953 
111  53.04695366  008.76657522 
111  53.04691899  008.76509354 
112  53.04691759  008.76493021  53.04691894  008.76483945 
111  53.04693696  008.76478159 
111  53.04704628  008.76441321 
111  53.04700206  008.76437722 
112  53.04693753  008.76436971  53.04691679  008.76434953 
112  53.04689933  008.76429738  53.04689895  008.76427543 
111  53.04689933  008.76429738 
111  53.04682543  008.76101126 
112  53.04682543  008.76101126  53.04682471  008.76098545 
112  53.04681454  008.76094322  53.04680836  008.76092697 
111  53.04681454  008.76094322 
111  53.04648269  008.76007971 
112  53.04648269  008.76007971  53.04647098  008.76005032 
112  53.04642981  008.76003299  53.04640738  008.76003473 
111  53.04642981  008.76003299 
111  53.04599879  008.76006704 
112  53.04599879  008.76006704  53.04597079  008.76006916 
112  53.04593997  008.76012116  53.04592775  008.76015800 
111  53.04593997  008.76012116 
111  53.04566007  008.76098558 
112  53.04566007  008.76098558  53.04564781  008.76102330 
112  53.04564383  008.76108968  53.04564452  008.76112509 
111  53.04564383  008.76108968 
111  53.04577250  008.76664935 
112  53.04577250  008.76664935  53.04577475  008.76673786 
112  53.04569946  008.76677189  53.04564399  008.76677564 
111  53.04569946  008.76677189 
111  53.04500414  008.76681390 
112  53.04500414  008.76681390  53.04494958  008.76681690 
112  53.04487853  008.76687925  53.04483569  008.76692876 
111  53.04487853  008.76687925 
111  53.04377513  008.76812817 
111  53.04369466  008.76820804 
112  53.04369466  008.76820804  53.04368910  008.76821353 
111  53.04367845  008.76821143 
111  53.04365221  008.76828184 
112  53.04366566  008.76831157  53.04366601  008.76832719 
111  53.04366566  008.76831157 
111  53.04386134  008.77707391 
112  53.04386134  008.77707391  53.04386680  008.77731442 
112  53.04376506  008.77757732  53.04368103  008.77771709 
111  53.04376506  008.77757732 
112  53.04323741  008.77847712  53.04306438  008.77880029 
111  53.03994789  008.78497809 
112  53.03994789  008.78497809  53.03985219  008.78516908 
112  53.03970862  008.78555238  53.03964589  008.78574337 
112  53.03951058  008.78626480  53.03947443  008.78644695 
112  53.03943336  008.78680391  53.03941635  008.78702319 
111  53.03943336  008.78680391 
111  53.03939144  008.78680136 
111  53.03937813  008.78702622 
111  53.03927859  008.78731886 
111  53.03913346  008.78765016 
111  53.03879997  008.78841544 
111  53.03881896  008.78844943 
111  53.03915239  008.78768254 
112  53.03930235  008.78760057  53.03938529  008.78765716 
111  53.03940631  008.78778343 
112  53.03957477  008.78853274  53.03965771  008.78878739 
112  53.03984065  008.78918643  53.03992465  008.78934913 
111  53.04478645  008.79813125 
112  53.04478645  008.79813125  53.04481286  008.79817847 
112  53.04482633  008.79828951  53.04482768  008.79834952 
111  53.04482633  008.79828951 
112  53.04483434  008.79870225  53.04483598  008.79881135 
112  53.04478400  008.79892035  53.04474628  008.79897763 
111  53.04456232  008.79925292 
111  53.04458428  008.79929181 
111  53.04461227  008.79924836 
112  53.04461227  008.79924836  53.04462053  008.79923570 
112  53.04463079  008.79926805  53.04462840  008.79928758 
112  53.04461729  008.79942289  53.04461329  008.79949208 
112  53.04461088  008.79992105  53.04461242  008.80006344 
111  53.04477214  008.80742938 
112  53.04477214  008.80742938  53.04477334  008.80748944 
111  53.04473403  008.80755705 
111  53.04464740  008.80750260 
111  53.04464857  008.80756289 
111  53.04472771  008.80760886 
111  53.04468594  008.80825560 
111  53.04465459  008.80842449 
112  53.04465459  008.80842449  53.04463562  008.80852680 
112  53.04464335  008.80896274  53.04464335  008.80918783 
111  53.04470249  008.81163913 
112  53.04474301  008.81199908  53.04477650  008.81210121 
111  53.04486153  008.81217068 
111  53.04669893  008.81338479 
112  53.04686474  008.81355071  53.04690189  008.81362486 
111  53.04690622  008.81376064 
111  53.04691273  008.81388480 
112  53.04695051  008.81405594  53.04698766  008.81411773 
111  53.04707042  008.81411760 
111  53.04781301  008.81406530 
112  53.04792241  008.81399728  53.04796616  008.81392313 
111  53.04796119  008.81379292 
111  53.04796477  008.81362246 
112  53.04796477  008.81362246  53.04796601  008.81355127 
112  53.04801917  008.81346087  53.04804336  008.81343817 
111  53.04801917  008.81346087 
111  53.04842025  008.81309177 
112  53.04881092  008.81248690  53.04890998  008.81230338 
111  53.04912537  008.81181497 
112  53.04929308  008.81130995  53.04932235  008.81110021 
112  53.04931557  008.81065243  53.04931032  008.81047515 
112  53.04929692  008.81027025  53.04929617  008.81022406 
111  53.04929964  008.81019031 
111  53.04930421  008.81015790 
111  53.04931531  008.81016537 
111  53.04932618  008.81010832 
111  53.04931362  008.81009594 
112  53.04934318  008.80960538  53.04934566  008.80951768 
111  53.04934115  008.80918389 
111  53.04923145  008.80423870 
112  53.04926650  008.80401035  53.04927551  008.80393045 
111  53.04927774  008.80379430 
111  53.04925979  008.80304332 
112  53.04925979  008.80304332  53.04925454  008.80282609 
111  53.04927321  008.80278470 
111  53.04930089  008.80267255 
112  53.04932304  008.80245157  53.04932079  008.80232298 
111  53.04932304  008.80245157 
111  53.04931629  008.80216088 
111  53.04924883  008.80217704 
111  53.04925775  008.80245802 
112  53.04925775  008.80245802  53.04926075  008.80259285 
111  53.04925087  008.80264582 
111  53.04922471  008.80275916 
112  53.04920531  008.80290779  53.04920606  008.80298519 
111  53.04920531  008.80290779 
111  53.04922453  008.80379380 
112  53.04921965  008.80393057  53.04921365  008.80398051 
112  53.04916866  008.80414747  53.04915590  008.80418742 
111  53.04913236  008.80421909 
111  53.04910448  008.80423113 
111  53.04894611  008.80423417 
111  53.04891462  008.80422322 
111  53.04886803  008.80416852 
111  53.04884309  008.80412835 
111  53.04879139  008.80425813 
111  53.04883028  008.80426233 
111  53.04890615  008.80431147 
111  53.04893534  008.80431583 
111  53.04910938  008.80430921 
111  53.04913479  008.80431567 
112  53.04913479  008.80431567  53.04915881  008.80432066 
112  53.04918164  008.80445487  53.04918464  008.80454476 
111  53.04918164  008.80445487 
111  53.04929091  008.80918774 
112  53.04929708  008.80960193  53.04929522  008.80969479 
111  53.04927452  008.80993814 
111  53.04920669  008.80991577 
111  53.04919946  008.80997661 
111  53.04924803  008.80999905 
111  53.04926824  008.80999624 
111  53.04926528  008.81003679 
111  53.04925617  008.81007222 
111  53.04797513  008.80919137 
111  53.04797545  008.80925134 
111  53.04925847  008.81012903 
112  53.04925339  008.81026863  53.04925489  008.81035228 
112  53.04927104  008.81065659  53.04927329  008.81082887 
112  53.04925036  008.81129262  53.04923160  008.81145866 
111  53.04909127  008.81177007 
112  53.04877573  008.81244844  53.04868042  008.81262946 
111  53.04848910  008.81291524 
112  53.04848910  008.81291524  53.04848384  008.81292355 
112  53.04843291  008.81284960  53.04839521  008.81275869 
112  53.04820794  008.81272615  53.04806356  008.81272766 
111  53.04803368  008.81273329 
111  53.04795365  008.80925529 
111  53.04792390  008.80925796 
111  53.04800010  008.81273519 
111  53.04774080  008.81274874 
112  53.04774080  008.81274874  53.04771797  008.81274946 
112  53.04766000  008.81270386  53.04763935  008.81269120 
111  53.04756544  008.81265475 
112  53.04756544  008.81265475  53.04754621  008.81264462 
111  53.04752968  008.81264504 
111  53.04721579  008.81265993 
112  53.04721579  008.81265993  53.04720077  008.81266057 
112  53.04718675  008.81269685  53.04718556  008.81272254 
111  53.04718675  008.81269685 
111  53.04718121  008.81282700 
112  53.04718121  008.81282700  53.04718062  008.81283713 
112  53.04719019  008.81284426  53.04719568  008.81284401 
111  53.04719019  008.81284426 
111  53.04799887  008.81280011 
111  53.04800484  008.81317745 
112  53.04800122  008.81323424  53.04799698  008.81326172 
111  53.04798111  008.81333794 
112  53.04794940  008.81344990  53.04793389  008.81350974 
111  53.04791762  008.81361507 
111  53.04791323  008.81378236 
112  53.04787456  008.81395218  53.04782750  008.81400299 
111  53.04773418  008.81399946 
111  53.04708945  008.81404274 
112  53.04699416  008.81399565  53.04695619  008.81394347 
111  53.04695519  008.81387760 
111  53.04694759  008.81373901 
112  53.04690765  008.81351221  53.04687298  008.81343394 
111  53.04672036  008.81332351 
111  53.04489430  008.81211396 
112  53.04478622  008.81196755  53.04475955  008.81188605 
111  53.04474623  008.81163541 
112  53.04468524  008.80883945  53.04468421  008.80868257 
112  53.04473131  008.80826772  53.04477232  008.80809549 
111  53.04473131  008.80826772 
111  53.04475995  008.80814693 
112  53.04475995  008.80814693  53.04478455  008.80804376 
112  53.04481858  008.80777627  53.04482217  008.80761854 
111  53.04481858  008.80777627 
111  53.04481818  008.80775319 
112  53.04482103  008.80773764  53.04482366  008.80773048 
111  53.04483740  008.80771938 
111  53.04483592  008.80757692 
111  53.04481596  008.80755869 
111  53.04465883  008.79998479 
111  53.04466593  008.79986659 
112  53.04466593  008.79986659  53.04466698  008.79985087 
111  53.04467864  008.79983570 
111  53.04467919  008.79968944 
112  53.04467919  008.79968944  53.04466834  008.79967954 
112  53.04465928  008.79962073  53.04465928  008.79959219 
111  53.04465928  008.79962073 
112  53.04467940  008.79929344  53.04469938  008.79917714 
111  53.04473546  008.79912248 
111  53.04483732  008.79895605 
112  53.04483732  008.79895605  53.04486561  008.79890695 
112  53.04488317  008.79878090  53.04488563  008.79872294 
111  53.04490457  008.79870139 
111  53.04490369  008.79862082 
111  53.04488168  008.79854926 
111  53.04487424  008.79828871 
112  53.04487424  008.79828871  53.04487199  008.79820920 
112  53.04482693  008.79808635  53.04479458  008.79802815 
111  53.04482693  008.79808635 
111  53.04456376  008.79761490 
111  53.04455030  008.79754131 
111  53.04450239  008.79745080 
111  53.04446149  008.79742717 
111  53.04281994  008.79445711 
112  53.04281994  008.79445711  53.04280521  008.79443170 
112  53.04282530  008.79437004  53.04284112  008.79433737 
111  53.04282530  008.79437004 
111  53.04279206  008.79431074 
112  53.04279206  008.79431074  53.04277242  008.79432889 
112  53.04273030  008.79430745  53.04271393  008.79427841 
111  53.04273030  008.79430745 
112  53.03987605  008.78913568  53.03979418  008.78897298 
112  53.03961828  008.78850697  53.03955236  008.78829476 
111  53.03945331  008.78777789 
111  53.03944665  008.78768559 
112  53.03944665  008.78768559  53.03942964  008.78744332 
112  53.03947362  008.78681231  53.03949170  008.78658065 
112  53.03954685  008.78628945  53.03958726  008.78610023 
112  53.03974133  008.78558668  53.03979875  008.78540807 
112  53.03997920  008.78501998  53.04006001  008.78486436 
111  53.03997920  008.78501998 
112  53.04326942  008.77852459  53.04343568  008.77821750 
111  53.04379166  008.77762796 
112  53.04379166  008.77762796  53.04386859  008.77749636 
112  53.04389442  008.77736597  53.04390206  008.77732603 
111  53.04394442  008.77732013 
111  53.04393706  008.77720996 
112  53.04393706  008.77720996  53.04392233  008.77719816 
112  53.04389461  008.77707213  53.04389297  008.77698319 
111  53.04389461  008.77707213 
111  53.04371239  008.76872431 
111  53.04376202  008.76846885 
112  53.04376202  008.76846885  53.04376847  008.76843255 
111  53.04379496  008.76840772 
112  53.04404868  008.76864750  53.04410300  008.76870464 
112  53.04424763  008.76888142  53.04430036  008.76895185 
112  53.04453632  008.76928019  53.04460662  008.76935460 
112  53.04497939  008.76958985  53.04519748  008.76958719 
112  53.04536247  008.76943937  53.04541839  008.76935964 
111  53.04536247  008.76943937 
112  53.04536247  008.76943937  53.04539283  008.76938755 
111  53.04546172  008.76947516 
112  53.04575000  008.76981490  53.04578111  008.76985165 
112  53.04579280  008.76989935  53.04580137  008.76992710 
111  53.04581852  008.77011228 
111  53.04585934  008.77010966 
112  53.04585934  008.77010966  53.04585574  008.77004365 
112  53.04582724  008.76986544  53.04582047  008.76984293 
112  53.04578702  008.76978094  53.04576628  008.76975619 
111  53.04547065  008.76941252 
112  53.04545236  008.76935669  53.04544911  008.76932949 
112  53.04545176  008.76925616  53.04546070  008.76923446 
111  53.04545176  008.76925616 
111  53.04569387  008.76866915 
111  53.04621835  008.76701634 
111  53.04654255  008.76700657 
111  53.04654142  008.76685167 
111  53.04625721  008.76686678 
111  53.04634729  008.76658940 
111  53.04637798  008.76656713 
111  53.04645152  008.76634771 
111  53.04645026  008.76628378 
111  53.04658323  008.76588924 
111  53.04653937  008.76584945 
111  53.04637848  008.76634389 
111  53.04639925  008.76636230 
111  53.04636145  008.76647547 
111  53.04634807  008.76646305 
111  53.04633266  008.76648779 
111  53.04564290  008.76863886 
111  53.04538814  008.76925907 
112  53.04538814  008.76925907  53.04530026  008.76946637 
112  53.04498047  008.76950198  53.04478634  008.76950065 
112  53.04458102  008.76922707  53.04452031  008.76916462 
112  53.04428030  008.76881491  53.04423476  008.76875511 
112  53.04407356  008.76857711  53.04400566  008.76850668 
111  53.04381964  008.76833249 
112  53.04381848  008.76822186  53.04382146  008.76819298 
111  53.04385058  008.76812125 
111  53.04489700  008.76693329 
112  53.04489700  008.76693329  53.04492631  008.76689954 
112  53.04498851  008.76688071  53.04503000  008.76687846 
111  53.04498851  008.76688071 
111  53.04571427  008.76683271 
112  53.04571427  008.76683271  53.04577695  008.76682821 
112  53.04581029  008.76666468  53.04580758  008.76655217 
111  53.04581029  008.76666468 
111  53.04577140  008.76496400 
112  53.04577140  008.76496400  53.04576793  008.76482951 
112  53.04588317  008.76479985  53.04596303  008.76479160 
111  53.04588317  008.76479985 
111  53.04678547  008.76471745 
112  53.04678547  008.76471745  53.04683237  008.76471295 
111  53.04684186  008.76477647 
111  53.04680359  008.76477653 
111  53.04680559  008.76485237 
111  53.04684230  008.76485013 
111  53.04683955  008.76493457 
111  53.04653937  008.76584945 
111  53.04658323  008.76588924 
111  53.04676512  008.76534182 
111  53.04683250  008.76531708 
111  53.04688873  008.76537427 
111  53.04691685  008.76658819 
112  53.04691685  008.76658819  53.04691931  008.76670821 
112  53.04702078  008.76675053  53.04707407  008.76674644 
111  53.04702078  008.76675053 
111  53.04826783  008.76667202 
112  53.04826783  008.76667202  53.04831357  008.76666920 
112  53.04833800  008.76676527  53.04833902  008.76681881 
111  53.04833800  008.76676527 
111  53.04847810  008.77287286 
112  53.04847810  008.77287286  53.04848470  008.77315142 
112  53.04862177  008.77342649  53.04872380  008.77360521 
112  53.04879144  008.77372473  53.04883706  008.77380560 
112  53.04910298  008.77428431  53.04926121  008.77456946 
112  53.05096328  008.77761852  53.05105212  008.77776781 
113  53.05111093  008.77782248 
112  53.04678915  008.76102846  53.04678990  008.76105202 
111  53.04678915  008.76102846 
111  53.04686395  008.76430282 
111  53.04686287  008.76453357 
112  53.04685125  008.76458948  53.04684223  008.76461198 
112  53.04682145  008.76463812  53.04681018  008.76464937 
112  53.04678776  008.76465743  53.04677973  008.76465818 
111  53.04678776  008.76465743 
111  53.04583372  008.76474134 
112  53.04583372  008.76474134  53.04578312  008.76474547 
112  53.04576260  008.76463946  53.04576111  008.76458005 
111  53.04576260  008.76463946 
111  53.04568325  008.76108930 
112  53.04568325  008.76108930  53.04568302  008.76106697 
112  53.04569324  008.76102848  53.04569995  008.76100769 
111  53.04569324  008.76102848 
111  53.04596454  008.76018281 
112  53.04596454  008.76018281  53.04597421  008.76015317 
112  53.04599881  008.76013006  53.04601688  008.76012837 
111  53.04599881  008.76013006 
111  53.04629512  008.76010781 
111  53.04630995  008.76044266 
111  53.04628015  008.76047606 
111  53.04625261  008.76047800 
111  53.04625278  008.76061681 
111  53.04635421  008.76060217 
111  53.04633245  008.76010657 
111  53.04641633  008.76009948 
112  53.04641633  008.76009948  53.04643568  008.76009808 
112  53.04645362  008.76012550  53.04646056  008.76014370 
111  53.04645362  008.76012550 
111  53.04677647  008.76095889 
114  53.04677647  008.76095889  53.04678467  008.76097935 
111  53.04840989  008.81290358 
111  53.04838612  008.81285039 
112  53.04838612  008.81285039  53.04835191  008.81278695 
112  53.04820920  008.81278839  53.04814291  008.81278839 
111  53.04820920  008.81278839 
111  53.04803514  008.81279719 
111  53.04803770  008.81321406 
111  53.04804128  008.81323408 
111  53.04804701  008.81325044 
113  53.04823459  008.81309928 
110   1 0.00 179.14 Taxiway to RWY 05
111  53.04645200  008.78643300  51 
111  53.04404100  008.78639500  51 
111  53.04389132  008.78641143  51 
111  53.04373800  008.78639800 
111  53.04378650  008.78685394 
111  53.04401900  008.78697900  51 
111  53.04405500  008.78674200  51 
111  53.04415100  008.78662900  51 
111  53.04648900  008.78665500  51 
112  53.04662800  008.78688500  53.04663309  008.78711651 
111  53.04662800  008.78688500 
111  53.04670351  008.78651122 
111  53.04661300  008.78617600 
114  53.04661300  008.78617600  53.04661979  008.78646115  51 
110   2 0.00  51.18 xxx
111  53.04637933  008.79238724 
111  53.04691238  008.79348928 
111  53.04707267  008.79327476 
113  53.04653962  008.79217272 
110   4 0.00 179.96 xxx
111  53.04661777  008.78616464 
111  53.04443800  008.78617600 
111  53.04443900  008.78684600 
113  53.04663067  008.78688888 
110   1 0.00  87.84 RWY 27 Turn-A-Round 01
111  53.04748900  008.80702700 
111  53.04738099  008.80813972 
111  53.04752800  008.80929100  53 102 
111  53.04797800  008.80925900  53 102 
113  53.04795900  008.80838300  53 102 
110   2 0.00  47.36 Walk to HeliPort H2
111  53.04910626  008.78761772 
111  53.04925955  008.78789465 
111  53.04928982  008.78784829 
113  53.04913653  008.78757136 
110   2 0.00  52.00 RWY 05 End concrete
111  53.04145316  008.78221167 
111  53.04266740  008.78471985 
111  53.04302500  008.78424000 
113  53.04176600  008.78160400 
110   2 0.00  75.00 xxx
111  53.04660675  008.79268482 
111  53.04683038  008.79407312 
111  53.04700525  008.79399518 
113  53.04678162  008.79260688 
110   2 0.00 312.00 xxx
111  53.04666883  008.79286584 
111  53.04699370  008.79226567 
111  53.04685917  008.79206416 
113  53.04653430  008.79266433 
110   2 0.00  47.30 xxx
111  53.05129626  008.77805904 
111  53.05226940  008.77985698 
111  53.05302197  008.77857170 
113  53.05207671  008.77682391 
130 Airport Boundary 1
111  53.04855423  008.77305348 
111  53.04839439  008.76651620 
111  53.04701336  008.76650826 
111  53.04686756  008.76085513 
111  53.04647506  008.75987235 
111  53.04589058  008.75994117 
111  53.04555749  008.76099632 
111  53.04570624  008.76668356 
111  53.04488325  008.76674432 
111  53.04358786  008.76822346 
111  53.04374097  008.77723924 
112  53.04104937  008.78237116  53.04042934  008.78361757 
112  53.03957300  008.78573210  53.03942711  008.78629781 
112  53.03986059  008.78937311  53.04077256  008.79113881 
111  53.04473447  008.79814800 
111  53.04475653  008.79870819 
111  53.04445516  008.79921813 
111  53.04462065  008.81219865 
111  53.04675174  008.81367919 
111  53.04683420  008.81434413 
111  53.04804289  008.81428763 
111  53.04811607  008.81360289 
112  53.04913576  008.81215368  53.04953294  008.81130959 
111  53.04942724  008.80986191 
111  53.04938476  008.80710773 
111  53.05125259  008.80827657 
111  53.05199532  008.80606597 
111  53.05330486  008.80262004 
111  53.05248395  008.80128718 
111  53.04960714  008.79505962 
111  53.04957990  008.79093851 
111  53.05086343  008.78894865 
111  53.05334733  008.78441294 
111  53.05491448  008.78253513 
111  53.05475292  008.78000131 
111  53.05266326  008.77598694 
111  53.05140294  008.77339580 
111  53.05076884  008.77423404 
111  53.04976282  008.77240817 
113  53.04902508  008.77232544 
120 ILS Hold 01
111  53.04791624  008.77470875  56 103 
115  53.04794955  008.77439359 
120 ILS Hold 02
111  53.04818300  008.78688100  56 103 
115  53.04817200  008.78639300 
120 ILS Hold 03
111  53.04832900  008.79303800  56 103 
115  53.04831900  008.79264400 
120 ILS Hold 04
111  53.04861500  008.79939200  56 103 
115  53.04848100  008.79920200 
120 RWY Hold 01
111  53.04735874  008.77464046  54 
115  53.04735215  008.77433235 
120 RWY Hold 02
111  53.04763400  008.78683000  54 
115  53.04762300  008.78643100 
120 RWY Hold 03
111  53.04777300  008.79307900  54 
115  53.04776900  008.79277200 
120 RWY Hold 04
111  53.04791500  008.79991500  54 
115  53.04790700  008.79961600 
120 RWY Hold 05
111  53.04893200  008.80341200  54 
115  53.04873300  008.80342400 
120 RWY 09 Turn-A-Round Cengter Lights
112  53.04689941  008.77465408  53.04667050  008.77488646  51 101 
112  53.04643400  008.77420500  53.04642722  008.77381272  51 101 
112  53.04651000  008.77325958  53.04650187  008.77289209 
111  53.04651000  008.77325958  51 101 
111  53.04647300  008.77176300 
112  53.04647300  008.77176300  53.04646622  008.77153530  51 101 
112  53.04632300  008.77132200  53.04621593  008.77122731 
111  53.04632300  008.77132200  51 101 
111  53.04606900  008.77109900  51 101 
112  53.04591000  008.77070300  53.04590434  008.77045809  51 101 
112  53.04616400  008.77024500  53.04631375  008.77023510  51 101 
112  53.04644700  008.77066400  53.04645523  008.77089610 
111  53.04644700  008.77066400  51 101 
115  53.04645200  008.77083600 
120 BigTaxiCenterLine
111  53.04660474  008.77669499  51 101 
111  53.04657879  008.77565382 
112  53.04657879  008.77565382  53.04657003  008.77528701  51 101 
112  53.04671597  008.77493119  53.04678067  008.77479134  51 101 
112  53.04689941  008.77465408  53.04696496  008.77459193  51 101 
112  53.04726759  008.77448766  53.04745311  008.77447348 
111  53.04726759  008.77448766 
112  53.04726759  008.77448766  53.04758618  008.77446803  51 101 
112  53.04793287  008.77454930  53.04813018  008.77460600  51 101 
112  53.04874764  008.77500244  53.04901742  008.77523278  51 101 
112  53.04951352  008.77598073  53.04973250  008.77637343 
111  53.04951352  008.77598073  51 101 
111  53.05116506  008.77894636 
112  53.05116506  008.77894636  53.05135334  008.77928634  51 101 
112  53.05157801  008.77982613  53.05162652  008.77994718  51 101 
112  53.05168782  008.78015012  53.05171994  008.78025809  51 101 
112  53.05192429  008.78126733  53.05196333  008.78162583  51 101 
112  53.05185855  008.78212746  53.05180552  008.78239430 
111  53.05185855  008.78212746  51 101 
111  53.05163572  008.78314845 
112  53.05163572  008.78314845  53.05155327  008.78352712  51 101 
112  53.05132258  008.78412163  53.05123447  008.78432477  51 101 
112  53.05101141  008.78468234  53.05086457  008.78490862 
111  53.05101141  008.78468234  51 101 
111  53.04994310  008.78623068 
112  53.04994310  008.78623068  53.04982686  008.78639088  51 101 
112  53.04950357  008.78650578  53.04926089  008.78651864 
111  53.04950357  008.78650578  51 101 
111  53.04888896  008.78654439  51 101 
111  53.04817585  008.78658846  51 101 
111  53.04762850  008.78662218  51 101 
111  53.04747023  008.78663174 
112  53.04747023  008.78663174  53.04728474  008.78665231  51 101 
112  53.04685237  008.78765555  53.04686319  008.78830092 
111  53.04685237  008.78765555  51 101 
115  53.04687117  008.78851292 
120 CenterLine01
112  53.05187207  008.78098038  53.05190992  008.78116931  51 101 
112  53.05180519  008.78134139  53.05173192  008.78144838 
111  53.05180519  008.78134139  51 101 
111  53.04861726  008.78595257  51 101 
111  53.04826026  008.78646920 
112  53.04826026  008.78646920  53.04820305  008.78655148  51 101 
116  53.04807443  008.78659492  53.04799815  008.78659889 
120 CenterLine02
111  53.04861498  008.78413229  51 101 
111  53.04845969  008.78435608 
112  53.04845969  008.78435608  53.04842691  008.78440297  51 101 
112  53.04841616  008.78454892  53.04841830  008.78465575 
111  53.04841616  008.78454892  51 101 
111  53.04846116  008.78657115  51 101 
111  53.04847523  008.78719993  51 101 
111  53.04848035  008.78742060  51 101 
111  53.04852597  008.78946034  51 101 
111  53.04858902  008.79224382  51 101 
111  53.04861180  008.79323526  51 101 
111  53.04872964  008.79845247  51 101 
111  53.04880000  008.80153100  51 101 
111  53.04881900  008.80238400  51 101 
111  53.04884268  008.80342474 
112  53.04884268  008.80342474  53.04885593  008.80409828  51 101 
112  53.04817186  008.80461050  53.04778671  008.80463255 
111  53.04817186  008.80461050  51 101 
111  53.04791211  008.80462622 
112  53.04791211  008.80462622  53.04780225  008.80463047  51 101 
112  53.04759074  008.80451292  53.04749110  008.80443005  51 101 
112  53.04721298  008.80354873  53.04720276  008.80304511 
111  53.04721298  008.80354873  51 101 
115  53.04718556  008.80232601 
120 CenterLine03
112  53.04759083  008.80451288  53.04737111  008.80434501  51 101 
112  53.04715646  008.80500606  53.04716796  008.80538643  51 101 
112  53.04726595  008.80591843  53.04727361  008.80628392 
111  53.04726595  008.80591843  51 101 
111  53.04730416  008.80761414 
112  53.04730416  008.80761414  53.04730671  008.80785001  51 101 
112  53.04740953  008.80800273  53.04747085  008.80805798 
111  53.04740953  008.80800273  51 101 
112  53.04769036  008.80825563  53.04777580  008.80833081  51 101 
112  53.04786845  008.80867103  53.04786845  008.80886857 
111  53.04786845  008.80867103 
112  53.04786845  008.80867103  53.04787155  008.80891495  51 101 
112  53.04758847  008.80912957  53.04741103  008.80913215  51 101 
112  53.04733034  008.80872445  53.04732753  008.80852840 
111  53.04733034  008.80872445  51 101 
115  53.04732555  008.80854647 
120 CenterLine04
112  53.04872965  008.79845279  53.04874930  008.79927352  51 101 
112  53.04790377  008.79976674  53.04750773  008.79975921  51 101 
116  53.04714465  008.79889051  53.04702121  008.79836006 
120 CenterLine05
111  53.04790364  008.79976673  51 101 
111  53.04738824  008.79979878 
112  53.04738824  008.79979878  53.04730595  008.79980220  51 101 
116  53.04716828  008.80003902  53.04714976  008.80026489 
120 CenterLine06
112  53.04858862  008.79223667  53.04859843  008.79269322  51 101 
112  53.04823220  008.79289631  53.04805428  008.79290660 
111  53.04823220  008.79289631  51 101 
111  53.04761121  008.79293548  51 101 
111  53.04692920  008.79297690 
112  53.04692920  008.79297690  53.04681096  008.79297866  51 101 
112  53.04668369  008.79280416  53.04661718  008.79266718 
111  53.04668369  008.79280416  51 101 
115  53.04648631  008.79239167 
120 CenterLine07
112  53.04823202  008.79289614  53.04846786  008.79287394  51 101 
116  53.04861178  008.79323583  53.04861917  008.79356109 
120 CenterLine08
112  53.04761490  008.79293522  53.04714245  008.79296332  51 101 
112  53.04694730  008.79185668  53.04693596  008.79134740 
111  53.04694730  008.79185668  51 101 
115  53.04692722  008.79096465 
120 CenterLine09
112  53.04724459  008.79295789  53.04705772  008.79296843  51 101 
112  53.04698385  008.79347439  53.04698913  008.79375011 
111  53.04698385  008.79347439  51 101 
115  53.04700275  008.79431768 
120 CenterLine10
112  53.04852598  008.78946036  53.04851921  008.78914558  51 101 
112  53.04870328  008.78889103  53.04879262  008.78876305 
111  53.04870328  008.78889103  51 101 
111  53.04971864  008.78742081 
112  53.04971864  008.78742081  53.04990097  008.78715614  51 101 
112  53.04997694  008.78675856  53.05000946  008.78658276 
111  53.04997694  008.78675856  51 101 
111  53.05005381  008.78633749 
112  53.05005381  008.78633749  53.05008749  008.78615010  51 101 
116  53.05021371  008.78584750  53.05029965  008.78571613 
120 CenterLine11
112  53.05181600  008.78227200  53.05191335  008.78183654  51 101 
116  53.05148300  008.78180900  53.05134023  008.78199974 
120 CenterLine12
112  53.04861675  008.78595038  53.04848901  008.78613100  51 101 
116  53.04846115  008.78657085  53.04846626  008.78681735 
120 CenterLine13
112  53.04840970  008.78625295  53.04843863  008.78621266  51 101 
116  53.04845006  008.78608452  53.04844838  008.78600618 
120 CenterLine14
112  53.04807900  008.78659452  53.04835259  008.78658167  51 101 
116  53.04847523  008.78719996  53.04848450  008.78761908 
120 CenterLine15
112  53.04848028  008.78742044  53.04847504  008.78717442  51 101 
112  53.04856874  008.78680500  53.04863489  008.78664986  51 101 
116  53.04888885  008.78654444  53.04903805  008.78653500 
120 CenterLine16
112  53.04856599  008.78680414  53.04840158  008.78704958  52 
116  53.04832149  008.78640209  53.04847465  008.78613795 
120 CenterLine17
111  53.04648400  008.78654500   1 
115  53.04480300  008.78652000 
120 CenterLine18
111  53.05002389  008.78926876  51 101 
112  53.04942890  008.78811830  53.04938265  008.78802885 
111  53.04942890  008.78811830 
112  53.04942890  008.78811830  53.04940577  008.78807358  51 101 
112  53.04945400  008.78781700  53.04952308  008.78771582 
111  53.04945400  008.78781700  51 101 
111  53.04949435  008.78776023 
111  53.04920484  008.78817650  51 101 
111  53.04925200  008.78810900 
112  53.04925200  008.78810900  53.04931726  008.78801761  51 101 
116  53.04942890  008.78811830  53.04945211  008.78816327 
120 CenterLine19
112  53.05179027  008.78049568  53.05189726  008.78079596  51 101 
112  53.05212947  008.78059731  53.05218779  008.78050771  51 101 
112  53.05219700  008.78038576  53.05219854  008.78035341  51 101 
111  53.05221951  008.78030725 
111  53.05221981  008.78024390 
112  53.05221981  008.78024390  53.05220138  008.78027289  51 101 
112  53.05219836  008.78034127  53.05219740  008.78036263  51 101 
112  53.05219700  008.78038576  53.05219638  008.78039655 
111  53.05186977  008.78086824 
112  53.05186977  008.78086824  53.05184631  008.78075917  51 101 
112  53.05193167  008.78052702  53.05197618  008.78045197  51 101 
112  53.05207691  008.78042829  53.05210338  008.78042529  51 101 
112  53.05212869  008.78038622  53.05213550  008.78037555 
111  53.05212869  008.78038622 
111  53.05217193  008.78038218 
112  53.05217193  008.78038218  53.05214705  008.78042096  51 101 
112  53.05210076  008.78042906  53.05208915  008.78042955  51 101 
116  53.05207691  008.78042829  53.05206870  008.78042948 
120 CenterLine20
111  53.05191097  008.78112759  51 101 
111  53.05190502  008.78109454 
112  53.05190502  008.78109454  53.05188821  008.78099388  51 101 
112  53.05194626  008.78084933  53.05198846  008.78078409  51 101 
115  53.05281541  008.77949499 
120 CenterLine21
111  53.04841333  008.78373038   1 
111  53.04842903  008.78387390   1 
111  53.04849625  008.78377286   1 
111  53.04841332  008.78373039 
111  53.04856930  008.78350394   1 
111  53.04858446  008.78364560   1 
111  53.04865076  008.78354838   1 
111  53.04856930  008.78350394 
111  53.04872499  008.78327793   1 
111  53.04874047  008.78342000   1 
111  53.04880740  008.78332193   1 
111  53.04872499  008.78327792 
111  53.04888045  008.78305217   1 
111  53.04889595  008.78319574   1 
111  53.04896339  008.78309542   1 
115  53.04888051  008.78305223 
120 CenterLine22
111  53.05019147  008.80131210  51 101 
111  53.04985551  008.80179550 
112  53.04985551  008.80179550  53.04980770  008.80186412  51 101 
112  53.04967165  008.80189898  53.04961722  008.80190190 
111  53.04967165  008.80189898  51 101 
112  53.04906600  008.80193400  53.04891628  008.80194198  51 101 
112  53.04880000  008.80153100  53.04879372  008.80126832 
111  53.04880000  008.80153100 
111  53.04881900  008.80238400 
112  53.04881900  008.80238400  53.04881429  008.80217267  51 101 
112  53.04906600  008.80193400  53.04921600  008.80192584 
111  53.04906600  008.80193400 
111  53.04959274  008.80193686  51 
111  53.04959166  008.80186783 
111  53.05002896  008.80149911  51 
115  53.05005694  008.80155257 
120 EDDW-CENT-W
111  53.04898934  008.78289415  20 
111  53.04907323  008.78305123  20 
111  53.04961389  008.78226435  20 
111  53.04953050  008.78210857 
111  53.04936197  008.78235320  20 
111  53.04944511  008.78250998 
111  53.04919221  008.78259964  20 
115  53.04927631  008.78275565 
120 CA01
111  53.05004395  008.78652199  51 
111  53.05063658  008.78764937 
112  53.05063658  008.78764937  53.05066872  008.78771098  51 
112  53.05074903  008.78766163  53.05077803  008.78762095 
111  53.05074903  008.78766163  51 
111  53.05090086  008.78744242 
112  53.05090086  008.78744242  53.05099723  008.78730466  51 
112  53.05101374  008.78764690  53.05094216  008.78774718 
111  53.05101374  008.78764690  51 
111  53.05094146  008.78775489 
112  53.05094146  008.78775489  53.05091980  008.78778627  51 
112  53.05086569  008.78778897  53.05083599  008.78777967 
111  53.05086569  008.78778897  51 
111  53.05069780  008.78773129 
112  53.05069780  008.78773129  53.05067265  008.78772199  51 
116  53.05063658  008.78764937  53.05061737  008.78761392 
120 CA02
111  53.05090104  008.78744207  51 
111  53.05102654  008.78726243  51 
111  53.05112945  008.78711151 
112  53.05112945  008.78711151  53.05123238  008.78696033  51 
112  53.05123434  008.78733465  53.05113239  008.78747913 
111  53.05123434  008.78733465  51 
111  53.05101336  008.78764750 
112  53.05101837  008.78745124  53.05099122  008.78739651  51 
112  53.05102658  008.78726246  53.05106232  008.78721091 
111  53.05102658  008.78726246 
111  53.05109845  008.78710237  51 
111  53.05113123  008.78716628 
111  53.05087751  008.78743000  51 
115  53.05090417  008.78748353 
120 CA03
112  53.05044520  008.78728509  53.05048296  008.78735781  51 
112  53.05043053  008.78749096  53.05039307  008.78754495  51 
111  53.05032763  008.78763964 
112  53.05032763  008.78763964  53.05028832  008.78769730  51 
112  53.05020283  008.78765073  53.05016521  008.78757970 
111  53.05020283  008.78765073  51 
111  53.04992637  008.78712459 
111  53.05032641  008.78705995 
112  53.05032641  008.78705995  53.05036107  008.78712676  51 
112  53.05030286  008.78728007  53.05026101  008.78733984 
111  53.05030286  008.78728007  51 
111  53.05020815  008.78741657 
112  53.05020815  008.78741657  53.05017180  008.78746931  51 
112  53.05008511  008.78742712  53.05004918  008.78735961 
111  53.05008511  008.78742712 
111  53.05021791  008.78735327  51 
111  53.05024779  008.78741042 
111  53.05033594  008.78757810  51 
115  53.05036550  008.78763531 
120 CA04
112  53.05020242  008.78765059  53.05024286  008.78772908  51 
112  53.05020321  008.78786746  53.05015978  008.78793100 
111  53.05020321  008.78786746  51 
111  53.05013804  008.78796262 
112  53.05013804  008.78796262  53.05010284  008.78801245  51 
112  53.05003103  008.78793384  53.05000107  008.78787404 
111  53.05003103  008.78793384  51 
111  53.04977326  008.78744096 
111  53.05011989  008.78749295 
112  53.05011989  008.78749295  53.05016258  008.78757393  51 
112  53.05010357  008.78769678  53.05005789  008.78776156 
111  53.05010357  008.78769678  51 
111  53.05004423  008.78778234 
112  53.05004423  008.78778234  53.05001053  008.78783093  51 
112  53.04995206  008.78778272  53.04992435  008.78772790 
111  53.04995206  008.78778272 
111  53.05008192  008.78767486  51 
111  53.05011232  008.78773154 
111  53.05017723  008.78785426  51 
115  53.05020834  008.78791266 
120 CA05
112  53.05003076  008.78793351  53.05006948  008.78800751  51 
112  53.05003027  008.78811818  53.04999567  008.78816751 
111  53.05003027  008.78811818  51 
111  53.04997337  008.78820062 
112  53.04997337  008.78820062  53.04993548  008.78825543  51 
112  53.04986856  008.78819112  53.04983314  008.78812260 
111  53.04986856  008.78819112  51 
111  53.04960352  008.78768520 
111  53.04995193  008.78778263 
112  53.04995193  008.78778263  53.04998570  008.78784704  51 
112  53.04993539  008.78793870  53.04990491  008.78798392 
111  53.04993539  008.78793870  51 
111  53.04987569  008.78802624 
112  53.04987569  008.78802624  53.04984521  008.78807146  51 
112  53.04977716  008.78801742  53.04974766  008.78796076 
111  53.04977716  008.78801742 
111  53.04991466  008.78792184  51 
111  53.04994327  008.78797588 
111  53.05000826  008.78810126  51 
111  53.05003839  008.78815849 
111  53.04986839  008.78819058 
112  53.04986839  008.78819058  53.04990459  008.78825961  51 
112  53.04986032  008.78836232  53.04983014  008.78840827 
111  53.04986032  008.78836232  51 
111  53.04980336  008.78844787 
111  53.04970786  008.78826926  51 
111  53.04976509  008.78818519 
112  53.04976509  008.78818519  53.04979783  008.78813669  51 
112  53.04977729  008.78801709  53.04974429  008.78795454 
111  53.04977729  008.78801709 
111  53.04974472  008.78816669  51 
111  53.04977439  008.78822218 
111  53.04983765  008.78834289  51 
115  53.04986848  008.78840148 
120 CA06
111  53.05060396  008.78122838  51 
111  53.05041968  008.78087767 
112  53.05041968  008.78087767  53.05045517  008.78075017  51 
112  53.05058982  008.78093522  53.05058702  008.78109739 
111  53.05058982  008.78093522 
112  53.05058982  008.78093522  53.05061443  008.78093654  51 
112  53.05065958  008.78098308  53.05067943  008.78101940  51 
111  53.05070871  008.78107414 
111  53.05095325  008.78072637  51 
111  53.05076805  008.78037534  51 
112  53.05074473  008.78040177  53.05073047  008.78042462 
111  53.05074473  008.78040177 
112  53.05074473  008.78040177  53.05072096  008.78043693  51 
112  53.05073176  008.78063588  53.05076763  008.78072088 
111  53.05073176  008.78063588 
112  53.05073176  008.78063588  53.05074340  008.78066346  51 
112  53.05077734  008.78069942  53.05079914  008.78072214 
111  53.05077734  008.78069942  51 
111  53.05076314  008.78078576 
112  53.05076314  008.78078576  53.05080653  008.78083247  51 
112  53.05089609  008.78080440  53.05093693  008.78077892 
111  53.05089609  008.78080440 
111  53.05100619  008.78010388  51 
112  53.05102865  008.78020267  53.05104850  008.78024229  51 
111  53.05106976  008.78025307  51 
111  53.05106817  008.78034911 
112  53.05106817  008.78034911  53.05110032  008.78039203  51 
112  53.05118534  008.78039099  53.05123099  008.78038042 
111  53.05118534  008.78039099 
111  53.05107677  008.78028243  51 
111  53.05106036  008.78028203 
111  53.05078081  008.78072404  51 
111  53.05076607  008.78072097 
111  53.05061023  008.78092736  51 
115  53.05060804  008.78094918 
120 CA07
111  53.05193341  008.78199625  51 
111  53.05264215  008.78225050 
112  53.05264215  008.78225050  53.05277952  008.78229992  51 
112  53.05294746  008.78192106  53.05298448  008.78163818 
111  53.05294746  008.78192106  51 
111  53.05297057  008.78174451  51 
111  53.05313452  008.78180197 
111  53.05282718  008.78258149 
112  53.05282718  008.78258149  53.05279971  008.78239594  51 
116  53.05264215  008.78225050  53.05253397  008.78220927 
120 Taxiway 01 Center Lights 02
112  53.04747000  008.78663200  53.04709856  008.78667865  51 101 
112  53.04680400  008.78558600  53.04679191  008.78503285  51 101 
115  53.04678700  008.78470300 
120 Gate10_15
111  53.04978635  008.78445810  51 101 
111  53.05032226  008.78548085 
111  53.05045101  008.78528608  52 101 
111  53.04986409  008.78416825 
111  53.05002995  008.78410583  51 101 
111  53.05056688  008.78512929 
111  53.05080933  008.78477470  51 101 
111  53.05027255  008.78375356 
111  53.05051756  008.78340300  51 101 
111  53.05105194  008.78442087 
111  53.05126442  008.78400753  51 101 
111  53.05076085  008.78305216 
111  53.05098017  008.78273015  51 101 
111  53.05142880  008.78358423 
111  53.05147700  008.78342669 
112  53.05147700  008.78342669  53.05133306  008.78333189  51 101 
112  53.05122090  008.78318877  53.05115133  008.78305519 
111  53.05122090  008.78318877 
111  53.05132459  008.78386060 
112  53.05132459  008.78386060  53.05115327  008.78374364  51 101 
116  53.05105121  008.78360347  53.05098349  008.78347481 
120 Gate01_09
111  53.05047288  008.78555286  51 101 
111  53.05110365  008.78675245 
111  53.05085022  008.78501220  52 
111  53.05149376  008.78623547 
111  53.05151531  008.78620760  51 101 
111  53.05087234  008.78498498 
111  53.05120796  008.78446560  52 
111  53.05185747  008.78570280 
111  53.05187978  008.78567530  51 101 
111  53.05122661  008.78443373 
111  53.05143466  008.78398353  51 101 
111  53.05217760  008.78490904 
111  53.05231170  008.78441711  51 101 
111  53.05206264  008.78353654 
112  53.05206264  008.78353654  53.05203349  008.78343376  51 101 
112  53.05188600  008.78324862  53.05179472  008.78321767  51 101 
112  53.05154003  008.78356151  53.05144634  008.78386664 
111  53.05154003  008.78356151 
111  53.05177385  008.78255983 
112  53.05177385  008.78255983  53.05169003  008.78294675  51 101 
112  53.05188603  008.78324860  53.05203366  008.78331929 
111  53.05188603  008.78324860 
111  53.05182907  008.78262994  51 101 
111  53.05264991  008.78292376 
111  53.05201156  008.78158770  51 101 
111  53.05285480  008.78144138 
111  53.05285919  008.78064676  51 101 
111  53.05197245  008.78096667 
111  53.05189434  008.78081385  52 
111  53.05256097  008.77977721 
111  53.05254164  008.77974181  51 101 
115  53.05188608  008.78076482 
120 Taxiway Hold 01
111  53.04872500  008.78558800  52 
115  53.04884900  008.78582400 
120 Taxiway Hold 02
111  53.04888500  008.78638600  52 
115  53.04889400  008.78680300 
120 Taxiway Hold 03
111  53.04893600  008.78835100  52 
115  53.04905800  008.78858400 
120 BigTaxiField Add on outer Marker
112  53.05208416  008.78209954  53.05206122  008.78136449  53 
116  53.05185338  008.78035711  53.05172096  008.77979765 
120 Old Big Asphalt - Center Lights 01
112  53.05157800  008.77982600  53.05160097  008.77995412  51 101 
112  53.05152000  008.78010400  53.05146702  008.78017776 
111  53.05152000  008.78010400 
112  53.05152000  008.78010400  53.05143637  008.78022527  51 101 
111  53.05007000  008.78220200 
112  53.05007000  008.78220200  53.05001992  008.78226904  51 101 
112  53.04991100  008.78218000  53.04987013  008.78210051 
111  53.04991100  008.78218000  51 101 
111  53.04984200  008.78204700 
112  53.04984200  008.78204700  53.04980573  008.78197422  51 101 
112  53.04986400  008.78176000  53.04993538  008.78165657 
111  53.04986400  008.78176000  51 101 
115  53.05125200  008.77975000 
120 Old Big Asphalt - Center Lights 02
112  53.05152000  008.78010400  53.05158702  008.78001054  51 101 
116  53.05168800  008.78015000  53.05172836  008.78027477 
120 Old Big Asphalt - Center Lights 03
111  53.05007000  008.78220200  51 101 
111  53.04947700  008.78306100 
112  53.04947700  008.78306100  53.04942704  008.78313302  51 101 
112  53.04935100  008.78315700  53.04930485  008.78316254  51 101 
112  53.04920600  008.78327700  53.04915367  008.78335219 
111  53.04920600  008.78327700  51 101 
111  53.04861500  008.78413200 
112  53.04861500  008.78413200  53.04856978  008.78419741  51 101 
112  53.04847100  008.78423700  53.04841753  008.78424747  51 101 
112  53.04831500  008.78437300  53.04824737  008.78446915 
111  53.04831500  008.78437300  51 101 
111  53.04764400  008.78534400  51 101 
115  53.04710200  008.78609600 
120 Old Big Asphalt - Center Lights 04
112  53.04713217  008.78603359  53.04702235  008.78618755  52 
116  53.04681256  008.78555942  53.04680516  008.78519404 
120 Old Big Asphalt - Center Lights 05
112  53.04824200  008.78447800  53.04822270  008.78450654  51 101 
112  53.04816000  008.78450600  53.04813069  008.78448697 
111  53.04816000  008.78450600  51 101 
111  53.04805800  008.78444100 
112  53.04805800  008.78444100  53.04802797  008.78442197  51 101 
112  53.04795900  008.78447100  53.04792611  008.78451797 
111  53.04795900  008.78447100  51 101 
111  53.04767500  008.78488100 
112  53.04767500  008.78488100  53.04764247  008.78492738  51 101 
112  53.04764400  008.78504300  53.04765365  008.78510365 
111  53.04764400  008.78504300  51 101 
111  53.04766700  008.78518900 
112  53.04766700  008.78518900  53.04767772  008.78525857  51 101 
116  53.04764400  008.78534400  53.04761147  008.78538919 
120 Old Big Asphalt - ILS Hold
111  53.04836173  008.78480657   6 103 
111  53.04833000  008.78454400   6 103 
115  53.04822223  008.78435444 
120 Old Big Asphalt - RWY Hold
111  53.04782512  008.78514577   4 
115  53.04765801  008.78483730 
120 PostZebrastreifen
111  53.05176308  008.77486086  20 
111  53.05174502  008.77482861 
111  53.05175994  008.77486606  20 
111  53.05174199  008.77483451 
111  53.05175650  008.77487124  20 
111  53.05173865  008.77483935 
111  53.05175293  008.77487641  20 
111  53.05173516  008.77484485 
111  53.05174966  008.77488181  20 
111  53.05173182  008.77485011 
111  53.05174655  008.77488622  20 
111  53.05172860  008.77485443 
111  53.05174315  008.77489136  20 
111  53.05172552  008.77485985 
111  53.05173991  008.77489721  20 
111  53.05172229  008.77486477 
111  53.05173711  008.77490231  20 
111  53.05171908  008.77487016 
111  53.05173315  008.77490692  20 
111  53.05171558  008.77487529 
111  53.05172993  008.77491200  20 
111  53.05171253  008.77488114 
111  53.05172638  008.77491743  20 
111  53.05170890  008.77488590 
111  53.05155200  008.77516077  20 
111  53.05153290  008.77512690 
111  53.05154676  008.77516175  20 
111  53.05152849  008.77512886 
111  53.05154078  008.77516225  20 
111  53.05152232  008.77513007 
111  53.05153552  008.77516420  20 
111  53.05151731  008.77513129 
111  53.05153026  008.77516592  20 
111  53.05151186  008.77513276 
111  53.05152558  008.77516739  20 
111  53.05150759  008.77513521 
111  53.05151988  008.77516789  20 
111  53.05150139  008.77513570 
111  53.05151504  008.77516985  20 
111  53.05149563  008.77513643 
111  53.05150928  008.77517078  20 
111  53.05149149  008.77513769 
111  53.05150446  008.77517225  20 
111  53.05148664  008.77514014 
111  53.05149934  008.77517324  20 
111  53.05148074  008.77514161 
111  53.05149364  008.77517617  20 
115  53.05147603  008.77514430 
120 RWY 05 Hold  -II
111  53.04612273  008.79132871  54 
115  53.04596819  008.79153351 
120 ILS Hold RWY 05 -II
111  53.04555305  008.79015192  56 103 
115  53.04540033  008.79035254 
120 RWY 05 Hold
111  53.04600400  008.78643000  54 
115  53.04600100  008.78664300 
120 ILS Hold RWY 05
111  53.04545700  008.78642200  56 103 
115  53.04545900  008.78663700 
14   53.05044800  008.78907500  118 0 Tower Viewpoint
15   53.05087525  008.78631975  48.79 Gate 01
15   53.05128825  008.78577253  49.21 Gate 02
15   53.05060882  008.78093842   6.28 Ramp 3
18   53.04773300  008.78960100 1 BCN
19   53.04771100  008.79409000 1 Windsock
20   53.05158169  008.78094550 240.13  0 2 {@Y,^l}23_{@Y,^l}RAMP3_{@Y,^u}09{@L}A
53 12175 GND
54 12510 INFO
54 11850 TWR
54 13482 TWR
55 12480 RADAR
55 13627 RADAR

99
