I
1050 Generated by WorldEditor 2.1.0r1

1   1338 0 0 LOGP Pinkafeld
100 30.48 3 0 0.00 0 0 0 15  47.38898972  016.11041642    0    0 0 0 0 0 33  47.38427479  016.11503473    0    0 0 0 0 0
110 2 0.00 0.0000 New Taxiway 32
111  47.38372730  016.11666552
111  47.38384221  016.11701286
111  47.38426070  016.11670449
111  47.38417467  016.11643930
112  47.38417467  016.11643930  47.38414113  016.11639850
113  47.38409627  016.11641822
110 1 0.00 0.0000 New Taxiway 25
111  47.38431448  016.11579778
111  47.38434643  016.11587993
111  47.38435532  016.11590278
111  47.38436879  016.11589135
111  47.38438386  016.11587856
111  47.38439699  016.11586742 20
111  47.38442642  016.11584245 20
111  47.38440956  016.11579912
113  47.38438557  016.11573745
110 3 0.00 0.0000 New Taxiway 24
111  47.38924916  016.11045340
112  47.38964194  016.11027210  47.38983342  016.11025760
111  47.38964194  016.11027210
112  47.38964194  016.11027210  47.38971804  016.11018871
111  47.38964439  016.11009806
112  47.38919515  016.10977534  47.38890875  016.10961671
111  47.38919515  016.10977534
112  47.38919515  016.10977534  47.38906388  016.11000197
111  47.38892757  016.11019596
111  47.38389997  016.11510924
112  47.38389997  016.11510924  47.38361186  016.11547209
112  47.38372730  016.11666552  47.38377738  016.11735294
111  47.38372730  016.11666552
111  47.38409627  016.11641822
111  47.38438456  016.11622500
111  47.38453431  016.11543280
112  47.38486032  016.11474247  47.38507815  016.11447902
113  47.38486032  016.11474247
130 Airport Boundary 33
111  47.38905484  016.11236486
111  47.38871972  016.11135611
111  47.38986071  016.11034065
111  47.38945418  016.10930074
111  47.38364572  016.11505504
111  47.38366781  016.11695487
111  47.38381510  016.11717241
111  47.38457548  016.11661480
113  47.38451288  016.11641540
120 Linear Feature 31
111  47.38436690  016.11583497 20
115  47.38438386  016.11587856
120 Linear Feature 31
111  47.38433608  016.11578763 20
111  47.38434573  016.11581252 20
115  47.38435536  016.11583737
120 Linear Feature 31
111  47.38435183  016.11584774 20
115  47.38436879  016.11589135
120 Linear Feature 30
111  47.38438236  016.11578164 20
115  47.38434573  016.11581252
120 Linear Feature 30
111  47.38438811  016.11584455 20
115  47.38434643  016.11587993
120 Linear Feature 29
112  47.38422677  016.11629508  47.38418266  016.11632849 20
112  47.38413307  016.11620573  47.38413553  016.11613260 20
114  47.38423231  016.11613055  47.38427396  016.11617027 20
120 Linear Feature 28
111  47.38438002  016.11582372 1
115  47.38442642  016.11584245
120 Linear Feature 27
111  47.38440956  016.11579912 20
111  47.38438002  016.11582372 20
111  47.38438811  016.11584455 20
115  47.38439699  016.11586742
14  47.38394453  016.11700840   8.00 0 New Tower Viewpoint 22
1300  47.38434573  016.11581252 149.67 tie_down props GA Tie Down
1301 A general_aviation 
1300  47.38389600  016.11678787 -116.83 hangar turboprops|props GA Hangar 2
1301 A none 
1300  47.38411762  016.11663493 -116.16 hangar turboprops|props GA Hangar 1
1301 A none 
19  47.38419564  016.11621329 1 New Windsock 21
99
