A
1000 Generated by Infinite Flight Airport Editing (World Parser)/AB

1     2070 0 0 KODX EVELYN SHARP FLD
100   22.86   2   0 1.00 0 2 0 13   41.62910302 -098.95866027    0.00    0.00 2  0 0 0 31   41.61977098 -098.94668846    0.00    0.00 2  0 0 0
100   61.87   4   0 0.00 0 0 0 17   41.62466440 -098.95010603    0.00    0.00 1  0 0 0 35   41.61894240 -098.94999203    0.00    0.00 1  0 0 0
110   2 1.00 226.20 New Taxiway 100
111  41.62198692 -098.94958811 
112  41.62193171 -098.94926718  41.62210688 -098.94940981 102 
111  41.62216019 -098.94930538 102 
112  41.62232966 -098.94908634  41.62238868 -098.94899464 102 
111  41.62234108 -098.94886474 
112  41.62039741 -098.94636111  41.62030944 -098.94626585 
112  41.62021100 -098.94631068  41.62018377 -098.94632749 
112  41.62000574 -098.94659926  41.61995338 -098.94670572 
111  41.61998689 -098.94677857 
111  41.61985285 -098.94677016 
111  41.61984238 -098.94660486 
111  41.62034311 -098.94589972 
111  41.62052282 -098.94615244 
111  41.62052282 -098.94631269 
112  41.62218310 -098.94843966  41.62223148 -098.94849822 
111  41.62224761 -098.94840884 
111  41.62184903 -098.94774930 
111  41.62180525 -098.94778320 
111  41.62175918 -098.94770615 
112  41.62184672 -098.94757671  41.62185824 -098.94756130 
111  41.62188820 -098.94747501 
111  41.62209324 -098.94720071 
111  41.62198726 -098.94706202 
112  41.62235745 -098.94655731  41.62236887 -098.94654458 
111  41.62236697 -098.94651656 
112  41.62233269 -098.94647071  41.62232698 -098.94645798 
111  41.62230985 -098.94645798 
111  41.62225272 -098.94652420 
111  41.62215562 -098.94638156 
111  41.62229842 -098.94622110 
111  41.62237279 -098.94632914 
112  41.62236563 -098.94637124  41.62236134 -098.94638272 
111  41.62238280 -098.94641334 
111  41.62247213 -098.94652664 
111  41.62245868 -098.94653969 
111  41.62263351 -098.94677125 
111  41.62261793 -098.94681987 
112  41.62265082 -098.94685924  41.62266467 -098.94687545 
111  41.62269375 -098.94683289 
111  41.62280076 -098.94698866 
111  41.62282535 -098.94697771 
111  41.62290208 -098.94707340 
111  41.62283483 -098.94716164 
111  41.62287631 -098.94722288 
111  41.62290360 -098.94720735 
111  41.62294341 -098.94725829 
111  41.62261789 -098.94770562 
111  41.62261002 -098.94774772 
112  41.62277682 -098.94803190  41.62281301 -098.94809716 
111  41.62289799 -098.94801506 
111  41.62336904 -098.94725539 
111  41.62340681 -098.94729749 
112  41.62296054 -098.94803341  41.62287467 -098.94818471 
111  41.62292703 -098.94832480 
112  41.62301919 -098.94843407  41.62308621 -098.94850131 
111  41.62324958 -098.94850692 
112  41.62447184 -098.94854240  41.62450618 -098.94854432 
112  41.62456626 -098.94851370  41.62459487 -098.94850030 
111  41.62459916 -098.94850030 
111  41.62453479 -098.94862278 
111  41.62449044 -098.94860556 
112  41.62335038 -098.94855093  41.62327993 -098.94855093 
111  41.62303447 -098.94863087 
111  41.62311744 -098.94869211 
111  41.62309455 -098.94879736 
111  41.62303018 -098.94877631 
111  41.62297153 -098.94888922 
111  41.62299077 -098.94892229 
111  41.62274494 -098.94927148 102 
112  41.62264104 -098.94914604  41.62259288 -098.94907824 102 
111  41.62246617 -098.94912570 102 
112  41.62226596 -098.94940709  41.62220260 -098.94951218 102 
113  41.62224568 -098.94967830 
111  41.62296431 -098.94887722 
111  41.62300694 -098.94876672 
111  41.62251396 -098.94841143 
111  41.62249264 -098.94845064 
111  41.62252728 -098.94849104 
111  41.62252018 -098.94851956 
111  41.62259213 -098.94863126 
113  41.62267118 -098.94852907 
111  41.62297941 -098.94870136 
111  41.62299717 -098.94867403 
111  41.62273869 -098.94832944 
111  41.62282041 -098.94822131 
112  41.62278754 -098.94812506  41.62277155 -098.94809417 
112  41.62268983 -098.94808704  41.62265786 -098.94812506 
111  41.62251929 -098.94831043 
111  41.62255660 -098.94835915 
111  41.62252373 -098.94839361 
113  41.62295098 -098.94869542 
111  41.62261397 -098.94797666 
112  41.62245920 -098.94791196  41.62240653 -098.94798097 
111  41.62231303 -098.94811181 
112  41.62230980 -098.94826709  41.62233990 -098.94831454 
113  41.62233990 -098.94831454 
111  41.62231889 -098.94799802 
111  41.62231595 -098.94796561 
111  41.62229099 -098.94793124 
111  41.62225869 -098.94792829 
111  41.62223373 -098.94796364 
111  41.62216032 -098.94786741 
111  41.62224548 -098.94774858 
111  41.62217794 -098.94766020 
111  41.62205130 -098.94782989 
112  41.62204341 -098.94791835  41.62206404 -098.94795406 
111  41.62214716 -098.94809284 
114  41.62226364 -098.94807255  41.62231643 -098.94800276 
111  41.62242664 -098.94785082 
111  41.62242719 -098.94782278 
111  41.62238086 -098.94776302 
111  41.62230310 -098.94786779 
111  41.62230641 -098.94789656 
111  41.62234171 -098.94794157 
113  41.62235549 -098.94794526 
111  41.62261604 -098.94758900 
111  41.62256999 -098.94753008 
111  41.62253596 -098.94757651 
111  41.62245387 -098.94747116 
111  41.62254797 -098.94734350 
111  41.62247856 -098.94725333 
111  41.62231430 -098.94747561 
111  41.62238263 -098.94756387 
111  41.62240368 -098.94753637 
111  41.62247789 -098.94763362 
111  41.62240368 -098.94773423 
111  41.62244680 -098.94779259 
113  41.62246736 -098.94779460 
111  41.62227702 -098.94770595 
111  41.62235977 -098.94759525 
111  41.62229170 -098.94750419 
113  41.62220895 -098.94761757 
111  41.62273516 -098.94743023 
111  41.62268853 -098.94736986 
111  41.62260881 -098.94747785 
113  41.62265644 -098.94753889 
111  41.62284698 -098.94728065 
111  41.62280035 -098.94722029 
111  41.62272714 -098.94731687 
113  41.62277327 -098.94737791 
111  41.62277060 -098.94704235 
111  41.62270053 -098.94695040 
111  41.62262846 -098.94704860 
113  41.62269853 -098.94713966 
111  41.62259108 -098.94710217 
111  41.62251767 -098.94720216 
111  41.62258641 -098.94728964 
113  41.62265982 -098.94719055 
111  41.62258708 -098.94689416 
111  41.62255905 -098.94688166 
111  41.62252568 -098.94692719 
111  41.62252635 -098.94695397 
112  41.62255772 -098.94699325  41.62256973 -098.94700843 
112  41.62260777 -098.94697004  41.62262111 -098.94695576 
113  41.62261311 -098.94692808 
111  41.62251867 -098.94705436 
111  41.62247289 -098.94699681 
111  41.62241994 -098.94706543 
111  41.62247069 -098.94712741 
111  41.62248999 -098.94713183 
113  41.62251977 -098.94708830 
111  41.62242549 -098.94722029 
111  41.62242549 -098.94718414 
111  41.62239075 -098.94713766 
111  41.62237199 -098.94713175 
111  41.62233559 -098.94718414 
111  41.62233725 -098.94720554 
113  41.62238964 -098.94726899 
111  41.62230642 -098.94722398 
111  41.62228946 -098.94724342 
111  41.62216026 -098.94707491 
111  41.62219741 -098.94701982 
111  41.62216914 -098.94697877 
111  41.62213442 -098.94696905 
112  41.62210374 -098.94701658  41.62208435 -098.94704682 
111  41.62211100 -098.94710840 
111  41.62227743 -098.94732794 
111  41.62234659 -098.94732551 
111  41.62235933 -098.94730765 
113  41.62235872 -098.94728006 
111  41.62229512 -098.94688926 
111  41.62226209 -098.94684703 
111  41.62222905 -098.94684114 
111  41.62220483 -098.94687256 
111  41.62220483 -098.94691773 
113  41.62224006 -098.94696192 
111  41.62238835 -098.94676159 
111  41.62235311 -098.94671151 
111  41.62232375 -098.94671544 
111  41.62230026 -098.94674686 
111  41.62230320 -098.94678909 
113  41.62233696 -098.94682935 
111  41.62248123 -098.94663687 
111  41.62244058 -098.94658411 
111  41.62242420 -098.94657762 
111  41.62239022 -098.94662469 
111  41.62239508 -098.94665716 
113  41.62243026 -098.94670585 
112  41.62222853 -098.94748740  41.62224319 -098.94746257 
111  41.62222755 -098.94737630 
111  41.62219238 -098.94732794 
111  41.62216111 -098.94732794 
111  41.62212691 -098.94738807 
111  41.62215622 -098.94742597 
111  41.62199794 -098.94764817 
111  41.62195983 -098.94759850 
111  41.62190316 -098.94768346 
112  41.62195299 -098.94776058  41.62197546 -098.94779325 
113  41.62203018 -098.94775273 
110   2 1.00 226.20 New Taxiway 99
111  41.62901656 -098.95853970 
112  41.62904426 -098.95839844  41.62910657 -098.95841002 
111  41.62915504 -098.95837065 
112  41.62935064 -098.95812749  41.62942334 -098.95801634 
111  41.62938526 -098.95787971 
111  41.62934198 -098.95779402 
111  41.62949258 -098.95763424 
111  41.62967260 -098.95788202 
113  41.62916715 -098.95856517 
120 Linear Feature 121
111  41.62010985 -098.94622891   4 
115  41.62018760 -098.94633183 
120 Linear Feature 120
111  41.62235932 -098.94900562   4 
115  41.62245626 -098.94913279 
14   41.62259891 -098.94853141    6 0 New Tower Viewpoint 16
15   41.62281946 -098.94884627 131.47 New Ramp Start 14
18   41.61975219 -098.94838047 1 New Airport Beacon 18
19   41.61977913 -098.94854263 1 New Windsock 17
50 11992 ASOS
51 12280 CTAF/UNICOM


130 Airport Boundary
111  041.61894226 -098.94998932
111  041.62910461 -098.95866394
111  041.62967300 -098.95788574
111  041.62459946 -098.94850159
111  041.62340546 -098.94729614
111  041.62336731 -098.94725800
111  041.62229919 -098.94622040
111  041.62034225 -098.94589996
113  041.61977005 -098.94668579
99
