A
1000 Generated by Infinite Flight Airport Editing (World Parser)/AB

1     3465 1 1 SESM RIO AMAZONAS
100   24.99   1   0 0.25 0 0 0 12  -01.50183300 -078.06870000    0.00    0.00 2  0 0 0 30  -01.50865800 -078.05665300    0.00    0.00 2  0 0 0
110   1 0.30 119.54 Default taxiway for RWY 12
111 -01.50192888 -078.06875436   3 
111 -01.50242005 -078.06903281   3 
111 -01.50924508 -078.05698586   3 
111 -01.50875391 -078.05670740 
112 -01.50864301 -078.05690315 -01.50870042 -078.05680638   3 
111 -01.50881783 -078.05687294   3 
112 -01.50897438 -078.05696169 -01.50909179 -078.05702826   3 
111 -01.50903634 -078.05712614   3 
111 -01.50576245 -078.06290493   3 
111 -01.50536912 -078.06268194 
111 -01.50531367 -078.06277982   3 
111 -01.50570700 -078.06300281   3 
112 -01.50243311 -078.06878160 -01.50237766 -078.06887947   3 
111 -01.50226025 -078.06881290   3 
112 -01.50210370 -078.06872415 -01.50198629 -078.06865759   3 
113 -01.50203978 -078.06855861 
120 Default hold RWY 12 (near)
111 -01.50212653 -078.06886641   4 
115 -01.50218198 -078.06876853 
120 Default hold RWY 12 (centre)
111 -01.50551132 -078.06289187   4 
115 -01.50556677 -078.06279399 
120 Default hold RWY 12 (far)
111 -01.50889611 -078.05691732   4 
115 -01.50895156 -078.05681945 
19  -01.50142857 -078.06872934 1 WS
19  -01.50906243 -078.05662366 1 WS
54 12260 SHELL TWR
55 11950 SHELL APP


130 Airport Boundary
111 -001.50924504 -078.05698395
111 -001.50241995 -078.06903076
111 -001.50183296 -078.06870270
111 -001.50865805 -078.05665588
113 -001.50895154 -078.05681610
99
