A
1000 Generated by Infinite Flight Airport Editing (World Parser)

1      216 0 0 SCKT Torreon
100   20.12   3   0 0.00 0 0 0 13  -36.49759718 -072.68245076    0.00    0.00 0  0 0 0 31  -36.50108971 -072.67732584    0.00    0.00 0  0 0 0
110   3 0.00 130.30 Taxiway 0
112 -36.50203889 -072.67621572 -36.50217081 -072.67602005 
112 -36.50174232 -072.67531150 -36.50169919 -072.67530834 
112 -36.50160165 -072.67552752 -36.50159658 -072.67557802 
112 -36.50170535 -072.67573317 -36.50170788 -072.67577420 
112 -36.50156286 -072.67596092 -36.50155778 -072.67601142 
112 -36.50162777 -072.67617693 -36.50162523 -072.67622427 
111 -36.49708956 -072.68288743 
113 -36.49733844 -072.68315099 
130 Airport Boundary
111 -36.50228056 -072.67604915 
111 -36.50172002 -072.67501417 
111 -36.49697059 -072.68280535 
113 -36.49744370 -072.68337051 
14  -36.49946323 -072.68017711   82 0 Tower Viewpoint
15  -36.50192112 -072.67617931 315.62 Start Ramp
18  -36.49899559 -072.68081511 1 Airport Beacon
19  -36.50072779 -072.67826510 0 Windsock 1
19  -36.49853053 -072.68144553 0 Windsock 2

99
