A
1000 Generated by Infinite Flight Airport Editing (World Parser)/AB

1      265 0 1 0R0  COLUMBIA MARION CO
100   21.34   1   0 0.25 0 2 0 05   31.29338300 -089.81858600  196.90    0.00 2  0 0 0 23   31.30063300 -089.80707200    0.00    0.00 2  0 0 0
100   45.72   3   0 0.25 0 0 0 13   31.29823100 -089.81730000    0.00    0.00 1  0 0 0 31   31.29378600 -089.81146700    0.00    0.00 1  0 0 0
110   1 0.30  53.61 Default taxiway for RWY 05
111  31.29330753 -089.81852091   3 102 
111  31.29291930 -089.81818608   3 102 
111  31.30016981 -089.80667294   3 102 
111  31.30055804 -089.80700779 
112  31.30044413 -089.80718867  31.30049928 -089.80709667   3 102 
111  31.30040654 -089.80701668   3 102 
112  31.30028288 -089.80691003  31.30019014 -089.80683004   3 102 
111  31.30013318 -089.80692048   3 102 
111  31.29665031 -089.81245094   3 102 
111  31.29696126 -089.81271913 
111  31.29690431 -089.81280957   3 102 
111  31.29659336 -089.81254138   3 102 
112  31.29311049 -089.81807185  31.29305354 -089.81816229   3 102 
111  31.29314628 -089.81824228   3 102 
112  31.29326994 -089.81834892  31.29336268 -089.81842891   3 102 
113  31.29342144 -089.81834003 
120 Default hold RWY 05 (near)
111  31.29315115 -089.81838604   4 
115  31.29320811 -089.81829560 
120 Default hold RWY 05 (centre)
111  31.29674793 -089.81267469   4 
115  31.29680488 -089.81258425 
120 Default hold RWY 05 (far)
111  31.30034471 -089.80696335   4 
115  31.30040166 -089.80687291 
19   31.29350094 -089.81896684 1 WS
19   31.29896546 -089.81717866 1 WS
19   31.29305154 -089.81158837 1 WS
19   31.30051503 -089.80669114 1 WS
51 12280 CTAF/UNICOM


130 Airport Boundary
111  031.29291916 -089.81818390
111  031.29338264 -089.81858826
111  031.29823112 -089.81729889
111  031.30063248 -089.80707550
111  031.30055809 -089.80700684
111  031.30040169 -089.80686951
111  031.30016899 -089.80667114
113  031.29378510 -089.81147003
99
