A
1000 Generated by Infinite Flight Airport Editing (World Parser)/AB

1      491 0 0 YRHL RED HILL STN
100   20.12   4   0 0.25 0 0 0 6   -21.97163893  116.05778863    0.00    0.00 0  0 0 0 24  -21.96759293  116.06667073    0.00    0.00 0  0 0 0
110   4 0.25   0.00 New Taxiway 2
111 -21.97040640  116.06043730 
112 -21.97035198  116.06038700 -21.97032477  116.06035347 
112 -21.97024314  116.06030317 -21.97020815  116.06029898 
112 -21.97019649  116.06033251 -21.97018483  116.06034090 
112 -21.97011874  116.06024868 -21.97011486  116.06023611 
112 -21.97015373  116.06001395 -21.97016539  116.05996365 
112 -21.97026646  116.05998461 -21.97029756  116.06001395 
112 -21.97027423  116.06016066 -21.97027423  116.06017323 
112 -21.97035587  116.06019838 -21.97038696  116.06018581 
113 -21.97050747  116.06014389 
14  -21.97019649  116.06052533    6 0 New Tower Viewpoint 6
15  -21.97019649  116.06012293  95.09 New Ramp Start 4
19  -21.97058910  116.06066784 0 New Windsock 5


130 Airport Boundary
111 -021.97163963  116.05778503
111 -021.97015381  116.06001282
113 -021.96759224  116.06667328
99
